304998	62	126	14	78	142	30	94	158	46	110	174	2001	2057	2154	2000	1993	1953	2004	2091	1966	2017	2048	1994
304998	62	126	14	78	142	30	94	158	46	110	174	2028	2005	2107	2018	2013	1995	2017	2057	2023	2017	2014	2044
304998	62	126	14	78	142	30	94	158	46	110	174	2055	1975	2082	2034	2022	2015	2055	2046	2047	2022	1983	2068
304998	62	126	14	78	142	30	94	158	46	110	174	2045	1986	2107	2030	2016	2000	2030	2056	2019	2020	1997	2036
304998	62	126	14	78	142	30	94	158	46	110	174	2023	2040	2153	2011	2002	1961	2024	2088	1971	2022	2032	1993
304998	62	126	14	78	142	30	94	158	46	110	174	1993	2082	2192	1994	1989	1928	2003	2102	1932	2020	2067	1963
304998	62	126	14	78	142	30	94	158	46	110	174	1992	2082	2173	1994	1992	1937	1997	2103	1949	2022	2058	1986
304998	62	126	14	78	142	30	94	158	46	110	174	2019	2039	2122	2007	2006	1974	2021	2082	1995	2021	2025	2020
304998	62	126	14	78	142	30	94	158	46	110	174	2046	1985	2084	2028	2013	2016	2026	2051	2034	2020	1993	2051
304998	62	126	14	78	142	30	94	158	46	110	174	2052	1974	2089	2036	2019	2015	2031	2046	2035	2021	1990	2054
304998	62	126	14	78	142	30	94	158	46	110	174	2037	2009	2128	2016	2004	1982	2034	2061	1996	2021	2018	2020
304998	62	126	14	78	142	30	94	158	46	110	174	2006	2066	2173	2013	1991	1939	2007	2094	1953	2016	2049	1985
304998	62	126	14	78	142	30	94	158	46	110	174	1993	2092	2177	1995	1995	1930	1996	2117	1932	2016	2064	1964
304998	62	126	14	78	142	30	94	158	46	110	174	2000	2057	2150	1998	1991	1963	2001	2091	1961	2018	2047	1987
304998	62	126	14	78	142	30	94	158	46	110	174	2026	2005	2111	2017	2008	1997	2015	2060	2011	2018	2023	2035
304998	62	126	14	78	142	30	94	158	46	110	174	2049	1972	2088	2032	2018	2021	2057	2051	2051	2018	1989	2065
304998	62	126	14	78	142	30	94	158	46	110	174	2046	1989	2104	2034	2014	2004	2028	2055	2024	2018	1993	2053
304998	62	126	14	78	142	30	94	158	46	110	174	2024	2041	2144	2013	2004	1956	2019	2087	1974	2016	2023	1998
304998	62	126	14	78	142	30	94	158	46	110	174	2002	2078	2172	2002	1978	1937	2005	2104	1933	2022	2063	1963
304998	62	126	14	78	142	30	94	158	46	110	174	1995	2078	2168	1993	1996	1936	1996	2097	1942	2022	2069	1978
304998	62	126	14	78	142	30	94	158	46	110	174	2009	2035	2140	2006	2001	1974	2021	2087	1989	2017	2032	2018
304998	62	126	14	78	142	30	94	158	46	110	174	2041	1988	2099	2026	2015	2008	2027	2054	2030	2022	1994	2053
304998	62	126	14	78	142	30	94	158	46	110	174	2056	1980	2083	2037	2020	2012	2051	2048	2037	2016	1985	2059
304998	62	126	14	78	142	30	94	158	46	110	174	2040	2011	2115	2023	2015	1987	2028	2057	1999	2017	2016	2023
304998	62	126	14	78	142	30	94	158	46	110	174	2011	2053	2157	2008	1997	1949	2009	2086	1961	2021	2047	1988
304998	62	126	14	78	142	30	94	158	46	110	174	1996	2081	2183	1996	1987	1930	2005	2106	1934	2022	2064	1970
304998	62	126	14	78	142	30	94	158	46	110	174	1999	2060	2170	1999	1985	1953	2002	2098	1958	2017	2047	1985
304998	62	126	14	78	142	30	94	158	46	110	174	2028	2019	2118	2018	2008	1987	2022	2072	2005	2021	2017	2031
304998	62	126	14	78	142	30	94	158	46	110	174	2047	1983	2081	2031	2020	2018	2038	2043	2040	2021	1995	2061
304998	62	126	14	78	142	30	94	158	46	110	174	2054	1985	2092	2035	2010	2009	2035	2052	2032	2017	1998	2059
304998	62	126	14	78	142	30	94	158	46	110	174	2033	2024	2135	2016	2001	1969	2030	2084	1983	2021	2024	2011
304998	62	126	14	78	142	30	94	158	46	110	174	2006	2071	2182	2001	1991	1933	2007	2104	1939	2020	2053	1963
304998	62	126	14	78	142	30	94	158	46	110	174	1991	2082	2185	1996	1993	1932	2005	2106	1934	2022	2066	1969
304998	62	126	14	78	142	30	94	158	46	110	174	2011	2050	2136	2003	2001	1967	2017	2084	1987	2022	2039	2014
304998	62	126	14	78	142	30	94	158	46	110	174	2044	1998	2089	2025	2010	2016	2032	2062	2026	2020	2001	2059
304998	62	126	14	78	142	30	94	158	46	110	174	2057	1973	2077	2036	2016	2018	2036	2048	2039	2022	1983	2067
304998	62	126	14	78	142	30	94	158	46	110	174	2045	2000	2109	2028	2005	1988	2034	2066	2006	2017	2003	2025
304998	62	126	14	78	142	30	94	158	46	110	174	2013	2050	2168	2012	1995	1954	2017	2084	1960	2020	2047	1989
304998	62	126	14	78	142	30	94	158	46	110	174	1994	2088	2188	1993	1996	1926	2002	2106	1937	2021	2064	1966
304998	62	126	14	78	142	30	94	158	46	110	174	1999	2074	2161	1994	1997	1952	2006	2104	1957	2018	2050	1983
304998	62	126	14	78	142	30	94	158	46	110	174	2026	2024	2109	2014	2008	1987	2024	2075	2001	2020	2016	2023
304998	62	126	14	78	142	30	94	158	46	110	174	2044	1974	2088	2026	2015	2013	2029	2048	2038	2020	1996	2061
304998	62	126	14	78	142	30	94	158	46	110	174	2050	1980	2093	2035	2014	2011	2043	2049	2038	2016	1998	2060
304998	62	126	14	78	142	30	94	158	46	110	174	2032	2022	2143	2025	2006	1972	2028	2078	1994	2017	2020	2019
304998	62	126	14	78	142	30	94	158	46	110	174	2004	2075	2175	2003	1999	1932	2009	2103	1936	2021	2050	1967
304998	62	126	14	78	142	30	94	158	46	110	174	1998	2088	2175	1990	1987	1937	2008	2106	1931	2020	2061	1955
304998	62	126	14	78	142	30	94	158	46	110	174	2008	2048	2146	2002	2002	1961	2009	2079	1974	2016	2046	1992
304998	62	126	14	78	142	30	94	158	46	110	174	2039	2003	2101	2022	2012	1999	2023	2062	2022	2017	2008	2054
304998	62	126	14	78	142	30	94	158	46	110	174	2049	1972	2087	2035	2013	2022	2038	2052	2039	2022	1986	2072
304998	62	126	14	78	142	30	94	158	46	110	174	2040	2002	2114	2029	2018	1995	2036	2055	2015	2018	1994	2038
304998	62	126	14	78	142	30	94	158	46	110	174	2018	2048	2149	2008	2006	1959	2039	2091	1959	2022	2040	1986
304998	62	126	14	78	142	30	94	158	46	110	174	1999	2081	2179	2005	1975	1933	2004	2104	1941	2019	2066	1959
304998	62	126	14	78	142	30	94	158	46	110	174	1998	2070	2163	1995	1995	1936	2007	2103	1950	2020	2059	1984
304998	62	126	14	78	142	30	94	158	46	110	174	2020	2030	2126	2016	1994	1987	2030	2079	1993	2017	2022	2023
304998	62	126	14	78	142	30	94	158	46	110	174	2032	1979	2102	2028	2015	2014	2028	2048	2030	2017	1987	2057
304998	62	126	14	78	142	30	94	158	46	110	174	2052	1986	2091	2029	2016	2014	2040	2049	2037	2021	1991	2056
304998	62	126	14	78	142	30	94	158	46	110	174	2034	2014	2130	2023	1999	1982	2017	2066	2000	2020	2021	2023
304998	62	126	14	78	142	30	94	158	46	110	174	2009	2060	2168	2007	2000	1935	2007	2096	1950	2022	2049	1982
304998	62	126	14	78	142	30	94	158	46	110	174	1991	2076	2196	1994	1983	1933	1997	2104	1930	2019	2060	1958
304998	62	126	14	78	142	30	94	158	46	110	174	1999	2051	2162	2005	1989	1964	2007	2083	1971	2016	2042	1984
304998	62	126	14	78	142	30	94	158	46	110	174	2032	2012	2109	2015	2011	1998	2027	2066	2024	2016	2011	2039
304998	62	126	14	78	142	30	94	158	46	110	174	2046	1982	2078	2031	2014	2018	2030	2049	2042	2022	1990	2075
304998	62	126	14	78	142	30	94	158	46	110	174	2051	1996	2092	2032	2011	2001	2039	2061	2011	2018	1995	2050
304998	62	126	14	78	142	30	94	158	46	110	174	2018	2031	2155	2013	2006	1959	2017	2079	1971	2016	2027	1994
304998	62	126	14	78	142	30	94	158	46	110	174	2002	2074	2184	1996	1991	1929	2020	2098	1943	2020	2061	1958
304998	62	126	14	78	142	30	94	158	46	110	174	1994	2077	2182	1998	1982	1938	2007	2104	1950	2021	2063	1971
304998	62	126	14	78	142	30	94	158	46	110	174	2013	2046	2129	2008	2002	1971	2013	2081	1987	2019	2029	2025
304998	62	126	14	78	142	30	94	158	46	110	174	2045	1990	2089	2031	2011	2008	2027	2053	2029	2020	1995	2060
304998	62	126	14	78	142	30	94	158	46	110	174	2051	1974	2086	2034	2017	2018	2035	2043	2044	2018	1984	2059
304998	62	126	14	78	142	30	94	158	46	110	174	2043	2011	2123	2024	2015	1982	2031	2070	2001	2022	2016	2018
304998	62	126	14	78	142	30	94	158	46	110	174	2011	2056	2176	2005	1993	1942	2005	2092	1952	2021	2050	1977
304998	62	126	14	78	142	30	94	158	46	110	174	1993	2081	2191	1995	1989	1926	2002	2104	1936	2022	2061	1965
304998	62	126	14	78	142	30	94	158	46	110	174	1997	2062	2157	2003	1998	1945	2003	2089	1956	2018	2045	1986
304998	62	126	14	78	142	30	94	158	46	110	174	2032	2015	2101	2021	1999	2001	2019	2066	2015	2021	2011	2031
304998	62	126	14	78	142	30	94	158	46	110	174	2046	1973	2078	2034	2018	2022	2028	2048	2042	2020	1994	2066
304998	62	126	14	78	142	30	94	158	46	110	174	2048	1987	2104	2031	2004	2007	2058	2052	2023	2018	1999	2053
304998	62	126	14	78	142	30	94	158	46	110	174	2024	2027	2151	2015	2004	1961	2021	2081	1971	2021	2027	2005
304998	62	126	14	78	142	30	94	158	46	110	174	2002	2079	2184	1999	1991	1930	2010	2097	1942	2018	2058	1956
304998	62	126	14	78	142	30	94	158	46	110	174	1994	2077	2184	2001	1984	1940	1992	2100	1950	2022	2061	1958
304998	62	126	14	78	142	30	94	158	46	110	174	2012	2037	2133	2009	2005	1970	2009	2079	1984	2017	2036	2008
304998	62	126	14	78	142	30	94	158	46	110	174	2039	1989	2099	2026	2002	2012	2026	2057	2023	2018	2002	2067
304998	62	126	14	78	142	30	94	158	46	110	174	2051	1978	2089	2034	2016	2016	2046	2047	2043	2022	1985	2070
304998	62	126	14	78	142	30	94	158	46	110	174	2039	2007	2122	2024	2009	1982	2028	2060	2009	2016	2005	2031
304998	62	126	14	78	142	30	94	158	46	110	174	2012	2056	2160	2008	1996	1949	2009	2093	1955	2021	2045	1975
304998	62	126	14	78	142	30	94	158	46	110	174	2000	2078	2183	2000	1990	1932	2008	2102	1932	2020	2069	1955
304998	62	126	14	78	142	30	94	158	46	110	174	2002	2058	2160	1998	1989	1951	2008	2090	1953	2017	2054	1984
304998	62	126	14	78	142	30	94	158	46	110	174	2022	2017	2119	2020	2002	1989	2017	2064	2010	2016	2014	2029
304998	62	126	14	78	142	30	94	158	46	110	174	2040	1983	2092	2033	2018	2014	2028	2049	2042	2020	1989	2070
304998	62	126	14	78	142	30	94	158	46	110	174	2051	1991	2093	2034	2020	2013	2033	2051	2026	2020	1999	2057
304998	62	126	14	78	142	30	94	158	46	110	174	2029	2026	2132	2024	2003	1969	2019	2073	1980	2019	2026	2017
304998	62	126	14	78	142	30	94	158	46	110	174	2002	2067	2177	2006	1989	1932	2004	2092	1942	2019	2056	1968
304998	62	126	14	78	142	30	94	158	46	110	174	1997	2070	2184	2005	1979	1937	2004	2096	1944	2022	2063	1959
304998	62	126	14	78	142	30	94	158	46	110	174	2008	2041	2153	2004	2001	1962	2008	2087	1980	2022	2038	1996
304998	62	126	14	78	142	30	94	158	46	110	174	2036	2005	2098	2024	2013	2004	2025	2063	2025	2018	2008	2057
304998	62	126	14	78	142	30	94	158	46	110	174	2052	1983	2076	2033	2012	2019	2046	2048	2033	2018	1993	2076
304998	62	126	14	78	142	30	94	158	46	110	174	2043	1997	2106	2029	2011	1988	2026	2054	2017	2022	2002	2041
304998	62	126	14	78	142	30	94	158	46	110	174	2022	2041	2157	2011	2003	1946	2024	2092	1970	2021	2034	1985
304998	62	126	14	78	142	30	94	158	46	110	174	1996	2074	2197	2007	1972	1933	2008	2099	1936	2020	2067	1950
304998	62	126	14	78	142	30	94	158	46	110	174	1986	2064	2182	2002	1990	1943	1998	2094	1952	2021	2062	1975
304998	62	126	14	78	142	30	94	158	46	110	174	2022	2027	2121	2015	1994	1993	2014	2072	1998	2022	2024	2027
304998	62	126	14	78	142	30	94	158	46	110	174	2033	1980	2094	2036	1996	2016	2028	2050	2040	2022	1988	2066
304998	62	126	14	78	142	30	94	158	46	110	174	2052	1981	2090	2032	2015	2006	2035	2058	2033	2019	1986	2056
304998	62	126	14	78	142	30	94	158	46	110	174	2034	2017	2141	2025	2003	1980	2024	2068	1990	2018	2020	2014
304998	62	126	14	78	142	30	94	158	46	110	174	2005	2063	2178	2006	1995	1938	2007	2093	1938	2020	2061	1969
304998	62	126	14	78	142	30	94	158	46	110	174	1989	2076	2188	1998	1981	1936	1994	2092	1942	2016	2064	1966
304998	62	126	14	78	142	30	94	158	46	110	174	2003	2049	2148	2014	1973	1973	2003	2086	1975	2016	2043	1996
304998	62	126	14	78	142	30	94	158	46	110	174	2038	2005	2103	2021	2011	1997	2024	2061	2017	2017	2008	2041
304998	62	126	14	78	142	30	94	158	46	110	174	2049	1970	2086	2033	2006	2025	2033	2048	2039	2021	1991	2070
304998	62	126	14	78	142	30	94	158	46	110	174	2045	1997	2113	2031	2013	1999	2040	2057	2012	2019	2004	2050
304998	62	126	14	78	142	30	94	158	46	110	174	2006	2042	2167	2013	2000	1955	2010	2074	1977	2020	2034	1997
304998	62	126	14	78	142	30	94	158	46	110	174	2000	2079	2176	2002	1986	1927	2007	2106	1941	2017	2059	1960
304998	62	126	14	78	142	30	94	158	46	110	174	2001	2071	2179	1998	1995	1942	2007	2097	1952	2016	2056	1960
304998	62	126	14	78	142	30	94	158	46	110	174	2012	2029	2127	2009	2005	1982	2013	2077	1992	2021	2032	2019
304998	62	126	14	78	142	30	94	158	46	110	174	2046	1994	2096	2029	2006	2020	2045	2051	2032	2018	2000	2067
304998	62	126	14	78	142	30	94	158	46	110	174	2038	1979	2111	2031	2018	2008	2029	2051	2042	2021	1989	2070
304998	62	126	14	78	142	30	94	158	46	110	174	2027	2008	2139	2023	2008	1979	2021	2064	2000	2019	2011	2018
304998	62	126	14	78	142	30	94	158	46	110	174	2001	2052	2175	2004	1994	1938	2005	2092	1946	2018	2048	1973
304998	62	126	14	78	142	30	94	158	46	110	174	1998	2077	2184	1994	1998	1933	2007	2107	1929	2020	2070	1959
304998	62	126	14	78	142	30	94	158	46	110	174	2007	2056	2158	2006	1985	1959	2019	2085	1968	2016	2045	1999
304998	62	126	14	78	142	30	94	158	46	110	174	2023	2012	2109	2020	2010	1994	2014	2065	2014	2019	2010	2041
304998	62	126	14	78	142	30	94	158	46	110	174	2051	1987	2079	2032	2021	2020	2041	2055	2036	2020	1988	2064
304998	62	126	14	78	142	30	94	158	46	110	174	2044	1989	2102	2032	2016	2004	2028	2055	2018	2020	1999	2042
304998	62	126	14	78	142	30	94	158	46	110	174	2026	2032	2149	2014	2002	1965	2018	2076	1974	2020	2033	2003
304998	62	126	14	78	142	30	94	158	46	110	174	1990	2071	2189	2002	1980	1940	1997	2101	1948	2017	2063	1965
304998	62	126	14	78	142	30	94	158	46	110	174	1996	2078	2176	1992	1999	1935	2000	2105	1946	2017	2059	1975
304998	62	126	14	78	142	30	94	158	46	110	174	2019	2041	2138	2008	2001	1971	2027	2084	1986	2020	2027	2007
304998	62	126	14	78	142	30	94	158	46	110	174	2039	1989	2084	2026	2013	2010	2031	2059	2026	2021	2001	2057
304998	62	126	14	78	142	30	94	158	46	110	174	2052	1977	2085	2032	2018	2018	2042	2048	2034	2020	1996	2064
304998	62	126	14	78	142	30	94	158	46	110	174	2032	2007	2128	2017	2008	1979	2020	2068	2010	2021	2012	2037
304998	62	126	14	78	142	30	94	158	46	110	174	2005	2062	2167	2005	2002	1945	2011	2092	1953	2023	2044	1984
304998	62	126	14	78	142	30	94	158	46	110	174	1996	2084	2184	1998	1996	1927	2000	2106	1934	2019	2059	1957
304998	62	126	14	78	142	30	94	158	46	110	174	2008	2062	2149	1998	1999	1952	2010	2087	1958	2017	2055	1984
304998	62	126	14	78	142	30	94	158	46	110	174	2028	2015	2110	2017	2006	1989	2019	2071	2012	2018	2016	2040
304998	62	126	14	78	142	30	94	158	46	110	174	2046	1981	2092	2029	2016	2010	2036	2053	2037	2017	1994	2066
304998	62	126	14	78	142	30	94	158	46	110	174	2051	1995	2100	2032	2014	2000	2043	2060	2020	2021	1990	2048
304998	62	126	14	78	142	30	94	158	46	110	174	2027	2038	2139	2015	2009	1967	2020	2083	1981	2017	2024	2008
304998	62	126	14	78	142	30	94	158	46	110	174	2004	2074	2166	1998	1997	1937	2013	2101	1946	2016	2063	1970
304998	62	126	14	78	142	30	94	158	46	110	174	2000	2078	2175	1988	1993	1933	1998	2105	1952	2020	2056	1983
304998	62	126	14	78	142	30	94	158	46	110	174	2015	2046	2143	2001	2008	1967	2014	2088	1984	2021	2037	2010
304998	62	126	14	78	142	30	94	158	46	110	174	2034	2000	2101	2022	2015	2003	2040	2060	2021	2021	1997	2039
304998	62	126	14	78	142	30	94	158	46	110	174	2049	1986	2082	2033	2018	2015	2036	2047	2031	2016	1994	2057
304998	62	126	14	78	142	30	94	158	46	110	174	2047	2007	2106	2023	2011	1995	2033	2063	2013	2020	2012	2033
304998	62	126	14	78	142	30	94	158	46	110	174	2013	2047	2158	2007	2001	1950	2012	2092	1967	2018	2036	1990
304998	62	126	14	78	142	30	94	158	46	110	174	1996	2081	2184	1992	1994	1930	1998	2110	1937	2020	2054	1972
304998	62	126	14	78	142	30	94	158	46	110	174	1999	2068	2170	1994	2000	1942	2012	2100	1957	2018	2050	1977
304998	62	126	14	78	142	30	94	158	46	110	174	2028	2033	2119	2008	2009	1987	2027	2071	2000	2020	2027	2026
304998	62	126	14	78	142	30	94	158	46	110	174	2051	1992	2076	2026	2017	2016	2038	2064	2036	2016	1996	2063
304998	62	126	14	78	142	30	94	158	46	110	174	2049	1985	2088	2030	2017	2007	2030	2055	2027	2017	1993	2054
304998	62	126	14	78	142	30	94	158	46	110	174	2035	2030	2139	2017	2009	1968	2031	2085	1984	2018	2017	2004
304998	62	126	14	78	142	30	94	158	46	110	174	2004	2072	2175	1994	2000	1936	2013	2103	1948	2016	2054	1978
304998	62	126	14	78	142	30	94	158	46	110	174	1997	2092	2175	1984	1998	1936	2015	2113	1955	2017	2061	1979
304998	62	126	14	78	142	30	94	158	46	110	174	2017	2060	2135	1994	2003	1965	2029	2100	1975	2017	2035	2008
304998	62	126	14	78	142	30	94	158	46	110	174	2036	2003	2095	2016	2011	1998	2022	2066	2018	2018	2003	2040
304998	62	126	14	78	142	30	94	158	46	110	174	2050	1979	2088	2029	2015	2015	2039	2049	2032	2018	1989	2053
304998	62	126	14	78	142	30	94	158	46	110	174	2041	2003	2120	2022	2014	1990	2025	2057	2014	2016	2008	2038
304998	62	126	14	78	142	30	94	158	46	110	174	2022	2057	2153	2002	2004	1954	2014	2092	1971	2018	2034	2004
304998	62	126	14	78	142	30	94	158	46	110	174	2001	2091	2174	1984	1996	1938	2005	2115	1942	2018	2053	1974
304998	62	126	14	78	142	30	94	158	46	110	174	2001	2074	2160	1989	1997	1942	2003	2104	1954	2022	2047	1978
304998	62	126	14	78	142	30	94	158	46	110	174	2022	2033	2122	2004	2010	1976	2033	2083	1995	2017	2028	2024
304998	62	126	14	78	142	30	94	158	46	110	174	2040	1993	2096	2028	2014	2012	2029	2057	2038	2017	2000	2058
