304998	62	126	14	78	142	30	94	158	46	110	174	2051	1991	2093	2034	2020	2013	2033	2051	2026	2020	1999	2057
304998	62	126	14	78	142	30	94	158	46	110	174	2029	2026	2132	2024	2003	1969	2019	2073	1980	2019	2026	2017
304998	62	126	14	78	142	30	94	158	46	110	174	2002	2067	2177	2006	1989	1932	2004	2092	1942	2019	2056	1968
304998	62	126	14	78	142	30	94	158	46	110	174	1997	2070	2184	2005	1979	1937	2004	2096	1944	2022	2063	1959
304998	62	126	14	78	142	30	94	158	46	110	174	2008	2041	2153	2004	2001	1962	2008	2087	1980	2022	2038	1996
304998	62	126	14	78	142	30	94	158	46	110	174	2036	2005	2098	2024	2013	2004	2025	2063	2025	2018	2008	2057
304998	62	126	14	78	142	30	94	158	46	110	174	2052	1983	2076	2033	2012	2019	2046	2048	2033	2018	1993	2076
304998	62	126	14	78	142	30	94	158	46	110	174	2043	1997	2106	2029	2011	1988	2026	2054	2017	2022	2002	2041
304998	62	126	14	78	142	30	94	158	46	110	174	2022	2041	2157	2011	2003	1946	2024	2092	1970	2021	2034	1985
304998	62	126	14	78	142	30	94	158	46	110	174	1996	2074	2197	2007	1972	1933	2008	2099	1936	2020	2067	1950
304998	62	126	14	78	142	30	94	158	46	110	174	1986	2064	2182	2002	1990	1943	1998	2094	1952	2021	2062	1975
304998	62	126	14	78	142	30	94	158	46	110	174	2022	2027	2121	2015	1994	1993	2014	2072	1998	2022	2024	2027
304998	62	126	14	78	142	30	94	158	46	110	174	2033	1980	2094	2036	1996	2016	2028	2050	2040	2022	1988	2066
304998	62	126	14	78	142	30	94	158	46	110	174	2052	1981	2090	2032	2015	2006	2035	2058	2033	2019	1986	2056
304998	62	126	14	78	142	30	94	158	46	110	174	2034	2017	2141	2025	2003	1980	2024	2068	1990	2018	2020	2014
304998	62	126	14	78	142	30	94	158	46	110	174	2005	2063	2178	2006	1995	1938	2007	2093	1938	2020	2061	1969
304998	62	126	14	78	142	30	94	158	46	110	174	1989	2076	2188	1998	1981	1936	1994	2092	1942	2016	2064	1966
304998	62	126	14	78	142	30	94	158	46	110	174	2003	2049	2148	2014	1973	1973	2003	2086	1975	2016	2043	1996
304998	62	126	14	78	142	30	94	158	46	110	174	2038	2005	2103	2021	2011	1997	2024	2061	2017	2017	2008	2041
304998	62	126	14	78	142	30	94	158	46	110	174	2049	1970	2086	2033	2006	2025	2033	2048	2039	2021	1991	2070
304998	62	126	14	78	142	30	94	158	46	110	174	2045	1997	2113	2031	2013	1999	2040	2057	2012	2019	2004	2050
304998	62	126	14	78	142	30	94	158	46	110	174	2006	2042	2167	2013	2000	1955	2010	2074	1977	2020	2034	1997
304998	62	126	14	78	142	30	94	158	46	110	174	2000	2079	2176	2002	1986	1927	2007	2106	1941	2017	2059	1960
304998	62	126	14	78	142	30	94	158	46	110	174	2001	2071	2179	1998	1995	1942	2007	2097	1952	2016	2056	1960
304998	62	126	14	78	142	30	94	158	46	110	174	2012	2029	2127	2009	2005	1982	2013	2077	1992	2021	2032	2019
304998	62	126	14	78	142	30	94	158	46	110	174	2046	1994	2096	2029	2006	2020	2045	2051	2032	2018	2000	2067
304998	62	126	14	78	142	30	94	158	46	110	174	2038	1979	2111	2031	2018	2008	2029	2051	2042	2021	1989	2070
304998	62	126	14	78	142	30	94	158	46	110	174	2027	2008	2139	2023	2008	1979	2021	2064	2000	2019	2011	2018
304998	62	126	14	78	142	30	94	158	46	110	174	2001	2052	2175	2004	1994	1938	2005	2092	1946	2018	2048	1973
304998	62	126	14	78	142	30	94	158	46	110	174	1998	2077	2184	1994	1998	1933	2007	2107	1929	2020	2070	1959
304998	62	126	14	78	142	30	94	158	46	110	174	2007	2056	2158	2006	1985	1959	2019	2085	1968	2016	2045	1999
304998	62	126	14	78	142	30	94	158	46	110	174	2023	2012	2109	2020	2010	1994	2014	2065	2014	2019	2010	2041
304998	62	126	14	78	142	30	94	158	46	110	174	2051	1987	2079	2032	2021	2020	2041	2055	2036	2020	1988	2064
304998	62	126	14	78	142	30	94	158	46	110	174	2044	1989	2102	2032	2016	2004	2028	2055	2018	2020	1999	2042
304998	62	126	14	78	142	30	94	158	46	110	174	2026	2032	2149	2014	2002	1965	2018	2076	1974	2020	2033	2003
304998	62	126	14	78	142	30	94	158	46	110	174	1990	2071	2189	2002	1980	1940	1997	2101	1948	2017	2063	1965
304998	62	126	14	78	142	30	94	158	46	110	174	1996	2078	2176	1992	1999	1935	2000	2105	1946	2017	2059	1975
304998	62	126	14	78	142	30	94	158	46	110	174	2019	2041	2138	2008	2001	1971	2027	2084	1986	2020	2027	2007
304998	62	126	14	78	142	30	94	158	46	110	174	2039	1989	2084	2026	2013	2010	2031	2059	2026	2021	2001	2057
304998	62	126	14	78	142	30	94	158	46	110	174	2052	1977	2085	2032	2018	2018	2042	2048	2034	2020	1996	2064
304998	62	126	14	78	142	30	94	158	46	110	174	2032	2007	2128	2017	2008	1979	2020	2068	2010	2021	2012	2037
304998	62	126	14	78	142	30	94	158	46	110	174	2005	2062	2167	2005	2002	1945	2011	2092	1953	2023	2044	1984
304998	62	126	14	78	142	30	94	158	46	110	174	1996	2084	2184	1998	1996	1927	2000	2106	1934	2019	2059	1957
304998	62	126	14	78	142	30	94	158	46	110	174	2008	2062	2149	1998	1999	1952	2010	2087	1958	2017	2055	1984
304998	62	126	14	78	142	30	94	158	46	110	174	2028	2015	2110	2017	2006	1989	2019	2071	2012	2018	2016	2040
304998	62	126	14	78	142	30	94	158	46	110	174	2046	1981	2092	2029	2016	2010	2036	2053	2037	2017	1994	2066
304998	62	126	14	78	142	30	94	158	46	110	174	2051	1995	2100	2032	2014	2000	2043	2060	2020	2021	1990	2048
304998	62	126	14	78	142	30	94	158	46	110	174	2027	2038	2139	2015	2009	1967	2020	2083	1981	2017	2024	2008
304998	62	126	14	78	142	30	94	158	46	110	174	2004	2074	2166	1998	1997	1937	2013	2101	1946	2016	2063	1970
304998	62	126	14	78	142	30	94	158	46	110	174	2000	2078	2175	1988	1993	1933	1998	2105	1952	2020	2056	1983
304998	62	126	14	78	142	30	94	158	46	110	174	2015	2046	2143	2001	2008	1967	2014	2088	1984	2021	2037	2010
304998	62	126	14	78	142	30	94	158	46	110	174	2034	2000	2101	2022	2015	2003	2040	2060	2021	2021	1997	2039
304998	62	126	14	78	142	30	94	158	46	110	174	2049	1986	2082	2033	2018	2015	2036	2047	2031	2016	1994	2057
304998	62	126	14	78	142	30	94	158	46	110	174	2047	2007	2106	2023	2011	1995	2033	2063	2013	2020	2012	2033
304998	62	126	14	78	142	30	94	158	46	110	174	2013	2047	2158	2007	2001	1950	2012	2092	1967	2018	2036	1990
304998	62	126	14	78	142	30	94	158	46	110	174	1996	2081	2184	1992	1994	1930	1998	2110	1937	2020	2054	1972
304998	62	126	14	78	142	30	94	158	46	110	174	1999	2068	2170	1994	2000	1942	2012	2100	1957	2018	2050	1977
304998	62	126	14	78	142	30	94	158	46	110	174	2028	2033	2119	2008	2009	1987	2027	2071	2000	2020	2027	2026
304998	62	126	14	78	142	30	94	158	46	110	174	2051	1992	2076	2026	2017	2016	2038	2064	2036	2016	1996	2063
304998	62	126	14	78	142	30	94	158	46	110	174	2049	1985	2088	2030	2017	2007	2030	2055	2027	2017	1993	2054
304998	62	126	14	78	142	30	94	158	46	110	174	2035	2030	2139	2017	2009	1968	2031	2085	1984	2018	2017	2004
304998	62	126	14	78	142	30	94	158	46	110	174	2004	2072	2175	1994	2000	1936	2013	2103	1948	2016	2054	1978
304998	62	126	14	78	142	30	94	158	46	110	174	1997	2092	2175	1984	1998	1936	2015	2113	1955	2017	2061	1979
304998	62	126	14	78	142	30	94	158	46	110	174	2017	2060	2135	1994	2003	1965	2029	2100	1975	2017	2035	2008
304998	62	126	14	78	142	30	94	158	46	110	174	2036	2003	2095	2016	2011	1998	2022	2066	2018	2018	2003	2040
304998	62	126	14	78	142	30	94	158	46	110	174	2050	1979	2088	2029	2015	2015	2039	2049	2032	2018	1989	2053
304998	62	126	14	78	142	30	94	158	46	110	174	2041	2003	2120	2022	2014	1990	2025	2057	2014	2016	2008	2038
304998	62	126	14	78	142	30	94	158	46	110	174	2022	2057	2153	2002	2004	1954	2014	2092	1971	2018	2034	2004
304998	62	126	14	78	142	30	94	158	46	110	174	2001	2091	2174	1984	1996	1938	2005	2115	1942	2018	2053	1974
304998	62	126	14	78	142	30	94	158	46	110	174	2001	2074	2160	1989	1997	1942	2003	2104	1954	2022	2047	1978
304998	62	126	14	78	142	30	94	158	46	110	174	2022	2033	2122	2004	2010	1976	2033	2083	1995	2017	2028	2024
304998	62	126	14	78	142	30	94	158	46	110	174	2040	1993	2096	2028	2014	2012	2029	2057	2038	2017	2000	2058
304998	62	126	14	78	142	30	94	158	46	110	174	2048	1991	2099	2025	2018	2013	2038	2056	2031	2022	1990	2050
304998	62	126	14	78	142	30	94	158	46	110	174	2035	2033	2124	2011	2012	1982	2058	2083	1991	2017	2013	2016
304998	62	126	14	78	142	30	94	158	46	110	174	2014	2074	2164	1993	1998	1939	2015	2105	1954	2020	2046	1986
304998	62	126	14	78	142	30	94	158	46	110	174	1996	2087	2171	1983	1994	1933	2006	2113	1952	2016	2063	1988
304998	62	126	14	78	142	30	94	158	46	110	174	2006	2058	2151	1996	2005	1958	2008	2100	1981	2018	2039	2002
304998	62	126	14	78	142	30	94	158	46	110	174	2034	2014	2114	2014	2010	1998	2028	2073	2012	2019	2008	2030
304998	62	126	14	78	142	30	94	158	46	110	174	2051	1992	2088	2025	2019	2016	2039	2051	2029	2017	1994	2048
304998	62	126	14	78	142	30	94	158	46	110	174	2048	2001	2101	2020	2014	2001	2027	2057	2016	2021	2005	2044
304998	62	126	14	78	142	30	94	158	46	110	174	2028	2045	2142	2005	2007	1960	2020	2090	1985	2021	2031	2013
304998	62	126	14	78	142	30	94	158	46	110	174	2003	2084	2174	1986	1996	1933	2020	2119	1949	2017	2048	1980
304998	62	126	14	78	142	30	94	158	46	110	174	1996	2084	2175	1987	1997	1940	2008	2112	1950	2017	2048	1981
304998	62	126	14	78	142	30	94	158	46	110	174	2020	2048	2127	1998	2012	1979	2016	2091	1987	2020	2028	2015
304998	62	126	14	78	142	30	94	158	46	110	174	2044	2000	2090	2019	2014	2016	2042	2059	2033	2020	1998	2050
304998	62	126	14	78	142	30	94	158	46	110	174	2055	1986	2084	2030	2017	2011	2045	2058	2031	2020	1990	2049
304998	62	126	14	78	142	30	94	158	46	110	174	2039	2020	2125	2016	2012	1984	2043	2083	1996	2020	2011	2018
304998	62	126	14	78	142	30	94	158	46	110	174	2013	2068	2169	1998	2002	1948	2017	2105	1954	2020	2045	1990
304998	62	126	14	78	142	30	94	158	46	110	174	2002	2098	2174	1983	1995	1935	2019	2117	1951	2020	2060	1985
304998	62	126	14	78	142	30	94	158	46	110	174	2011	2074	2146	1984	2004	1957	2022	2107	1976	2020	2038	2001
304998	62	126	14	78	142	30	94	158	46	110	174	2035	2017	2102	2011	2010	1995	2021	2071	2008	2017	2005	2025
304998	62	126	14	78	142	30	94	158	46	110	174	2052	1980	2086	2029	2019	2015	2038	2054	2033	2020	1995	2046
304998	62	126	14	78	142	30	94	158	46	110	174	2046	1994	2104	2024	2014	2001	2030	2056	2020	2017	2000	2043
304998	62	126	14	78	142	30	94	158	46	110	174	2023	2044	2151	2005	2011	1967	2016	2084	1988	2018	2022	2016
304998	62	126	14	78	142	30	94	158	46	110	174	2007	2092	2173	1986	2002	1936	2022	2123	1947	2016	2048	1981
304998	62	126	14	78	142	30	94	158	46	110	174	2003	2090	2167	1982	1997	1940	2008	2118	1951	2020	2058	1984
304998	62	126	14	78	142	30	94	158	46	110	174	2018	2046	2124	1993	2007	1971	2019	2090	1986	2018	2032	2016
304998	62	126	14	78	142	30	94	158	46	110	174	2042	2003	2095	2018	2014	2003	2039	2059	2029	2023	2000	2043
304998	62	126	14	78	142	30	94	158	46	110	174	2052	1985	2096	2028	2022	2013	2041	2054	2034	2017	1991	2044
304998	62	126	14	78	142	30	94	158	46	110	174	2043	2017	2122	2016	2017	1988	2042	2077	1996	2020	2008	2018
304998	62	126	14	78	142	30	94	158	46	110	174	2012	2074	2157	1990	2008	1955	2016	2101	1962	2020	2042	2000
304998	62	126	14	78	142	30	94	158	46	110	174	2003	2093	2166	1984	1997	1929	2007	2112	1951	2020	2057	1991
304998	62	126	14	78	142	30	94	158	46	110	174	2008	2073	2152	1985	2002	1951	2011	2104	1972	2021	2041	1995
304998	62	126	14	78	142	30	94	158	46	110	174	2026	2023	2122	2007	2007	1987	2028	2077	2000	2016	2011	2019
304998	62	126	14	78	142	30	94	158	46	110	174	2044	1987	2094	2026	2020	2017	2030	2052	2029	2018	1995	2049
304998	62	126	14	78	142	30	94	158	46	110	174	2049	2000	2100	2025	2018	2010	2041	2055	2019	2017	1996	2044
304998	62	126	14	78	142	30	94	158	46	110	174	2035	2038	2129	2007	2005	1975	2032	2081	1991	2018	2016	2017
304998	62	126	14	78	142	30	94	158	46	110	174	2009	2080	2162	1985	2002	1937	2026	2120	1951	2017	2044	1981
304998	62	126	14	78	142	30	94	158	46	110	174	2000	2093	2173	1981	2002	1935	2004	2119	1947	2017	2058	1985
304998	62	126	14	78	142	30	94	158	46	110	174	2006	2054	2146	1995	2003	1967	2010	2096	1983	2022	2031	2017
304998	62	126	14	78	142	30	94	158	46	110	174	2038	2008	2108	2017	2016	2007	2022	2062	2023	2017	2001	2042
304998	62	126	14	78	142	30	94	158	46	110	174	2048	1987	2089	2030	2007	2026	2030	2052	2033	2020	1984	2045
304998	62	126	14	78	142	30	94	158	46	110	174	2044	2010	2105	2020	2012	1997	2028	2068	2006	2021	2010	2024
304998	62	126	14	78	142	30	94	158	46	110	174	2023	2057	2148	1998	2002	1953	2017	2099	1965	2018	2039	2005
304998	62	126	14	78	142	30	94	158	46	110	174	2002	2091	2175	1983	2000	1929	2030	2116	1949	2021	2048	1989
304998	62	126	14	78	142	30	94	158	46	110	174	2002	2079	2164	1984	2004	1949	2020	2114	1969	2017	2040	1994
304998	62	126	14	78	142	30	94	158	46	110	174	2024	2037	2120	2004	2011	1988	2038	2088	1994	2022	2021	2020
304998	62	126	14	78	142	30	94	158	46	110	174	2041	1991	2093	2025	2003	2024	2028	2053	2027	2021	1997	2049
304998	62	126	14	78	142	30	94	158	46	110	174	2052	1987	2087	2031	2016	2010	2037	2050	2028	2017	1989	2045
304998	62	126	14	78	142	30	94	158	46	110	174	2034	2024	2133	2011	2001	1981	2035	2078	1997	2016	2012	2013
304998	62	126	14	78	142	30	94	158	46	110	174	2014	2077	2169	1994	1998	1937	2012	2114	1956	2017	2041	1985
304998	62	126	14	78	142	30	94	158	46	110	174	1998	2096	2177	1979	1996	1939	2003	2114	1943	2018	2058	1986
304998	62	126	14	78	142	30	94	158	46	110	174	2012	2064	2140	1995	2002	1966	2014	2099	1976	2016	2036	2010
304998	62	126	14	78	142	30	94	158	46	110	174	2042	2008	2096	2021	2005	2004	2037	2067	2021	2020	2003	2033
304998	62	126	14	78	142	30	94	158	46	110	174	2057	1987	2084	2027	2019	2018	2037	2054	2031	2018	1986	2040
304998	62	126	14	78	142	30	94	158	46	110	174	2047	2003	2112	2028	2006	1999	2033	2067	2006	2021	2007	2031
304998	62	126	14	78	142	30	94	158	46	110	174	2021	2050	2157	2004	2006	1952	2015	2088	1968	2020	2034	2010
304998	62	126	14	78	142	30	94	158	46	110	174	2004	2098	2176	1984	2003	1938	2017	2112	1949	2018	2048	1979
304998	62	126	14	78	142	30	94	158	46	110	174	1996	2079	2174	1992	1987	1950	2002	2107	1962	2022	2046	1980
304998	62	126	14	78	142	30	94	158	46	110	174	2028	2036	2118	1998	2010	1978	2014	2083	1992	2020	2025	2015
304998	62	126	14	78	142	30	94	158	46	110	174	2046	1989	2094	2023	2015	2011	2032	2056	2027	2022	1998	2056
304998	62	126	14	78	142	30	94	158	46	110	174	2055	1982	2093	2031	2009	2014	2036	2048	2026	2022	1993	2053
304998	62	126	14	78	142	30	94	158	46	110	174	2039	2026	2127	2016	2014	1981	2029	2076	1998	2018	2008	2016
304998	62	126	14	78	142	30	94	158	46	110	174	2017	2081	2161	1992	1994	1952	2009	2105	1955	2021	2043	1977
304998	62	126	14	78	142	30	94	158	46	110	174	1999	2091	2176	1985	1989	1932	2009	2120	1940	2020	2057	1984
304998	62	126	14	78	142	30	94	158	46	110	174	2017	2062	2144	1991	2003	1957	2021	2103	1970	2020	2037	2013
304998	62	126	14	78	142	30	94	158	46	110	174	2036	2015	2108	2016	2004	2002	2032	2068	2016	2021	2007	2031
304998	62	126	14	78	142	30	94	158	46	110	174	2049	1984	2089	2034	2020	2015	2035	2052	2033	2020	1990	2044
304998	62	126	14	78	142	30	94	158	46	110	174	2051	1998	2107	2026	2003	2009	2029	2059	2018	2020	2001	2040
304998	62	126	14	78	142	30	94	158	46	110	174	2027	2046	2146	2013	1994	1967	2018	2085	1973	2016	2029	2013
304998	62	126	14	78	142	30	94	158	46	110	174	2009	2087	2170	1989	1997	1931	2017	2102	1943	2022	2050	1981
304998	62	126	14	78	142	30	94	158	46	110	174	1999	2077	2171	1989	1993	1944	2003	2105	1956	2022	2047	1976
304998	62	126	14	78	142	30	94	158	46	110	174	2019	2039	2133	2008	2004	1979	2015	2092	1985	2017	2030	2008
304998	62	126	14	78	142	30	94	158	46	110	174	2038	1993	2109	2020	2016	2013	2028	2060	2027	2021	2000	2053
304998	62	126	14	78	142	30	94	158	46	110	174	2054	1989	2087	2032	2018	2011	2031	2045	2029	2020	1989	2058
304998	62	126	14	78	142	30	94	158	46	110	174	2044	2016	2123	2024	2003	1981	2028	2067	2002	2016	2004	2018
304998	62	126	14	78	142	30	94	158	46	110	174	2008	2058	2159	1999	2003	1944	2008	2099	1962	2019	2038	1980
304998	62	126	14	78	142	30	94	158	46	110	174	1996	2083	2184	1994	1979	1940	2009	2112	1943	2017	2058	1977
304998	62	126	14	78	142	30	94	158	46	110	174	1998	2062	2170	1991	2001	1955	2009	2099	1964	2020	2046	1997
304998	62	126	14	78	142	30	94	158	46	110	174	2032	2022	2115	2017	2011	1990	2021	2070	2006	2018	2011	2034
304998	62	126	14	78	142	30	94	158	46	110	174	2055	1983	2077	2038	2003	2020	2038	2052	2039	2020	1985	2050
304998	62	126	14	78	142	30	94	158	46	110	174	2054	1992	2092	2032	2018	1999	2034	2057	2019	2022	1999	2040
304998	62	126	14	78	142	30	94	158	46	110	174	2035	2031	2141	2014	2009	1969	2024	2086	1973	2021	2025	2013
304998	62	126	14	78	142	30	94	158	46	110	174	2004	2075	2188	1999	1991	1937	2017	2102	1946	2021	2051	1978
304998	62	126	14	78	142	30	94	158	46	110	174	1992	2081	2180	1989	1995	1930	2008	2105	1949	2016	2051	1971
304998	62	126	14	78	142	30	94	158	46	110	174	2019	2052	2138	2005	2000	1969	2011	2092	1985	2017	2029	2002
304998	62	126	14	78	142	30	94	158	46	110	174	2043	1998	2100	2026	2011	2006	2024	2057	2025	2020	2003	2048
304998	62	126	14	78	142	30	94	158	46	110	174	2046	1973	2098	2032	2019	2013	2033	2046	2028	2018	1990	2061
304998	62	126	14	78	142	30	94	158	46	110	174	2044	2006	2120	2029	2001	1993	2037	2063	2004	2020	2004	2032
304998	62	126	14	78	142	30	94	158	46	110	174	2002	2053	2166	2010	1993	1947	2009	2090	1968	2018	2034	1984
