304998	62	126	14	78	142	30	94	158	46	110	174	1987	2048	2133	1998	1980	1965	1983	2090	1986	2020	2059	2012
304998	62	126	14	78	142	30	94	158	46	110	174	2024	2017	2141	2017	2009	1978	2012	2064	1994	2017	2024	2006
304998	62	126	14	78	142	30	94	158	46	110	174	2059	1999	2143	2047	2034	1989	2048	2047	2003	2017	1991	2012
304998	62	126	14	78	142	30	94	158	46	110	174	2067	1998	2137	2048	2029	1988	2045	2047	1996	2022	1987	2014
304998	62	126	14	78	142	30	94	158	46	110	174	2029	2015	2126	2025	2008	1972	2016	2063	1991	2020	2024	2010
304998	62	126	14	78	142	30	94	158	46	110	174	1994	2045	2126	2004	1968	1960	1996	2098	1974	2016	2067	2007
304998	62	126	14	78	142	30	94	158	46	110	174	1975	2056	2131	1989	1967	1953	1982	2101	1968	2020	2080	2019
304998	62	126	14	78	142	30	94	158	46	110	174	1997	2034	2141	2009	1993	1969	2001	2080	1980	2022	2046	2019
304998	62	126	14	78	142	30	94	158	46	110	174	2042	2008	2139	2034	2029	1983	2036	2051	2002	2017	1996	2009
304998	62	126	14	78	142	30	94	158	46	110	174	2070	1993	2137	2053	2037	1990	2044	2042	2010	2017	1977	2003
304998	62	126	14	78	142	30	94	158	46	110	174	2053	2005	2134	2040	2020	1981	2042	2062	1997	2022	2009	2013
304998	62	126	14	78	142	30	94	158	46	110	174	2011	2029	2135	2021	1981	1968	2007	2080	1973	2020	2048	2022
304998	62	126	14	78	142	30	94	158	46	110	174	1977	2056	2133	1994	1967	1953	1981	2098	1967	2017	2072	2017
304998	62	126	14	78	142	30	94	158	46	110	174	1975	2051	2132	1997	1974	1966	1983	2084	1982	2020	2063	2011
304998	62	126	14	78	142	30	94	158	46	110	174	2022	2025	2136	2017	2002	1986	2011	2073	1997	2022	2028	2010
304998	62	126	14	78	142	30	94	158	46	110	174	2061	1999	2137	2043	2035	1985	2045	2049	2001	2020	1991	2012
304998	62	126	14	78	142	30	94	158	46	110	174	2073	1994	2139	2048	2039	1984	2052	2048	1996	2020	1987	2019
304998	62	126	14	78	142	30	94	158	46	110	174	2037	2017	2138	2030	2010	1970	2030	2067	1984	2016	2017	2015
304998	62	126	14	78	142	30	94	158	46	110	174	1991	2046	2132	2003	1980	1955	1996	2090	1980	2022	2058	2010
304998	62	126	14	78	142	30	94	158	46	110	174	1972	2060	2128	1988	1966	1957	1980	2104	1968	2018	2078	2015
304998	62	126	14	78	142	30	94	158	46	110	174	1996	2044	2127	2004	1975	1973	2000	2085	1984	2021	2050	2021
304998	62	126	14	78	142	30	94	158	46	110	174	2042	2007	2136	2033	2014	1985	2029	2058	1994	2020	2002	2018
304998	62	126	14	78	142	30	94	158	46	110	174	2074	1990	2139	2046	2043	1991	2047	2044	2006	2020	1979	2003
304998	62	126	14	78	142	30	94	158	46	110	174	2054	2002	2143	2045	2023	1985	2040	2054	2000	2016	2005	2011
304998	62	126	14	78	142	30	94	158	46	110	174	2012	2035	2133	2013	1998	1967	2020	2081	1977	2016	2046	2021
304998	62	126	14	78	142	30	94	158	46	110	174	1980	2053	2130	1995	1959	1957	1981	2093	1966	2020	2073	2023
304998	62	126	14	78	142	30	94	158	46	110	174	1977	2052	2122	1995	1968	1956	1985	2089	1972	2020	2064	2013
304998	62	126	14	78	142	30	94	158	46	110	174	2020	2023	2127	2016	1998	1973	2010	2074	1996	2016	2028	2011
304998	62	126	14	78	142	30	94	158	46	110	174	2057	1996	2140	2039	2035	1987	2037	2048	2007	2019	1996	2009
304998	62	126	14	78	142	30	94	158	46	110	174	2070	1996	2144	2048	2032	1995	2058	2047	2001	2022	1984	2015
304998	62	126	14	78	142	30	94	158	46	110	174	2031	2015	2148	2034	2008	1975	2023	2065	1987	2020	2014	2013
304998	62	126	14	78	142	30	94	158	46	110	174	1994	2049	2125	2004	1981	1962	1997	2084	1971	2020	2061	2008
304998	62	126	14	78	142	30	94	158	46	110	174	1971	2064	2122	1996	1963	1959	1982	2098	1972	2018	2079	2016
304998	62	126	14	78	142	30	94	158	46	110	174	1994	2041	2123	1998	1988	1969	1987	2083	1983	2021	2056	2020
304998	62	126	14	78	142	30	94	158	46	110	174	2034	2008	2142	2023	2016	1983	2032	2060	1995	2017	2009	2019
304998	62	126	14	78	142	30	94	158	46	110	174	2064	1988	2149	2050	2035	1991	2043	2042	2002	2018	1985	2005
304998	62	126	14	78	142	30	94	158	46	110	174	2058	2002	2144	2047	2030	1981	2043	2046	2006	2021	1999	2002
304998	62	126	14	78	142	30	94	158	46	110	174	2019	2030	2137	2020	1995	1969	2015	2076	1990	2019	2043	2022
304998	62	126	14	78	142	30	94	158	46	110	174	1982	2059	2120	1997	1963	1968	1990	2096	1971	2018	2071	2024
304998	62	126	14	78	142	30	94	158	46	110	174	1974	2048	2125	1989	1968	1956	1981	2093	1972	2021	2070	2016
304998	62	126	14	78	142	30	94	158	46	110	174	2006	2025	2137	2011	1998	1970	2003	2074	1986	2019	2031	2005
304998	62	126	14	78	142	30	94	158	46	110	174	2050	1998	2150	2040	2029	1984	2045	2047	2009	2018	2000	2011
304998	62	126	14	78	142	30	94	158	46	110	174	2069	1990	2148	2045	2042	1992	2046	2049	2004	2020	1983	2017
304998	62	126	14	78	142	30	94	158	46	110	174	2043	2015	2134	2034	2017	1977	2046	2066	1993	2017	2012	2015
304998	62	126	14	78	142	30	94	158	46	110	174	2004	2046	2121	2007	1976	1963	2003	2088	1968	2018	2048	2011
304998	62	126	14	78	142	30	94	158	46	110	174	1974	2054	2123	1989	1962	1954	1982	2089	1973	2020	2081	2017
304998	62	126	14	78	142	30	94	158	46	110	174	1984	2042	2127	1997	1976	1961	1985	2090	1986	2022	2059	2026
304998	62	126	14	78	142	30	94	158	46	110	174	2026	2015	2139	2024	2013	1982	2019	2073	1995	2016	2013	2014
304998	62	126	14	78	142	30	94	158	46	110	174	2060	1996	2147	2044	2043	1988	2051	2048	2004	2018	1986	2008
304998	62	126	14	78	142	30	94	158	46	110	174	2061	2004	2139	2043	2031	1987	2053	2053	1992	2022	1995	2005
304998	62	126	14	78	142	30	94	158	46	110	174	2025	2026	2125	2022	1996	1966	2020	2068	1992	2018	2035	2019
304998	62	126	14	78	142	30	94	158	46	110	174	1987	2050	2119	1997	1976	1956	1999	2102	1969	2021	2074	2023
304998	62	126	14	78	142	30	94	158	46	110	174	1974	2051	2126	1993	1968	1959	1981	2096	1967	2018	2072	2015
304998	62	126	14	78	142	30	94	158	46	110	174	2001	2033	2135	2007	1985	1976	2001	2079	1981	2021	2044	2009
304998	62	126	14	78	142	30	94	158	46	110	174	2043	2004	2145	2033	2024	1986	2038	2048	1998	2022	2003	2015
304998	62	126	14	78	142	30	94	158	46	110	174	2066	1998	2143	2049	2029	1996	2045	2042	2009	2022	1985	2017
304998	62	126	14	78	142	30	94	158	46	110	174	2051	2012	2129	2043	2020	1978	2040	2057	1995	2018	2004	2014
304998	62	126	14	78	142	30	94	158	46	110	174	1997	2030	2137	2012	1984	1962	2000	2078	1977	2017	2047	2011
304998	62	126	14	78	142	30	94	158	46	110	174	1972	2052	2123	1994	1963	1963	1987	2098	1969	2018	2077	2015
304998	62	126	14	78	142	30	94	158	46	110	174	1983	2045	2135	1998	1967	1968	1991	2085	1983	2020	2067	2018
304998	62	126	14	78	142	30	94	158	46	110	174	2021	2019	2143	2019	2006	1977	2013	2070	1997	2018	2019	2017
304998	62	126	14	78	142	30	94	158	46	110	174	2061	2000	2137	2044	2039	1985	2050	2049	2004	2020	1983	2007
304998	62	126	14	78	142	30	94	158	46	110	174	2068	1998	2133	2049	2033	1993	2046	2046	2001	2018	1991	2004
304998	62	126	14	78	142	30	94	158	46	110	174	2034	2023	2125	2026	2007	1974	2021	2067	1984	2020	2031	2018
304998	62	126	14	78	142	30	94	158	46	110	174	1993	2047	2124	2000	1965	1959	1995	2093	1979	2016	2066	2025
304998	62	126	14	78	142	30	94	158	46	110	174	1974	2052	2132	1990	1968	1954	1972	2100	1973	2020	2072	2017
304998	62	126	14	78	142	30	94	158	46	110	174	1997	2039	2134	2005	1989	1965	2008	2083	1984	2022	2044	2004
304998	62	126	14	78	142	30	94	158	46	110	174	2042	2014	2135	2028	2026	1987	2030	2054	1997	2018	2006	2006
304998	62	126	14	78	142	30	94	158	46	110	174	2073	1997	2135	2049	2039	1996	2049	2038	2004	2018	1982	2016
304998	62	126	14	78	142	30	94	158	46	110	174	2053	2004	2138	2040	2024	1981	2033	2054	2001	2020	1999	2015
304998	62	126	14	78	142	30	94	158	46	110	174	2014	2034	2128	2011	1979	1965	2006	2084	1984	2016	2044	2009
304998	62	126	14	78	142	30	94	158	46	110	174	1978	2058	2129	1995	1961	1954	1990	2096	1969	2022	2081	2018
304998	62	126	14	78	142	30	94	158	46	110	174	1965	2052	2127	1996	1971	1962	1983	2090	1974	2021	2067	2019
304998	62	126	14	78	142	30	94	158	46	110	174	2014	2028	2132	2020	2001	1990	2023	2063	1998	2022	2023	2014
304998	62	126	14	78	142	30	94	158	46	110	174	2058	1999	2132	2042	2034	1993	2040	2049	2007	2020	1985	2009
304998	62	126	14	78	142	30	94	158	46	110	174	2066	1994	2134	2047	2032	1986	2049	2047	2003	2017	1990	2011
304998	62	126	14	78	142	30	94	158	46	110	174	2039	2017	2140	2034	2005	1974	2024	2066	1985	2021	2022	2015
304998	62	126	14	78	142	30	94	158	46	110	174	1990	2045	2132	2004	1975	1963	1994	2086	1974	2022	2065	2019
304998	62	126	14	78	142	30	94	158	46	110	174	1970	2064	2129	1992	1964	1959	1978	2097	1973	2021	2072	2012
304998	62	126	14	78	142	30	94	158	46	110	174	1992	2044	2128	2003	1985	1965	1997	2089	1981	2018	2051	2008
304998	62	126	14	78	142	30	94	158	46	110	174	2040	2012	2132	2028	2018	1983	2030	2058	1997	2022	2008	2014
304998	62	126	14	78	142	30	94	158	46	110	174	2065	1994	2142	2049	2040	1987	2043	2046	2001	2017	1979	2020
304998	62	126	14	78	142	30	94	158	46	110	174	2055	2002	2140	2045	2021	1985	2045	2046	2006	2020	1997	2011
304998	62	126	14	78	142	30	94	158	46	110	174	2016	2030	2136	2018	1995	1969	2010	2077	1985	2016	2037	2002
304998	62	126	14	78	142	30	94	158	46	110	174	1981	2060	2128	1993	1963	1956	1986	2099	1969	2018	2076	2020
304998	62	126	14	78	142	30	94	158	46	110	174	1974	2058	2130	1997	1953	1962	1978	2096	1969	2018	2071	2023
304998	62	126	14	78	142	30	94	158	46	110	174	2013	2030	2130	2024	1999	1976	2004	2067	1986	2017	2029	2016
304998	62	126	14	78	142	30	94	158	46	110	174	2054	1999	2143	2042	2023	1991	2037	2045	2010	2021	1989	2006
304998	62	126	14	78	142	30	94	158	46	110	174	2071	1991	2146	2049	2038	1992	2049	2047	2006	2017	1987	2006
304998	62	126	14	78	142	30	94	158	46	110	174	2045	2015	2143	2029	2009	1980	2027	2064	1984	2021	2018	2020
304998	62	126	14	78	142	30	94	158	46	110	174	1993	2045	2129	2005	1971	1964	1993	2086	1970	2021	2055	2020
304998	62	126	14	78	142	30	94	158	46	110	174	1975	2063	2122	1991	1964	1957	1976	2096	1970	2017	2077	2014
304998	62	126	14	78	142	30	94	158	46	110	174	1987	2040	2133	2001	1983	1970	1987	2081	1984	2017	2059	2011
304998	62	126	14	78	142	30	94	158	46	110	174	2028	2009	2134	2029	2016	1984	2020	2063	1996	2019	2016	2016
304998	62	126	14	78	142	30	94	158	46	110	174	2063	1993	2146	2048	2031	1997	2058	2052	2004	2016	1982	2016
304998	62	126	14	78	142	30	94	158	46	110	174	2058	1999	2148	2046	2026	1986	2042	2047	1997	2018	1988	2015
304998	62	126	14	78	142	30	94	158	46	110	174	2025	2030	2138	2021	1996	1967	2008	2073	1982	2019	2035	2014
304998	62	126	14	78	142	30	94	158	46	110	174	1977	2056	2125	1998	1965	1957	1980	2090	1976	2021	2076	2017
304998	62	126	14	78	142	30	94	158	46	110	174	1973	2056	2115	1995	1961	1963	1977	2092	1967	2023	2076	2019
304998	62	126	14	78	142	30	94	158	46	110	174	2006	2026	2136	2010	1997	1974	2009	2077	1984	2022	2035	2017
304998	62	126	14	78	142	30	94	158	46	110	174	2048	1998	2143	2037	2016	1993	2031	2049	2000	2020	1995	2007
304998	62	126	14	78	142	30	94	158	46	110	174	2067	1996	2147	2048	2040	1984	2047	2042	2012	2018	1987	2011
304998	62	126	14	78	142	30	94	158	46	110	174	2042	2011	2153	2035	2019	1983	2026	2061	1997	2022	2017	2015
304998	62	126	14	78	142	30	94	158	46	110	174	2003	2045	2123	2015	1976	1969	2009	2089	1973	2018	2054	2015
304998	62	126	14	78	142	30	94	158	46	110	174	1974	2056	2124	1991	1960	1958	1987	2101	1970	2022	2077	2015
304998	62	126	14	78	142	30	94	158	46	110	174	1989	2044	2123	1994	1972	1964	1987	2084	1971	2022	2065	2015
304998	62	126	14	78	142	30	94	158	46	110	174	2026	2013	2137	2026	2007	1983	2020	2062	2003	2022	2021	2016
304998	62	126	14	78	142	30	94	158	46	110	174	2061	1995	2148	2047	2038	1989	2042	2046	2007	2021	1986	2011
304998	62	126	14	78	142	30	94	158	46	110	174	2063	2003	2142	2043	2032	1992	2048	2050	2004	2020	1986	2010
304998	62	126	14	78	142	30	94	158	46	110	174	2027	2025	2130	2021	1993	1975	2018	2073	1982	2022	2030	2008
304998	62	126	14	78	142	30	94	158	46	110	174	1985	2050	2120	2001	1970	1954	1985	2086	1971	2017	2076	2019
304998	62	126	14	78	142	30	94	158	46	110	174	1973	2048	2125	1991	1968	1955	1993	2097	1977	2018	2078	2024
304998	62	126	14	78	142	30	94	158	46	110	174	2002	2028	2138	2013	1981	1979	1999	2079	1985	2021	2042	2011
304998	62	126	14	78	142	30	94	158	46	110	174	2044	2002	2145	2037	2024	1991	2044	2060	1998	2018	1997	2010
304998	62	126	14	78	142	30	94	158	46	110	174	2069	1994	2146	2051	2031	1995	2056	2041	2001	2018	1984	2013
304998	62	126	14	78	142	30	94	158	46	110	174	2054	2013	2129	2043	2008	1983	2034	2052	2003	2022	2008	2018
304998	62	126	14	78	142	30	94	158	46	110	174	2008	2038	2123	2013	1989	1959	2000	2080	1980	2021	2044	2016
304998	62	126	14	78	142	30	94	158	46	110	174	1974	2049	2124	1996	1961	1952	1972	2089	1967	2021	2074	2009
304998	62	126	14	78	142	30	94	158	46	110	174	1977	2040	2130	2002	1964	1968	1984	2090	1970	2021	2068	2015
304998	62	126	14	78	142	30	94	158	46	110	174	2016	2010	2145	2022	2000	1980	2009	2058	1995	2020	2026	2016
304998	62	126	14	78	142	30	94	158	46	110	174	2060	1999	2144	2051	2024	1993	2046	2046	2012	2017	1981	2015
304998	62	126	14	78	142	30	94	158	46	110	174	2070	2000	2134	2048	2031	1985	2045	2052	2003	2020	1981	2011
304998	62	126	14	78	142	30	94	158	46	110	174	2034	2018	2124	2030	2002	1974	2017	2065	1987	2021	2022	2009
304998	62	126	14	78	142	30	94	158	46	110	174	1989	2045	2123	2004	1972	1963	1988	2092	1968	2021	2071	2018
304998	62	126	14	78	142	30	94	158	46	110	174	1970	2049	2128	1997	1946	1958	1987	2094	1973	2020	2079	2018
304998	62	126	14	78	142	30	94	158	46	110	174	1986	2032	2146	2008	1984	1969	1992	2077	1986	2018	2045	2017
304998	62	126	14	78	142	30	94	158	46	110	174	2042	2010	2142	2032	2025	1979	2035	2063	1999	2019	2004	2011
304998	62	126	14	78	142	30	94	158	46	110	174	2074	1996	2143	2054	2035	1994	2049	2041	2007	2020	1983	2011
304998	62	126	14	78	142	30	94	158	46	110	174	2059	2002	2131	2040	2023	1981	2039	2052	1992	2017	2001	2012
304998	62	126	14	78	142	30	94	158	46	110	174	2015	2025	2132	2016	1983	1969	2010	2073	1983	2017	2042	2019
304998	62	126	14	78	142	30	94	158	46	110	174	1970	2046	2135	1999	1955	1954	1973	2093	1973	2018	2073	2014
304998	62	126	14	78	142	30	94	158	46	110	174	1975	2045	2134	1994	1969	1962	1989	2092	1975	2018	2074	2009
304998	62	126	14	78	142	30	94	158	46	110	174	2012	2027	2140	2019	1996	1976	2008	2073	1987	2022	2034	2016
304998	62	126	14	78	142	30	94	158	46	110	174	2060	1999	2139	2044	2032	1993	2049	2049	2003	2021	1986	2019
304998	62	126	14	78	142	30	94	158	46	110	174	2066	1989	2144	2053	2032	1991	2047	2040	2010	2017	1985	2011
304998	62	126	14	78	142	30	94	158	46	110	174	2042	2015	2137	2036	2009	1969	2024	2066	1992	2021	2019	2007
304998	62	126	14	78	142	30	94	158	46	110	174	1990	2039	2139	2004	1975	1962	2019	2085	1970	2020	2071	2014
304998	62	126	14	78	142	30	94	158	46	110	174	1966	2056	2129	1997	1963	1955	1977	2091	1967	2021	2084	2020
304998	62	126	14	78	142	30	94	158	46	110	174	1991	2044	2129	2005	1980	1968	2001	2086	1981	2016	2052	2016
304998	62	126	14	78	142	30	94	158	46	110	174	2028	2002	2142	2038	1999	1988	2018	2058	2003	2020	2007	2006
304998	62	126	14	78	142	30	94	158	46	110	174	2073	1990	2137	2048	2042	1991	2046	2046	2006	2019	1986	2013
304998	62	126	14	78	142	30	94	158	46	110	174	2055	1992	2143	2046	2017	1994	2044	2049	1998	2016	1999	2015
304998	62	126	14	78	142	30	94	158	46	110	174	2017	2026	2139	2020	1990	1970	2010	2071	1977	2021	2039	2018
304998	62	126	14	78	142	30	94	158	46	110	174	1976	2055	2130	1998	1964	1955	1991	2089	1971	2022	2075	2017
304998	62	126	14	78	142	30	94	158	46	110	174	1974	2054	2126	1994	1957	1964	1975	2089	1973	2017	2075	2011
304998	62	126	14	78	142	30	94	158	46	110	174	2011	2031	2128	2016	1997	1972	2012	2073	1990	2020	2040	2014
304998	62	126	14	78	142	30	94	158	46	110	174	2056	1994	2134	2042	2034	1987	2039	2046	2003	2017	1994	2020
304998	62	126	14	78	142	30	94	158	46	110	174	2071	1988	2137	2050	2033	1989	2054	2045	2006	2020	1980	2018
304998	62	126	14	78	142	30	94	158	46	110	174	2040	2007	2140	2035	2002	1984	2031	2059	2001	2018	2014	2010
304998	62	126	14	78	142	30	94	158	46	110	174	1992	2039	2138	2008	1978	1953	1996	2081	1971	2020	2065	2012
304998	62	126	14	78	142	30	94	158	46	110	174	1970	2057	2123	1996	1957	1964	1978	2094	1971	2021	2087	2018
304998	62	126	14	78	142	30	94	158	46	110	174	1985	2043	2128	2006	1976	1967	1984	2079	1972	2016	2062	2018
304998	62	126	14	78	142	30	94	158	46	110	174	2029	2009	2136	2025	2009	1986	2017	2056	2003	2017	2011	2008
304998	62	126	14	78	142	30	94	158	46	110	174	2067	1986	2139	2051	2023	1995	2048	2043	2012	2018	1981	2005
304998	62	126	14	78	142	30	94	158	46	110	174	2059	1996	2144	2050	2021	1982	2038	2047	2000	2020	1993	2016
304998	62	126	14	78	142	30	94	158	46	110	174	2023	2028	2135	2021	2001	1972	2016	2067	1982	2021	2033	2020
304998	62	126	14	78	142	30	94	158	46	110	174	1983	2052	2122	1998	1965	1956	1983	2085	1967	2018	2075	2017
304998	62	126	14	78	142	30	94	158	46	110	174	1975	2055	2116	1995	1965	1957	1983	2089	1975	2019	2073	2011
304998	62	126	14	78	142	30	94	158	46	110	174	1996	2023	2129	2015	1989	1968	1998	2074	1986	2020	2047	2008
304998	62	126	14	78	142	30	94	158	46	110	174	2049	1994	2141	2044	2022	1989	2033	2052	2006	2017	2000	2019
