304998	62	126	14	78	142	30	94	158	46	110	174	2066	1975	2130	2047	2032	1998	2038	2046	2022	2017	1975	2031
304998	62	126	14	78	142	30	94	158	46	110	174	2058	2004	2136	2040	2016	1990	2030	2060	2007	2019	1999	2016
304998	62	126	14	78	142	30	94	158	46	110	174	2006	2041	2143	2020	1987	1959	2003	2080	1973	2018	2054	2008
304998	62	126	14	78	142	30	94	158	46	110	174	1970	2063	2147	1999	1966	1940	1988	2088	1955	2021	2085	1997
304998	62	126	14	78	142	30	94	158	46	110	174	1970	2044	2150	2005	1977	1951	1987	2080	1963	2017	2066	2004
304998	62	126	14	78	142	30	94	158	46	110	174	2018	2020	2134	2020	2004	1977	2012	2065	1999	2018	2022	2015
304998	62	126	14	78	142	30	94	158	46	110	174	2062	1989	2130	2040	2022	2002	2028	2052	2019	2017	1989	2025
304998	62	126	14	78	142	30	94	158	46	110	174	2070	1995	2118	2041	2035	1998	2036	2053	2012	2016	1987	2040
304998	62	126	14	78	142	30	94	158	46	110	174	2030	2012	2134	2032	1999	1982	2020	2065	1986	2017	2022	2021
304998	62	126	14	78	142	30	94	158	46	110	174	1983	2045	2150	2009	1970	1947	1997	2082	1958	2022	2067	1996
304998	62	126	14	78	142	30	94	158	46	110	174	1968	2058	2151	2001	1969	1937	1985	2089	1967	2016	2081	1984
304998	62	126	14	78	142	30	94	158	46	110	174	1979	2040	2144	2011	1988	1963	1995	2079	1982	2019	2060	2002
304998	62	126	14	78	142	30	94	158	46	110	174	2040	2007	2120	2030	2017	1996	2025	2066	2005	2016	2010	2029
304998	62	126	14	78	142	30	94	158	46	110	174	2075	1981	2108	2041	2027	2006	2052	2048	2014	2016	1976	2040
304998	62	126	14	78	142	30	94	158	46	110	174	2062	1991	2132	2041	2014	1987	2034	2052	2007	2020	1990	2020
304998	62	126	14	78	142	30	94	158	46	110	174	2014	2032	2147	2020	1991	1962	2024	2073	1979	2016	2045	1999
304998	62	126	14	78	142	30	94	158	46	110	174	1962	2059	2156	2007	1966	1940	1987	2088	1957	2019	2084	1993
304998	62	126	14	78	142	30	94	158	46	110	174	1972	2060	2138	2002	1974	1946	1996	2091	1959	2018	2078	2008
304998	62	126	14	78	142	30	94	158	46	110	174	2004	2016	2132	2023	1996	1982	2006	2072	1986	2021	2028	2017
304998	62	126	14	78	142	30	94	158	46	110	174	2049	1984	2123	2043	2020	2003	2030	2046	2020	2016	1984	2027
304998	62	126	14	78	142	30	94	158	46	110	174	2068	1984	2129	2047	2021	2001	2038	2048	2024	2017	1980	2027
304998	62	126	14	78	142	30	94	158	46	110	174	2037	2012	2138	2035	2005	1975	2018	2065	1992	2018	2020	2018
304998	62	126	14	78	142	30	94	158	46	110	174	1990	2049	2139	2010	1983	1949	2003	2084	1962	2016	2070	2003
304998	62	126	14	78	142	30	94	158	46	110	174	1968	2058	2148	1997	1965	1949	1984	2089	1949	2018	2080	1992
304998	62	126	14	78	142	30	94	158	46	110	174	1987	2039	2143	2008	1983	1958	1995	2076	1976	2019	2060	2002
304998	62	126	14	78	142	30	94	158	46	110	174	2031	2008	2132	2027	2005	1991	2017	2062	2009	2019	2013	2020
304998	62	126	14	78	142	30	94	158	46	110	174	2067	1987	2123	2045	2033	2005	2039	2048	2022	2018	1986	2042
304998	62	126	14	78	142	30	94	158	46	110	174	2065	1996	2120	2040	2023	1994	2038	2055	2005	2017	1993	2031
304998	62	126	14	78	142	30	94	158	46	110	174	2017	2025	2138	2029	1983	1972	2016	2070	1973	2022	2032	2005
304998	62	126	14	78	142	30	94	158	46	110	174	1974	2054	2151	2003	1969	1945	1986	2079	1960	2020	2080	1982
304998	62	126	14	78	142	30	94	158	46	110	174	1968	2060	2154	2003	1969	1949	1987	2088	1967	2020	2084	1994
304998	62	126	14	78	142	30	94	158	46	110	174	2000	2034	2138	2018	1997	1970	2003	2075	1984	2018	2041	2025
304998	62	126	14	78	142	30	94	158	46	110	174	2057	1998	2118	2038	2020	2003	2032	2054	2013	2022	1988	2034
304998	62	126	14	78	142	30	94	158	46	110	174	2073	1980	2119	2049	2018	2007	2040	2048	2017	2019	1973	2033
304998	62	126	14	78	142	30	94	158	46	110	174	2040	2006	2139	2036	2009	1985	2028	2056	1998	2019	2009	2014
304998	62	126	14	78	142	30	94	158	46	110	174	1997	2047	2148	2015	1981	1952	2000	2085	1970	2018	2064	2000
304998	62	126	14	78	142	30	94	158	46	110	174	1963	2063	2148	2003	1974	1937	1991	2089	1954	2017	2085	1995
304998	62	126	14	78	142	30	94	158	46	110	174	1984	2044	2137	2008	1975	1963	1992	2085	1969	2019	2063	2005
304998	62	126	14	78	142	30	94	158	46	110	174	2021	2008	2129	2026	2011	1986	2017	2056	1998	2018	2013	2017
304998	62	126	14	78	142	30	94	158	46	110	174	2066	1987	2123	2042	2020	2012	2035	2043	2025	2016	1984	2034
304998	62	126	14	78	142	30	94	158	46	110	174	2068	1996	2122	2042	2025	1990	2041	2053	2014	2017	1993	2032
304998	62	126	14	78	142	30	94	158	46	110	174	2030	2026	2130	2025	2003	1966	2022	2071	1983	2021	2030	2016
304998	62	126	14	78	142	30	94	158	46	110	174	1984	2051	2147	2007	1969	1942	1992	2086	1950	2022	2073	1993
304998	62	126	14	78	142	30	94	158	46	110	174	1963	2054	2152	2006	1973	1943	1985	2083	1954	2017	2080	1989
304998	62	126	14	78	142	30	94	158	46	110	174	1994	2027	2145	2016	1975	1976	2001	2073	1986	2021	2047	2008
304998	62	126	14	78	142	30	94	158	46	110	174	2043	1996	2124	2037	2020	1995	2030	2059	2014	2017	1997	2037
304998	62	126	14	78	142	30	94	158	46	110	174	2077	1986	2112	2048	2032	2002	2045	2048	2018	2018	1975	2041
304998	62	126	14	78	142	30	94	158	46	110	174	2057	1999	2126	2037	2014	1982	2033	2061	1994	2022	1999	2024
304998	62	126	14	78	142	30	94	158	46	110	174	2003	2038	2151	2018	1992	1954	2004	2071	1971	2017	2051	1991
304998	62	126	14	78	142	30	94	158	46	110	174	1967	2063	2158	2008	1960	1944	1985	2086	1960	2016	2090	1990
304998	62	126	14	78	142	30	94	158	46	110	174	1972	2056	2148	2002	1981	1948	1990	2087	1966	2017	2075	1999
304998	62	126	14	78	142	30	94	158	46	110	174	2022	2018	2124	2028	2008	1983	2035	2067	1996	2017	2017	2026
304998	62	126	14	78	142	30	94	158	46	110	174	2068	1984	2112	2041	2028	2002	2033	2051	2012	2020	1977	2032
304998	62	126	14	78	142	30	94	158	46	110	174	2074	1985	2123	2043	2027	2002	2049	2046	2015	2018	1983	2029
304998	62	126	14	78	142	30	94	158	46	110	174	2031	2019	2139	2034	1993	1974	2017	2063	1993	2020	2027	2011
304998	62	126	14	78	142	30	94	158	46	110	174	1982	2056	2151	2011	1977	1942	1995	2085	1958	2022	2074	1999
304998	62	126	14	78	142	30	94	158	46	110	174	1971	2064	2150	2005	1975	1937	1990	2093	1954	2016	2082	1990
304998	62	126	14	78	142	30	94	158	46	110	174	1994	2036	2135	2015	1995	1964	2001	2075	1980	2018	2046	2003
304998	62	126	14	78	142	30	94	158	46	110	174	2046	1998	2124	2033	2021	1992	2030	2057	2009	2022	2001	2024
304998	62	126	14	78	142	30	94	158	46	110	174	2077	1983	2120	2050	2023	2011	2042	2048	2025	2020	1977	2038
304998	62	126	14	78	142	30	94	158	46	110	174	2061	2002	2124	2042	2018	1983	2028	2060	2002	2016	1996	2031
304998	62	126	14	78	142	30	94	158	46	110	174	2014	2035	2133	2019	1993	1957	2033	2077	1970	2019	2043	2001
304998	62	126	14	78	142	30	94	158	46	110	174	1972	2058	2149	2001	1973	1936	1989	2085	1953	2017	2078	1985
304998	62	126	14	78	142	30	94	158	46	110	174	1974	2052	2153	2003	1981	1946	2006	2080	1970	2017	2071	1985
304998	62	126	14	78	142	30	94	158	46	110	174	2011	2020	2140	2021	1992	1984	2007	2066	1998	2020	2034	2020
304998	62	126	14	78	142	30	94	158	46	110	174	2064	1994	2117	2040	2028	2000	2044	2053	2019	2019	1983	2042
304998	62	126	14	78	142	30	94	158	46	110	174	2079	1988	2116	2045	2029	1998	2039	2047	2012	2018	1976	2036
304998	62	126	14	78	142	30	94	158	46	110	174	2041	2012	2128	2032	2009	1972	2028	2061	1989	2017	2016	2010
304998	62	126	14	78	142	30	94	158	46	110	174	1994	2050	2156	2011	1987	1946	1995	2080	1966	2019	2067	1985
304998	62	126	14	78	142	30	94	158	46	110	174	1968	2063	2159	2002	1974	1944	2003	2093	1954	2017	2085	1991
304998	62	126	14	78	142	30	94	158	46	110	174	1991	2046	2140	2013	1991	1956	1997	2076	1974	2022	2057	2009
304998	62	126	14	78	142	30	94	158	46	110	174	2041	2006	2118	2028	2020	1988	2036	2064	2001	2016	2001	2029
304998	62	126	14	78	142	30	94	158	46	110	174	2075	1978	2113	2045	2029	2009	2042	2045	2023	2020	1968	2034
304998	62	126	14	78	142	30	94	158	46	110	174	2071	1992	2122	2039	2023	1991	2042	2056	2011	2021	1991	2022
304998	62	126	14	78	142	30	94	158	46	110	174	2020	2031	2149	2020	2002	1964	2020	2078	1972	2017	2045	2005
304998	62	126	14	78	142	30	94	158	46	110	174	1973	2063	2155	2006	1974	1937	1999	2093	1954	2020	2079	1990
304998	62	126	14	78	142	30	94	158	46	110	174	1972	2063	2143	2004	1978	1941	1998	2093	1957	2021	2069	1999
304998	62	126	14	78	142	30	94	158	46	110	174	2013	2023	2127	2021	2004	1972	2008	2063	1992	2020	2025	2008
304998	62	126	14	78	142	30	94	158	46	110	174	2067	1986	2115	2038	2022	2001	2039	2053	2018	2021	1991	2031
304998	62	126	14	78	142	30	94	158	46	110	174	2077	1981	2120	2045	2028	2006	2041	2053	2014	2021	1978	2036
304998	62	126	14	78	142	30	94	158	46	110	174	2045	2010	2137	2035	2011	1975	2034	2066	1992	2020	2009	2021
304998	62	126	14	78	142	30	94	158	46	110	174	1998	2048	2146	2012	1993	1942	2008	2079	1955	2021	2050	1999
304998	62	126	14	78	142	30	94	158	46	110	174	1970	2065	2148	1999	1979	1937	1996	2090	1955	2018	2078	1979
304998	62	126	14	78	142	30	94	158	46	110	174	1988	2038	2140	2009	1991	1958	2007	2084	1973	2017	2061	1996
304998	62	126	14	78	142	30	94	158	46	110	174	2037	2007	2128	2028	2015	1989	2025	2070	1999	2019	2013	2028
304998	62	126	14	78	142	30	94	158	46	110	174	2071	1987	2123	2047	2025	2009	2052	2052	2015	2017	1974	2041
304998	62	126	14	78	142	30	94	158	46	110	174	2068	1992	2123	2042	2023	1994	2043	2052	2009	2021	1981	2029
304998	62	126	14	78	142	30	94	158	46	110	174	2032	2029	2131	2025	2002	1959	2026	2072	1985	2017	2029	2003
304998	62	126	14	78	142	30	94	158	46	110	174	1985	2056	2152	2006	1979	1936	2006	2092	1953	2022	2076	1983
304998	62	126	14	78	142	30	94	158	46	110	174	1976	2057	2155	1998	1980	1943	1988	2092	1955	2020	2076	1990
304998	62	126	14	78	142	30	94	158	46	110	174	2001	2029	2146	2018	1995	1977	2007	2074	1983	2017	2036	2016
304998	62	126	14	78	142	30	94	158	46	110	174	2052	1997	2123	2038	2023	1995	2031	2048	2018	2016	1986	2032
304998	62	126	14	78	142	30	94	158	46	110	174	2083	1982	2110	2048	2034	2005	2042	2052	2020	2017	1971	2030
304998	62	126	14	78	142	30	94	158	46	110	174	2057	2001	2123	2035	2019	1983	2037	2061	1998	2022	2008	2018
304998	62	126	14	78	142	30	94	158	46	110	174	2007	2044	2150	2018	1990	1949	2017	2080	1960	2022	2057	1999
304998	62	126	14	78	142	30	94	158	46	110	174	1965	2062	2162	2000	1972	1939	1994	2090	1950	2017	2074	1990
304998	62	126	14	78	142	30	94	158	46	110	174	1985	2056	2151	2007	1985	1949	2009	2085	1973	2020	2058	1997
304998	62	126	14	78	142	30	94	158	46	110	174	2034	2019	2122	2025	2013	1980	2025	2071	1996	2017	2013	2018
304998	62	126	14	78	142	30	94	158	46	110	174	2073	1988	2108	2044	2028	2011	2043	2054	2016	2019	1979	2038
304998	62	126	14	78	142	30	94	158	46	110	174	2077	1986	2120	2045	2028	1998	2049	2054	2006	2016	1979	2037
304998	62	126	14	78	142	30	94	158	46	110	174	2035	2022	2143	2024	2008	1965	2023	2067	1979	2018	2020	2014
304998	62	126	14	78	142	30	94	158	46	110	174	1983	2055	2163	2007	1979	1939	1997	2091	1958	2019	2064	1983
304998	62	126	14	78	142	30	94	158	46	110	174	1968	2072	2153	2000	1978	1937	1994	2098	1954	2020	2076	1986
304998	62	126	14	78	142	30	94	158	46	110	174	2004	2037	2132	2013	1996	1967	2010	2079	1973	2021	2045	2009
304998	62	126	14	78	142	30	94	158	46	110	174	2051	1990	2120	2034	2023	1999	2027	2055	2011	2021	1993	2037
304998	62	126	14	78	142	30	94	158	46	110	174	2079	1980	2116	2045	2034	2005	2052	2048	2028	2019	1970	2035
304998	62	126	14	78	142	30	94	158	46	110	174	2059	2002	2137	2041	2013	1987	2041	2061	2001	2020	1998	2018
304998	62	126	14	78	142	30	94	158	46	110	174	2011	2046	2148	2015	1997	1947	2014	2078	1963	2020	2051	1998
304998	62	126	14	78	142	30	94	158	46	110	174	1974	2068	2151	1999	1982	1930	1998	2091	1951	2018	2078	1994
304998	62	126	14	78	142	30	94	158	46	110	174	1981	2051	2142	2005	1985	1948	2013	2086	1971	2021	2063	1999
304998	62	126	14	78	142	30	94	158	46	110	174	2021	2016	2135	2021	2009	1983	2020	2069	1996	2016	2012	2013
304998	62	126	14	78	142	30	94	158	46	110	174	2069	1982	2122	2038	2026	2006	2044	2056	2014	2022	1980	2029
304998	62	126	14	78	142	30	94	158	46	110	174	2074	1987	2125	2047	2028	2000	2051	2049	2007	2020	1987	2032
304998	62	126	14	78	142	30	94	158	46	110	174	2041	2022	2136	2028	2016	1967	2035	2064	1987	2021	2017	2020
304998	62	126	14	78	142	30	94	158	46	110	174	1993	2052	2145	2007	1986	1943	2003	2089	1961	2022	2060	1993
304998	62	126	14	78	142	30	94	158	46	110	174	1971	2060	2152	1998	1976	1939	1994	2097	1954	2021	2073	1981
304998	62	126	14	78	142	30	94	158	46	110	174	1996	2034	2150	2009	1993	1961	2020	2083	1978	2020	2048	2000
304998	62	126	14	78	142	30	94	158	46	110	174	2041	2000	2136	2028	2018	1995	2031	2054	2004	2018	2003	2028
304998	62	126	14	78	142	30	94	158	46	110	174	2079	1985	2114	2047	2032	2003	2045	2046	2023	2022	1969	2047
304998	62	126	14	78	142	30	94	158	46	110	174	2061	1994	2122	2041	2022	1989	2035	2060	2006	2018	1988	2026
304998	62	126	14	78	142	30	94	158	46	110	174	2020	2028	2145	2021	2002	1954	2018	2074	1973	2018	2039	1996
304998	62	126	14	78	142	30	94	158	46	110	174	1972	2060	2167	1995	1978	1939	1999	2091	1949	2018	2081	1988
304998	62	126	14	78	142	30	94	158	46	110	174	1972	2062	2154	2002	1976	1945	1996	2091	1961	2022	2066	1999
304998	62	126	14	78	142	30	94	158	46	110	174	2020	2028	2131	2019	2008	1968	2025	2075	1992	2016	2023	2015
304998	62	126	14	78	142	30	94	158	46	110	174	2064	1994	2111	2040	2034	2001	2040	2054	2013	2021	1977	2030
304998	62	126	14	78	142	30	94	158	46	110	174	2086	1982	2118	2048	2025	2001	2053	2048	2007	2021	1978	2030
304998	62	126	14	78	142	30	94	158	46	110	174	2048	2009	2136	2030	2014	1976	2031	2062	1984	2017	2013	2014
304998	62	126	14	78	142	30	94	158	46	110	174	1998	2052	2160	2010	1984	1949	2012	2088	1966	2022	2054	2001
304998	62	126	14	78	142	30	94	158	46	110	174	1966	2069	2159	2000	1970	1937	2004	2099	1956	2021	2070	1986
304998	62	126	14	78	142	30	94	158	46	110	174	1994	2048	2141	2007	1995	1955	2020	2085	1971	2019	2048	1997
304998	62	126	14	78	142	30	94	158	46	110	174	2038	2004	2121	2030	2016	1993	2026	2055	1997	2020	2006	2025
304998	62	126	14	78	142	30	94	158	46	110	174	2079	1981	2119	2044	2031	2007	2043	2046	2020	2021	1976	2046
304998	62	126	14	78	142	30	94	158	46	110	174	2067	1991	2136	2044	2024	1991	2036	2056	2008	2020	1985	2028
304998	62	126	14	78	142	30	94	158	46	110	174	2017	2030	2149	2021	1998	1959	2017	2074	1972	2016	2031	2000
304998	62	126	14	78	142	30	94	158	46	110	174	1983	2070	2158	1997	1985	1934	2006	2091	1953	2018	2075	1989
304998	62	126	14	78	142	30	94	158	46	110	174	1973	2063	2145	1993	1979	1946	1994	2089	1962	2020	2077	1994
304998	62	126	14	78	142	30	94	158	46	110	174	2018	2024	2136	2010	2003	1971	2019	2080	1994	2016	2031	2016
304998	62	126	14	78	142	30	94	158	46	110	174	2052	1987	2130	2033	2026	1998	2033	2054	2011	2017	1981	2031
304998	62	126	14	78	142	30	94	158	46	110	174	2081	1987	2129	2048	2031	2001	2048	2052	2008	2019	1974	2024
304998	62	126	14	78	142	30	94	158	46	110	174	2046	2008	2139	2035	2019	1977	2031	2054	1996	2020	2012	2018
304998	62	126	14	78	142	30	94	158	46	110	174	2003	2046	2146	2007	1987	1947	2006	2086	1970	2017	2054	2004
304998	62	126	14	78	142	30	94	158	46	110	174	1965	2062	2158	1996	1974	1942	1996	2097	1953	2016	2074	1994
304998	62	126	14	78	142	30	94	158	46	110	174	1985	2046	2147	1997	1988	1955	2005	2090	1969	2021	2054	1996
304998	62	126	14	78	142	30	94	158	46	110	174	2034	2009	2141	2024	2008	1984	2021	2063	1997	2022	2013	2016
304998	62	126	14	78	142	30	94	158	46	110	174	2071	1993	2117	2042	2033	1996	2045	2049	2025	2016	1979	2041
304998	62	126	14	78	142	30	94	158	46	110	174	2071	1993	2115	2042	2029	1996	2036	2054	2014	2021	1982	2034
304998	62	126	14	78	142	30	94	158	46	110	174	2022	2017	2144	2024	2006	1968	2020	2073	1981	2016	2024	2005
304998	62	126	14	78	142	30	94	158	46	110	174	1985	2059	2163	2002	1982	1938	2001	2098	1953	2021	2074	1985
304998	62	126	14	78	142	30	94	158	46	110	174	1964	2058	2161	1993	1976	1940	1994	2092	1959	2022	2074	1996
304998	62	126	14	78	142	30	94	158	46	110	174	2005	2039	2137	2015	2001	1967	2024	2077	1983	2016	2040	2017
304998	62	126	14	78	142	30	94	158	46	110	174	2049	1993	2122	2037	2025	1994	2033	2059	2011	2020	1986	2030
304998	62	126	14	78	142	30	94	158	46	110	174	2081	1978	2120	2048	2032	2004	2047	2050	2013	2019	1973	2026
304998	62	126	14	78	142	30	94	158	46	110	174	2055	2001	2134	2031	2015	1983	2039	2060	1992	2021	2009	2017
304998	62	126	14	78	142	30	94	158	46	110	174	2002	2041	2155	2015	1997	1947	2012	2083	1975	2021	2049	2008
304998	62	126	14	78	142	30	94	158	46	110	174	1971	2074	2152	1998	1979	1935	1985	2096	1956	2016	2071	1997
304998	62	126	14	78	142	30	94	158	46	110	174	1975	2051	2146	1999	1992	1952	1998	2087	1970	2022	2061	1999
304998	62	126	14	78	142	30	94	158	46	110	174	2021	2008	2134	2024	2005	1984	2023	2070	1994	2017	2018	2015
304998	62	126	14	78	142	30	94	158	46	110	174	2070	1981	2124	2045	2031	2004	2035	2049	2019	2020	1979	2033
304998	62	126	14	78	142	30	94	158	46	110	174	2067	1988	2131	2048	2019	1998	2041	2053	2018	2022	1980	2028
304998	62	126	14	78	142	30	94	158	46	110	174	2032	2027	2135	2029	2002	1968	2028	2077	1981	2020	2017	2004
