304998	62	126	14	78	142	30	94	158	46	110	174	2033	2018	2145	2029	2001	1975	2028	2066	1994	2017	2021	2018
304998	62	126	14	78	142	30	94	158	46	110	174	1985	2054	2132	1996	1979	1945	2002	2096	1964	2017	2058	2014
304998	62	126	14	78	142	30	94	158	46	110	174	1972	2065	2140	1987	1973	1942	1980	2101	1959	2018	2075	2009
304998	62	126	14	78	142	30	94	158	46	110	174	1990	2036	2135	2004	1994	1962	1996	2083	1981	2018	2055	2009
304998	62	126	14	78	142	30	94	158	46	110	174	2043	2004	2143	2031	2020	1995	2028	2058	2010	2022	2007	2019
304998	62	126	14	78	142	30	94	158	46	110	174	2070	1985	2146	2048	2038	2003	2047	2046	2012	2021	1978	2020
304998	62	126	14	78	142	30	94	158	46	110	174	2056	2005	2132	2043	2024	1990	2039	2053	2001	2020	1992	2009
304998	62	126	14	78	142	30	94	158	46	110	174	2015	2033	2139	2015	1995	1961	2013	2079	1975	2018	2043	2010
304998	62	126	14	78	142	30	94	158	46	110	174	1975	2064	2134	1993	1972	1944	1983	2092	1968	2020	2082	2013
304998	62	126	14	78	142	30	94	158	46	110	174	1974	2057	2141	1991	1973	1954	1985	2094	1973	2019	2073	2014
304998	62	126	14	78	142	30	94	158	46	110	174	2006	2023	2143	2014	2005	1979	2009	2072	1991	2018	2031	2013
304998	62	126	14	78	142	30	94	158	46	110	174	2049	1992	2139	2045	2028	1995	2036	2049	2009	2018	1985	2010
304998	62	126	14	78	142	30	94	158	46	110	174	2066	1983	2139	2053	2029	1997	2045	2043	2007	2021	1981	2010
304998	62	126	14	78	142	30	94	158	46	110	174	2040	2008	2139	2035	2014	1970	2028	2060	1999	2021	2015	2019
304998	62	126	14	78	142	30	94	158	46	110	174	1991	2049	2141	2002	1982	1955	1996	2095	1971	2017	2061	2015
304998	62	126	14	78	142	30	94	158	46	110	174	1965	2072	2132	1993	1970	1948	1993	2105	1959	2020	2076	2008
304998	62	126	14	78	142	30	94	158	46	110	174	1989	2051	2131	1997	1983	1971	1993	2087	1973	2020	2058	2006
304998	62	126	14	78	142	30	94	158	46	110	174	2033	2007	2133	2027	2010	1988	2024	2056	2005	2016	2012	2013
304998	62	126	14	78	142	30	94	158	46	110	174	2071	1979	2142	2049	2036	1995	2052	2042	2020	2017	1985	2017
304998	62	126	14	78	142	30	94	158	46	110	174	2061	1995	2145	2045	2029	1991	2036	2049	2007	2021	1986	2015
304998	62	126	14	78	142	30	94	158	46	110	174	2020	2037	2134	2021	2002	1968	2014	2075	1981	2017	2038	2007
304998	62	126	14	78	142	30	94	158	46	110	174	1977	2060	2129	1995	1970	1951	1984	2099	1962	2017	2080	2005
304998	62	126	14	78	142	30	94	158	46	110	174	1973	2061	2129	1989	1965	1958	1984	2098	1972	2017	2082	2018
304998	62	126	14	78	142	30	94	158	46	110	174	2004	2031	2137	2013	1997	1970	2011	2077	1988	2016	2037	2022
304998	62	126	14	78	142	30	94	158	46	110	174	2051	1998	2144	2041	2025	1989	2041	2052	2008	2020	1988	2010
304998	62	126	14	78	142	30	94	158	46	110	174	2072	1991	2134	2051	2040	1994	2055	2048	2007	2018	1978	2006
304998	62	126	14	78	142	30	94	158	46	110	174	2051	2007	2124	2037	2014	1977	2047	2061	1993	2017	2013	2021
304998	62	126	14	78	142	30	94	158	46	110	174	1989	2039	2143	2005	1982	1962	1995	2086	1977	2018	2057	2019
304998	62	126	14	78	142	30	94	158	46	110	174	1969	2064	2140	1986	1962	1950	1987	2104	1967	2017	2078	2015
304998	62	126	14	78	142	30	94	158	46	110	174	1981	2049	2145	1997	1978	1956	1987	2088	1971	2019	2056	2010
304998	62	126	14	78	142	30	94	158	46	110	174	2029	2017	2129	2019	2010	1982	2018	2064	1996	2019	2020	2011
304998	62	126	14	78	142	30	94	158	46	110	174	2068	1984	2130	2051	2031	2002	2047	2042	2022	2017	1983	2016
304998	62	126	14	78	142	30	94	158	46	110	174	2064	1986	2147	2047	2031	1993	2043	2049	2011	2019	1986	2017
304998	62	126	14	78	142	30	94	158	46	110	174	2021	2027	2139	2020	1995	1971	2021	2071	1983	2020	2024	2008
304998	62	126	14	78	142	30	94	158	46	110	174	1978	2063	2129	1993	1968	1948	1988	2096	1957	2017	2078	2008
304998	62	126	14	78	142	30	94	158	46	110	174	1971	2068	2122	1988	1963	1949	1981	2099	1961	2017	2085	2015
304998	62	126	14	78	142	30	94	158	46	110	174	1998	2034	2132	2009	1989	1968	2003	2079	1993	2017	2047	2022
304998	62	126	14	78	142	30	94	158	46	110	174	2049	1997	2142	2039	2031	1998	2037	2060	2005	2017	1992	2014
304998	62	126	14	78	142	30	94	158	46	110	174	2072	1985	2150	2054	2034	2001	2049	2041	2011	2021	1979	2004
304998	62	126	14	78	142	30	94	158	46	110	174	2054	2009	2136	2042	2019	1986	2042	2059	1994	2016	2009	2015
304998	62	126	14	78	142	30	94	158	46	110	174	2011	2043	2119	2011	1989	1952	2014	2083	1972	2018	2059	2016
304998	62	126	14	78	142	30	94	158	46	110	174	1962	2053	2134	1987	1966	1947	1970	2102	1966	2019	2079	2016
304998	62	126	14	78	142	30	94	158	46	110	174	1979	2054	2139	1996	1974	1962	2006	2097	1970	2020	2062	2011
304998	62	126	14	78	142	30	94	158	46	110	174	2018	2014	2153	2019	2003	1983	2013	2068	1995	2022	2025	2008
304998	62	126	14	78	142	30	94	158	46	110	174	2064	1993	2133	2042	2036	1994	2048	2042	2012	2018	1983	2015
304998	62	126	14	78	142	30	94	158	46	110	174	2072	1988	2131	2050	2030	1997	2043	2041	2015	2017	1988	2018
304998	62	126	14	78	142	30	94	158	46	110	174	2023	2013	2132	2031	2002	1968	2017	2074	1983	2020	2022	2010
304998	62	126	14	78	142	30	94	158	46	110	174	1983	2059	2133	2000	1972	1954	1997	2094	1968	2022	2070	2007
304998	62	126	14	78	142	30	94	158	46	110	174	1967	2067	2128	1987	1966	1946	1985	2101	1962	2020	2085	2018
304998	62	126	14	78	142	30	94	158	46	110	174	1994	2044	2126	2005	1986	1968	2005	2082	1984	2017	2054	2019
304998	62	126	14	78	142	30	94	158	46	110	174	2044	1998	2128	2035	2016	1988	2025	2060	2007	2021	2000	2015
304998	62	126	14	78	142	30	94	158	46	110	174	2075	1984	2144	2051	2040	1993	2063	2046	2010	2017	1968	2007
304998	62	126	14	78	142	30	94	158	46	110	174	2058	1999	2141	2045	2017	1989	2035	2052	1997	2020	2001	2006
304998	62	126	14	78	142	30	94	158	46	110	174	2011	2043	2129	2018	1996	1963	2021	2080	1978	2021	2050	2012
304998	62	126	14	78	142	30	94	158	46	110	174	1972	2065	2123	1990	1970	1947	1993	2101	1964	2016	2078	2021
304998	62	126	14	78	142	30	94	158	46	110	174	1974	2051	2126	1996	1965	1951	1982	2099	1968	2019	2066	2014
304998	62	126	14	78	142	30	94	158	46	110	174	2018	2017	2140	2017	2002	1975	2025	2069	1994	2018	2028	2004
304998	62	126	14	78	142	30	94	158	46	110	174	2066	1994	2144	2046	2023	1995	2045	2047	2008	2017	1986	2009
304998	62	126	14	78	142	30	94	158	46	110	174	2075	1994	2132	2053	2041	1993	2051	2042	2017	2016	1982	2022
304998	62	126	14	78	142	30	94	158	46	110	174	2045	2018	2125	2031	2008	1979	2023	2066	1995	2018	2018	2011
304998	62	126	14	78	142	30	94	158	46	110	174	1993	2051	2128	2007	1967	1955	1998	2097	1968	2018	2065	2008
304998	62	126	14	78	142	30	94	158	46	110	174	1967	2062	2134	1990	1958	1950	1981	2102	1954	2017	2088	2010
304998	62	126	14	78	142	30	94	158	46	110	174	1987	2045	2140	2004	1980	1967	2002	2083	1977	2021	2058	2013
304998	62	126	14	78	142	30	94	158	46	110	174	2037	2010	2133	2030	2023	1987	2029	2057	2009	2022	2001	2020
304998	62	126	14	78	142	30	94	158	46	110	174	2079	1985	2126	2053	2042	1994	2057	2049	2007	2020	1975	2017
304998	62	126	14	78	142	30	94	158	46	110	174	2071	1996	2136	2047	2023	1988	2044	2052	2002	2017	1989	2008
304998	62	126	14	78	142	30	94	158	46	110	174	2017	2030	2136	2018	1994	1961	2015	2081	1972	2020	2045	2014
304998	62	126	14	78	142	30	94	158	46	110	174	1975	2063	2138	1997	1965	1947	2005	2098	1966	2017	2082	2014
304998	62	126	14	78	142	30	94	158	46	110	174	1970	2062	2134	1996	1975	1949	1972	2096	1971	2021	2076	2017
304998	62	126	14	78	142	30	94	158	46	110	174	2012	2028	2130	2019	1998	1977	2017	2080	1987	2021	2025	2009
304998	62	126	14	78	142	30	94	158	46	110	174	2061	1980	2147	2044	2033	1992	2044	2045	2008	2021	1989	2005
304998	62	126	14	78	142	30	94	158	46	110	174	2079	1982	2142	2053	2032	2000	2059	2041	2007	2018	1983	2019
304998	62	126	14	78	142	30	94	158	46	110	174	2042	2009	2142	2039	2003	1983	2026	2058	1998	2016	2012	2018
304998	62	126	14	78	142	30	94	158	46	110	174	1991	2049	2126	2009	1980	1952	1994	2090	1970	2018	2057	2017
304998	62	126	14	78	142	30	94	158	46	110	174	1976	2073	2125	1992	1965	1949	1992	2100	1958	2021	2080	2006
304998	62	126	14	78	142	30	94	158	46	110	174	1987	2043	2130	1999	1986	1961	1990	2084	1973	2019	2063	2010
304998	62	126	14	78	142	30	94	158	46	110	174	2037	2006	2141	2032	2006	1986	2026	2060	2005	2017	2011	2017
304998	62	126	14	78	142	30	94	158	46	110	174	2073	1986	2140	2054	2031	1997	2057	2046	2017	2019	1972	2016
304998	62	126	14	78	142	30	94	158	46	110	174	2070	1999	2133	2047	2031	1991	2069	2048	2004	2018	1980	2013
304998	62	126	14	78	142	30	94	158	46	110	174	2027	2027	2125	2025	1991	1972	2020	2074	1977	2020	2033	2005
304998	62	126	14	78	142	30	94	158	46	110	174	1982	2054	2127	1995	1971	1944	1990	2094	1965	2016	2083	2012
304998	62	126	14	78	142	30	94	158	46	110	174	1970	2059	2136	1990	1970	1956	1977	2093	1968	2016	2083	2017
304998	62	126	14	78	142	30	94	158	46	110	174	2006	2033	2143	2018	1984	1972	2007	2077	1987	2017	2041	2013
304998	62	126	14	78	142	30	94	158	46	110	174	2054	2002	2138	2038	2032	1989	2041	2048	2005	2018	1985	2016
304998	62	126	14	78	142	30	94	158	46	110	174	2078	1987	2128	2057	2036	1997	2053	2042	2010	2017	1976	2008
304998	62	126	14	78	142	30	94	158	46	110	174	2055	2003	2136	2039	2016	1984	2039	2057	2001	2017	2007	2020
304998	62	126	14	78	142	30	94	158	46	110	174	1999	2042	2141	2007	1987	1954	2005	2089	1970	2017	2057	2018
304998	62	126	14	78	142	30	94	158	46	110	174	1970	2068	2140	1999	1956	1950	1991	2101	1954	2019	2082	2013
304998	62	126	14	78	142	30	94	158	46	110	174	1981	2050	2142	2005	1982	1954	1990	2085	1971	2019	2062	2005
304998	62	126	14	78	142	30	94	158	46	110	174	2034	2015	2125	2031	2009	1990	2023	2056	2004	2016	2015	2010
304998	62	126	14	78	142	30	94	158	46	110	174	2074	1980	2138	2051	2034	1999	2048	2043	2017	2017	1985	2020
304998	62	126	14	78	142	30	94	158	46	110	174	2070	1985	2143	2048	2034	1992	2047	2045	2005	2017	1984	2018
304998	62	126	14	78	142	30	94	158	46	110	174	2030	2020	2140	2032	1993	1971	2020	2066	1978	2022	2023	2011
304998	62	126	14	78	142	30	94	158	46	110	174	1983	2061	2143	2002	1974	1946	1997	2085	1969	2018	2074	2006
304998	62	126	14	78	142	30	94	158	46	110	174	1965	2064	2130	1996	1966	1945	1974	2093	1970	2020	2083	2009
304998	62	126	14	78	142	30	94	158	46	110	174	2006	2036	2127	2016	1986	1970	2009	2080	1979	2020	2044	2018
304998	62	126	14	78	142	30	94	158	46	110	174	2051	1992	2135	2039	2017	1994	2041	2054	2003	2020	1993	2016
304998	62	126	14	78	142	30	94	158	46	110	174	2076	1978	2142	2054	2036	1994	2052	2037	2011	2020	1963	2015
304998	62	126	14	78	142	30	94	158	46	110	174	2059	2003	2139	2044	2019	1979	2044	2049	2003	2020	2000	2003
304998	62	126	14	78	142	30	94	158	46	110	174	2012	2045	2124	2017	1991	1950	2011	2086	1970	2020	2054	2017
304998	62	126	14	78	142	30	94	158	46	110	174	1975	2064	2122	1995	1970	1945	1983	2103	1953	2018	2084	2018
304998	62	126	14	78	142	30	94	158	46	110	174	1974	2046	2138	1996	1970	1959	1990	2091	1965	2021	2068	2015
304998	62	126	14	78	142	30	94	158	46	110	174	2020	2014	2137	2022	2010	1978	2021	2061	1998	2017	2019	2005
304998	62	126	14	78	142	30	94	158	46	110	174	2066	1980	2144	2050	2039	1996	2048	2047	2015	2017	1984	2011
304998	62	126	14	78	142	30	94	158	46	110	174	2072	1986	2142	2054	2037	1991	2047	2044	2010	2022	1986	2019
304998	62	126	14	78	142	30	94	158	46	110	174	2037	2016	2129	2032	2009	1970	2040	2072	1985	2017	2018	2018
304998	62	126	14	78	142	30	94	158	46	110	174	1986	2046	2131	2009	1977	1955	1994	2086	1969	2020	2066	2011
304998	62	126	14	78	142	30	94	158	46	110	174	1965	2060	2136	1991	1967	1942	1970	2098	1966	2022	2080	2002
304998	62	126	14	78	142	30	94	158	46	110	174	1995	2039	2140	2010	1993	1963	1999	2086	1975	2018	2055	2013
304998	62	126	14	78	142	30	94	158	46	110	174	2042	2004	2141	2039	2026	1985	2025	2054	2002	2020	1999	2017
304998	62	126	14	78	142	30	94	158	46	110	174	2077	1987	2131	2053	2039	1994	2051	2037	2008	2020	1974	2019
304998	62	126	14	78	142	30	94	158	46	110	174	2070	1996	2136	2047	2025	1987	2054	2053	2001	2022	1989	2012
304998	62	126	14	78	142	30	94	158	46	110	174	2007	2026	2146	2017	1988	1960	2006	2076	1978	2019	2046	2008
304998	62	126	14	78	142	30	94	158	46	110	174	1969	2065	2135	1997	1965	1939	2000	2100	1955	2021	2089	2014
304998	62	126	14	78	142	30	94	158	46	110	174	1974	2063	2131	1996	1967	1950	2011	2097	1965	2020	2071	2015
304998	62	126	14	78	142	30	94	158	46	110	174	2017	2024	2126	2018	2010	1980	2013	2063	1996	2020	2020	2014
304998	62	126	14	78	142	30	94	158	46	110	174	2067	1977	2148	2044	2035	1999	2041	2042	2017	2022	1973	2008
304998	62	126	14	78	142	30	94	158	46	110	174	2080	1985	2143	2054	2040	1996	2046	2040	2006	2021	1976	2013
304998	62	126	14	78	142	30	94	158	46	110	174	2046	2013	2139	2031	2013	1972	2050	2065	1988	2021	2018	2018
304998	62	126	14	78	142	30	94	158	46	110	174	1983	2045	2144	2006	1979	1949	1995	2085	1967	2021	2060	2014
304998	62	126	14	78	142	30	94	158	46	110	174	1964	2069	2127	1991	1969	1946	1974	2099	1963	2021	2077	2013
304998	62	126	14	78	142	30	94	158	46	110	174	1996	2046	2126	2005	1984	1961	1991	2085	1976	2022	2058	2006
304998	62	126	14	78	142	30	94	158	46	110	174	2044	2003	2138	2030	2016	1988	2029	2057	2002	2016	2007	2012
304998	62	126	14	78	142	30	94	158	46	110	174	2077	1982	2144	2054	2039	1997	2050	2037	2009	2021	1973	2022
304998	62	126	14	78	142	30	94	158	46	110	174	2066	1995	2144	2050	2032	1983	2046	2048	2005	2018	1987	2013
304998	62	126	14	78	142	30	94	158	46	110	174	2017	2037	2127	2019	2002	1965	2013	2076	1985	2017	2031	2009
304998	62	126	14	78	142	30	94	158	46	110	174	1980	2059	2124	1996	1968	1952	2000	2098	1961	2020	2083	2011
304998	62	126	14	78	142	30	94	158	46	110	174	1975	2054	2128	1996	1964	1951	1992	2098	1960	2020	2079	2015
304998	62	126	14	78	142	30	94	158	46	110	174	2006	2017	2140	2018	2001	1975	2004	2064	1986	2018	2031	2019
304998	62	126	14	78	142	30	94	158	46	110	174	2063	1990	2139	2045	2029	1990	2046	2047	2015	2016	1981	2015
304998	62	126	14	78	142	30	94	158	46	110	174	2076	1987	2141	2054	2042	1996	2050	2046	2011	2021	1975	2004
304998	62	126	14	78	142	30	94	158	46	110	174	2052	2008	2127	2038	2011	1979	2030	2060	1989	2018	2013	2014
304998	62	126	14	78	142	30	94	158	46	110	174	1999	2042	2129	2008	1976	1959	1994	2085	1968	2017	2063	2017
304998	62	126	14	78	142	30	94	158	46	110	174	1970	2064	2136	1988	1967	1943	1987	2100	1966	2020	2075	2018
304998	62	126	14	78	142	30	94	158	46	110	174	1983	2048	2138	2003	1982	1959	1996	2091	1969	2021	2058	2008
304998	62	126	14	78	142	30	94	158	46	110	174	2031	2013	2137	2029	2019	1980	2019	2060	1994	2019	2011	2005
304998	62	126	14	78	142	30	94	158	46	110	174	2075	1980	2136	2060	2034	2005	2048	2040	2007	2017	1976	2018
304998	62	126	14	78	142	30	94	158	46	110	174	2070	1984	2136	2054	2025	1994	2049	2038	2007	2020	1984	2019
304998	62	126	14	78	142	30	94	158	46	110	174	2022	2025	2135	2024	1996	1972	2014	2073	1983	2018	2027	2007
304998	62	126	14	78	142	30	94	158	46	110	174	1986	2060	2138	1998	1969	1942	1989	2103	1955	2021	2077	2008
304998	62	126	14	78	142	30	94	158	46	110	174	1959	2065	2139	1990	1967	1951	1975	2100	1960	2022	2085	2013
304998	62	126	14	78	142	30	94	158	46	110	174	1997	2023	2139	2012	1999	1970	2001	2068	1986	2020	2041	2014
304998	62	126	14	78	142	30	94	158	46	110	174	2060	1996	2148	2044	2034	1992	2042	2052	2016	2017	1988	2018
304998	62	126	14	78	142	30	94	158	46	110	174	2074	1982	2144	2054	2042	1990	2047	2044	2009	2022	1965	2011
304998	62	126	14	78	142	30	94	158	46	110	174	2056	2006	2142	2041	2020	1981	2048	2056	1994	2023	2001	2008
304998	62	126	14	78	142	30	94	158	46	110	174	1992	2040	2142	2011	1988	1951	2002	2077	1969	2020	2060	2016
304998	62	126	14	78	142	30	94	158	46	110	174	1974	2067	2123	1990	1961	1948	1980	2097	1964	2022	2085	2020
304998	62	126	14	78	142	30	94	158	46	110	174	1984	2044	2133	1998	1981	1956	1986	2092	1975	2019	2063	2022
304998	62	126	14	78	142	30	94	158	46	110	174	2027	2012	2140	2022	2013	1979	2020	2068	1993	2016	2013	2007
304998	62	126	14	78	142	30	94	158	46	110	174	2067	1984	2149	2051	2041	1992	2045	2042	2005	2020	1979	2002
304998	62	126	14	78	142	30	94	158	46	110	174	2076	1996	2138	2051	2043	1988	2060	2038	2007	2019	1981	2018
304998	62	126	14	78	142	30	94	158	46	110	174	2034	2027	2127	2028	2004	1973	2025	2067	1990	2019	2025	2016
304998	62	126	14	78	142	30	94	158	46	110	174	1990	2054	2123	1995	1978	1952	1982	2098	1963	2018	2069	2014
304998	62	126	14	78	142	30	94	158	46	110	174	1965	2057	2130	1990	1962	1951	1977	2098	1961	2020	2080	2013
304998	62	126	14	78	142	30	94	158	46	110	174	1998	2039	2142	2013	1981	1967	1998	2078	1981	2019	2050	2014
304998	62	126	14	78	142	30	94	158	46	110	174	2049	2002	2142	2037	2032	1984	2038	2051	2008	2016	1997	2016
304998	62	126	14	78	142	30	94	158	46	110	174	2080	1987	2133	2054	2050	1995	2063	2042	2014	2021	1970	2015
304998	62	126	14	78	142	30	94	158	46	110	174	2062	2000	2130	2042	2028	1982	2045	2059	1995	2020	1991	2003
304998	62	126	14	78	142	30	94	158	46	110	174	2000	2026	2150	2013	1993	1963	2004	2078	1973	2017	2050	2012
304998	62	126	14	78	142	30	94	158	46	110	174	1970	2062	2132	1993	1965	1948	1988	2097	1961	2016	2086	2025
