304998	62	126	14	78	142	30	94	158	46	110	174	2024	2022	2134	2028	2004	1970	2020	2065	1981	2020	2025	2010
304998	62	126	14	78	142	30	94	158	46	110	174	1981	2057	2117	1994	1967	1955	1981	2094	1963	2016	2076	2020
304998	62	126	14	78	142	30	94	158	46	110	174	1973	2054	2112	1997	1949	1958	1979	2101	1967	2016	2085	2027
304998	62	126	14	78	142	30	94	158	46	110	174	1995	2027	2138	2010	1990	1967	2001	2080	1991	2018	2043	2019
304998	62	126	14	78	142	30	94	158	46	110	174	2044	1996	2150	2042	2031	1984	2031	2047	2006	2019	1989	1999
304998	62	126	14	78	142	30	94	158	46	110	174	2073	1985	2153	2064	2047	1990	2070	2037	2007	2021	1975	1993
304998	62	126	14	78	142	30	94	158	46	110	174	2046	2000	2142	2047	2026	1983	2039	2050	1997	2021	2010	2012
304998	62	126	14	78	142	30	94	158	46	110	174	2010	2039	2121	2018	1969	1971	2005	2081	1980	2018	2051	2024
304998	62	126	14	78	142	30	94	158	46	110	174	1969	2057	2122	1988	1959	1951	1971	2099	1967	2019	2079	2030
304998	62	126	14	78	142	30	94	158	46	110	174	1977	2049	2130	1998	1972	1961	1973	2098	1968	2017	2064	2014
304998	62	126	14	78	142	30	94	158	46	110	174	2021	2017	2148	2025	2011	1979	2022	2065	1992	2022	2023	2003
304998	62	126	14	78	142	30	94	158	46	110	174	2067	1989	2143	2051	2043	1990	2073	2042	2004	2020	1983	2007
304998	62	126	14	78	142	30	94	158	46	110	174	2067	1980	2150	2063	2027	1991	2049	2038	2009	2017	1986	2010
304998	62	126	14	78	142	30	94	158	46	110	174	2026	2011	2137	2029	2008	1971	2022	2069	1986	2020	2020	2009
304998	62	126	14	78	142	30	94	158	46	110	174	1982	2048	2134	1999	1958	1961	1994	2093	1967	2016	2074	2020
304998	62	126	14	78	142	30	94	158	46	110	174	1963	2063	2123	1988	1960	1957	1969	2101	1968	2022	2088	2023
304998	62	126	14	78	142	30	94	158	46	110	174	2001	2038	2127	2007	1989	1966	2013	2081	1983	2018	2051	2020
304998	62	126	14	78	142	30	94	158	46	110	174	2036	1986	2150	2045	2018	1989	2030	2047	2008	2021	1996	2005
304998	62	126	14	78	142	30	94	158	46	110	174	2068	1981	2152	2060	2044	1987	2051	2035	2005	2018	1970	1997
304998	62	126	14	78	142	30	94	158	46	110	174	2061	1995	2151	2052	2014	1987	2052	2043	1999	2022	2000	2001
304998	62	126	14	78	142	30	94	158	46	110	174	2000	2028	2141	2018	1981	1964	2004	2076	1970	2020	2046	2023
304998	62	126	14	78	142	30	94	158	46	110	174	1977	2064	2112	1992	1962	1958	1984	2102	1968	2019	2080	2033
304998	62	126	14	78	142	30	94	158	46	110	174	1971	2042	2126	1995	1956	1963	1976	2096	1974	2020	2069	2017
304998	62	126	14	78	142	30	94	158	46	110	174	2019	2018	2143	2022	1999	1977	2015	2072	1987	2017	2030	2003
304998	62	126	14	78	142	30	94	158	46	110	174	2056	1987	2159	2051	2032	1987	2046	2035	2003	2018	1985	2001
304998	62	126	14	78	142	30	94	158	46	110	174	2075	1986	2141	2061	2046	1990	2064	2035	2012	2017	1980	2013
304998	62	126	14	78	142	30	94	158	46	110	174	2043	2011	2130	2037	2010	1976	2045	2065	1998	2017	2014	2015
304998	62	126	14	78	142	30	94	158	46	110	174	1993	2044	2124	2005	1974	1957	1986	2092	1968	2022	2057	2018
304998	62	126	14	78	142	30	94	158	46	110	174	1965	2061	2124	1991	1950	1958	1972	2103	1962	2016	2087	2017
304998	62	126	14	78	142	30	94	158	46	110	174	1991	2043	2131	2003	1981	1959	1993	2077	1975	2019	2057	2018
304998	62	126	14	78	142	30	94	158	46	110	174	2041	2006	2134	2035	2018	1978	2032	2051	2004	2021	2006	2013
304998	62	126	14	78	142	30	94	158	46	110	174	2077	1978	2150	2064	2036	1994	2059	2038	2008	2020	1970	1998
304998	62	126	14	78	142	30	94	158	46	110	174	2065	1987	2145	2050	2036	1984	2059	2045	1994	2021	1987	1999
304998	62	126	14	78	142	30	94	158	46	110	174	2015	2032	2138	2028	1982	1969	2017	2069	1971	2016	2044	2016
304998	62	126	14	78	142	30	94	158	46	110	174	1976	2057	2119	2001	1955	1954	1978	2090	1970	2020	2083	2030
304998	62	126	14	78	142	30	94	158	46	110	174	1972	2060	2117	1994	1966	1956	1979	2096	1974	2020	2073	2026
304998	62	126	14	78	142	30	94	158	46	110	174	2014	2019	2134	2022	1992	1972	2003	2074	1986	2020	2031	2009
304998	62	126	14	78	142	30	94	158	46	110	174	2064	1985	2157	2049	2039	1988	2051	2041	2001	2018	1985	1997
304998	62	126	14	78	142	30	94	158	46	110	174	2076	1987	2154	2062	2031	1996	2059	2028	2006	2016	1981	1998
304998	62	126	14	78	142	30	94	158	46	110	174	2046	2011	2134	2042	2015	1975	2044	2052	1994	2017	2011	2020
304998	62	126	14	78	142	30	94	158	46	110	174	2004	2042	2120	2011	1979	1957	1993	2085	1969	2022	2061	2022
304998	62	126	14	78	142	30	94	158	46	110	174	1969	2060	2116	1996	1961	1949	1971	2103	1967	2017	2079	2020
304998	62	126	14	78	142	30	94	158	46	110	174	1989	2045	2130	1999	1981	1964	1996	2088	1971	2018	2062	2011
304998	62	126	14	78	142	30	94	158	46	110	174	2033	2007	2145	2030	2009	1985	2029	2052	1997	2017	2015	2008
304998	62	126	14	78	142	30	94	158	46	110	174	2076	1987	2148	2061	2047	1987	2063	2037	2012	2017	1975	2006
304998	62	126	14	78	142	30	94	158	46	110	174	2074	1990	2139	2054	2039	1985	2075	2047	2003	2017	1980	2004
304998	62	126	14	78	142	30	94	158	46	110	174	2029	2018	2128	2027	2004	1969	2024	2074	1975	2022	2027	2008
304998	62	126	14	78	142	30	94	158	46	110	174	1978	2052	2125	1993	1969	1955	1985	2095	1969	2021	2079	2021
304998	62	126	14	78	142	30	94	158	46	110	174	1973	2062	2124	1992	1951	1960	1986	2097	1972	2018	2083	2026
304998	62	126	14	78	142	30	94	158	46	110	174	2004	2034	2130	2016	1996	1966	2002	2074	1986	2017	2039	2017
304998	62	126	14	78	142	30	94	158	46	110	174	2059	1991	2140	2050	2033	1988	2056	2046	2001	2018	1986	2002
304998	62	126	14	78	142	30	94	158	46	110	174	2077	1974	2155	2062	2050	1990	2057	2027	2006	2020	1971	1988
304998	62	126	14	78	142	30	94	158	46	110	174	2053	2001	2141	2045	2028	1977	2066	2056	1999	2019	2008	2010
304998	62	126	14	78	142	30	94	158	46	110	174	2000	2042	2138	2016	1964	1963	2002	2084	1972	2020	2059	2024
304998	62	126	14	78	142	30	94	158	46	110	174	1965	2070	2115	1992	1961	1948	1974	2102	1962	2020	2081	2031
304998	62	126	14	78	142	30	94	158	46	110	174	1984	2046	2122	2001	1973	1963	1987	2087	1967	2017	2060	2017
304998	62	126	14	78	142	30	94	158	46	110	174	2030	2008	2142	2031	2019	1978	2018	2054	1994	2021	2013	2004
304998	62	126	14	78	142	30	94	158	46	110	174	2073	1979	2155	2054	2049	1993	2075	2038	2011	2019	1981	2002
304998	62	126	14	78	142	30	94	158	46	110	174	2075	1986	2151	2062	2040	1981	2056	2039	2001	2018	1979	2007
304998	62	126	14	78	142	30	94	158	46	110	174	2034	2023	2129	2032	2006	1966	2031	2067	1980	2020	2022	2016
304998	62	126	14	78	142	30	94	158	46	110	174	1991	2058	2109	1998	1971	1948	1998	2098	1967	2017	2068	2012
304998	62	126	14	78	142	30	94	158	46	110	174	1975	2057	2122	1989	1965	1948	1989	2099	1972	2020	2082	2022
304998	62	126	14	78	142	30	94	158	46	110	174	2001	2024	2134	2010	1994	1969	2008	2078	1983	2020	2047	2018
304998	62	126	14	78	142	30	94	158	46	110	174	2048	1997	2153	2043	2032	1986	2052	2054	1996	2018	1992	2009
304998	62	126	14	78	142	30	94	158	46	110	174	2078	1985	2149	2060	2045	1989	2059	2032	2003	2018	1967	1995
304998	62	126	14	78	142	30	94	158	46	110	174	2062	2000	2138	2048	2027	1975	2059	2050	2001	2020	1993	1999
304998	62	126	14	78	142	30	94	158	46	110	174	2013	2028	2130	2018	1989	1958	2004	2081	1975	2016	2053	2015
304998	62	126	14	78	142	30	94	158	46	110	174	1977	2059	2122	1990	1966	1947	1983	2104	1960	2017	2086	2027
304998	62	126	14	78	142	30	94	158	46	110	174	1977	2051	2141	1992	1971	1962	1996	2092	1970	2018	2066	2025
304998	62	126	14	78	142	30	94	158	46	110	174	2025	2020	2143	2022	2009	1972	2011	2061	1996	2020	2013	2001
304998	62	126	14	78	142	30	94	158	46	110	174	2071	1985	2147	2058	2046	1986	2056	2041	2011	2019	1974	1995
304998	62	126	14	78	142	30	94	158	46	110	174	2075	1971	2148	2064	2044	1983	2056	2038	2001	2019	1985	1998
304998	62	126	14	78	142	30	94	158	46	110	174	2043	2014	2135	2036	2015	1973	2050	2064	1984	2017	2016	2018
304998	62	126	14	78	142	30	94	158	46	110	174	1989	2051	2129	1997	1972	1957	1995	2089	1968	2018	2065	2025
304998	62	126	14	78	142	30	94	158	46	110	174	1970	2067	2121	1987	1960	1952	1976	2105	1970	2017	2073	2018
304998	62	126	14	78	142	30	94	158	46	110	174	1999	2044	2123	2002	1988	1962	1996	2084	1983	2017	2051	2011
304998	62	126	14	78	142	30	94	158	46	110	174	2048	1997	2142	2042	2029	1983	2049	2052	1997	2019	2002	2007
304998	62	126	14	78	142	30	94	158	46	110	174	2077	1973	2150	2064	2053	1993	2059	2025	2005	2020	1974	2007
304998	62	126	14	78	142	30	94	158	46	110	174	2067	1992	2148	2050	2031	1986	2053	2043	2002	2021	1987	2002
304998	62	126	14	78	142	30	94	158	46	110	174	2011	2033	2142	2017	1989	1965	2007	2077	1982	2017	2039	2015
304998	62	126	14	78	142	30	94	158	46	110	174	1974	2063	2116	1990	1966	1947	1982	2098	1962	2017	2077	2021
304998	62	126	14	78	142	30	94	158	46	110	174	1983	2054	2118	1989	1969	1948	1985	2098	1966	2017	2072	2025
304998	62	126	14	78	142	30	94	158	46	110	174	2012	2014	2137	2019	2004	1975	2009	2064	1999	2016	2020	2015
304998	62	126	14	78	142	30	94	158	46	110	174	2065	1981	2156	2052	2043	1990	2046	2038	2006	2018	1978	2001
304998	62	126	14	78	142	30	94	158	46	110	174	2076	1985	2155	2059	2047	1989	2058	2036	2002	2022	1976	1990
304998	62	126	14	78	142	30	94	158	46	110	174	2045	2013	2134	2038	2016	1971	2034	2057	1983	2018	2016	2013
304998	62	126	14	78	142	30	94	158	46	110	174	1998	2047	2111	2002	1980	1951	2005	2086	1975	2022	2062	2027
304998	62	126	14	78	142	30	94	158	46	110	174	1970	2058	2120	1985	1965	1950	1982	2103	1970	2017	2076	2034
304998	62	126	14	78	142	30	94	158	46	110	174	1989	2037	2137	1996	1983	1963	1998	2091	1970	2018	2047	2014
304998	62	126	14	78	142	30	94	158	46	110	174	2042	2008	2150	2035	2027	1979	2039	2056	1994	2020	2007	1995
304998	62	126	14	78	142	30	94	158	46	110	174	2058	1978	2154	2061	2048	1993	2057	2024	2005	2020	1974	1996
304998	62	126	14	78	142	30	94	158	46	110	174	2069	1999	2142	2053	2040	1978	2063	2035	2007	2018	1987	2005
304998	62	126	14	78	142	30	94	158	46	110	174	2013	2015	2145	2024	1999	1961	2012	2076	1983	2021	2031	2026
304998	62	126	14	78	142	30	94	158	46	110	174	1980	2058	2119	1993	1970	1955	1986	2105	1960	2021	2072	2018
304998	62	126	14	78	142	30	94	158	46	110	174	1968	2057	2130	1990	1963	1960	1977	2095	1969	2020	2076	2021
304998	62	126	14	78	142	30	94	158	46	110	174	2004	2024	2142	2014	2003	1976	2004	2065	1992	2018	2038	2017
304998	62	126	14	78	142	30	94	158	46	110	174	2055	1994	2148	2049	2037	1984	2046	2039	2005	2020	1984	2007
304998	62	126	14	78	142	30	94	158	46	110	174	2083	1981	2149	2061	2050	1983	2068	2039	1998	2017	1971	1995
304998	62	126	14	78	142	30	94	158	46	110	174	2049	2003	2146	2046	2024	1967	2037	2049	1989	2020	2001	2008
304998	62	126	14	78	142	30	94	158	46	110	174	1999	2046	2124	2002	1986	1953	1995	2083	1973	2020	2061	2025
304998	62	126	14	78	142	30	94	158	46	110	174	1973	2069	2125	1981	1963	1953	1985	2101	1969	2019	2084	2029
304998	62	126	14	78	142	30	94	158	46	110	174	1990	2048	2118	1999	1979	1963	1988	2092	1975	2020	2059	2030
304998	62	126	14	78	142	30	94	158	46	110	174	2038	2010	2140	2032	2013	1979	2029	2060	1988	2020	2007	1999
304998	62	126	14	78	142	30	94	158	46	110	174	2068	1974	2168	2061	2048	1984	2058	2031	2004	2016	1975	1992
304998	62	126	14	78	142	30	94	158	46	110	174	2068	1991	2156	2060	2045	1986	2063	2037	2007	2022	1993	1997
304998	62	126	14	78	142	30	94	158	46	110	174	2028	2025	2133	2026	2003	1970	2017	2072	1983	2022	2031	2025
304998	62	126	14	78	142	30	94	158	46	110	174	1985	2062	2108	1994	1971	1954	1981	2097	1967	2017	2072	2034
304998	62	126	14	78	142	30	94	158	46	110	174	1972	2056	2112	1981	1965	1952	1970	2103	1969	2022	2070	2020
304998	62	126	14	78	142	30	94	158	46	110	174	2007	2029	2135	2006	1999	1964	2004	2073	1985	2022	2041	2013
304998	62	126	14	78	142	30	94	158	46	110	174	2048	1993	2156	2047	2037	1986	2039	2044	2006	2017	1992	2000
304998	62	126	14	78	142	30	94	158	46	110	174	2076	1985	2158	2063	2050	1984	2058	2028	2004	2020	1976	1997
304998	62	126	14	78	142	30	94	158	46	110	174	2053	2006	2143	2045	2029	1978	2043	2048	1991	2019	2000	2008
304998	62	126	14	78	142	30	94	158	46	110	174	2010	2038	2120	2013	1979	1963	1998	2084	1975	2020	2050	2014
304998	62	126	14	78	142	30	94	158	46	110	174	1966	2059	2112	1984	1958	1954	1967	2107	1969	2016	2086	2031
304998	62	126	14	78	142	30	94	158	46	110	174	1979	2048	2126	1993	1970	1960	1984	2101	1977	2020	2065	2028
304998	62	126	14	78	142	30	94	158	46	110	174	2021	2019	2147	2027	2018	1970	2031	2062	1991	2016	2015	2009
304998	62	126	14	78	142	30	94	158	46	110	174	2066	1988	2154	2060	2048	1985	2058	2033	2002	2022	1974	1993
304998	62	126	14	78	142	30	94	158	46	110	174	2075	1983	2150	2060	2044	1983	2067	2034	2008	2016	1984	1988
304998	62	126	14	78	142	30	94	158	46	110	174	2035	2014	2138	2028	2007	1970	2026	2065	1984	2020	2028	2018
304998	62	126	14	78	142	30	94	158	46	110	174	1991	2054	2122	1994	1967	1951	1982	2103	1969	2022	2071	2036
304998	62	126	14	78	142	30	94	158	46	110	174	1965	2063	2122	1986	1958	1957	1974	2107	1971	2021	2075	2034
304998	62	126	14	78	142	30	94	158	46	110	174	2002	2041	2127	2004	1990	1961	2006	2081	1986	2021	2042	2017
304998	62	126	14	78	142	30	94	158	46	110	174	2049	2000	2149	2042	2031	1984	2043	2046	2001	2019	2002	1993
304998	62	126	14	78	142	30	94	158	46	110	174	2067	1975	2166	2061	2054	1990	2059	2028	2006	2018	1979	1996
304998	62	126	14	78	142	30	94	158	46	110	174	2059	2001	2153	2048	2032	1980	2059	2049	1996	2021	1999	2008
304998	62	126	14	78	142	30	94	158	46	110	174	2009	2039	2126	2011	1988	1964	2004	2081	1972	2021	2038	2020
304998	62	126	14	78	142	30	94	158	46	110	174	1980	2070	2104	1983	1961	1955	1980	2108	1970	2021	2077	2036
304998	62	126	14	78	142	30	94	158	46	110	174	1981	2049	2125	1986	1964	1961	1973	2100	1975	2017	2072	2029
304998	62	126	14	78	142	30	94	158	46	110	174	2020	2017	2146	2018	2009	1976	2012	2063	1984	2021	2022	2013
304998	62	126	14	78	142	30	94	158	46	110	174	2058	1983	2175	2056	2049	1984	2047	2033	2001	2018	1979	1996
304998	62	126	14	78	142	30	94	158	46	110	174	2071	1988	2159	2064	2041	1983	2057	2026	2005	2018	1978	1987
304998	62	126	14	78	142	30	94	158	46	110	174	2041	2019	2129	2037	2016	1965	2039	2064	1994	2022	2020	2008
304998	62	126	14	78	142	30	94	158	46	110	174	1990	2050	2109	1994	1965	1963	1986	2098	1973	2018	2064	2035
304998	62	126	14	78	142	30	94	158	46	110	174	1974	2057	2117	1983	1954	1956	1971	2104	1968	2016	2075	2040
304998	62	126	14	78	142	30	94	158	46	110	174	1990	2040	2137	2001	1986	1972	1986	2084	1983	2021	2044	2021
304998	62	126	14	78	142	30	94	158	46	110	174	2041	2007	2155	2038	2020	1985	2036	2051	2002	2016	2003	1990
304998	62	126	14	78	142	30	94	158	46	110	174	2068	1984	2152	2061	2048	1985	2056	2031	2008	2019	1983	1986
304998	62	126	14	78	142	30	94	158	46	110	174	2064	1994	2145	2055	2034	1976	2060	2049	1994	2020	1999	2008
304998	62	126	14	78	142	30	94	158	46	110	174	2006	2022	2136	2018	1998	1965	2003	2072	1977	2022	2038	2021
304998	62	126	14	78	142	30	94	158	46	110	174	1979	2058	2113	1983	1964	1955	1973	2100	1977	2018	2069	2035
304998	62	126	14	78	142	30	94	158	46	110	174	1975	2063	2120	1987	1954	1964	1976	2100	1977	2018	2070	2027
304998	62	126	14	78	142	30	94	158	46	110	174	1998	2016	2138	2014	2001	1975	2004	2072	1989	2019	2033	2013
304998	62	126	14	78	142	30	94	158	46	110	174	2058	1989	2149	2053	2033	1987	2047	2037	1997	2018	1990	1998
304998	62	126	14	78	142	30	94	158	46	110	174	2065	1974	2170	2061	2048	1983	2062	2026	2002	2021	1974	1991
304998	62	126	14	78	142	30	94	158	46	110	174	2041	2008	2145	2040	2018	1967	2031	2053	1992	2020	2011	2007
304998	62	126	14	78	142	30	94	158	46	110	174	2000	2052	2123	2002	1972	1964	2006	2101	1981	2020	2066	2029
304998	62	126	14	78	142	30	94	158	46	110	174	1969	2064	2103	1982	1954	1956	1967	2114	1968	2019	2081	2039
304998	62	126	14	78	142	30	94	158	46	110	174	1989	2040	2121	1996	1975	1969	1987	2089	1977	2020	2054	2025
304998	62	126	14	78	142	30	94	158	46	110	174	2022	1998	2165	2033	2021	1973	2021	2046	1996	2020	2005	1998
304998	62	126	14	78	142	30	94	158	46	110	174	2068	1985	2164	2064	2050	1986	2069	2035	2007	2021	1981	1983
304998	62	126	14	78	142	30	94	158	46	110	174	2058	1995	2153	2065	2040	1976	2049	2037	2001	2018	1997	2001
304998	62	126	14	78	142	30	94	158	46	110	174	2027	2028	2120	2022	1996	1972	2023	2075	1981	2019	2035	2025
304998	62	126	14	78	142	30	94	158	46	110	174	1979	2050	2112	1989	1958	1962	1971	2102	1973	2020	2073	2041
304998	62	126	14	78	142	30	94	158	46	110	174	1970	2049	2120	1984	1954	1966	1970	2102	1979	2017	2069	2023
304998	62	126	14	78	142	30	94	158	46	110	174	2008	2027	2144	2013	1998	1967	2017	2075	1986	2018	2039	2009
304998	62	126	14	78	142	30	94	158	46	110	174	2047	1999	2154	2048	2042	1985	2042	2039	1998	2020	1992	1993
304998	62	126	14	78	142	30	94	158	46	110	174	2073	1985	2156	2064	2054	1982	2067	2028	2001	2020	1978	1994
304998	62	126	14	78	142	30	94	158	46	110	174	2040	1997	2146	2045	2013	1979	2034	2047	1996	2022	2007	2004
304998	62	126	14	78	142	30	94	158	46	110	174	2004	2041	2125	2006	1978	1966	1996	2092	1984	2020	2055	2020
304998	62	126	14	78	142	30	94	158	46	110	174	1968	2063	2115	1977	1955	1961	1962	2114	1974	2019	2085	2036
