304998	62	126	14	78	142	30	94	158	46	110	174	2030	2008	2142	2031	2019	1978	2018	2054	1994	2021	2013	2004
304998	62	126	14	78	142	30	94	158	46	110	174	2073	1979	2155	2054	2049	1993	2075	2038	2011	2019	1981	2002
304998	62	126	14	78	142	30	94	158	46	110	174	2075	1986	2151	2062	2040	1981	2056	2039	2001	2018	1979	2007
304998	62	126	14	78	142	30	94	158	46	110	174	2034	2023	2129	2032	2006	1966	2031	2067	1980	2020	2022	2016
304998	62	126	14	78	142	30	94	158	46	110	174	1991	2058	2109	1998	1971	1948	1998	2098	1967	2017	2068	2012
304998	62	126	14	78	142	30	94	158	46	110	174	1975	2057	2122	1989	1965	1948	1989	2099	1972	2020	2082	2022
304998	62	126	14	78	142	30	94	158	46	110	174	2001	2024	2134	2010	1994	1969	2008	2078	1983	2020	2047	2018
304998	62	126	14	78	142	30	94	158	46	110	174	2048	1997	2153	2043	2032	1986	2052	2054	1996	2018	1992	2009
304998	62	126	14	78	142	30	94	158	46	110	174	2078	1985	2149	2060	2045	1989	2059	2032	2003	2018	1967	1995
304998	62	126	14	78	142	30	94	158	46	110	174	2062	2000	2138	2048	2027	1975	2059	2050	2001	2020	1993	1999
304998	62	126	14	78	142	30	94	158	46	110	174	2013	2028	2130	2018	1989	1958	2004	2081	1975	2016	2053	2015
304998	62	126	14	78	142	30	94	158	46	110	174	1977	2059	2122	1990	1966	1947	1983	2104	1960	2017	2086	2027
304998	62	126	14	78	142	30	94	158	46	110	174	1977	2051	2141	1992	1971	1962	1996	2092	1970	2018	2066	2025
304998	62	126	14	78	142	30	94	158	46	110	174	2025	2020	2143	2022	2009	1972	2011	2061	1996	2020	2013	2001
304998	62	126	14	78	142	30	94	158	46	110	174	2071	1985	2147	2058	2046	1986	2056	2041	2011	2019	1974	1995
304998	62	126	14	78	142	30	94	158	46	110	174	2075	1971	2148	2064	2044	1983	2056	2038	2001	2019	1985	1998
304998	62	126	14	78	142	30	94	158	46	110	174	2043	2014	2135	2036	2015	1973	2050	2064	1984	2017	2016	2018
304998	62	126	14	78	142	30	94	158	46	110	174	1989	2051	2129	1997	1972	1957	1995	2089	1968	2018	2065	2025
304998	62	126	14	78	142	30	94	158	46	110	174	1970	2067	2121	1987	1960	1952	1976	2105	1970	2017	2073	2018
304998	62	126	14	78	142	30	94	158	46	110	174	1999	2044	2123	2002	1988	1962	1996	2084	1983	2017	2051	2011
304998	62	126	14	78	142	30	94	158	46	110	174	2048	1997	2142	2042	2029	1983	2049	2052	1997	2019	2002	2007
304998	62	126	14	78	142	30	94	158	46	110	174	2077	1973	2150	2064	2053	1993	2059	2025	2005	2020	1974	2007
304998	62	126	14	78	142	30	94	158	46	110	174	2067	1992	2148	2050	2031	1986	2053	2043	2002	2021	1987	2002
304998	62	126	14	78	142	30	94	158	46	110	174	2011	2033	2142	2017	1989	1965	2007	2077	1982	2017	2039	2015
304998	62	126	14	78	142	30	94	158	46	110	174	1974	2063	2116	1990	1966	1947	1982	2098	1962	2017	2077	2021
304998	62	126	14	78	142	30	94	158	46	110	174	1983	2054	2118	1989	1969	1948	1985	2098	1966	2017	2072	2025
304998	62	126	14	78	142	30	94	158	46	110	174	2012	2014	2137	2019	2004	1975	2009	2064	1999	2016	2020	2015
304998	62	126	14	78	142	30	94	158	46	110	174	2065	1981	2156	2052	2043	1990	2046	2038	2006	2018	1978	2001
304998	62	126	14	78	142	30	94	158	46	110	174	2076	1985	2155	2059	2047	1989	2058	2036	2002	2022	1976	1990
304998	62	126	14	78	142	30	94	158	46	110	174	2045	2013	2134	2038	2016	1971	2034	2057	1983	2018	2016	2013
304998	62	126	14	78	142	30	94	158	46	110	174	1998	2047	2111	2002	1980	1951	2005	2086	1975	2022	2062	2027
304998	62	126	14	78	142	30	94	158	46	110	174	1970	2058	2120	1985	1965	1950	1982	2103	1970	2017	2076	2034
304998	62	126	14	78	142	30	94	158	46	110	174	1989	2037	2137	1996	1983	1963	1998	2091	1970	2018	2047	2014
304998	62	126	14	78	142	30	94	158	46	110	174	2042	2008	2150	2035	2027	1979	2039	2056	1994	2020	2007	1995
304998	62	126	14	78	142	30	94	158	46	110	174	2058	1978	2154	2061	2048	1993	2057	2024	2005	2020	1974	1996
304998	62	126	14	78	142	30	94	158	46	110	174	2069	1999	2142	2053	2040	1978	2063	2035	2007	2018	1987	2005
304998	62	126	14	78	142	30	94	158	46	110	174	2013	2015	2145	2024	1999	1961	2012	2076	1983	2021	2031	2026
304998	62	126	14	78	142	30	94	158	46	110	174	1980	2058	2119	1993	1970	1955	1986	2105	1960	2021	2072	2018
304998	62	126	14	78	142	30	94	158	46	110	174	1968	2057	2130	1990	1963	1960	1977	2095	1969	2020	2076	2021
304998	62	126	14	78	142	30	94	158	46	110	174	2004	2024	2142	2014	2003	1976	2004	2065	1992	2018	2038	2017
304998	62	126	14	78	142	30	94	158	46	110	174	2055	1994	2148	2049	2037	1984	2046	2039	2005	2020	1984	2007
304998	62	126	14	78	142	30	94	158	46	110	174	2083	1981	2149	2061	2050	1983	2068	2039	1998	2017	1971	1995
304998	62	126	14	78	142	30	94	158	46	110	174	2049	2003	2146	2046	2024	1967	2037	2049	1989	2020	2001	2008
304998	62	126	14	78	142	30	94	158	46	110	174	1999	2046	2124	2002	1986	1953	1995	2083	1973	2020	2061	2025
304998	62	126	14	78	142	30	94	158	46	110	174	1973	2069	2125	1981	1963	1953	1985	2101	1969	2019	2084	2029
304998	62	126	14	78	142	30	94	158	46	110	174	1990	2048	2118	1999	1979	1963	1988	2092	1975	2020	2059	2030
304998	62	126	14	78	142	30	94	158	46	110	174	2038	2010	2140	2032	2013	1979	2029	2060	1988	2020	2007	1999
304998	62	126	14	78	142	30	94	158	46	110	174	2068	1974	2168	2061	2048	1984	2058	2031	2004	2016	1975	1992
304998	62	126	14	78	142	30	94	158	46	110	174	2068	1991	2156	2060	2045	1986	2063	2037	2007	2022	1993	1997
304998	62	126	14	78	142	30	94	158	46	110	174	2028	2025	2133	2026	2003	1970	2017	2072	1983	2022	2031	2025
304998	62	126	14	78	142	30	94	158	46	110	174	1985	2062	2108	1994	1971	1954	1981	2097	1967	2017	2072	2034
304998	62	126	14	78	142	30	94	158	46	110	174	1972	2056	2112	1981	1965	1952	1970	2103	1969	2022	2070	2020
304998	62	126	14	78	142	30	94	158	46	110	174	2007	2029	2135	2006	1999	1964	2004	2073	1985	2022	2041	2013
304998	62	126	14	78	142	30	94	158	46	110	174	2048	1993	2156	2047	2037	1986	2039	2044	2006	2017	1992	2000
304998	62	126	14	78	142	30	94	158	46	110	174	2076	1985	2158	2063	2050	1984	2058	2028	2004	2020	1976	1997
304998	62	126	14	78	142	30	94	158	46	110	174	2053	2006	2143	2045	2029	1978	2043	2048	1991	2019	2000	2008
304998	62	126	14	78	142	30	94	158	46	110	174	2010	2038	2120	2013	1979	1963	1998	2084	1975	2020	2050	2014
304998	62	126	14	78	142	30	94	158	46	110	174	1966	2059	2112	1984	1958	1954	1967	2107	1969	2016	2086	2031
304998	62	126	14	78	142	30	94	158	46	110	174	1979	2048	2126	1993	1970	1960	1984	2101	1977	2020	2065	2028
304998	62	126	14	78	142	30	94	158	46	110	174	2021	2019	2147	2027	2018	1970	2031	2062	1991	2016	2015	2009
304998	62	126	14	78	142	30	94	158	46	110	174	2066	1988	2154	2060	2048	1985	2058	2033	2002	2022	1974	1993
304998	62	126	14	78	142	30	94	158	46	110	174	2075	1983	2150	2060	2044	1983	2067	2034	2008	2016	1984	1988
304998	62	126	14	78	142	30	94	158	46	110	174	2035	2014	2138	2028	2007	1970	2026	2065	1984	2020	2028	2018
304998	62	126	14	78	142	30	94	158	46	110	174	1991	2054	2122	1994	1967	1951	1982	2103	1969	2022	2071	2036
304998	62	126	14	78	142	30	94	158	46	110	174	1965	2063	2122	1986	1958	1957	1974	2107	1971	2021	2075	2034
304998	62	126	14	78	142	30	94	158	46	110	174	2002	2041	2127	2004	1990	1961	2006	2081	1986	2021	2042	2017
304998	62	126	14	78	142	30	94	158	46	110	174	2049	2000	2149	2042	2031	1984	2043	2046	2001	2019	2002	1993
304998	62	126	14	78	142	30	94	158	46	110	174	2067	1975	2166	2061	2054	1990	2059	2028	2006	2018	1979	1996
304998	62	126	14	78	142	30	94	158	46	110	174	2059	2001	2153	2048	2032	1980	2059	2049	1996	2021	1999	2008
304998	62	126	14	78	142	30	94	158	46	110	174	2009	2039	2126	2011	1988	1964	2004	2081	1972	2021	2038	2020
304998	62	126	14	78	142	30	94	158	46	110	174	1980	2070	2104	1983	1961	1955	1980	2108	1970	2021	2077	2036
304998	62	126	14	78	142	30	94	158	46	110	174	1981	2049	2125	1986	1964	1961	1973	2100	1975	2017	2072	2029
304998	62	126	14	78	142	30	94	158	46	110	174	2020	2017	2146	2018	2009	1976	2012	2063	1984	2021	2022	2013
304998	62	126	14	78	142	30	94	158	46	110	174	2058	1983	2175	2056	2049	1984	2047	2033	2001	2018	1979	1996
304998	62	126	14	78	142	30	94	158	46	110	174	2071	1988	2159	2064	2041	1983	2057	2026	2005	2018	1978	1987
304998	62	126	14	78	142	30	94	158	46	110	174	2041	2019	2129	2037	2016	1965	2039	2064	1994	2022	2020	2008
304998	62	126	14	78	142	30	94	158	46	110	174	1990	2050	2109	1994	1965	1963	1986	2098	1973	2018	2064	2035
304998	62	126	14	78	142	30	94	158	46	110	174	1974	2057	2117	1983	1954	1956	1971	2104	1968	2016	2075	2040
304998	62	126	14	78	142	30	94	158	46	110	174	1990	2040	2137	2001	1986	1972	1986	2084	1983	2021	2044	2021
304998	62	126	14	78	142	30	94	158	46	110	174	2041	2007	2155	2038	2020	1985	2036	2051	2002	2016	2003	1990
304998	62	126	14	78	142	30	94	158	46	110	174	2068	1984	2152	2061	2048	1985	2056	2031	2008	2019	1983	1986
304998	62	126	14	78	142	30	94	158	46	110	174	2064	1994	2145	2055	2034	1976	2060	2049	1994	2020	1999	2008
304998	62	126	14	78	142	30	94	158	46	110	174	2006	2022	2136	2018	1998	1965	2003	2072	1977	2022	2038	2021
304998	62	126	14	78	142	30	94	158	46	110	174	1979	2058	2113	1983	1964	1955	1973	2100	1977	2018	2069	2035
304998	62	126	14	78	142	30	94	158	46	110	174	1975	2063	2120	1987	1954	1964	1976	2100	1977	2018	2070	2027
304998	62	126	14	78	142	30	94	158	46	110	174	1998	2016	2138	2014	2001	1975	2004	2072	1989	2019	2033	2013
304998	62	126	14	78	142	30	94	158	46	110	174	2058	1989	2149	2053	2033	1987	2047	2037	1997	2018	1990	1998
304998	62	126	14	78	142	30	94	158	46	110	174	2065	1974	2170	2061	2048	1983	2062	2026	2002	2021	1974	1991
304998	62	126	14	78	142	30	94	158	46	110	174	2041	2008	2145	2040	2018	1967	2031	2053	1992	2020	2011	2007
304998	62	126	14	78	142	30	94	158	46	110	174	2000	2052	2123	2002	1972	1964	2006	2101	1981	2020	2066	2029
304998	62	126	14	78	142	30	94	158	46	110	174	1969	2064	2103	1982	1954	1956	1967	2114	1968	2019	2081	2039
304998	62	126	14	78	142	30	94	158	46	110	174	1989	2040	2121	1996	1975	1969	1987	2089	1977	2020	2054	2025
304998	62	126	14	78	142	30	94	158	46	110	174	2022	1998	2165	2033	2021	1973	2021	2046	1996	2020	2005	1998
304998	62	126	14	78	142	30	94	158	46	110	174	2068	1985	2164	2064	2050	1986	2069	2035	2007	2021	1981	1983
304998	62	126	14	78	142	30	94	158	46	110	174	2058	1995	2153	2065	2040	1976	2049	2037	2001	2018	1997	2001
304998	62	126	14	78	142	30	94	158	46	110	174	2027	2028	2120	2022	1996	1972	2023	2075	1981	2019	2035	2025
304998	62	126	14	78	142	30	94	158	46	110	174	1979	2050	2112	1989	1958	1962	1971	2102	1973	2020	2073	2041
304998	62	126	14	78	142	30	94	158	46	110	174	1970	2049	2120	1984	1954	1966	1970	2102	1979	2017	2069	2023
304998	62	126	14	78	142	30	94	158	46	110	174	2008	2027	2144	2013	1998	1967	2017	2075	1986	2018	2039	2009
304998	62	126	14	78	142	30	94	158	46	110	174	2047	1999	2154	2048	2042	1985	2042	2039	1998	2020	1992	1993
304998	62	126	14	78	142	30	94	158	46	110	174	2073	1985	2156	2064	2054	1982	2067	2028	2001	2020	1978	1994
304998	62	126	14	78	142	30	94	158	46	110	174	2040	1997	2146	2045	2013	1979	2034	2047	1996	2022	2007	2004
304998	62	126	14	78	142	30	94	158	46	110	174	2004	2041	2125	2006	1978	1966	1996	2092	1984	2020	2055	2020
304998	62	126	14	78	142	30	94	158	46	110	174	1968	2063	2115	1977	1955	1961	1962	2114	1974	2019	2085	2036
304998	62	126	14	78	142	30	94	158	46	110	174	1985	2050	2118	1993	1970	1965	1988	2096	1970	2021	2062	2029
304998	62	126	14	78	142	30	94	158	46	110	174	2029	2007	2144	2030	2016	1970	2021	2054	1992	2021	2015	2009
304998	62	126	14	78	142	30	94	158	46	110	174	2073	1979	2157	2065	2047	1986	2070	2027	2008	2021	1978	1986
304998	62	126	14	78	142	30	94	158	46	110	174	2067	1989	2159	2061	2042	1985	2057	2036	1998	2021	1993	1987
304998	62	126	14	78	142	30	94	158	46	110	174	2023	2022	2134	2029	1992	1983	2026	2074	1984	2019	2037	2019
304998	62	126	14	78	142	30	94	158	46	110	174	1984	2061	2111	1989	1961	1958	1986	2102	1969	2017	2072	2041
304998	62	126	14	78	142	30	94	158	46	110	174	1972	2063	2108	1983	1959	1957	1968	2103	1971	2016	2077	2037
304998	62	126	14	78	142	30	94	158	46	110	174	2008	2031	2131	2008	1985	1973	2012	2079	1996	2020	2040	2007
304998	62	126	14	78	142	30	94	158	46	110	174	2045	1994	2158	2045	2036	1980	2039	2042	1996	2021	1999	1991
304998	62	126	14	78	142	30	94	158	46	110	174	2071	1984	2164	2070	2044	1988	2066	2033	1998	2017	1985	1993
304998	62	126	14	78	142	30	94	158	46	110	174	2045	2003	2152	2049	2029	1981	2040	2048	1989	2020	2006	2005
304998	62	126	14	78	142	30	94	158	46	110	174	2012	2038	2115	2012	1982	1961	2007	2080	1982	2017	2043	2030
304998	62	126	14	78	142	30	94	158	46	110	174	1976	2062	2115	1986	1955	1955	1974	2113	1975	2019	2081	2030
304998	62	126	14	78	142	30	94	158	46	110	174	1974	2045	2123	1992	1972	1960	1975	2101	1977	2021	2069	2031
304998	62	126	14	78	142	30	94	158	46	110	174	2025	2016	2146	2031	1989	1988	2024	2063	1989	2017	2021	2008
304998	62	126	14	78	142	30	94	158	46	110	174	2057	1981	2164	2060	2048	1987	2048	2026	2003	2017	1983	1996
304998	62	126	14	78	142	30	94	158	46	110	174	2072	1986	2150	2058	2047	1983	2063	2031	2009	2016	1976	1993
304998	62	126	14	78	142	30	94	158	46	110	174	2034	2014	2144	2034	2008	1968	2028	2064	1987	2016	2024	2008
304998	62	126	14	78	142	30	94	158	46	110	174	1991	2051	2116	1995	1962	1957	1986	2100	1966	2019	2075	2035
304998	62	126	14	78	142	30	94	158	46	110	174	1972	2064	2110	1986	1951	1964	1974	2103	1970	2016	2080	2042
304998	62	126	14	78	142	30	94	158	46	110	174	1996	2033	2129	1998	1993	1969	1986	2077	1984	2022	2044	2024
304998	62	126	14	78	142	30	94	158	46	110	174	2052	1997	2150	2040	2029	1985	2048	2062	2003	2018	1995	1987
304998	62	126	14	78	142	30	94	158	46	110	174	2068	1974	2167	2065	2048	1983	2063	2025	2002	2018	1980	1986
304998	62	126	14	78	142	30	94	158	46	110	174	2059	1996	2151	2054	2029	1976	2063	2041	1990	2020	1999	2008
304998	62	126	14	78	142	30	94	158	46	110	174	2006	2030	2134	2022	1986	1963	2002	2074	1982	2016	2045	2031
304998	62	126	14	78	142	30	94	158	46	110	174	1982	2065	2096	1985	1956	1955	1980	2109	1977	2022	2075	2041
304998	62	126	14	78	142	30	94	158	46	110	174	1985	2049	2119	1990	1966	1965	1971	2101	1975	2018	2069	2024
304998	62	126	14	78	142	30	94	158	46	110	174	2018	2017	2144	2022	2004	1972	2011	2064	1988	2022	2031	2005
304998	62	126	14	78	142	30	94	158	46	110	174	2063	1982	2166	2059	2045	1981	2051	2027	1998	2016	1985	1993
304998	62	126	14	78	142	30	94	158	46	110	174	2068	1986	2156	2067	2049	1983	2083	2026	2008	2021	1982	1997
304998	62	126	14	78	142	30	94	158	46	110	174	2040	2016	2129	2041	2018	1969	2033	2058	1991	2020	2011	2010
304998	62	126	14	78	142	30	94	158	46	110	174	2001	2045	2104	2001	1963	1963	1991	2095	1974	2020	2066	2029
304998	62	126	14	78	142	30	94	158	46	110	174	1975	2057	2113	1982	1955	1960	1970	2102	1968	2018	2083	2031
304998	62	126	14	78	142	30	94	158	46	110	174	1996	2040	2130	2001	1977	1964	1992	2082	1981	2022	2055	2031
304998	62	126	14	78	142	30	94	158	46	110	174	2037	2003	2150	2042	2020	1980	2036	2049	1997	2018	2002	2003
304998	62	126	14	78	142	30	94	158	46	110	174	2068	1987	2154	2067	2052	1979	2062	2026	2003	2021	1970	1986
304998	62	126	14	78	142	30	94	158	46	110	174	2063	1993	2147	2062	2037	1983	2060	2039	1994	2018	1996	1991
304998	62	126	14	78	142	30	94	158	46	110	174	2020	2023	2130	2020	1997	1971	2015	2074	1981	2020	2042	2024
304998	62	126	14	78	142	30	94	158	46	110	174	1983	2058	2113	1987	1956	1958	1975	2101	1976	2020	2076	2042
304998	62	126	14	78	142	30	94	158	46	110	174	1975	2058	2121	1995	1955	1961	1978	2105	1976	2018	2072	2039
304998	62	126	14	78	142	30	94	158	46	110	174	2008	2027	2133	2016	1997	1965	2006	2072	1986	2020	2025	2002
304998	62	126	14	78	142	30	94	158	46	110	174	2058	1984	2152	2055	2037	1984	2052	2035	1996	2019	1989	1985
304998	62	126	14	78	142	30	94	158	46	110	174	2064	1973	2167	2069	2051	1986	2063	2019	2003	2016	1983	1989
304998	62	126	14	78	142	30	94	158	46	110	174	2046	2006	2143	2047	2020	1972	2053	2058	1991	2017	2011	2016
304998	62	126	14	78	142	30	94	158	46	110	174	1994	2046	2120	2012	1960	1965	1989	2089	1974	2020	2055	2029
304998	62	126	14	78	142	30	94	158	46	110	174	1971	2064	2101	1984	1955	1955	1971	2109	1966	2018	2075	2031
304998	62	126	14	78	142	30	94	158	46	110	174	1982	2040	2123	2000	1966	1967	1980	2084	1977	2021	2063	2018
304998	62	126	14	78	142	30	94	158	46	110	174	2038	2003	2149	2037	2020	1981	2027	2045	2001	2021	2012	2000
304998	62	126	14	78	142	30	94	158	46	110	174	2071	1978	2168	2066	2050	1985	2064	2026	2006	2020	1975	1992
304998	62	126	14	78	142	30	94	158	46	110	174	2061	1988	2154	2064	2031	1985	2053	2031	1995	2017	1984	1996
304998	62	126	14	78	142	30	94	158	46	110	174	2023	2026	2128	2028	2001	1967	2022	2064	1982	2020	2030	2015
304998	62	126	14	78	142	30	94	158	46	110	174	1985	2057	2103	1996	1963	1955	1983	2103	1975	2021	2075	2034
304998	62	126	14	78	142	30	94	158	46	110	174	1979	2052	2113	1987	1957	1963	1979	2106	1981	2020	2076	2036
304998	62	126	14	78	142	30	94	158	46	110	174	2002	2018	2140	2012	1994	1974	1998	2074	1981	2022	2034	2016
304998	62	126	14	78	142	30	94	158	46	110	174	2048	1995	2162	2048	2030	1989	2055	2037	1996	2022	1986	1990
304998	62	126	14	78	142	30	94	158	46	110	174	2069	1979	2166	2069	2051	1984	2065	2019	1998	2020	1978	1977
