304998	62	126	14	78	142	30	94	158	46	110	174	2062	1994	2110	2031	2017	2007	2043	2057	2021	2020	1991	2047
304998	62	126	14	78	142	30	94	158	46	110	174	2044	2013	2123	2026	2013	1988	2029	2068	1995	2021	2001	2027
304998	62	126	14	78	142	30	94	158	46	110	174	2020	2046	2149	2009	2002	1955	2009	2084	1970	2019	2040	1995
304998	62	126	14	78	142	30	94	158	46	110	174	1987	2070	2156	1995	1989	1943	1997	2094	1966	2022	2067	1989
304998	62	126	14	78	142	30	94	158	46	110	174	1998	2060	2143	1994	1993	1950	2006	2097	1973	2017	2054	2003
304998	62	126	14	78	142	30	94	158	46	110	174	2017	2027	2125	2009	2005	1984	2019	2079	1993	2017	2022	2018
304998	62	126	14	78	142	30	94	158	46	110	174	2050	1999	2110	2025	2016	2002	2028	2061	2013	2018	1997	2032
304998	62	126	14	78	142	30	94	158	46	110	174	2057	2000	2112	2028	2019	1998	2033	2053	2016	2016	2000	2039
304998	62	126	14	78	142	30	94	158	46	110	174	2039	2029	2129	2018	2010	1976	2031	2081	1997	2022	2021	2018
304998	62	126	14	78	142	30	94	158	46	110	174	2004	2060	2148	2003	1996	1950	2019	2093	1964	2021	2049	1998
304998	62	126	14	78	142	30	94	158	46	110	174	1993	2064	2151	1989	1988	1943	1996	2100	1959	2017	2060	1985
304998	62	126	14	78	142	30	94	158	46	110	174	2005	2046	2145	1997	1991	1962	2008	2085	1979	2018	2045	1998
304998	62	126	14	78	142	30	94	158	46	110	174	2034	2016	2119	2018	2011	1988	2031	2076	2009	2022	2016	2037
304998	62	126	14	78	142	30	94	158	46	110	174	2056	1999	2107	2032	2021	2001	2051	2068	2018	2018	1997	2049
304998	62	126	14	78	142	30	94	158	46	110	174	2048	2013	2114	2023	2015	1996	2028	2067	2001	2018	1998	2026
304998	62	126	14	78	142	30	94	158	46	110	174	2025	2037	2133	2009	2003	1965	2016	2086	1974	2021	2029	2001
304998	62	126	14	78	142	30	94	158	46	110	174	1993	2062	2157	1996	1984	1947	1998	2092	1966	2022	2064	1986
304998	62	126	14	78	142	30	94	158	46	110	174	1985	2060	2156	1991	1982	1955	1996	2099	1969	2016	2060	1996
304998	62	126	14	78	142	30	94	158	46	110	174	2014	2033	2138	2008	2002	1968	2019	2084	1986	2020	2030	2022
304998	62	126	14	78	142	30	94	158	46	110	174	2039	2011	2110	2025	2010	2012	2022	2060	2009	2021	1998	2037
304998	62	126	14	78	142	30	94	158	46	110	174	2061	2001	2099	2035	2017	2005	2034	2057	2019	2018	1996	2035
304998	62	126	14	78	142	30	94	158	46	110	174	2038	2015	2126	2018	2011	1983	2022	2077	1997	2019	2020	2026
304998	62	126	14	78	142	30	94	158	46	110	174	2007	2049	2149	2001	1993	1953	2032	2099	1970	2021	2047	2001
304998	62	126	14	78	142	30	94	158	46	110	174	1984	2073	2166	1991	1984	1938	2004	2105	1955	2017	2061	1989
304998	62	126	14	78	142	30	94	158	46	110	174	1998	2056	2148	1995	1998	1959	2005	2088	1971	2022	2047	2001
304998	62	126	14	78	142	30	94	158	46	110	174	2026	2022	2121	2014	2003	1996	2012	2070	2010	2022	2018	2024
304998	62	126	14	78	142	30	94	158	46	110	174	2058	1999	2097	2028	2020	2010	2036	2062	2017	2018	1997	2049
304998	62	126	14	78	142	30	94	158	46	110	174	2053	2004	2114	2029	2015	1996	2030	2064	2008	2021	1997	2037
304998	62	126	14	78	142	30	94	158	46	110	174	2023	2033	2137	2013	2001	1970	2019	2078	1979	2021	2026	2004
304998	62	126	14	78	142	30	94	158	46	110	174	1994	2063	2166	1997	1987	1941	1999	2094	1968	2017	2059	1985
304998	62	126	14	78	142	30	94	158	46	110	174	1988	2073	2156	1988	1991	1949	2001	2104	1968	2021	2066	1990
304998	62	126	14	78	142	30	94	158	46	110	174	2015	2042	2128	2004	1995	1980	2030	2087	1988	2020	2037	2017
304998	62	126	14	78	142	30	94	158	46	110	174	2043	2006	2103	2020	2012	2003	2028	2063	2012	2022	2005	2041
304998	62	126	14	78	142	30	94	158	46	110	174	2062	1996	2104	2029	2010	2013	2037	2058	2020	2016	1990	2036
304998	62	126	14	78	142	30	94	158	46	110	174	2042	2012	2137	2023	2011	1982	2025	2076	2002	2020	2014	2023
304998	62	126	14	78	142	30	94	158	46	110	174	2010	2054	2150	2005	1999	1953	2022	2094	1974	2020	2048	2003
304998	62	126	14	78	142	30	94	158	46	110	174	1991	2076	2155	1999	1983	1948	2011	2103	1956	2021	2063	1993
304998	62	126	14	78	142	30	94	158	46	110	174	1992	2060	2144	1994	1997	1962	2008	2088	1970	2021	2047	1997
304998	62	126	14	78	142	30	94	158	46	110	174	2026	2021	2120	2013	2005	1985	2010	2074	2005	2018	2018	2019
304998	62	126	14	78	142	30	94	158	46	110	174	2052	2000	2109	2030	2018	2003	2026	2061	2012	2020	1999	2041
304998	62	126	14	78	142	30	94	158	46	110	174	2048	2002	2119	2033	2015	1996	2025	2058	2006	2016	1999	2044
304998	62	126	14	78	142	30	94	158	46	110	174	2023	2037	2136	2014	2007	1973	2019	2074	1987	2017	2023	2017
304998	62	126	14	78	142	30	94	158	46	110	174	1999	2064	2155	2003	1987	1947	2006	2093	1968	2017	2051	1987
304998	62	126	14	78	142	30	94	158	46	110	174	1987	2061	2153	1988	1984	1948	1998	2101	1963	2016	2066	1983
304998	62	126	14	78	142	30	94	158	46	110	174	2008	2038	2135	2004	1995	1972	2009	2091	1981	2022	2044	2010
304998	62	126	14	78	142	30	94	158	46	110	174	2033	2008	2117	2022	2014	1996	2025	2067	2008	2021	2006	2040
304998	62	126	14	78	142	30	94	158	46	110	174	2051	1998	2109	2028	2018	2002	2027	2052	2024	2017	1989	2041
304998	62	126	14	78	142	30	94	158	46	110	174	2043	2016	2118	2024	2012	1988	2021	2073	2002	2016	2010	2019
304998	62	126	14	78	142	30	94	158	46	110	174	2015	2049	2140	2006	1997	1960	2014	2084	1972	2020	2046	1997
304998	62	126	14	78	142	30	94	158	46	110	174	1990	2065	2155	1994	1986	1940	1995	2097	1951	2018	2064	1991
304998	62	126	14	78	142	30	94	158	46	110	174	1994	2055	2151	1995	1986	1950	2013	2096	1965	2018	2058	2000
304998	62	126	14	78	142	30	94	158	46	110	174	2012	2027	2130	2013	2004	1982	2008	2077	2004	2021	2021	2017
304998	62	126	14	78	142	30	94	158	46	110	174	2051	2002	2106	2028	2018	2006	2034	2067	2015	2020	1997	2032
304998	62	126	14	78	142	30	94	158	46	110	174	2058	2001	2105	2031	2015	2007	2038	2063	2013	2020	2003	2040
304998	62	126	14	78	142	30	94	158	46	110	174	2033	2023	2125	2016	2003	1978	2020	2071	1987	2020	2021	2021
304998	62	126	14	78	142	30	94	158	46	110	174	2000	2056	2155	1996	1988	1949	2001	2090	1973	2021	2051	1992
304998	62	126	14	78	142	30	94	158	46	110	174	1984	2063	2165	1996	1985	1940	1993	2104	1960	2016	2061	1979
304998	62	126	14	78	142	30	94	158	46	110	174	1993	2046	2154	2002	1997	1964	2004	2084	1974	2022	2046	2002
304998	62	126	14	78	142	30	94	158	46	110	174	2038	2017	2108	2021	2011	1995	2028	2070	1998	2021	2015	2035
304998	62	126	14	78	142	30	94	158	46	110	174	2056	1998	2100	2028	2014	2006	2035	2056	2025	2020	1998	2050
304998	62	126	14	78	142	30	94	158	46	110	174	2045	1999	2109	2025	2015	1988	2020	2065	2008	2021	2002	2027
304998	62	126	14	78	142	30	94	158	46	110	174	2017	2036	2146	2013	1991	1966	2005	2081	1975	2021	2034	1998
304998	62	126	14	78	142	30	94	158	46	110	174	1983	2062	2177	1995	1986	1938	1996	2097	1956	2017	2067	1986
304998	62	126	14	78	142	30	94	158	46	110	174	1988	2064	2157	1996	1989	1952	2004	2089	1966	2018	2060	1996
304998	62	126	14	78	142	30	94	158	46	110	174	2013	2034	2129	2013	1998	1984	2008	2072	1999	2017	2026	2025
304998	62	126	14	78	142	30	94	158	46	110	174	2044	2002	2100	2026	2018	2002	2021	2065	2018	2021	1996	2041
304998	62	126	14	78	142	30	94	158	46	110	174	2055	1995	2107	2035	2016	2005	2026	2060	2018	2018	1996	2034
304998	62	126	14	78	142	30	94	158	46	110	174	2030	2016	2135	2023	2001	1981	2016	2070	1991	2022	2024	2019
304998	62	126	14	78	142	30	94	158	46	110	174	2003	2057	2156	2004	1995	1947	2004	2086	1971	2020	2055	1995
304998	62	126	14	78	142	30	94	158	46	110	174	1985	2072	2157	1991	1982	1953	1993	2097	1966	2016	2064	1992
304998	62	126	14	78	142	30	94	158	46	110	174	2003	2056	2134	2001	1985	1960	2001	2087	1971	2018	2045	1999
304998	62	126	14	78	142	30	94	158	46	110	174	2031	2015	2110	2017	2012	1990	2015	2074	2004	2017	2017	2025
304998	62	126	14	78	142	30	94	158	46	110	174	2055	1993	2103	2035	2013	2006	2031	2051	2017	2017	2000	2045
304998	62	126	14	78	142	30	94	158	46	110	174	2046	2003	2125	2033	2013	1995	2025	2059	2016	2021	2005	2039
304998	62	126	14	78	142	30	94	158	46	110	174	2013	2041	2136	2015	1994	1974	2007	2085	1982	2017	2034	2009
304998	62	126	14	78	142	30	94	158	46	110	174	1993	2065	2154	1996	1980	1950	1997	2093	1957	2022	2057	1979
304998	62	126	14	78	142	30	94	158	46	110	174	1983	2063	2148	1995	1985	1946	1994	2093	1959	2020	2064	1984
304998	62	126	14	78	142	30	94	158	46	110	174	2011	2033	2129	2011	1997	1968	2016	2075	1990	2022	2040	2016
304998	62	126	14	78	142	30	94	158	46	110	174	2039	1999	2113	2026	2014	2003	2017	2059	2021	2022	2006	2044
304998	62	126	14	78	142	30	94	158	46	110	174	2055	1999	2110	2029	2020	2006	2031	2061	2019	2018	1994	2045
304998	62	126	14	78	142	30	94	158	46	110	174	2039	2022	2122	2024	2002	1992	2023	2066	1995	2018	2012	2016
304998	62	126	14	78	142	30	94	158	46	110	174	2003	2046	2148	2006	1990	1955	2004	2087	1966	2020	2053	1996
304998	62	126	14	78	142	30	94	158	46	110	174	1986	2067	2159	1995	1984	1939	1994	2090	1957	2023	2072	1983
304998	62	126	14	78	142	30	94	158	46	110	174	1994	2048	2151	1999	1989	1957	1996	2092	1975	2020	2058	2006
304998	62	126	14	78	142	30	94	158	46	110	174	2025	2021	2124	2017	2005	1994	2020	2074	2002	2020	2017	2031
304998	62	126	14	78	142	30	94	158	46	110	174	2048	1996	2106	2028	2020	2006	2027	2059	2015	2022	1996	2038
304998	62	126	14	78	142	30	94	158	46	110	174	2051	2006	2106	2032	2010	1995	2029	2059	2007	2020	2008	2035
304998	62	126	14	78	142	30	94	158	46	110	174	2028	2027	2126	2024	2003	1966	2007	2076	1995	2018	2035	2014
304998	62	126	14	78	142	30	94	158	46	110	174	1995	2054	2157	1999	1981	1945	1996	2093	1962	2016	2061	1992
304998	62	126	14	78	142	30	94	158	46	110	174	1983	2060	2165	2000	1971	1954	1994	2097	1956	2016	2063	1985
304998	62	126	14	78	142	30	94	158	46	110	174	1998	2039	2146	2005	1995	1971	2006	2079	1983	2018	2036	2006
304998	62	126	14	78	142	30	94	158	46	110	174	2034	2012	2108	2022	2008	2000	2017	2059	2011	2020	2011	2037
304998	62	126	14	78	142	30	94	158	46	110	174	2056	1992	2098	2039	2020	2002	2030	2053	2026	2017	1999	2050
304998	62	126	14	78	142	30	94	158	46	110	174	2041	2008	2114	2027	2012	1981	2019	2074	2004	2018	2008	2031
304998	62	126	14	78	142	30	94	158	46	110	174	2008	2041	2149	2011	1989	1956	2017	2086	1969	2022	2041	1993
304998	62	126	14	78	142	30	94	158	46	110	174	1984	2067	2166	1992	1983	1942	1992	2099	1954	2017	2066	1977
304998	62	126	14	78	142	30	94	158	46	110	174	1984	2062	2151	1996	1990	1957	1996	2083	1971	2018	2059	1991
304998	62	126	14	78	142	30	94	158	46	110	174	2023	2027	2119	2013	2002	1987	2009	2075	2006	2020	2028	2031
304998	62	126	14	78	142	30	94	158	46	110	174	2045	1995	2101	2030	2016	2000	2031	2059	2020	2016	1997	2051
304998	62	126	14	78	142	30	94	158	46	110	174	2056	1994	2111	2032	2019	2000	2035	2064	2015	2020	1997	2038
304998	62	126	14	78	142	30	94	158	46	110	174	2028	2024	2140	2019	1994	1975	2028	2075	1984	2019	2027	2006
304998	62	126	14	78	142	30	94	158	46	110	174	1994	2061	2167	2004	1987	1949	2004	2087	1966	2016	2063	1990
304998	62	126	14	78	142	30	94	158	46	110	174	1981	2070	2162	1993	1980	1944	1996	2098	1962	2023	2071	1986
304998	62	126	14	78	142	30	94	158	46	110	174	2003	2043	2129	2006	1996	1966	2002	2090	1985	2017	2042	2016
304998	62	126	14	78	142	30	94	158	46	110	174	2033	2006	2107	2022	2014	1993	2023	2064	2009	2021	2003	2029
304998	62	126	14	78	142	30	94	158	46	110	174	2057	1995	2104	2029	2019	2006	2031	2057	2016	2017	1994	2042
304998	62	126	14	78	142	30	94	158	46	110	174	2045	2004	2129	2025	2012	1994	2038	2061	2009	2022	2013	2029
304998	62	126	14	78	142	30	94	158	46	110	174	2008	2046	2157	2010	1996	1960	2007	2086	1978	2018	2043	2012
304998	62	126	14	78	142	30	94	158	46	110	174	1984	2072	2158	1996	1979	1945	2003	2096	1956	2022	2062	1986
304998	62	126	14	78	142	30	94	158	46	110	174	1985	2054	2150	1997	1984	1950	1997	2092	1962	2022	2054	1989
304998	62	126	14	78	142	30	94	158	46	110	174	2012	2025	2123	2013	2001	1990	2017	2073	1994	2021	2029	2011
304998	62	126	14	78	142	30	94	158	46	110	174	2043	1996	2110	2031	2013	2010	2027	2061	2022	2019	2002	2051
304998	62	126	14	78	142	30	94	158	46	110	174	2048	1998	2118	2032	2017	2004	2031	2061	2019	2018	1998	2050
304998	62	126	14	78	142	30	94	158	46	110	174	2036	2026	2129	2021	2001	1982	2021	2074	1991	2021	2020	2018
304998	62	126	14	78	142	30	94	158	46	110	174	2004	2058	2149	2007	1981	1951	2018	2090	1962	2021	2050	1985
304998	62	126	14	78	142	30	94	158	46	110	174	1983	2065	2152	1996	1986	1941	1994	2094	1956	2021	2070	1984
304998	62	126	14	78	142	30	94	158	46	110	174	2002	2044	2144	2004	1992	1962	2009	2091	1988	2022	2051	2009
304998	62	126	14	78	142	30	94	158	46	110	174	2020	2014	2128	2017	2009	1997	2020	2068	2009	2022	2012	2042
304998	62	126	14	78	142	30	94	158	46	110	174	2050	1996	2107	2032	2020	2009	2033	2058	2019	2019	1989	2045
304998	62	126	14	78	142	30	94	158	46	110	174	2048	2009	2112	2030	2007	1991	2041	2067	2000	2021	2003	2025
304998	62	126	14	78	142	30	94	158	46	110	174	2014	2038	2139	2018	2004	1963	2014	2076	1985	2017	2043	2000
304998	62	126	14	78	142	30	94	158	46	110	174	1990	2063	2158	1995	1985	1942	2008	2098	1961	2020	2062	1994
304998	62	126	14	78	142	30	94	158	46	110	174	1982	2056	2163	1996	1979	1953	1994	2097	1963	2022	2061	1999
304998	62	126	14	78	142	30	94	158	46	110	174	2004	2034	2136	2008	1999	1978	2014	2081	1990	2020	2027	2015
304998	62	126	14	78	142	30	94	158	46	110	174	2045	2006	2105	2025	2018	2004	2031	2063	2012	2022	1997	2041
304998	62	126	14	78	142	30	94	158	46	110	174	2054	1992	2106	2036	2017	2009	2034	2051	2026	2020	1999	2042
304998	62	126	14	78	142	30	94	158	46	110	174	2037	2015	2122	2022	2008	1981	2029	2072	1996	2020	2017	2027
304998	62	126	14	78	142	30	94	158	46	110	174	2004	2049	2157	2004	1988	1957	2006	2091	1964	2016	2050	1996
304998	62	126	14	78	142	30	94	158	46	110	174	1972	2065	2173	1993	1980	1946	1995	2096	1957	2020	2059	1978
304998	62	126	14	78	142	30	94	158	46	110	174	1997	2054	2146	2001	1986	1963	2003	2087	1974	2020	2056	1997
304998	62	126	14	78	142	30	94	158	46	110	174	2026	2018	2119	2023	1996	1992	2021	2066	2010	2020	2022	2031
304998	62	126	14	78	142	30	94	158	46	110	174	2054	1994	2098	2029	2022	2004	2042	2062	2017	2021	1994	2054
304998	62	126	14	78	142	30	94	158	46	110	174	2049	1995	2114	2032	2017	2003	2035	2066	2008	2022	1999	2037
304998	62	126	14	78	142	30	94	158	46	110	174	2019	2030	2150	2019	1995	1970	2026	2080	1979	2021	2030	2000
304998	62	126	14	78	142	30	94	158	46	110	174	1996	2068	2166	1995	1986	1940	2003	2094	1960	2021	2065	1989
304998	62	126	14	78	142	30	94	158	46	110	174	1988	2068	2151	1997	1983	1941	2017	2106	1968	2019	2067	1991
304998	62	126	14	78	142	30	94	158	46	110	174	2008	2035	2129	2009	1996	1975	2022	2084	1986	2020	2031	2015
304998	62	126	14	78	142	30	94	158	46	110	174	2039	2004	2106	2024	2015	2004	2028	2062	2011	2016	1997	2042
304998	62	126	14	78	142	30	94	158	46	110	174	2056	1986	2114	2036	2017	2013	2052	2057	2019	2019	1999	2038
304998	62	126	14	78	142	30	94	158	46	110	174	2037	2017	2128	2024	2010	1981	2031	2064	2005	2017	2014	2029
304998	62	126	14	78	142	30	94	158	46	110	174	2010	2056	2150	2009	1999	1953	2020	2093	1961	2020	2045	1999
304998	62	126	14	78	142	30	94	158	46	110	174	1989	2067	2158	1994	1980	1940	1995	2099	1957	2019	2057	1980
304998	62	126	14	78	142	30	94	158	46	110	174	1996	2052	2146	2002	1996	1952	1999	2091	1968	2020	2045	1993
304998	62	126	14	78	142	30	94	158	46	110	174	2018	2014	2130	2017	1994	1999	2010	2068	2005	2017	2026	2025
304998	62	126	14	78	142	30	94	158	46	110	174	2040	1989	2115	2037	2011	2007	2026	2059	2022	2018	1995	2050
304998	62	126	14	78	142	30	94	158	46	110	174	2054	2004	2109	2031	2017	1999	2040	2062	2015	2019	1990	2045
304998	62	126	14	78	142	30	94	158	46	110	174	2031	2028	2134	2022	1997	1974	2022	2074	1983	2017	2023	2006
304998	62	126	14	78	142	30	94	158	46	110	174	2002	2062	2156	1997	1991	1943	2004	2092	1956	2021	2060	1976
304998	62	126	14	78	142	30	94	158	46	110	174	1991	2065	2164	1997	1981	1954	2007	2098	1968	2016	2065	1987
304998	62	126	14	78	142	30	94	158	46	110	174	2005	2042	2145	2009	1983	1977	2014	2084	1987	2020	2038	2016
304998	62	126	14	78	142	30	94	158	46	110	174	2039	2012	2109	2023	2015	1995	2027	2066	2008	2017	2003	2035
304998	62	126	14	78	142	30	94	158	46	110	174	2061	1997	2096	2037	2015	2009	2042	2059	2019	2019	1993	2040
304998	62	126	14	78	142	30	94	158	46	110	174	2042	2004	2118	2032	2015	1988	2034	2056	2004	2020	2008	2021
304998	62	126	14	78	142	30	94	158	46	110	174	2017	2041	2150	2008	1997	1959	2033	2092	1969	2019	2044	2004
304998	62	126	14	78	142	30	94	158	46	110	174	1990	2063	2167	2003	1973	1946	2005	2100	1952	2019	2061	1985
304998	62	126	14	78	142	30	94	158	46	110	174	1993	2063	2154	1997	1994	1948	2008	2091	1962	2020	2048	1989
304998	62	126	14	78	142	30	94	158	46	110	174	2023	2031	2120	2013	2001	1984	2033	2072	1996	2022	2022	2018
304998	62	126	14	78	142	30	94	158	46	110	174	2048	1993	2098	2031	2017	2005	2028	2058	2023	2020	2001	2047
304998	62	126	14	78	142	30	94	158	46	110	174	2058	1997	2101	2032	2019	2003	2042	2065	2007	2021	1996	2045
304998	62	126	14	78	142	30	94	158	46	110	174	2031	2014	2142	2020	1992	1978	2020	2077	1984	2021	2019	2016
