304998	62	126	14	78	142	30	94	158	46	110	174	2062	1993	2139	2044	2024	1992	2050	2046	2003	2020	1986	2017
304998	62	126	14	78	142	30	94	158	46	110	174	2060	1996	2139	2044	2032	1983	2042	2053	1993	2018	1991	2010
304998	62	126	14	78	142	30	94	158	46	110	174	2025	2028	2136	2026	1988	1973	2021	2072	1981	2018	2030	2002
304998	62	126	14	78	142	30	94	158	46	110	174	1985	2055	2138	1995	1979	1955	1987	2093	1977	2017	2067	2020
304998	62	126	14	78	142	30	94	158	46	110	174	1979	2061	2129	1989	1979	1962	2014	2106	1969	2018	2071	2019
304998	62	126	14	78	142	30	94	158	46	110	174	2010	2030	2139	2016	1990	1972	1998	2077	1983	2018	2032	2011
304998	62	126	14	78	142	30	94	158	46	110	174	2044	1996	2138	2034	2022	1985	2027	2048	1996	2017	2001	2010
304998	62	126	14	78	142	30	94	158	46	110	174	2060	1989	2144	2049	2029	1991	2040	2042	2010	2018	1987	2009
304998	62	126	14	78	142	30	94	158	46	110	174	2039	2004	2142	2043	2009	1984	2031	2063	1995	2017	2011	2019
304998	62	126	14	78	142	30	94	158	46	110	174	2008	2049	2133	2009	1991	1966	2017	2088	1972	2021	2047	2019
304998	62	126	14	78	142	30	94	158	46	110	174	1980	2059	2126	1991	1966	1957	1983	2101	1967	2020	2067	2006
304998	62	126	14	78	142	30	94	158	46	110	174	1993	2046	2125	1997	1980	1960	1998	2087	1982	2022	2060	2011
304998	62	126	14	78	142	30	94	158	46	110	174	2021	2015	2137	2020	2011	1981	2022	2064	1999	2017	2026	2015
304998	62	126	14	78	142	30	94	158	46	110	174	2058	1989	2140	2048	2021	1991	2043	2048	2001	2021	1992	2016
304998	62	126	14	78	142	30	94	158	46	110	174	2061	2003	2140	2050	2033	1987	2048	2050	1998	2020	1992	2020
304998	62	126	14	78	142	30	94	158	46	110	174	2034	2025	2126	2028	1997	1980	2033	2065	1987	2019	2022	2008
304998	62	126	14	78	142	30	94	158	46	110	174	1993	2051	2127	2001	1980	1955	1995	2089	1978	2018	2066	2009
304998	62	126	14	78	142	30	94	158	46	110	174	1985	2058	2128	1994	1977	1954	1991	2103	1969	2017	2076	2021
304998	62	126	14	78	142	30	94	158	46	110	174	2003	2029	2145	2006	1985	1969	2005	2083	1986	2017	2044	2019
304998	62	126	14	78	142	30	94	158	46	110	174	2038	2006	2143	2031	2021	1985	2027	2058	2000	2021	2001	2015
304998	62	126	14	78	142	30	94	158	46	110	174	2065	1996	2138	2048	2031	1996	2047	2041	2007	2017	1985	2007
304998	62	126	14	78	142	30	94	158	46	110	174	2048	2003	2132	2043	2012	1983	2028	2056	1997	2016	2010	2016
304998	62	126	14	78	142	30	94	158	46	110	174	2016	2032	2129	2018	1994	1959	2013	2081	1976	2017	2044	2022
304998	62	126	14	78	142	30	94	158	46	110	174	1978	2052	2138	1995	1969	1957	1985	2096	1967	2020	2066	2013
304998	62	126	14	78	142	30	94	158	46	110	174	1985	2048	2136	1999	1986	1960	1995	2091	1976	2021	2060	2012
304998	62	126	14	78	142	30	94	158	46	110	174	2014	2025	2136	2018	2005	1977	2008	2065	1997	2022	2026	2004
304998	62	126	14	78	142	30	94	158	46	110	174	2057	1996	2129	2041	2021	1988	2038	2049	2005	2018	1996	2015
304998	62	126	14	78	142	30	94	158	46	110	174	2068	1993	2133	2049	2032	1984	2060	2048	2003	2020	1988	2022
304998	62	126	14	78	142	30	94	158	46	110	174	2041	2017	2129	2031	2006	1975	2027	2066	1986	2019	2019	2015
304998	62	126	14	78	142	30	94	158	46	110	174	1997	2045	2135	2006	1976	1966	2005	2086	1976	2022	2054	2006
304998	62	126	14	78	142	30	94	158	46	110	174	1970	2054	2142	1988	1966	1955	1978	2095	1970	2016	2075	2013
304998	62	126	14	78	142	30	94	158	46	110	174	1996	2044	2133	2008	1985	1968	2010	2090	1982	2019	2048	2015
304998	62	126	14	78	142	30	94	158	46	110	174	2041	2005	2137	2033	2016	1982	2028	2058	1994	2019	2005	2017
304998	62	126	14	78	142	30	94	158	46	110	174	2065	1989	2129	2044	2034	1988	2043	2041	2006	2022	1983	2009
304998	62	126	14	78	142	30	94	158	46	110	174	2054	2001	2139	2042	2020	1985	2036	2059	1996	2022	1999	2006
304998	62	126	14	78	142	30	94	158	46	110	174	2016	2031	2140	2016	1999	1963	2023	2079	1982	2019	2045	2015
304998	62	126	14	78	142	30	94	158	46	110	174	1985	2059	2129	1995	1971	1955	1987	2091	1966	2019	2068	2019
304998	62	126	14	78	142	30	94	158	46	110	174	1983	2057	2125	1995	1977	1955	1986	2087	1969	2018	2059	2016
304998	62	126	14	78	142	30	94	158	46	110	174	2014	2019	2133	2012	2001	1973	2006	2073	1995	2019	2025	2004
304998	62	126	14	78	142	30	94	158	46	110	174	2051	1995	2137	2036	2025	1988	2044	2057	2003	2022	1998	2009
304998	62	126	14	78	142	30	94	158	46	110	174	2062	1991	2142	2047	2024	1990	2046	2047	2001	2020	1990	2017
304998	62	126	14	78	142	30	94	158	46	110	174	2034	2019	2142	2032	2009	1975	2023	2055	1987	2021	2016	2020
304998	62	126	14	78	142	30	94	158	46	110	174	1999	2048	2129	2006	1983	1958	2001	2084	1983	2020	2051	2014
304998	62	126	14	78	142	30	94	158	46	110	174	1983	2062	2127	1990	1973	1953	1983	2098	1976	2021	2069	2003
304998	62	126	14	78	142	30	94	158	46	110	174	1996	2039	2133	1998	1986	1968	1998	2084	1977	2019	2060	2017
304998	62	126	14	78	142	30	94	158	46	110	174	2032	2010	2137	2026	2009	1985	2031	2063	1995	2022	2014	2016
304998	62	126	14	78	142	30	94	158	46	110	174	2055	1990	2148	2053	2032	1991	2044	2040	2008	2020	1985	2017
304998	62	126	14	78	142	30	94	158	46	110	174	2055	2004	2133	2043	2025	1979	2039	2059	2001	2016	1997	2011
304998	62	126	14	78	142	30	94	158	46	110	174	2026	2031	2125	2026	1989	1974	2037	2084	1983	2022	2035	2006
304998	62	126	14	78	142	30	94	158	46	110	174	1986	2048	2127	1996	1977	1955	1985	2096	1969	2016	2071	2013
304998	62	126	14	78	142	30	94	158	46	110	174	1983	2054	2133	1990	1976	1962	2005	2093	1973	2022	2066	2015
304998	62	126	14	78	142	30	94	158	46	110	174	2008	2024	2142	2011	1996	1968	2000	2072	1996	2021	2032	2019
304998	62	126	14	78	142	30	94	158	46	110	174	2048	2003	2141	2037	2025	1987	2039	2054	2003	2017	1990	2004
304998	62	126	14	78	142	30	94	158	46	110	174	2062	1993	2143	2048	2034	1992	2043	2043	2003	2017	1989	2010
304998	62	126	14	78	142	30	94	158	46	110	174	2039	2007	2125	2038	2012	1979	2027	2058	1991	2019	2017	2015
304998	62	126	14	78	142	30	94	158	46	110	174	2009	2038	2127	2008	1991	1965	2003	2081	1979	2017	2050	2020
304998	62	126	14	78	142	30	94	158	46	110	174	1983	2057	2137	1992	1960	1959	1985	2097	1968	2021	2068	2015
304998	62	126	14	78	142	30	94	158	46	110	174	1990	2048	2140	2000	1985	1962	2006	2088	1977	2020	2057	2004
304998	62	126	14	78	142	30	94	158	46	110	174	2028	2017	2138	2025	2011	1977	2018	2062	1986	2016	2022	2013
304998	62	126	14	78	142	30	94	158	46	110	174	2062	1997	2131	2048	2025	1994	2047	2043	2006	2017	1990	2017
304998	62	126	14	78	142	30	94	158	46	110	174	2062	1996	2131	2045	2031	1987	2038	2048	2004	2019	1989	2018
304998	62	126	14	78	142	30	94	158	46	110	174	2031	2022	2138	2026	1994	1977	2028	2074	1985	2022	2024	2010
304998	62	126	14	78	142	30	94	158	46	110	174	1993	2051	2137	2006	1962	1959	1996	2090	1969	2018	2062	2008
304998	62	126	14	78	142	30	94	158	46	110	174	1979	2056	2132	1993	1978	1951	1987	2094	1972	2021	2070	2015
304998	62	126	14	78	142	30	94	158	46	110	174	2005	2034	2134	2012	1986	1973	2002	2075	1986	2016	2039	2019
304998	62	126	14	78	142	30	94	158	46	110	174	2045	2005	2129	2031	2027	1988	2030	2058	2001	2020	1998	2016
304998	62	126	14	78	142	30	94	158	46	110	174	2063	1985	2136	2050	2033	1989	2042	2041	2005	2016	1984	2009
304998	62	126	14	78	142	30	94	158	46	110	174	2049	2004	2138	2040	2015	1981	2032	2054	1992	2017	2011	2011
304998	62	126	14	78	142	30	94	158	46	110	174	2010	2039	2144	2014	1993	1960	2008	2077	1984	2017	2050	2020
304998	62	126	14	78	142	30	94	158	46	110	174	1982	2065	2131	1990	1974	1956	1987	2097	1975	2022	2071	2016
304998	62	126	14	78	142	30	94	158	46	110	174	1986	2050	2127	1998	1983	1960	1996	2091	1975	2017	2058	2014
304998	62	126	14	78	142	30	94	158	46	110	174	2020	2015	2138	2019	2004	1975	2011	2067	1989	2020	2020	2006
304998	62	126	14	78	142	30	94	158	46	110	174	2058	1996	2134	2042	2030	1987	2038	2040	2006	2017	1992	2011
304998	62	126	14	78	142	30	94	158	46	110	174	2061	1996	2142	2046	2029	1983	2048	2050	2008	2017	1996	2022
304998	62	126	14	78	142	30	94	158	46	110	174	2029	2021	2142	2028	2007	1970	2028	2068	1984	2016	2019	2015
304998	62	126	14	78	142	30	94	158	46	110	174	1993	2057	2126	2002	1970	1964	2000	2092	1966	2018	2060	2010
304998	62	126	14	78	142	30	94	158	46	110	174	1983	2059	2123	1987	1964	1958	1991	2093	1971	2021	2073	2011
304998	62	126	14	78	142	30	94	158	46	110	174	1995	2035	2126	2003	1991	1965	1991	2077	1984	2018	2048	2018
304998	62	126	14	78	142	30	94	158	46	110	174	2043	2007	2137	2032	2010	1984	2048	2059	2003	2021	2005	2016
304998	62	126	14	78	142	30	94	158	46	110	174	2059	1988	2147	2050	2035	1988	2045	2046	2003	2017	1981	2012
304998	62	126	14	78	142	30	94	158	46	110	174	2049	2008	2133	2037	2021	1983	2045	2057	1993	2017	1996	2011
304998	62	126	14	78	142	30	94	158	46	110	174	2017	2036	2128	2018	1983	1969	2008	2077	1989	2017	2045	2012
304998	62	126	14	78	142	30	94	158	46	110	174	1977	2050	2130	1995	1971	1958	1983	2099	1970	2022	2073	2018
304998	62	126	14	78	142	30	94	158	46	110	174	1984	2044	2133	1995	1978	1954	1986	2091	1975	2018	2065	2020
304998	62	126	14	78	142	30	94	158	46	110	174	2011	2018	2144	2019	2000	1979	2008	2064	1989	2020	2022	2011
304998	62	126	14	78	142	30	94	158	46	110	174	2052	1996	2140	2042	2029	1989	2039	2043	2009	2016	1995	2007
304998	62	126	14	78	142	30	94	158	46	110	174	2059	1996	2141	2050	2032	1993	2040	2046	2009	2020	1995	2011
304998	62	126	14	78	142	30	94	158	46	110	174	2033	2015	2129	2035	2007	1975	2019	2065	1982	2016	2022	2021
304998	62	126	14	78	142	30	94	158	46	110	174	1999	2043	2128	2005	1981	1954	1996	2093	1968	2019	2059	2016
304998	62	126	14	78	142	30	94	158	46	110	174	1977	2058	2130	1991	1967	1956	1996	2101	1974	2022	2068	2010
304998	62	126	14	78	142	30	94	158	46	110	174	1996	2044	2137	2005	1985	1965	2005	2084	1985	2017	2050	2006
304998	62	126	14	78	142	30	94	158	46	110	174	2032	2016	2134	2026	2016	1986	2026	2068	1996	2020	2015	2014
304998	62	126	14	78	142	30	94	158	46	110	174	2061	1996	2134	2045	2032	1993	2050	2046	2007	2022	1990	2017
304998	62	126	14	78	142	30	94	158	46	110	174	2054	2001	2127	2039	2023	1979	2048	2051	1993	2020	1996	2012
304998	62	126	14	78	142	30	94	158	46	110	174	2020	2028	2133	2016	1993	1970	2012	2076	1987	2021	2036	2006
304998	62	126	14	78	142	30	94	158	46	110	174	1983	2051	2131	1996	1971	1955	1983	2096	1972	2018	2071	2012
304998	62	126	14	78	142	30	94	158	46	110	174	1984	2059	2133	1990	1978	1960	1995	2101	1975	2018	2068	2016
304998	62	126	14	78	142	30	94	158	46	110	174	2008	2028	2135	2014	1996	1976	2006	2073	1988	2017	2031	2016
304998	62	126	14	78	142	30	94	158	46	110	174	2049	1997	2133	2043	2020	1986	2033	2046	2002	2020	1995	2011
304998	62	126	14	78	142	30	94	158	46	110	174	2058	1987	2141	2048	2035	1984	2042	2039	2009	2017	1991	2008
304998	62	126	14	78	142	30	94	158	46	110	174	2037	2010	2135	2031	2010	1986	2024	2063	1994	2020	2020	2013
304998	62	126	14	78	142	30	94	158	46	110	174	1999	2039	2139	2008	1985	1962	2002	2088	1971	2018	2054	2019
304998	62	126	14	78	142	30	94	158	46	110	174	1979	2063	2130	1990	1968	1953	1981	2097	1967	2017	2070	2017
304998	62	126	14	78	142	30	94	158	46	110	174	1995	2048	2125	2004	1977	1967	1996	2083	1985	2022	2048	2009
304998	62	126	14	78	142	30	94	158	46	110	174	2030	2009	2128	2024	2011	1975	2017	2063	1998	2020	2017	2011
304998	62	126	14	78	142	30	94	158	46	110	174	2060	1990	2138	2047	2027	1999	2046	2042	2005	2018	1991	2015
304998	62	126	14	78	142	30	94	158	46	110	174	2050	1996	2148	2042	2028	1984	2037	2049	1997	2018	1996	2013
304998	62	126	14	78	142	30	94	158	46	110	174	2019	2025	2142	2019	1997	1966	2019	2070	1983	2020	2034	2015
304998	62	126	14	78	142	30	94	158	46	110	174	1988	2061	2128	2003	1970	1959	1989	2096	1971	2017	2064	2010
304998	62	126	14	78	142	30	94	158	46	110	174	1979	2054	2128	1994	1972	1956	1985	2097	1972	2021	2072	2014
304998	62	126	14	78	142	30	94	158	46	110	174	2007	2030	2129	2008	1996	1971	2004	2077	1985	2021	2039	2021
304998	62	126	14	78	142	30	94	158	46	110	174	2043	1998	2143	2037	2022	1995	2035	2051	1997	2017	1997	2011
304998	62	126	14	78	142	30	94	158	46	110	174	2059	1992	2146	2050	2022	1995	2044	2038	2009	2016	1985	2008
304998	62	126	14	78	142	30	94	158	46	110	174	2039	2010	2135	2031	2015	1981	2029	2055	1992	2022	2016	2004
304998	62	126	14	78	142	30	94	158	46	110	174	2010	2039	2128	2010	1981	1965	2008	2085	1976	2019	2056	2018
304998	62	126	14	78	142	30	94	158	46	110	174	1978	2049	2127	1989	1973	1954	1981	2097	1969	2016	2068	2021
304998	62	126	14	78	142	30	94	158	46	110	174	1991	2041	2137	1995	1979	1969	1999	2084	1977	2018	2055	2014
304998	62	126	14	78	142	30	94	158	46	110	174	2022	2018	2143	2022	1999	1982	2014	2067	1996	2022	2023	2011
304998	62	126	14	78	142	30	94	158	46	110	174	2051	1996	2143	2046	2032	1989	2037	2048	2005	2022	1997	2008
304998	62	126	14	78	142	30	94	158	46	110	174	2063	2000	2129	2047	2022	1985	2042	2045	2001	2017	1999	2021
304998	62	126	14	78	142	30	94	158	46	110	174	2023	2019	2131	2022	2004	1973	2019	2068	1982	2018	2025	2018
304998	62	126	14	78	142	30	94	158	46	110	174	1990	2051	2129	1998	1976	1963	1994	2092	1982	2017	2059	2014
304998	62	126	14	78	142	30	94	158	46	110	174	1980	2059	2136	1988	1968	1963	1996	2103	1972	2020	2075	2009
304998	62	126	14	78	142	30	94	158	46	110	174	2002	2035	2139	2005	1992	1967	1998	2079	1987	2021	2047	2012
304998	62	126	14	78	142	30	94	158	46	110	174	2039	2008	2130	2034	2020	1979	2037	2058	1999	2021	2009	2019
304998	62	126	14	78	142	30	94	158	46	110	174	2060	1990	2134	2049	2034	1987	2048	2036	2006	2020	1986	2015
304998	62	126	14	78	142	30	94	158	46	110	174	2044	1999	2134	2036	2016	1980	2028	2057	2001	2020	2003	2009
304998	62	126	14	78	142	30	94	158	46	110	174	2011	2036	2136	2011	1988	1971	2030	2093	1983	2020	2050	2011
304998	62	126	14	78	142	30	94	158	46	110	174	1978	2057	2143	1992	1965	1953	1986	2098	1968	2021	2077	2025
304998	62	126	14	78	142	30	94	158	46	110	174	1988	2056	2129	1999	1979	1961	1987	2095	1976	2020	2063	2022
304998	62	126	14	78	142	30	94	158	46	110	174	2017	2024	2129	2020	2006	1973	2016	2067	1996	2018	2020	2013
304998	62	126	14	78	142	30	94	158	46	110	174	2049	1991	2133	2043	2027	1987	2034	2047	2006	2017	1988	2009
304998	62	126	14	78	142	30	94	158	46	110	174	2062	1992	2140	2043	2029	1996	2045	2047	2003	2021	1996	2011
304998	62	126	14	78	142	30	94	158	46	110	174	2028	2015	2150	2029	1996	1978	2019	2069	1983	2018	2027	2018
304998	62	126	14	78	142	30	94	158	46	110	174	1996	2054	2131	2007	1980	1954	1997	2088	1972	2016	2061	2020
304998	62	126	14	78	142	30	94	158	46	110	174	1979	2063	2122	1991	1973	1953	1978	2097	1974	2020	2069	2013
304998	62	126	14	78	142	30	94	158	46	110	174	2001	2034	2129	2008	1979	1966	1993	2083	1982	2018	2045	2007
304998	62	126	14	78	142	30	94	158	46	110	174	2038	2004	2134	2029	2022	1983	2029	2054	1991	2020	2015	2013
304998	62	126	14	78	142	30	94	158	46	110	174	2062	1989	2147	2051	2019	1994	2049	2043	2002	2019	1991	2015
304998	62	126	14	78	142	30	94	158	46	110	174	2047	2006	2144	2038	2023	1983	2044	2051	2001	2018	1999	2015
304998	62	126	14	78	142	30	94	158	46	110	174	2017	2038	2126	2014	1996	1962	2013	2082	1985	2017	2036	2014
304998	62	126	14	78	142	30	94	158	46	110	174	1983	2059	2122	1992	1966	1960	1987	2100	1973	2021	2070	2013
304998	62	126	14	78	142	30	94	158	46	110	174	1984	2048	2125	1987	1976	1966	1993	2099	1971	2020	2071	2019
304998	62	126	14	78	142	30	94	158	46	110	174	2017	2019	2138	2014	1995	1978	2020	2068	1984	2023	2028	2020
304998	62	126	14	78	142	30	94	158	46	110	174	2049	1998	2147	2041	2021	1985	2038	2046	2009	2017	1996	2010
304998	62	126	14	78	142	30	94	158	46	110	174	2062	2000	2138	2049	2036	1985	2051	2049	2005	2021	1988	2006
304998	62	126	14	78	142	30	94	158	46	110	174	2040	2017	2132	2032	2012	1978	2022	2059	1986	2016	2022	2015
304998	62	126	14	78	142	30	94	158	46	110	174	1995	2045	2128	2008	1973	1963	1993	2085	1974	2020	2060	2021
304998	62	126	14	78	142	30	94	158	46	110	174	1980	2056	2128	1988	1969	1958	1983	2096	1975	2021	2070	2022
304998	62	126	14	78	142	30	94	158	46	110	174	1984	2040	2143	2002	1976	1971	1987	2085	1983	2018	2044	2014
304998	62	126	14	78	142	30	94	158	46	110	174	2027	2010	2140	2026	2012	1978	2022	2062	1994	2017	2016	2004
304998	62	126	14	78	142	30	94	158	46	110	174	2055	1997	2134	2047	2032	1989	2045	2045	1998	2020	1997	2017
304998	62	126	14	78	142	30	94	158	46	110	174	2059	1998	2127	2047	2018	1989	2048	2052	1997	2016	2000	2017
304998	62	126	14	78	142	30	94	158	46	110	174	2015	2022	2136	2016	1998	1970	2013	2076	1990	2018	2029	2018
304998	62	126	14	78	142	30	94	158	46	110	174	1985	2052	2135	1992	1970	1959	1993	2100	1974	2020	2066	2012
304998	62	126	14	78	142	30	94	158	46	110	174	1981	2056	2137	1996	1975	1957	1986	2099	1971	2016	2070	2011
304998	62	126	14	78	142	30	94	158	46	110	174	2006	2034	2136	2013	1998	1975	2007	2072	1988	2016	2039	2021
304998	62	126	14	78	142	30	94	158	46	110	174	2051	2002	2129	2036	2018	1992	2037	2046	2009	2018	1995	2015
304998	62	126	14	78	142	30	94	158	46	110	174	2063	1990	2132	2050	2034	1987	2043	2046	2005	2020	1986	2009
304998	62	126	14	78	142	30	94	158	46	110	174	2038	2009	2139	2032	2012	1981	2034	2057	1991	2022	2014	2009
