304998	62	126	14	78	142	30	94	158	46	110	174	2038	2027	2124	2018	2003	1981	2025	2075	1984	2017	2011	2020
304998	62	126	14	78	142	30	94	158	46	110	174	2010	2081	2156	1988	2007	1937	2012	2109	1952	2021	2040	2007
304998	62	126	14	78	142	30	94	158	46	110	174	2003	2100	2173	1977	1993	1937	2008	2133	1952	2017	2047	1985
304998	62	126	14	78	142	30	94	158	46	110	174	2013	2065	2154	1987	2007	1964	2027	2107	1970	2017	2041	2005
304998	62	126	14	78	142	30	94	158	46	110	174	2031	2006	2116	2019	2011	1998	2025	2063	2012	2017	2011	2031
304998	62	126	14	78	142	30	94	158	46	110	174	2053	1979	2085	2036	2022	2021	2037	2039	2036	2019	1993	2042
304998	62	126	14	78	142	30	94	158	46	110	174	2049	1996	2104	2032	2018	1996	2058	2052	2024	2021	1998	2024
304998	62	126	14	78	142	30	94	158	46	110	174	2025	2049	2146	2007	2009	1957	2018	2097	1970	2017	2028	2007
304998	62	126	14	78	142	30	94	158	46	110	174	2004	2096	2175	1984	1985	1942	2015	2128	1936	2020	2053	1995
304998	62	126	14	78	142	30	94	158	46	110	174	1996	2091	2175	1981	1997	1940	2006	2120	1951	2021	2046	2001
304998	62	126	14	78	142	30	94	158	46	110	174	2020	2038	2127	2003	2008	1980	2021	2085	1994	2017	2020	2016
304998	62	126	14	78	142	30	94	158	46	110	174	2046	1985	2094	2030	2014	2009	2033	2050	2031	2018	1992	2029
304998	62	126	14	78	142	30	94	158	46	110	174	2058	1974	2089	2034	2019	2012	2034	2043	2028	2021	1997	2028
304998	62	126	14	78	142	30	94	158	46	110	174	2039	2011	2126	2019	2013	1982	2025	2068	1992	2020	2015	2023
304998	62	126	14	78	142	30	94	158	46	110	174	2014	2074	2168	1992	2000	1947	2029	2107	1954	2017	2039	2005
304998	62	126	14	78	142	30	94	158	46	110	174	1999	2103	2189	1981	1999	1928	2008	2127	1943	2018	2049	1986
304998	62	126	14	78	142	30	94	158	46	110	174	2014	2073	2147	1991	2006	1957	2012	2111	1959	2019	2038	1997
304998	62	126	14	78	142	30	94	158	46	110	174	2038	2011	2106	2017	2006	1997	2033	2073	2009	2020	2013	2027
304998	62	126	14	78	142	30	94	158	46	110	174	2044	1964	2092	2035	2022	2017	2038	2036	2036	2021	1991	2047
304998	62	126	14	78	142	30	94	158	46	110	174	2048	1985	2108	2031	2020	2010	2054	2050	2024	2020	1997	2029
304998	62	126	14	78	142	30	94	158	46	110	174	2026	2039	2163	2013	2006	1965	2019	2089	1976	2023	2022	2001
304998	62	126	14	78	142	30	94	158	46	110	174	2005	2098	2175	1987	1994	1937	2007	2126	1943	2020	2054	1987
304998	62	126	14	78	142	30	94	158	46	110	174	1999	2097	2170	1981	1998	1937	2001	2117	1943	2020	2054	1999
304998	62	126	14	78	142	30	94	158	46	110	174	2013	2039	2131	2001	2003	1975	2010	2084	1987	2016	2026	2020
304998	62	126	14	78	142	30	94	158	46	110	174	2042	1986	2101	2022	2018	2013	2032	2053	2028	2022	1992	2029
304998	62	126	14	78	142	30	94	158	46	110	174	2054	1971	2100	2038	2010	2022	2039	2049	2031	2022	1991	2031
304998	62	126	14	78	142	30	94	158	46	110	174	2039	2013	2126	2017	2011	1988	2033	2066	1998	2022	2011	2027
304998	62	126	14	78	142	30	94	158	46	110	174	2019	2069	2156	1998	2006	1941	2035	2104	1955	2021	2039	2006
304998	62	126	14	78	142	30	94	158	46	110	174	2003	2098	2178	1986	1980	1929	2003	2123	1943	2017	2051	1986
304998	62	126	14	78	142	30	94	158	46	110	174	2006	2074	2158	1984	2006	1948	2006	2114	1960	2020	2042	1999
304998	62	126	14	78	142	30	94	158	46	110	174	2028	2016	2122	2014	1998	1999	2027	2072	2007	2021	2024	2020
304998	62	126	14	78	142	30	94	158	46	110	174	2036	1969	2106	2035	2017	2016	2030	2039	2034	2016	1995	2045
304998	62	126	14	78	142	30	94	158	46	110	174	2054	1984	2096	2032	2020	2004	2036	2046	2031	2018	1994	2040
304998	62	126	14	78	142	30	94	158	46	110	174	2034	2031	2146	2016	2009	1973	2020	2080	1983	2020	2016	2008
304998	62	126	14	78	142	30	94	158	46	110	174	2008	2082	2167	1992	1996	1932	2008	2117	1938	2017	2050	1981
304998	62	126	14	78	142	30	94	158	46	110	174	1998	2093	2178	1980	1996	1935	1998	2122	1941	2017	2055	1990
304998	62	126	14	78	142	30	94	158	46	110	174	2009	2046	2149	2007	1989	1974	2008	2084	1987	2018	2031	2015
304998	62	126	14	78	142	30	94	158	46	110	174	2038	1999	2099	2022	2015	2006	2025	2054	2029	2018	1996	2031
304998	62	126	14	78	142	30	94	158	46	110	174	2058	1972	2078	2036	2013	2017	2042	2039	2036	2016	1987	2036
304998	62	126	14	78	142	30	94	158	46	110	174	2044	1994	2121	2023	2015	1994	2031	2060	2006	2023	2010	2023
304998	62	126	14	78	142	30	94	158	46	110	174	2017	2059	2157	2002	2002	1951	2026	2098	1961	2019	2039	2001
304998	62	126	14	78	142	30	94	158	46	110	174	2001	2097	2187	1989	1975	1935	2016	2122	1941	2016	2057	1993
304998	62	126	14	78	142	30	94	158	46	110	174	1993	2086	2160	1988	2001	1943	1997	2113	1953	2018	2047	1993
304998	62	126	14	78	142	30	94	158	46	110	174	2025	2033	2114	2011	2000	1987	2029	2076	1996	2019	2019	2011
304998	62	126	14	78	142	30	94	158	46	110	174	2039	1969	2101	2032	2019	2021	2029	2041	2033	2020	1997	2046
304998	62	126	14	78	142	30	94	158	46	110	174	2054	1973	2101	2032	2020	2015	2048	2044	2039	2020	1995	2044
304998	62	126	14	78	142	30	94	158	46	110	174	2033	2024	2143	2019	2002	1974	2021	2074	1993	2018	2015	2012
304998	62	126	14	78	142	30	94	158	46	110	174	1998	2083	2176	1997	1997	1929	2006	2106	1943	2022	2045	1981
304998	62	126	14	78	142	30	94	158	46	110	174	1995	2101	2177	1983	1991	1929	2000	2118	1933	2020	2065	1984
304998	62	126	14	78	142	30	94	158	46	110	174	2008	2051	2143	1996	1995	1969	2007	2088	1975	2016	2041	2008
304998	62	126	14	78	142	30	94	158	46	110	174	2039	1997	2101	2019	2015	2007	2019	2056	2026	2022	2002	2043
304998	62	126	14	78	142	30	94	158	46	110	174	2049	1970	2094	2034	2016	2025	2037	2040	2040	2021	1983	2041
304998	62	126	14	78	142	30	94	158	46	110	174	2047	1996	2118	2031	2017	1993	2037	2053	2010	2018	2008	2021
304998	62	126	14	78	142	30	94	158	46	110	174	2024	2055	2147	2001	2004	1955	2013	2088	1964	2022	2037	2009
304998	62	126	14	78	142	30	94	158	46	110	174	2002	2095	2170	1992	1981	1938	2016	2117	1942	2018	2058	1986
304998	62	126	14	78	142	30	94	158	46	110	174	1992	2075	2164	1987	1997	1943	2004	2115	1956	2018	2048	1992
304998	62	126	14	78	142	30	94	158	46	110	174	2020	2030	2129	2008	2007	1984	2023	2086	1993	2019	2020	2018
304998	62	126	14	78	142	30	94	158	46	110	174	2044	1980	2094	2029	2018	2011	2049	2052	2033	2017	1998	2041
304998	62	126	14	78	142	30	94	158	46	110	174	2057	1980	2091	2041	2017	2010	2064	2043	2037	2022	1995	2047
304998	62	126	14	78	142	30	94	158	46	110	174	2039	2020	2120	2024	1990	1991	2028	2071	1998	2019	2016	2025
304998	62	126	14	78	142	30	94	158	46	110	174	2004	2069	2161	2004	1996	1942	2003	2105	1946	2022	2045	1986
304998	62	126	14	78	142	30	94	158	46	110	174	1994	2084	2193	1982	1981	1934	1992	2113	1932	2020	2063	1971
304998	62	126	14	78	142	30	94	158	46	110	174	1989	2053	2176	2001	1997	1957	1999	2092	1970	2018	2047	2005
304998	62	126	14	78	142	30	94	158	46	110	174	2027	2011	2112	2018	2008	2000	2022	2059	2022	2017	2013	2037
304998	62	126	14	78	142	30	94	158	46	110	174	2051	1972	2083	2035	2017	2018	2033	2041	2041	2018	1984	2048
304998	62	126	14	78	142	30	94	158	46	110	174	2048	1987	2100	2038	2014	2004	2030	2051	2015	2018	1997	2030
304998	62	126	14	78	142	30	94	158	46	110	174	2021	2034	2158	2010	2000	1957	2014	2088	1971	2018	2034	2000
304998	62	126	14	78	142	30	94	158	46	110	174	2000	2089	2184	1996	1981	1931	2001	2110	1940	2017	2061	1987
304998	62	126	14	78	142	30	94	158	46	110	174	1994	2093	2168	1991	1997	1933	2004	2114	1951	2018	2056	1992
304998	62	126	14	78	142	30	94	158	46	110	174	2006	2039	2124	2005	2001	1980	2011	2080	1984	2022	2021	2014
304998	62	126	14	78	142	30	94	158	46	110	174	2046	1981	2105	2032	2016	2013	2030	2046	2033	2019	1998	2037
304998	62	126	14	78	142	30	94	158	46	110	174	2039	1959	2103	2037	2019	2015	2036	2038	2038	2018	1993	2049
304998	62	126	14	78	142	30	94	158	46	110	174	2037	2008	2126	2028	1993	1988	2035	2065	2004	2019	2013	2029
304998	62	126	14	78	142	30	94	158	46	110	174	2005	2068	2170	2003	1995	1942	2004	2098	1956	2020	2044	1998
304998	62	126	14	78	142	30	94	158	46	110	174	1985	2096	2170	1984	1994	1932	1997	2117	1931	2018	2059	1971
304998	62	126	14	78	142	30	94	158	46	110	174	2007	2062	2154	1995	1994	1955	2001	2102	1965	2017	2053	1992
304998	62	126	14	78	142	30	94	158	46	110	174	2022	2005	2119	2016	2011	1989	2016	2058	2016	2017	2015	2037
304998	62	126	14	78	142	30	94	158	46	110	174	2049	1973	2092	2039	2014	2020	2052	2050	2047	2020	1989	2050
304998	62	126	14	78	142	30	94	158	46	110	174	2043	1987	2110	2029	2014	2007	2029	2048	2023	2019	1996	2036
304998	62	126	14	78	142	30	94	158	46	110	174	2023	2039	2139	2011	2001	1965	2019	2082	1974	2018	2027	2001
304998	62	126	14	78	142	30	94	158	46	110	174	1999	2081	2176	1990	1992	1934	2006	2105	1941	2020	2064	1980
304998	62	126	14	78	142	30	94	158	46	110	174	1995	2083	2176	1993	1980	1938	1996	2105	1944	2022	2062	1984
304998	62	126	14	78	142	30	94	158	46	110	174	2016	2041	2144	2005	2004	1968	2012	2087	1988	2020	2029	2015
304998	62	126	14	78	142	30	94	158	46	110	174	2039	1992	2105	2027	2018	2013	2048	2052	2028	2020	1993	2036
304998	62	126	14	78	142	30	94	158	46	110	174	2055	1973	2077	2039	2016	2021	2033	2041	2035	2021	1996	2047
304998	62	126	14	78	142	30	94	158	46	110	174	2047	2000	2115	2029	2002	1993	2043	2059	2009	2022	2012	2031
304998	62	126	14	78	142	30	94	158	46	110	174	2004	2049	2171	2004	1995	1947	2006	2089	1963	2018	2042	1997
304998	62	126	14	78	142	30	94	158	46	110	174	1995	2092	2187	1990	1995	1924	1999	2118	1933	2021	2059	1974
304998	62	126	14	78	142	30	94	158	46	110	174	2001	2074	2173	1996	1996	1948	2015	2103	1953	2022	2050	1984
304998	62	126	14	78	142	30	94	158	46	110	174	2025	2021	2111	2009	2009	1993	2021	2070	2001	2020	2016	2030
304998	62	126	14	78	142	30	94	158	46	110	174	2054	1973	2084	2040	2007	2020	2043	2046	2043	2020	1994	2057
304998	62	126	14	78	142	30	94	158	46	110	174	2051	1975	2102	2037	2017	2004	2036	2045	2035	2022	1988	2041
304998	62	126	14	78	142	30	94	158	46	110	174	2024	2027	2142	2018	2006	1970	2020	2073	1982	2018	2019	2005
304998	62	126	14	78	142	30	94	158	46	110	174	2001	2081	2190	1997	1996	1930	2000	2105	1938	2018	2056	1972
304998	62	126	14	78	142	30	94	158	46	110	174	1997	2096	2172	1989	1995	1935	2023	2113	1939	2017	2066	1979
304998	62	126	14	78	142	30	94	158	46	110	174	2017	2046	2135	2002	1985	1968	2009	2088	1981	2019	2036	2015
304998	62	126	14	78	142	30	94	158	46	110	174	2033	1990	2100	2025	2013	1998	2022	2060	2024	2022	2002	2043
304998	62	126	14	78	142	30	94	158	46	110	174	2055	1965	2101	2039	2019	2017	2062	2038	2039	2018	1986	2046
304998	62	126	14	78	142	30	94	158	46	110	174	2036	1995	2126	2031	2010	1992	2027	2048	2007	2020	2009	2033
304998	62	126	14	78	142	30	94	158	46	110	174	2019	2057	2148	2008	2002	1950	2017	2096	1963	2018	2038	1996
304998	62	126	14	78	142	30	94	158	46	110	174	1998	2089	2177	1993	1982	1932	2005	2117	1934	2020	2063	1978
304998	62	126	14	78	142	30	94	158	46	110	174	1993	2076	2162	1995	1991	1939	2000	2103	1949	2017	2053	1982
304998	62	126	14	78	142	30	94	158	46	110	174	2022	2021	2132	2014	2007	1985	2031	2076	1995	2017	2022	2014
304998	62	126	14	78	142	30	94	158	46	110	174	2048	1979	2092	2032	2020	2015	2039	2039	2039	2022	1997	2058
304998	62	126	14	78	142	30	94	158	46	110	174	2057	1983	2084	2033	2019	2015	2050	2049	2038	2018	1991	2050
304998	62	126	14	78	142	30	94	158	46	110	174	2040	2018	2125	2021	2009	1974	2029	2078	1986	2018	2013	2016
304998	62	126	14	78	142	30	94	158	46	110	174	2006	2073	2169	2002	1995	1934	2010	2104	1937	2021	2046	1981
304998	62	126	14	78	142	30	94	158	46	110	174	1994	2090	2190	1990	1983	1931	1997	2104	1931	2018	2067	1971
304998	62	126	14	78	142	30	94	158	46	110	174	2004	2059	2151	1999	1995	1963	2005	2089	1972	2020	2045	2007
304998	62	126	14	78	142	30	94	158	46	110	174	2036	2004	2100	2021	2011	1998	2020	2062	2022	2021	2006	2045
304998	62	126	14	78	142	30	94	158	46	110	174	2056	1971	2083	2038	2011	2016	2048	2044	2042	2021	1983	2051
304998	62	126	14	78	142	30	94	158	46	110	174	2043	1985	2115	2032	2014	1998	2040	2053	2012	2017	1999	2030
304998	62	126	14	78	142	30	94	158	46	110	174	2019	2042	2156	2010	2000	1957	2022	2085	1969	2020	2034	2000
304998	62	126	14	78	142	30	94	158	46	110	174	1996	2091	2190	1995	1990	1936	1997	2114	1942	2021	2061	1982
304998	62	126	14	78	142	30	94	158	46	110	174	2001	2086	2164	1990	1997	1938	2030	2116	1943	2021	2054	1989
304998	62	126	14	78	142	30	94	158	46	110	174	2023	2034	2123	2010	2003	1982	2024	2075	1985	2017	2021	2011
304998	62	126	14	78	142	30	94	158	46	110	174	2049	1977	2089	2032	2017	2011	2029	2047	2031	2016	1993	2044
304998	62	126	14	78	142	30	94	158	46	110	174	2051	1967	2099	2041	2005	2026	2032	2038	2044	2022	1992	2057
304998	62	126	14	78	142	30	94	158	46	110	174	2032	2015	2131	2038	1990	1988	2026	2068	1997	2021	2014	2025
304998	62	126	14	78	142	30	94	158	46	110	174	2011	2073	2166	1999	1993	1938	2019	2104	1940	2022	2041	1984
304998	62	126	14	78	142	30	94	158	46	110	174	1999	2092	2177	1993	1985	1931	2001	2114	1935	2020	2059	1968
304998	62	126	14	78	142	30	94	158	46	110	174	2005	2060	2155	1996	2005	1951	2022	2094	1973	2021	2049	1995
304998	62	126	14	78	142	30	94	158	46	110	174	2034	2004	2116	2023	2007	2000	2022	2064	2018	2020	2010	2040
304998	62	126	14	78	142	30	94	158	46	110	174	2052	1972	2090	2039	2015	2020	2044	2049	2035	2020	1983	2054
304998	62	126	14	78	142	30	94	158	46	110	174	2048	1992	2101	2031	2014	2003	2036	2052	2018	2018	1990	2034
304998	62	126	14	78	142	30	94	158	46	110	174	2031	2038	2142	2014	2002	1962	2025	2075	1974	2020	2029	1998
304998	62	126	14	78	142	30	94	158	46	110	174	2001	2083	2178	1994	1995	1926	2015	2111	1938	2017	2058	1981
304998	62	126	14	78	142	30	94	158	46	110	174	1999	2082	2176	1990	1997	1935	2004	2112	1939	2019	2054	1987
304998	62	126	14	78	142	30	94	158	46	110	174	2017	2038	2143	2007	1999	1974	2023	2087	1983	2022	2028	2015
304998	62	126	14	78	142	30	94	158	46	110	174	2046	1990	2093	2029	2016	2009	2048	2048	2028	2017	1995	2041
304998	62	126	14	78	142	30	94	158	46	110	174	2053	1969	2087	2042	2015	2014	2038	2033	2046	2018	1989	2050
304998	62	126	14	78	142	30	94	158	46	110	174	2042	2006	2118	2026	2013	1984	2027	2061	2003	2020	2008	2031
304998	62	126	14	78	142	30	94	158	46	110	174	2013	2060	2169	2005	1998	1941	2019	2098	1947	2022	2042	1990
304998	62	126	14	78	142	30	94	158	46	110	174	1994	2088	2189	1993	1996	1926	2002	2114	1932	2021	2054	1965
304998	62	126	14	78	142	30	94	158	46	110	174	2004	2071	2162	1998	2002	1948	2018	2097	1968	2022	2048	1984
304998	62	126	14	78	142	30	94	158	46	110	174	2034	2019	2106	2017	2008	1993	2023	2073	2011	2016	2017	2030
304998	62	126	14	78	142	30	94	158	46	110	174	2057	1974	2078	2038	2011	2018	2045	2045	2035	2022	1990	2061
304998	62	126	14	78	142	30	94	158	46	110	174	2051	1977	2103	2037	2022	2008	2031	2046	2020	2021	1993	2043
304998	62	126	14	78	142	30	94	158	46	110	174	2027	2028	2143	2014	2002	1967	2019	2075	1984	2018	2020	2000
304998	62	126	14	78	142	30	94	158	46	110	174	2000	2083	2188	1995	1998	1932	2010	2105	1943	2021	2058	1975
304998	62	126	14	78	142	30	94	158	46	110	174	1999	2094	2179	1989	1998	1927	2023	2115	1936	2016	2062	1978
304998	62	126	14	78	142	30	94	158	46	110	174	2018	2046	2133	2006	2000	1962	2025	2092	1969	2020	2029	2012
304998	62	126	14	78	142	30	94	158	46	110	174	2035	1988	2093	2025	2017	2007	2028	2047	2023	2022	1996	2040
304998	62	126	14	78	142	30	94	158	46	110	174	2054	1967	2088	2041	2015	2021	2046	2044	2041	2020	1986	2043
304998	62	126	14	78	142	30	94	158	46	110	174	2044	2001	2123	2032	2009	1988	2031	2058	2005	2019	2007	2032
304998	62	126	14	78	142	30	94	158	46	110	174	2018	2058	2161	2009	2003	1944	2013	2093	1955	2018	2035	1995
304998	62	126	14	78	142	30	94	158	46	110	174	2000	2092	2179	1987	1995	1932	2008	2115	1931	2020	2054	1976
304998	62	126	14	78	142	30	94	158	46	110	174	2003	2071	2159	1993	1994	1949	1998	2100	1955	2020	2047	1986
304998	62	126	14	78	142	30	94	158	46	110	174	2029	2016	2122	2015	2011	1983	2028	2076	2004	2018	2020	2020
304998	62	126	14	78	142	30	94	158	46	110	174	2049	1973	2091	2039	2009	2022	2043	2049	2036	2020	1994	2057
304998	62	126	14	78	142	30	94	158	46	110	174	2052	1980	2097	2036	2017	2008	2051	2043	2026	2022	1993	2052
304998	62	126	14	78	142	30	94	158	46	110	174	2033	2026	2130	2019	2008	1970	2026	2066	1983	2018	2016	2006
304998	62	126	14	78	142	30	94	158	46	110	174	2010	2071	2176	2003	1993	1936	2005	2104	1945	2017	2047	1970
304998	62	126	14	78	142	30	94	158	46	110	174	2000	2089	2180	1991	1996	1928	2004	2115	1932	2019	2067	1973
304998	62	126	14	78	142	30	94	158	46	110	174	2016	2049	2150	2008	1983	1973	2018	2092	1975	2021	2038	2008
304998	62	126	14	78	142	30	94	158	46	110	174	2037	1998	2107	2027	2014	2001	2033	2049	2023	2022	1999	2043
304998	62	126	14	78	142	30	94	158	46	110	174	2058	1976	2082	2039	2019	2021	2046	2043	2046	2017	1979	2050
304998	62	126	14	78	142	30	94	158	46	110	174	2049	1996	2104	2031	2013	2000	2036	2058	2006	2021	2005	2029
304998	62	126	14	78	142	30	94	158	46	110	174	2019	2042	2159	2009	2005	1955	2018	2087	1965	2020	2036	1998
304998	62	126	14	78	142	30	94	158	46	110	174	1996	2079	2193	1993	1995	1928	2002	2106	1932	2019	2056	1971
