304998	62	126	14	78	142	30	94	158	46	110	174	2049	1967	2116	2049	2023	2003	2040	2027	2019	2021	1983	2016
304998	62	126	14	78	142	30	94	158	46	110	174	2047	2007	2126	2033	2012	1983	2054	2054	1999	2020	2005	2006
304998	62	126	14	78	142	30	94	158	46	110	174	2012	2049	2155	2003	1997	1947	2007	2096	1969	2021	2041	2005
304998	62	126	14	78	142	30	94	158	46	110	174	1994	2089	2154	1983	1997	1931	2007	2120	1952	2020	2055	2011
304998	62	126	14	78	142	30	94	158	46	110	174	2003	2063	2152	1989	2001	1953	2003	2098	1970	2017	2037	2014
304998	62	126	14	78	142	30	94	158	46	110	174	2026	2014	2127	2022	2019	1987	2024	2063	2008	2017	2008	2010
304998	62	126	14	78	142	30	94	158	46	110	174	2061	1980	2113	2041	2024	2004	2041	2037	2019	2020	1992	2015
304998	62	126	14	78	142	30	94	158	46	110	174	2060	1981	2116	2050	2017	1997	2039	2039	2006	2022	1997	2016
304998	62	126	14	78	142	30	94	158	46	110	174	2033	2028	2142	2019	2008	1962	2020	2074	1980	2021	2022	2021
304998	62	126	14	78	142	30	94	158	46	110	174	2004	2078	2161	1993	1992	1939	2006	2106	1959	2022	2047	2011
304998	62	126	14	78	142	30	94	158	46	110	174	1985	2086	2159	1985	1995	1941	1995	2115	1960	2019	2048	2007
304998	62	126	14	78	142	30	94	158	46	110	174	2019	2050	2130	1998	2005	1965	2018	2088	1987	2021	2031	2008
304998	62	126	14	78	142	30	94	158	46	110	174	2042	1985	2123	2037	2014	2000	2029	2046	2011	2019	2003	2016
304998	62	126	14	78	142	30	94	158	46	110	174	2053	1964	2116	2048	2027	2003	2038	2028	2018	2020	1991	2021
304998	62	126	14	78	142	30	94	158	46	110	174	2049	1996	2131	2038	2020	1987	2029	2049	2005	2020	2002	2017
304998	62	126	14	78	142	30	94	158	46	110	174	2018	2053	2150	2008	2003	1951	2009	2094	1971	2021	2032	2006
304998	62	126	14	78	142	30	94	158	46	110	174	1993	2092	2157	1981	1990	1938	1994	2117	1951	2020	2062	2001
304998	62	126	14	78	142	30	94	158	46	110	174	2002	2072	2142	1990	1981	1957	2002	2103	1964	2018	2048	2016
304998	62	126	14	78	142	30	94	158	46	110	174	2027	2014	2127	2017	2011	1982	2015	2064	2002	2017	2015	2017
304998	62	126	14	78	142	30	94	158	46	110	174	2052	1974	2123	2044	2023	2001	2038	2038	2020	2018	1991	2016
304998	62	126	14	78	142	30	94	158	46	110	174	2057	1975	2127	2047	2020	2000	2040	2038	2009	2021	1991	2011
304998	62	126	14	78	142	30	94	158	46	110	174	2031	2028	2134	2018	2013	1968	2027	2074	1979	2020	2022	2016
304998	62	126	14	78	142	30	94	158	46	110	174	2006	2079	2143	1994	1989	1947	2007	2105	1961	2019	2048	2011
304998	62	126	14	78	142	30	94	158	46	110	174	1993	2083	2148	1981	1994	1934	1996	2120	1958	2021	2054	2013
304998	62	126	14	78	142	30	94	158	46	110	174	2010	2046	2139	1996	2001	1963	2017	2094	1976	2022	2029	2011
304998	62	126	14	78	142	30	94	158	46	110	174	2038	1992	2138	2034	2015	1997	2027	2048	2007	2017	2004	2008
304998	62	126	14	78	142	30	94	158	46	110	174	2054	1974	2119	2050	2025	2008	2058	2030	2020	2021	1995	2020
304998	62	126	14	78	142	30	94	158	46	110	174	2049	1996	2122	2040	2014	1984	2045	2046	2010	2020	2007	2021
304998	62	126	14	78	142	30	94	158	46	110	174	2014	2048	2139	2010	2002	1950	2009	2092	1973	2017	2029	2018
304998	62	126	14	78	142	30	94	158	46	110	174	1999	2083	2153	1983	1993	1934	2004	2119	1956	2016	2051	2004
304998	62	126	14	78	142	30	94	158	46	110	174	1993	2073	2154	1985	1999	1951	1996	2107	1960	2021	2049	2007
304998	62	126	14	78	142	30	94	158	46	110	174	2023	2028	2137	2011	2007	1978	2020	2069	1996	2021	2026	2020
304998	62	126	14	78	142	30	94	158	46	110	174	2048	1981	2115	2044	2021	2003	2030	2039	2021	2022	1995	2020
304998	62	126	14	78	142	30	94	158	46	110	174	2061	1971	2112	2048	2025	1999	2044	2038	2014	2021	1989	2016
304998	62	126	14	78	142	30	94	158	46	110	174	2039	2012	2136	2023	2015	1975	2027	2067	1985	2020	2015	2004
304998	62	126	14	78	142	30	94	158	46	110	174	2006	2068	2154	1994	1995	1942	2005	2100	1961	2021	2045	2015
304998	62	126	14	78	142	30	94	158	46	110	174	1991	2092	2156	1983	1983	1942	2004	2122	1961	2022	2056	2017
304998	62	126	14	78	142	30	94	158	46	110	174	2004	2060	2144	1991	1995	1965	2009	2100	1972	2019	2036	2011
304998	62	126	14	78	142	30	94	158	46	110	174	2041	2007	2116	2022	2006	1993	2025	2059	2004	2019	2001	2010
304998	62	126	14	78	142	30	94	158	46	110	174	2058	1964	2116	2048	2028	2003	2041	2031	2017	2018	1997	2008
304998	62	126	14	78	142	30	94	158	46	110	174	2048	1985	2134	2041	2020	1994	2038	2041	2009	2020	2005	2016
304998	62	126	14	78	142	30	94	158	46	110	174	2024	2046	2145	2018	1992	1959	2015	2087	1977	2021	2030	2027
304998	62	126	14	78	142	30	94	158	46	110	174	1994	2088	2156	1979	1988	1934	2006	2120	1953	2022	2048	2008
304998	62	126	14	78	142	30	94	158	46	110	174	1993	2087	2140	1979	1982	1950	2004	2118	1956	2020	2047	2007
304998	62	126	14	78	142	30	94	158	46	110	174	2020	2033	2127	2006	2008	1976	2015	2075	1991	2022	2033	2011
304998	62	126	14	78	142	30	94	158	46	110	174	2044	1978	2124	2037	2024	2005	2033	2039	2020	2020	2001	2016
304998	62	126	14	78	142	30	94	158	46	110	174	2057	1970	2128	2045	2026	2008	2052	2034	2017	2017	1989	2017
304998	62	126	14	78	142	30	94	158	46	110	174	2038	2016	2143	2028	2011	1979	2032	2057	1993	2020	2007	2008
304998	62	126	14	78	142	30	94	158	46	110	174	2012	2074	2138	1993	1995	1949	2011	2105	1964	2020	2041	2008
304998	62	126	14	78	142	30	94	158	46	110	174	1996	2087	2144	1979	1986	1941	2008	2120	1960	2020	2060	2014
304998	62	126	14	78	142	30	94	158	46	110	174	1996	2060	2144	1988	1998	1958	1996	2103	1980	2017	2042	2017
304998	62	126	14	78	142	30	94	158	46	110	174	2031	2010	2134	2019	2011	1989	2033	2066	2001	2022	2008	2014
304998	62	126	14	78	142	30	94	158	46	110	174	2049	1969	2125	2045	2026	2009	2049	2031	2017	2017	1993	2008
304998	62	126	14	78	142	30	94	158	46	110	174	2055	1989	2119	2044	2018	1991	2044	2042	2008	2022	2002	2006
304998	62	126	14	78	142	30	94	158	46	110	174	2027	2038	2130	2016	1997	1964	2019	2083	1982	2022	2028	2020
304998	62	126	14	78	142	30	94	158	46	110	174	1998	2081	2148	1986	1996	1938	2004	2120	1959	2019	2050	2018
304998	62	126	14	78	142	30	94	158	46	110	174	1993	2080	2156	1976	1982	1953	2003	2121	1957	2021	2048	2013
304998	62	126	14	78	142	30	94	158	46	110	174	2016	2045	2142	2002	1999	1977	2017	2087	1981	2020	2028	2009
304998	62	126	14	78	142	30	94	158	46	110	174	2043	1993	2121	2034	2016	1995	2034	2042	2018	2022	2008	2014
304998	62	126	14	78	142	30	94	158	46	110	174	2058	1970	2116	2053	2018	2003	2041	2032	2017	2018	1996	2017
304998	62	126	14	78	142	30	94	158	46	110	174	2043	2003	2131	2032	2016	1979	2040	2060	1994	2018	2011	2018
304998	62	126	14	78	142	30	94	158	46	110	174	2016	2059	2148	1994	1994	1954	2008	2103	1967	2021	2038	2003
304998	62	126	14	78	142	30	94	158	46	110	174	1993	2093	2151	1980	1982	1945	2012	2121	1954	2020	2062	2010
304998	62	126	14	78	142	30	94	158	46	110	174	1982	2069	2151	1987	1993	1955	1998	2105	1971	2017	2048	2021
304998	62	126	14	78	142	30	94	158	46	110	174	2030	2018	2120	2019	2011	1987	2028	2073	2000	2017	2015	2015
304998	62	126	14	78	142	30	94	158	46	110	174	2060	1972	2123	2046	2027	2000	2052	2032	2018	2018	1989	2015
304998	62	126	14	78	142	30	94	158	46	110	174	2054	1977	2125	2047	2022	1994	2042	2039	2004	2022	1999	2006
304998	62	126	14	78	142	30	94	158	46	110	174	2029	2029	2141	2024	1995	1979	2025	2072	1990	2021	2025	2015
304998	62	126	14	78	142	30	94	158	46	110	174	1995	2084	2148	1987	1989	1944	2000	2118	1962	2021	2053	2024
304998	62	126	14	78	142	30	94	158	46	110	174	1996	2093	2145	1973	1989	1942	2002	2121	1956	2020	2053	2016
304998	62	126	14	78	142	30	94	158	46	110	174	2011	2045	2138	1997	2003	1968	2006	2088	1980	2016	2027	2011
304998	62	126	14	78	142	30	94	158	46	110	174	2045	1992	2127	2032	2020	1995	2029	2045	2013	2017	2010	2009
304998	62	126	14	78	142	30	94	158	46	110	174	2052	1968	2130	2054	2018	2007	2044	2030	2025	2017	1992	2013
304998	62	126	14	78	142	30	94	158	46	110	174	2046	2002	2129	2033	2015	1990	2039	2055	1999	2018	2009	2016
304998	62	126	14	78	142	30	94	158	46	110	174	2018	2060	2136	2003	1992	1959	2018	2099	1970	2022	2031	2017
304998	62	126	14	78	142	30	94	158	46	110	174	1993	2087	2140	1979	1984	1936	2001	2124	1954	2018	2054	2009
304998	62	126	14	78	142	30	94	158	46	110	174	1991	2071	2147	1983	1996	1952	1999	2105	1975	2018	2049	2014
304998	62	126	14	78	142	30	94	158	46	110	174	2020	2021	2139	2014	2005	1986	2012	2072	1997	2021	2022	2017
304998	62	126	14	78	142	30	94	158	46	110	174	2048	1982	2133	2048	2017	2010	2062	2042	2014	2021	1994	2014
304998	62	126	14	78	142	30	94	158	46	110	174	2052	1980	2118	2051	2021	2000	2045	2036	2010	2021	1989	2011
304998	62	126	14	78	142	30	94	158	46	110	174	2039	2025	2126	2028	1998	1978	2030	2074	1989	2022	2022	2007
304998	62	126	14	78	142	30	94	158	46	110	174	2000	2068	2154	1987	1996	1941	1998	2114	1969	2019	2050	2019
304998	62	126	14	78	142	30	94	158	46	110	174	1994	2090	2150	1973	1990	1941	2009	2129	1956	2018	2058	2021
304998	62	126	14	78	142	30	94	158	46	110	174	2008	2059	2149	2001	2002	1967	2011	2097	1981	2020	2034	2015
304998	62	126	14	78	142	30	94	158	46	110	174	2038	2004	2122	2025	2014	1996	2025	2049	2006	2018	2003	2009
304998	62	126	14	78	142	30	94	158	46	110	174	2059	1974	2113	2053	2013	2007	2041	2029	2030	2018	1995	2011
304998	62	126	14	78	142	30	94	158	46	110	174	2046	1987	2129	2041	2019	1983	2034	2049	2003	2022	2005	2018
304998	62	126	14	78	142	30	94	158	46	110	174	2020	2049	2150	2004	2004	1965	2020	2091	1970	2018	2034	2022
304998	62	126	14	78	142	30	94	158	46	110	174	1996	2091	2155	1980	1989	1944	1999	2123	1953	2017	2052	2011
304998	62	126	14	78	142	30	94	158	46	110	174	1998	2089	2141	1981	1991	1949	2008	2114	1974	2022	2050	2008
304998	62	126	14	78	142	30	94	158	46	110	174	2019	2028	2126	2013	1993	1979	2012	2077	1998	2019	2029	2014
304998	62	126	14	78	142	30	94	158	46	110	174	2049	1979	2120	2041	2021	2003	2041	2041	2012	2022	1996	2015
304998	62	126	14	78	142	30	94	158	46	110	174	2058	1974	2127	2050	2023	2004	2045	2029	2009	2018	1991	2013
304998	62	126	14	78	142	30	94	158	46	110	174	2040	2014	2134	2033	2003	1983	2026	2065	1984	2017	2013	2009
304998	62	126	14	78	142	30	94	158	46	110	174	2000	2071	2150	1996	1992	1948	1997	2104	1965	2018	2048	2014
304998	62	126	14	78	142	30	94	158	46	110	174	1992	2094	2142	1977	1988	1938	1999	2127	1957	2018	2061	2023
304998	62	126	14	78	142	30	94	158	46	110	174	2010	2059	2146	1996	1986	1954	2026	2104	1970	2021	2040	2019
304998	62	126	14	78	142	30	94	158	46	110	174	2033	2002	2126	2024	2018	1991	2022	2058	2002	2016	2007	2014
304998	62	126	14	78	142	30	94	158	46	110	174	2059	1973	2124	2054	2010	2021	2046	2031	2028	2022	1992	2005
304998	62	126	14	78	142	30	94	158	46	110	174	2039	1986	2136	2044	2020	1990	2035	2044	2006	2018	2003	2009
304998	62	126	14	78	142	30	94	158	46	110	174	2025	2044	2135	2016	2005	1961	2023	2089	1973	2020	2034	2022
304998	62	126	14	78	142	30	94	158	46	110	174	2003	2082	2149	1998	1988	1936	2003	2118	1955	2022	2048	2018
304998	62	126	14	78	142	30	94	158	46	110	174	1996	2078	2145	1979	1987	1949	1997	2114	1969	2018	2048	2013
304998	62	126	14	78	142	30	94	158	46	110	174	2014	2034	2142	2012	1991	1985	2022	2084	1994	2019	2027	2009
304998	62	126	14	78	142	30	94	158	46	110	174	2049	1987	2125	2037	2019	1997	2037	2044	2012	2020	2001	2015
304998	62	126	14	78	142	30	94	158	46	110	174	2064	1971	2117	2053	2022	2006	2048	2037	2015	2018	1996	2021
304998	62	126	14	78	142	30	94	158	46	110	174	2037	2005	2130	2037	2015	1978	2030	2056	1996	2017	2008	2013
304998	62	126	14	78	142	30	94	158	46	110	174	2012	2063	2145	2001	1997	1956	2008	2101	1971	2018	2042	2004
304998	62	126	14	78	142	30	94	158	46	110	174	1987	2088	2158	1981	1988	1940	1992	2123	1960	2017	2063	2017
304998	62	126	14	78	142	30	94	158	46	110	174	2001	2068	2143	1989	1988	1959	2016	2115	1975	2020	2046	2016
304998	62	126	14	78	142	30	94	158	46	110	174	2028	2013	2123	2022	2009	1985	2023	2058	1994	2018	2014	2017
304998	62	126	14	78	142	30	94	158	46	110	174	2063	1972	2114	2048	2021	2009	2046	2028	2016	2019	1993	2005
304998	62	126	14	78	142	30	94	158	46	110	174	2045	1977	2137	2047	2020	1992	2033	2035	2015	2020	1999	2008
304998	62	126	14	78	142	30	94	158	46	110	174	2027	2031	2143	2017	2009	1969	2032	2082	1982	2021	2033	2017
304998	62	126	14	78	142	30	94	158	46	110	174	1999	2087	2155	1994	1970	1942	2026	2123	1956	2022	2050	2016
304998	62	126	14	78	142	30	94	158	46	110	174	1985	2092	2143	1978	1988	1937	1993	2116	1954	2018	2050	2019
304998	62	126	14	78	142	30	94	158	46	110	174	2018	2042	2129	2005	1988	1982	2015	2091	1991	2019	2026	2006
304998	62	126	14	78	142	30	94	158	46	110	174	2037	1979	2130	2042	2022	1994	2029	2044	2010	2022	2005	2007
304998	62	126	14	78	142	30	94	158	46	110	174	2055	1971	2124	2050	2031	2006	2066	2030	2015	2021	1997	2015
304998	62	126	14	78	142	30	94	158	46	110	174	2040	2003	2141	2046	2001	1986	2033	2050	1995	2018	2011	2018
304998	62	126	14	78	142	30	94	158	46	110	174	2013	2063	2138	2003	1995	1953	2008	2096	1969	2017	2035	2017
304998	62	126	14	78	142	30	94	158	46	110	174	1996	2093	2142	1982	1983	1940	2003	2125	1955	2017	2053	2005
304998	62	126	14	78	142	30	94	158	46	110	174	1998	2061	2146	1987	1990	1954	2001	2101	1963	2020	2048	2012
304998	62	126	14	78	142	30	94	158	46	110	174	2026	2014	2135	2017	2010	1985	2030	2072	1996	2020	2019	2017
304998	62	126	14	78	142	30	94	158	46	110	174	2049	1973	2125	2046	2017	2005	2042	2033	2020	2016	1994	2014
304998	62	126	14	78	142	30	94	158	46	110	174	2051	1977	2127	2048	2022	1996	2047	2039	2015	2020	1996	2009
304998	62	126	14	78	142	30	94	158	46	110	174	2031	2028	2126	2025	2004	1968	2036	2074	1983	2019	2022	2008
304998	62	126	14	78	142	30	94	158	46	110	174	2006	2074	2143	1995	1988	1948	2008	2113	1953	2018	2051	2012
304998	62	126	14	78	142	30	94	158	46	110	174	1987	2082	2153	1977	1990	1943	1995	2112	1954	2016	2056	2014
304998	62	126	14	78	142	30	94	158	46	110	174	2013	2049	2145	2000	1990	1969	2013	2085	1984	2021	2029	2014
304998	62	126	14	78	142	30	94	158	46	110	174	2040	1995	2126	2036	2013	1996	2027	2047	2005	2018	1999	2004
304998	62	126	14	78	142	30	94	158	46	110	174	2058	1974	2110	2053	2030	1999	2067	2037	2013	2022	1994	2011
304998	62	126	14	78	142	30	94	158	46	110	174	2043	1984	2130	2043	2009	1988	2033	2046	2000	2020	2008	2014
304998	62	126	14	78	142	30	94	158	46	110	174	2018	2046	2142	2010	1999	1956	2011	2088	1977	2022	2034	2018
304998	62	126	14	78	142	30	94	158	46	110	174	1995	2085	2156	1981	1976	1949	1998	2124	1959	2017	2050	2013
304998	62	126	14	78	142	30	94	158	46	110	174	1998	2077	2145	1992	1983	1950	2011	2112	1965	2016	2045	2008
304998	62	126	14	78	142	30	94	158	46	110	174	2023	2024	2125	2013	2013	1974	2018	2069	1986	2022	2027	2008
304998	62	126	14	78	142	30	94	158	46	110	174	2056	1975	2112	2048	2013	2003	2037	2027	2020	2018	1996	2018
304998	62	126	14	78	142	30	94	158	46	110	174	2059	1969	2126	2050	2028	2002	2048	2033	2020	2016	1996	2021
304998	62	126	14	78	142	30	94	158	46	110	174	2036	2014	2137	2032	1998	1979	2044	2071	1989	2019	2014	2011
304998	62	126	14	78	142	30	94	158	46	110	174	2006	2074	2155	1995	1987	1944	2011	2109	1956	2022	2045	2009
304998	62	126	14	78	142	30	94	158	46	110	174	1994	2089	2144	1975	1993	1937	1996	2118	1955	2018	2056	2008
304998	62	126	14	78	142	30	94	158	46	110	174	2015	2053	2134	1993	1996	1968	2016	2094	1984	2021	2040	2017
304998	62	126	14	78	142	30	94	158	46	110	174	2033	1990	2124	2032	2024	1996	2028	2054	2009	2017	2004	2016
304998	62	126	14	78	142	30	94	158	46	110	174	2058	1963	2124	2051	2022	2004	2048	2033	2014	2016	1986	2008
304998	62	126	14	78	142	30	94	158	46	110	174	2042	1984	2138	2046	2011	1990	2038	2043	2001	2018	2003	2005
304998	62	126	14	78	142	30	94	158	46	110	174	2022	2048	2138	2014	2004	1956	2025	2088	1982	2016	2032	2014
304998	62	126	14	78	142	30	94	158	46	110	174	1998	2085	2147	1987	1985	1945	1996	2122	1957	2017	2057	2020
304998	62	126	14	78	142	30	94	158	46	110	174	2000	2078	2143	1980	1992	1949	2012	2116	1964	2020	2044	2017
304998	62	126	14	78	142	30	94	158	46	110	174	2017	2025	2143	2010	1998	1985	2012	2073	1988	2020	2020	2008
304998	62	126	14	78	142	30	94	158	46	110	174	2049	1982	2126	2044	2020	1998	2041	2038	2016	2016	2001	2007
304998	62	126	14	78	142	30	94	158	46	110	174	2056	1973	2130	2051	2022	2002	2048	2028	2019	2017	1996	2016
304998	62	126	14	78	142	30	94	158	46	110	174	2040	2017	2125	2036	2015	1975	2033	2059	1986	2021	2013	2022
304998	62	126	14	78	142	30	94	158	46	110	174	2011	2064	2145	1999	1989	1950	2007	2107	1959	2018	2040	2014
304998	62	126	14	78	142	30	94	158	46	110	174	1991	2084	2155	1979	1988	1938	1995	2112	1952	2020	2051	2001
304998	62	126	14	78	142	30	94	158	46	110	174	2003	2058	2148	1997	1997	1957	2016	2102	1980	2017	2047	2013
304998	62	126	14	78	142	30	94	158	46	110	174	2028	2006	2138	2024	2016	1989	2028	2059	2005	2020	2013	2016
304998	62	126	14	78	142	30	94	158	46	110	174	2059	1975	2116	2050	2023	2010	2043	2030	2013	2019	1993	2019
304998	62	126	14	78	142	30	94	158	46	110	174	2051	1977	2123	2046	2013	1993	2040	2039	2006	2017	1997	2009
304998	62	126	14	78	142	30	94	158	46	110	174	2026	2030	2140	2017	2000	1964	2019	2076	1987	2016	2029	2010
