304998	62	126	14	78	142	30	94	158	46	110	174	1996	2091	2155	1980	1989	1944	1999	2123	1953	2017	2052	2011
304998	62	126	14	78	142	30	94	158	46	110	174	1998	2089	2141	1981	1991	1949	2008	2114	1974	2022	2050	2008
304998	62	126	14	78	142	30	94	158	46	110	174	2019	2028	2126	2013	1993	1979	2012	2077	1998	2019	2029	2014
304998	62	126	14	78	142	30	94	158	46	110	174	2049	1979	2120	2041	2021	2003	2041	2041	2012	2022	1996	2015
304998	62	126	14	78	142	30	94	158	46	110	174	2058	1974	2127	2050	2023	2004	2045	2029	2009	2018	1991	2013
304998	62	126	14	78	142	30	94	158	46	110	174	2040	2014	2134	2033	2003	1983	2026	2065	1984	2017	2013	2009
304998	62	126	14	78	142	30	94	158	46	110	174	2000	2071	2150	1996	1992	1948	1997	2104	1965	2018	2048	2014
304998	62	126	14	78	142	30	94	158	46	110	174	1992	2094	2142	1977	1988	1938	1999	2127	1957	2018	2061	2023
304998	62	126	14	78	142	30	94	158	46	110	174	2010	2059	2146	1996	1986	1954	2026	2104	1970	2021	2040	2019
304998	62	126	14	78	142	30	94	158	46	110	174	2033	2002	2126	2024	2018	1991	2022	2058	2002	2016	2007	2014
304998	62	126	14	78	142	30	94	158	46	110	174	2059	1973	2124	2054	2010	2021	2046	2031	2028	2022	1992	2005
304998	62	126	14	78	142	30	94	158	46	110	174	2039	1986	2136	2044	2020	1990	2035	2044	2006	2018	2003	2009
304998	62	126	14	78	142	30	94	158	46	110	174	2025	2044	2135	2016	2005	1961	2023	2089	1973	2020	2034	2022
304998	62	126	14	78	142	30	94	158	46	110	174	2003	2082	2149	1998	1988	1936	2003	2118	1955	2022	2048	2018
304998	62	126	14	78	142	30	94	158	46	110	174	1996	2078	2145	1979	1987	1949	1997	2114	1969	2018	2048	2013
304998	62	126	14	78	142	30	94	158	46	110	174	2014	2034	2142	2012	1991	1985	2022	2084	1994	2019	2027	2009
304998	62	126	14	78	142	30	94	158	46	110	174	2049	1987	2125	2037	2019	1997	2037	2044	2012	2020	2001	2015
304998	62	126	14	78	142	30	94	158	46	110	174	2064	1971	2117	2053	2022	2006	2048	2037	2015	2018	1996	2021
304998	62	126	14	78	142	30	94	158	46	110	174	2037	2005	2130	2037	2015	1978	2030	2056	1996	2017	2008	2013
304998	62	126	14	78	142	30	94	158	46	110	174	2012	2063	2145	2001	1997	1956	2008	2101	1971	2018	2042	2004
304998	62	126	14	78	142	30	94	158	46	110	174	1987	2088	2158	1981	1988	1940	1992	2123	1960	2017	2063	2017
304998	62	126	14	78	142	30	94	158	46	110	174	2001	2068	2143	1989	1988	1959	2016	2115	1975	2020	2046	2016
304998	62	126	14	78	142	30	94	158	46	110	174	2028	2013	2123	2022	2009	1985	2023	2058	1994	2018	2014	2017
304998	62	126	14	78	142	30	94	158	46	110	174	2063	1972	2114	2048	2021	2009	2046	2028	2016	2019	1993	2005
304998	62	126	14	78	142	30	94	158	46	110	174	2045	1977	2137	2047	2020	1992	2033	2035	2015	2020	1999	2008
304998	62	126	14	78	142	30	94	158	46	110	174	2027	2031	2143	2017	2009	1969	2032	2082	1982	2021	2033	2017
304998	62	126	14	78	142	30	94	158	46	110	174	1999	2087	2155	1994	1970	1942	2026	2123	1956	2022	2050	2016
304998	62	126	14	78	142	30	94	158	46	110	174	1985	2092	2143	1978	1988	1937	1993	2116	1954	2018	2050	2019
304998	62	126	14	78	142	30	94	158	46	110	174	2018	2042	2129	2005	1988	1982	2015	2091	1991	2019	2026	2006
304998	62	126	14	78	142	30	94	158	46	110	174	2037	1979	2130	2042	2022	1994	2029	2044	2010	2022	2005	2007
304998	62	126	14	78	142	30	94	158	46	110	174	2055	1971	2124	2050	2031	2006	2066	2030	2015	2021	1997	2015
304998	62	126	14	78	142	30	94	158	46	110	174	2040	2003	2141	2046	2001	1986	2033	2050	1995	2018	2011	2018
304998	62	126	14	78	142	30	94	158	46	110	174	2013	2063	2138	2003	1995	1953	2008	2096	1969	2017	2035	2017
304998	62	126	14	78	142	30	94	158	46	110	174	1996	2093	2142	1982	1983	1940	2003	2125	1955	2017	2053	2005
304998	62	126	14	78	142	30	94	158	46	110	174	1998	2061	2146	1987	1990	1954	2001	2101	1963	2020	2048	2012
304998	62	126	14	78	142	30	94	158	46	110	174	2026	2014	2135	2017	2010	1985	2030	2072	1996	2020	2019	2017
304998	62	126	14	78	142	30	94	158	46	110	174	2049	1973	2125	2046	2017	2005	2042	2033	2020	2016	1994	2014
304998	62	126	14	78	142	30	94	158	46	110	174	2051	1977	2127	2048	2022	1996	2047	2039	2015	2020	1996	2009
304998	62	126	14	78	142	30	94	158	46	110	174	2031	2028	2126	2025	2004	1968	2036	2074	1983	2019	2022	2008
304998	62	126	14	78	142	30	94	158	46	110	174	2006	2074	2143	1995	1988	1948	2008	2113	1953	2018	2051	2012
304998	62	126	14	78	142	30	94	158	46	110	174	1987	2082	2153	1977	1990	1943	1995	2112	1954	2016	2056	2014
304998	62	126	14	78	142	30	94	158	46	110	174	2013	2049	2145	2000	1990	1969	2013	2085	1984	2021	2029	2014
304998	62	126	14	78	142	30	94	158	46	110	174	2040	1995	2126	2036	2013	1996	2027	2047	2005	2018	1999	2004
304998	62	126	14	78	142	30	94	158	46	110	174	2058	1974	2110	2053	2030	1999	2067	2037	2013	2022	1994	2011
304998	62	126	14	78	142	30	94	158	46	110	174	2043	1984	2130	2043	2009	1988	2033	2046	2000	2020	2008	2014
304998	62	126	14	78	142	30	94	158	46	110	174	2018	2046	2142	2010	1999	1956	2011	2088	1977	2022	2034	2018
304998	62	126	14	78	142	30	94	158	46	110	174	1995	2085	2156	1981	1976	1949	1998	2124	1959	2017	2050	2013
304998	62	126	14	78	142	30	94	158	46	110	174	1998	2077	2145	1992	1983	1950	2011	2112	1965	2016	2045	2008
304998	62	126	14	78	142	30	94	158	46	110	174	2023	2024	2125	2013	2013	1974	2018	2069	1986	2022	2027	2008
304998	62	126	14	78	142	30	94	158	46	110	174	2056	1975	2112	2048	2013	2003	2037	2027	2020	2018	1996	2018
304998	62	126	14	78	142	30	94	158	46	110	174	2059	1969	2126	2050	2028	2002	2048	2033	2020	2016	1996	2021
304998	62	126	14	78	142	30	94	158	46	110	174	2036	2014	2137	2032	1998	1979	2044	2071	1989	2019	2014	2011
304998	62	126	14	78	142	30	94	158	46	110	174	2006	2074	2155	1995	1987	1944	2011	2109	1956	2022	2045	2009
304998	62	126	14	78	142	30	94	158	46	110	174	1994	2089	2144	1975	1993	1937	1996	2118	1955	2018	2056	2008
304998	62	126	14	78	142	30	94	158	46	110	174	2015	2053	2134	1993	1996	1968	2016	2094	1984	2021	2040	2017
304998	62	126	14	78	142	30	94	158	46	110	174	2033	1990	2124	2032	2024	1996	2028	2054	2009	2017	2004	2016
304998	62	126	14	78	142	30	94	158	46	110	174	2058	1963	2124	2051	2022	2004	2048	2033	2014	2016	1986	2008
304998	62	126	14	78	142	30	94	158	46	110	174	2042	1984	2138	2046	2011	1990	2038	2043	2001	2018	2003	2005
304998	62	126	14	78	142	30	94	158	46	110	174	2022	2048	2138	2014	2004	1956	2025	2088	1982	2016	2032	2014
304998	62	126	14	78	142	30	94	158	46	110	174	1998	2085	2147	1987	1985	1945	1996	2122	1957	2017	2057	2020
304998	62	126	14	78	142	30	94	158	46	110	174	2000	2078	2143	1980	1992	1949	2012	2116	1964	2020	2044	2017
304998	62	126	14	78	142	30	94	158	46	110	174	2017	2025	2143	2010	1998	1985	2012	2073	1988	2020	2020	2008
304998	62	126	14	78	142	30	94	158	46	110	174	2049	1982	2126	2044	2020	1998	2041	2038	2016	2016	2001	2007
304998	62	126	14	78	142	30	94	158	46	110	174	2056	1973	2130	2051	2022	2002	2048	2028	2019	2017	1996	2016
304998	62	126	14	78	142	30	94	158	46	110	174	2040	2017	2125	2036	2015	1975	2033	2059	1986	2021	2013	2022
304998	62	126	14	78	142	30	94	158	46	110	174	2011	2064	2145	1999	1989	1950	2007	2107	1959	2018	2040	2014
304998	62	126	14	78	142	30	94	158	46	110	174	1991	2084	2155	1979	1988	1938	1995	2112	1952	2020	2051	2001
304998	62	126	14	78	142	30	94	158	46	110	174	2003	2058	2148	1997	1997	1957	2016	2102	1980	2017	2047	2013
304998	62	126	14	78	142	30	94	158	46	110	174	2028	2006	2138	2024	2016	1989	2028	2059	2005	2020	2013	2016
304998	62	126	14	78	142	30	94	158	46	110	174	2059	1975	2116	2050	2023	2010	2043	2030	2013	2019	1993	2019
304998	62	126	14	78	142	30	94	158	46	110	174	2051	1977	2123	2046	2013	1993	2040	2039	2006	2017	1997	2009
304998	62	126	14	78	142	30	94	158	46	110	174	2026	2030	2140	2017	2000	1964	2019	2076	1987	2016	2029	2010
304998	62	126	14	78	142	30	94	158	46	110	174	1997	2080	2155	1987	1990	1939	2002	2116	1959	2018	2061	2012
304998	62	126	14	78	142	30	94	158	46	110	174	1996	2082	2148	1981	1991	1948	1996	2118	1954	2017	2049	2020
304998	62	126	14	78	142	30	94	158	46	110	174	2017	2037	2137	2005	2008	1975	2015	2079	1983	2016	2027	2014
304998	62	126	14	78	142	30	94	158	46	110	174	2049	1984	2117	2046	2013	2003	2051	2035	2013	2021	1993	2005
304998	62	126	14	78	142	30	94	158	46	110	174	2055	1966	2127	2051	2020	1998	2041	2034	2019	2018	1995	2008
304998	62	126	14	78	142	30	94	158	46	110	174	2037	1999	2131	2036	2013	1982	2028	2064	1991	2022	2014	2016
304998	62	126	14	78	142	30	94	158	46	110	174	2008	2061	2154	2003	1987	1954	2013	2096	1963	2021	2038	2024
304998	62	126	14	78	142	30	94	158	46	110	174	1983	2091	2151	1982	1989	1940	1991	2120	1957	2021	2051	2015
304998	62	126	14	78	142	30	94	158	46	110	174	2005	2069	2132	1991	1992	1951	2017	2110	1973	2021	2041	2008
304998	62	126	14	78	142	30	94	158	46	110	174	2024	2005	2132	2023	2010	1981	2015	2064	1997	2021	2023	2006
304998	62	126	14	78	142	30	94	158	46	110	174	2051	1971	2124	2048	2023	2000	2051	2037	2017	2022	1997	2016
304998	62	126	14	78	142	30	94	158	46	110	174	2040	1972	2144	2050	2014	1998	2039	2033	2006	2020	1999	2015
304998	62	126	14	78	142	30	94	158	46	110	174	2024	2031	2142	2020	2009	1965	2019	2074	1987	2021	2023	2013
304998	62	126	14	78	142	30	94	158	46	110	174	2002	2081	2141	1991	1981	1949	1997	2117	1966	2022	2048	2011
304998	62	126	14	78	142	30	94	158	46	110	174	1984	2078	2144	1982	1991	1937	1993	2117	1959	2022	2056	2016
304998	62	126	14	78	142	30	94	158	46	110	174	2011	2037	2137	2008	1995	1974	2017	2089	1977	2021	2032	2020
304998	62	126	14	78	142	30	94	158	46	110	174	2033	1984	2141	2036	2019	1999	2028	2039	2013	2022	2002	2015
304998	62	126	14	78	142	30	94	158	46	110	174	2052	1974	2123	2052	2019	2002	2048	2034	2020	2018	1990	2010
304998	62	126	14	78	142	30	94	158	46	110	174	2046	2001	2129	2040	2012	1986	2038	2051	2002	2018	2012	2005
304998	62	126	14	78	142	30	94	158	46	110	174	2015	2052	2134	2009	1997	1952	2009	2096	1966	2022	2042	2015
304998	62	126	14	78	142	30	94	158	46	110	174	1996	2079	2153	1981	1989	1938	1995	2121	1953	2016	2058	2022
304998	62	126	14	78	142	30	94	158	46	110	174	1992	2066	2153	1989	1987	1956	1998	2105	1977	2016	2044	2013
304998	62	126	14	78	142	30	94	158	46	110	174	2022	2018	2133	2016	2006	1985	2023	2071	1994	2018	2015	2007
304998	62	126	14	78	142	30	94	158	46	110	174	2051	1974	2121	2050	2020	1999	2036	2038	2012	2021	1998	2011
304998	62	126	14	78	142	30	94	158	46	110	174	2053	1974	2123	2051	2026	1992	2046	2039	2007	2022	2001	2016
304998	62	126	14	78	142	30	94	158	46	110	174	2029	2018	2143	2021	2009	1969	2037	2066	1985	2020	2019	2020
304998	62	126	14	78	142	30	94	158	46	110	174	1999	2073	2153	1993	1985	1955	2006	2115	1966	2021	2045	2015
304998	62	126	14	78	142	30	94	158	46	110	174	1988	2093	2145	1973	1987	1940	1994	2126	1960	2017	2058	2013
304998	62	126	14	78	142	30	94	158	46	110	174	2010	2049	2135	1998	1993	1967	2012	2091	1977	2017	2040	2020
304998	62	126	14	78	142	30	94	158	46	110	174	2041	1994	2128	2029	2016	1989	2044	2049	2006	2017	2006	2020
304998	62	126	14	78	142	30	94	158	46	110	174	2051	1967	2133	2051	2028	2003	2037	2024	2024	2022	1992	2012
304998	62	126	14	78	142	30	94	158	46	110	174	2046	1994	2134	2047	2004	1995	2036	2050	2004	2020	2002	2006
304998	62	126	14	78	142	30	94	158	46	110	174	2019	2048	2145	2006	2000	1955	2035	2088	1973	2019	2042	2018
304998	62	126	14	78	142	30	94	158	46	110	174	1997	2089	2136	1981	1982	1940	2004	2122	1956	2017	2058	2017
304998	62	126	14	78	142	30	94	158	46	110	174	2001	2074	2139	1983	1996	1950	1998	2112	1970	2016	2046	2020
304998	62	126	14	78	142	30	94	158	46	110	174	2016	2017	2141	2008	2008	1982	2011	2069	1997	2020	2018	2014
304998	62	126	14	78	142	30	94	158	46	110	174	2046	1982	2129	2043	2017	2003	2055	2042	2018	2020	2002	2002
304998	62	126	14	78	142	30	94	158	46	110	174	2054	1975	2136	2053	2024	1996	2052	2033	2007	2016	2003	2010
304998	62	126	14	78	142	30	94	158	46	110	174	2040	2016	2125	2029	2010	1974	2034	2070	1987	2020	2017	2018
304998	62	126	14	78	142	30	94	158	46	110	174	2005	2063	2144	1996	1991	1949	2004	2105	1973	2020	2041	2021
304998	62	126	14	78	142	30	94	158	46	110	174	1984	2083	2148	1977	1991	1942	1995	2126	1961	2017	2051	2014
304998	62	126	14	78	142	30	94	158	46	110	174	2006	2057	2143	1991	1995	1968	2015	2104	1970	2022	2042	2013
304998	62	126	14	78	142	30	94	158	46	110	174	2032	2008	2129	2028	2014	1991	2026	2054	2002	2018	2014	2018
304998	62	126	14	78	142	30	94	158	46	110	174	2055	1972	2112	2053	2024	2005	2044	2028	2018	2018	1996	2010
304998	62	126	14	78	142	30	94	158	46	110	174	2046	1984	2132	2047	2010	1990	2036	2047	2005	2017	1999	2000
304998	62	126	14	78	142	30	94	158	46	110	174	2024	2042	2144	2012	2006	1968	2021	2088	1973	2019	2032	2013
304998	62	126	14	78	142	30	94	158	46	110	174	1996	2085	2150	1983	1984	1944	1997	2122	1956	2020	2055	2024
304998	62	126	14	78	142	30	94	158	46	110	174	1996	2088	2137	1976	1992	1950	2004	2118	1971	2021	2048	2020
304998	62	126	14	78	142	30	94	158	46	110	174	2019	2030	2127	2012	1996	1973	2020	2085	1996	2020	2022	2011
304998	62	126	14	78	142	30	94	158	46	110	174	2046	1980	2126	2040	2024	1999	2037	2039	2007	2022	2001	2005
304998	62	126	14	78	142	30	94	158	46	110	174	2056	1974	2133	2052	2022	2008	2049	2033	2007	2022	2001	2009
304998	62	126	14	78	142	30	94	158	46	110	174	2033	2013	2139	2032	2013	1977	2031	2062	1991	2021	2015	2017
304998	62	126	14	78	142	30	94	158	46	110	174	2008	2068	2140	1995	1992	1946	2011	2105	1975	2019	2042	2020
304998	62	126	14	78	142	30	94	158	46	110	174	1992	2089	2140	1983	1978	1940	1998	2131	1958	2019	2052	2013
304998	62	126	14	78	142	30	94	158	46	110	174	2005	2058	2143	1989	1997	1958	2009	2104	1968	2019	2043	2014
304998	62	126	14	78	142	30	94	158	46	110	174	2029	2006	2138	2022	2008	1993	2028	2061	1995	2017	2017	2018
304998	62	126	14	78	142	30	94	158	46	110	174	2052	1977	2129	2048	2020	2002	2058	2031	2021	2022	1995	2013
304998	62	126	14	78	142	30	94	158	46	110	174	2049	1988	2133	2048	2019	1988	2039	2040	2007	2018	1996	2005
304998	62	126	14	78	142	30	94	158	46	110	174	2031	2035	2130	2019	1998	1965	2034	2086	1971	2021	2031	2008
304998	62	126	14	78	142	30	94	158	46	110	174	2002	2079	2141	1984	1993	1947	2012	2125	1952	2018	2057	2019
304998	62	126	14	78	142	30	94	158	46	110	174	1996	2083	2144	1983	1973	1952	2010	2126	1968	2021	2053	2023
304998	62	126	14	78	142	30	94	158	46	110	174	2014	2047	2137	2003	1988	1979	2020	2089	1992	2016	2026	2015
304998	62	126	14	78	142	30	94	158	46	110	174	2039	1991	2126	2038	2015	1996	2031	2044	2010	2016	2003	1994
304998	62	126	14	78	142	30	94	158	46	110	174	2057	1974	2127	2056	2025	2000	2046	2027	2011	2017	1997	2011
304998	62	126	14	78	142	30	94	158	46	110	174	2033	1996	2139	2036	2018	1983	2027	2050	1994	2022	2014	2024
304998	62	126	14	78	142	30	94	158	46	110	174	2008	2057	2144	2000	1993	1959	2008	2100	1974	2021	2038	2021
304998	62	126	14	78	142	30	94	158	46	110	174	1993	2092	2147	1974	1979	1943	1994	2127	1960	2017	2048	2015
304998	62	126	14	78	142	30	94	158	46	110	174	2002	2076	2139	1985	1997	1955	2013	2113	1970	2018	2043	2014
304998	62	126	14	78	142	30	94	158	46	110	174	2029	2013	2123	2016	2013	1983	2029	2065	1997	2020	2018	2013
304998	62	126	14	78	142	30	94	158	46	110	174	2054	1974	2129	2051	2029	2002	2043	2028	2017	2022	1991	2008
304998	62	126	14	78	142	30	94	158	46	110	174	2052	1984	2137	2047	2020	2001	2040	2038	2004	2022	1997	2008
304998	62	126	14	78	142	30	94	158	46	110	174	2032	2037	2138	2023	1996	1973	2031	2081	1978	2016	2023	2009
304998	62	126	14	78	142	30	94	158	46	110	174	1996	2081	2142	1984	1994	1939	2000	2115	1961	2021	2053	2022
304998	62	126	14	78	142	30	94	158	46	110	174	1997	2085	2132	1976	1987	1948	1999	2120	1966	2022	2052	2022
304998	62	126	14	78	142	30	94	158	46	110	174	2009	2041	2142	1993	2002	1970	2006	2092	1985	2020	2027	2018
304998	62	126	14	78	142	30	94	158	46	110	174	2041	1993	2129	2030	2022	1998	2048	2052	2001	2018	2000	2005
304998	62	126	14	78	142	30	94	158	46	110	174	2057	1974	2128	2056	2020	2005	2052	2031	2006	2019	1998	2003
304998	62	126	14	78	142	30	94	158	46	110	174	2038	2004	2126	2040	2016	1981	2028	2045	1999	2018	2010	2015
304998	62	126	14	78	142	30	94	158	46	110	174	2018	2052	2140	2005	1992	1959	2023	2099	1981	2020	2034	2017
304998	62	126	14	78	142	30	94	158	46	110	174	2003	2084	2142	1979	1990	1943	2008	2129	1957	2021	2050	2018
304998	62	126	14	78	142	30	94	158	46	110	174	1999	2073	2145	1978	1994	1957	2025	2119	1969	2022	2046	2012
304998	62	126	14	78	142	30	94	158	46	110	174	2020	2026	2134	2014	2000	1981	2020	2061	1994	2019	2023	2014
304998	62	126	14	78	142	30	94	158	46	110	174	2052	1985	2122	2046	2025	1996	2047	2040	2016	2021	1996	2014
304998	62	126	14	78	142	30	94	158	46	110	174	2057	1978	2118	2056	2018	1999	2040	2036	2006	2016	1996	2004
304998	62	126	14	78	142	30	94	158	46	110	174	2037	2020	2130	2026	2006	1975	2031	2071	1986	2017	2018	2008
304998	62	126	14	78	142	30	94	158	46	110	174	2006	2073	2148	1990	1992	1950	2008	2106	1964	2020	2049	2018
304998	62	126	14	78	142	30	94	158	46	110	174	1995	2088	2147	1979	1978	1945	2010	2126	1973	2021	2053	2024
304998	62	126	14	78	142	30	94	158	46	110	174	2006	2053	2138	1998	1999	1962	2012	2100	1983	2020	2033	2016
