304998	62	126	14	78	142	30	94	158	46	110	174	2033	1984	2141	2036	2019	1999	2028	2039	2013	2022	2002	2015
304998	62	126	14	78	142	30	94	158	46	110	174	2052	1974	2123	2052	2019	2002	2048	2034	2020	2018	1990	2010
304998	62	126	14	78	142	30	94	158	46	110	174	2046	2001	2129	2040	2012	1986	2038	2051	2002	2018	2012	2005
304998	62	126	14	78	142	30	94	158	46	110	174	2015	2052	2134	2009	1997	1952	2009	2096	1966	2022	2042	2015
304998	62	126	14	78	142	30	94	158	46	110	174	1996	2079	2153	1981	1989	1938	1995	2121	1953	2016	2058	2022
304998	62	126	14	78	142	30	94	158	46	110	174	1992	2066	2153	1989	1987	1956	1998	2105	1977	2016	2044	2013
304998	62	126	14	78	142	30	94	158	46	110	174	2022	2018	2133	2016	2006	1985	2023	2071	1994	2018	2015	2007
304998	62	126	14	78	142	30	94	158	46	110	174	2051	1974	2121	2050	2020	1999	2036	2038	2012	2021	1998	2011
304998	62	126	14	78	142	30	94	158	46	110	174	2053	1974	2123	2051	2026	1992	2046	2039	2007	2022	2001	2016
304998	62	126	14	78	142	30	94	158	46	110	174	2029	2018	2143	2021	2009	1969	2037	2066	1985	2020	2019	2020
304998	62	126	14	78	142	30	94	158	46	110	174	1999	2073	2153	1993	1985	1955	2006	2115	1966	2021	2045	2015
304998	62	126	14	78	142	30	94	158	46	110	174	1988	2093	2145	1973	1987	1940	1994	2126	1960	2017	2058	2013
304998	62	126	14	78	142	30	94	158	46	110	174	2010	2049	2135	1998	1993	1967	2012	2091	1977	2017	2040	2020
304998	62	126	14	78	142	30	94	158	46	110	174	2041	1994	2128	2029	2016	1989	2044	2049	2006	2017	2006	2020
304998	62	126	14	78	142	30	94	158	46	110	174	2051	1967	2133	2051	2028	2003	2037	2024	2024	2022	1992	2012
304998	62	126	14	78	142	30	94	158	46	110	174	2046	1994	2134	2047	2004	1995	2036	2050	2004	2020	2002	2006
304998	62	126	14	78	142	30	94	158	46	110	174	2019	2048	2145	2006	2000	1955	2035	2088	1973	2019	2042	2018
304998	62	126	14	78	142	30	94	158	46	110	174	1997	2089	2136	1981	1982	1940	2004	2122	1956	2017	2058	2017
304998	62	126	14	78	142	30	94	158	46	110	174	2001	2074	2139	1983	1996	1950	1998	2112	1970	2016	2046	2020
304998	62	126	14	78	142	30	94	158	46	110	174	2016	2017	2141	2008	2008	1982	2011	2069	1997	2020	2018	2014
304998	62	126	14	78	142	30	94	158	46	110	174	2046	1982	2129	2043	2017	2003	2055	2042	2018	2020	2002	2002
304998	62	126	14	78	142	30	94	158	46	110	174	2054	1975	2136	2053	2024	1996	2052	2033	2007	2016	2003	2010
304998	62	126	14	78	142	30	94	158	46	110	174	2040	2016	2125	2029	2010	1974	2034	2070	1987	2020	2017	2018
304998	62	126	14	78	142	30	94	158	46	110	174	2005	2063	2144	1996	1991	1949	2004	2105	1973	2020	2041	2021
304998	62	126	14	78	142	30	94	158	46	110	174	1984	2083	2148	1977	1991	1942	1995	2126	1961	2017	2051	2014
304998	62	126	14	78	142	30	94	158	46	110	174	2006	2057	2143	1991	1995	1968	2015	2104	1970	2022	2042	2013
304998	62	126	14	78	142	30	94	158	46	110	174	2032	2008	2129	2028	2014	1991	2026	2054	2002	2018	2014	2018
304998	62	126	14	78	142	30	94	158	46	110	174	2055	1972	2112	2053	2024	2005	2044	2028	2018	2018	1996	2010
304998	62	126	14	78	142	30	94	158	46	110	174	2046	1984	2132	2047	2010	1990	2036	2047	2005	2017	1999	2000
304998	62	126	14	78	142	30	94	158	46	110	174	2024	2042	2144	2012	2006	1968	2021	2088	1973	2019	2032	2013
304998	62	126	14	78	142	30	94	158	46	110	174	1996	2085	2150	1983	1984	1944	1997	2122	1956	2020	2055	2024
304998	62	126	14	78	142	30	94	158	46	110	174	1996	2088	2137	1976	1992	1950	2004	2118	1971	2021	2048	2020
304998	62	126	14	78	142	30	94	158	46	110	174	2019	2030	2127	2012	1996	1973	2020	2085	1996	2020	2022	2011
304998	62	126	14	78	142	30	94	158	46	110	174	2046	1980	2126	2040	2024	1999	2037	2039	2007	2022	2001	2005
304998	62	126	14	78	142	30	94	158	46	110	174	2056	1974	2133	2052	2022	2008	2049	2033	2007	2022	2001	2009
304998	62	126	14	78	142	30	94	158	46	110	174	2033	2013	2139	2032	2013	1977	2031	2062	1991	2021	2015	2017
304998	62	126	14	78	142	30	94	158	46	110	174	2008	2068	2140	1995	1992	1946	2011	2105	1975	2019	2042	2020
304998	62	126	14	78	142	30	94	158	46	110	174	1992	2089	2140	1983	1978	1940	1998	2131	1958	2019	2052	2013
304998	62	126	14	78	142	30	94	158	46	110	174	2005	2058	2143	1989	1997	1958	2009	2104	1968	2019	2043	2014
304998	62	126	14	78	142	30	94	158	46	110	174	2029	2006	2138	2022	2008	1993	2028	2061	1995	2017	2017	2018
304998	62	126	14	78	142	30	94	158	46	110	174	2052	1977	2129	2048	2020	2002	2058	2031	2021	2022	1995	2013
304998	62	126	14	78	142	30	94	158	46	110	174	2049	1988	2133	2048	2019	1988	2039	2040	2007	2018	1996	2005
304998	62	126	14	78	142	30	94	158	46	110	174	2031	2035	2130	2019	1998	1965	2034	2086	1971	2021	2031	2008
304998	62	126	14	78	142	30	94	158	46	110	174	2002	2079	2141	1984	1993	1947	2012	2125	1952	2018	2057	2019
304998	62	126	14	78	142	30	94	158	46	110	174	1996	2083	2144	1983	1973	1952	2010	2126	1968	2021	2053	2023
304998	62	126	14	78	142	30	94	158	46	110	174	2014	2047	2137	2003	1988	1979	2020	2089	1992	2016	2026	2015
304998	62	126	14	78	142	30	94	158	46	110	174	2039	1991	2126	2038	2015	1996	2031	2044	2010	2016	2003	1994
304998	62	126	14	78	142	30	94	158	46	110	174	2057	1974	2127	2056	2025	2000	2046	2027	2011	2017	1997	2011
304998	62	126	14	78	142	30	94	158	46	110	174	2033	1996	2139	2036	2018	1983	2027	2050	1994	2022	2014	2024
304998	62	126	14	78	142	30	94	158	46	110	174	2008	2057	2144	2000	1993	1959	2008	2100	1974	2021	2038	2021
304998	62	126	14	78	142	30	94	158	46	110	174	1993	2092	2147	1974	1979	1943	1994	2127	1960	2017	2048	2015
304998	62	126	14	78	142	30	94	158	46	110	174	2002	2076	2139	1985	1997	1955	2013	2113	1970	2018	2043	2014
304998	62	126	14	78	142	30	94	158	46	110	174	2029	2013	2123	2016	2013	1983	2029	2065	1997	2020	2018	2013
304998	62	126	14	78	142	30	94	158	46	110	174	2054	1974	2129	2051	2029	2002	2043	2028	2017	2022	1991	2008
304998	62	126	14	78	142	30	94	158	46	110	174	2052	1984	2137	2047	2020	2001	2040	2038	2004	2022	1997	2008
304998	62	126	14	78	142	30	94	158	46	110	174	2032	2037	2138	2023	1996	1973	2031	2081	1978	2016	2023	2009
304998	62	126	14	78	142	30	94	158	46	110	174	1996	2081	2142	1984	1994	1939	2000	2115	1961	2021	2053	2022
304998	62	126	14	78	142	30	94	158	46	110	174	1997	2085	2132	1976	1987	1948	1999	2120	1966	2022	2052	2022
304998	62	126	14	78	142	30	94	158	46	110	174	2009	2041	2142	1993	2002	1970	2006	2092	1985	2020	2027	2018
304998	62	126	14	78	142	30	94	158	46	110	174	2041	1993	2129	2030	2022	1998	2048	2052	2001	2018	2000	2005
304998	62	126	14	78	142	30	94	158	46	110	174	2057	1974	2128	2056	2020	2005	2052	2031	2006	2019	1998	2003
304998	62	126	14	78	142	30	94	158	46	110	174	2038	2004	2126	2040	2016	1981	2028	2045	1999	2018	2010	2015
304998	62	126	14	78	142	30	94	158	46	110	174	2018	2052	2140	2005	1992	1959	2023	2099	1981	2020	2034	2017
304998	62	126	14	78	142	30	94	158	46	110	174	2003	2084	2142	1979	1990	1943	2008	2129	1957	2021	2050	2018
304998	62	126	14	78	142	30	94	158	46	110	174	1999	2073	2145	1978	1994	1957	2025	2119	1969	2022	2046	2012
304998	62	126	14	78	142	30	94	158	46	110	174	2020	2026	2134	2014	2000	1981	2020	2061	1994	2019	2023	2014
304998	62	126	14	78	142	30	94	158	46	110	174	2052	1985	2122	2046	2025	1996	2047	2040	2016	2021	1996	2014
304998	62	126	14	78	142	30	94	158	46	110	174	2057	1978	2118	2056	2018	1999	2040	2036	2006	2016	1996	2004
304998	62	126	14	78	142	30	94	158	46	110	174	2037	2020	2130	2026	2006	1975	2031	2071	1986	2017	2018	2008
304998	62	126	14	78	142	30	94	158	46	110	174	2006	2073	2148	1990	1992	1950	2008	2106	1964	2020	2049	2018
304998	62	126	14	78	142	30	94	158	46	110	174	1995	2088	2147	1979	1978	1945	2010	2126	1973	2021	2053	2024
304998	62	126	14	78	142	30	94	158	46	110	174	2006	2053	2138	1998	1999	1962	2012	2100	1983	2020	2033	2016
304998	62	126	14	78	142	30	94	158	46	110	174	2044	2000	2120	2034	2006	1998	2048	2057	2000	2022	2005	2005
304998	62	126	14	78	142	30	94	158	46	110	174	2050	1966	2129	2054	2024	2006	2043	2024	2011	2019	1993	2002
304998	62	126	14	78	142	30	94	158	46	110	174	2048	1992	2137	2039	2019	1988	2048	2051	2002	2018	2005	2014
304998	62	126	14	78	142	30	94	158	46	110	174	2025	2049	2149	2013	1994	1964	2023	2096	1977	2017	2031	2019
304998	62	126	14	78	142	30	94	158	46	110	174	2001	2094	2142	1980	1989	1938	1999	2127	1956	2018	2050	2014
304998	62	126	14	78	142	30	94	158	46	110	174	1998	2076	2140	1980	1981	1955	1994	2114	1963	2018	2045	2006
304998	62	126	14	78	142	30	94	158	46	110	174	2025	2023	2130	2011	2011	1978	2019	2072	1994	2018	2027	2014
304998	62	126	14	78	142	30	94	158	46	110	174	2050	1977	2129	2045	2023	2000	2042	2042	2012	2020	1995	2014
304998	62	126	14	78	142	30	94	158	46	110	174	2055	1974	2129	2053	2022	1997	2052	2031	2005	2017	1991	2005
304998	62	126	14	78	142	30	94	158	46	110	174	2040	2022	2127	2028	2015	1969	2043	2068	1986	2017	2009	2007
304998	62	126	14	78	142	30	94	158	46	110	174	2012	2073	2139	1993	1990	1951	2010	2102	1973	2020	2048	2017
304998	62	126	14	78	142	30	94	158	46	110	174	1996	2085	2144	1979	1985	1948	2000	2126	1961	2016	2055	2024
304998	62	126	14	78	142	30	94	158	46	110	174	2003	2055	2140	1991	1997	1964	2010	2100	1975	2020	2035	2015
304998	62	126	14	78	142	30	94	158	46	110	174	2034	2000	2142	2025	2010	1996	2035	2058	2000	2017	2002	2007
304998	62	126	14	78	142	30	94	158	46	110	174	2051	1975	2132	2052	2024	2001	2039	2025	2017	2016	1992	2005
304998	62	126	14	78	142	30	94	158	46	110	174	2053	1991	2122	2050	2019	1996	2048	2043	2005	2020	2001	2013
304998	62	126	14	78	142	30	94	158	46	110	174	2023	2035	2132	2020	1999	1966	2017	2087	1979	2019	2028	2026
304998	62	126	14	78	142	30	94	158	46	110	174	2002	2077	2150	1982	1985	1945	2023	2119	1954	2018	2044	2017
304998	62	126	14	78	142	30	94	158	46	110	174	1992	2082	2152	1983	1977	1953	1997	2112	1969	2016	2048	2012
304998	62	126	14	78	142	30	94	158	46	110	174	2020	2039	2136	2007	2011	1974	2021	2084	1988	2020	2029	2013
304998	62	126	14	78	142	30	94	158	46	110	174	2045	1985	2119	2042	2018	1999	2032	2041	2009	2017	2001	2018
304998	62	126	14	78	142	30	94	158	46	110	174	2062	1973	2121	2054	2017	2013	2052	2035	2008	2020	1991	2008
304998	62	126	14	78	142	30	94	158	46	110	174	2042	2008	2132	2035	2014	1977	2038	2062	1995	2021	2007	2007
304998	62	126	14	78	142	30	94	158	46	110	174	2015	2059	2146	1997	1988	1953	2022	2109	1972	2018	2040	2013
304998	62	126	14	78	142	30	94	158	46	110	174	1993	2096	2148	1977	1988	1940	2008	2131	1958	2016	2058	2020
304998	62	126	14	78	142	30	94	158	46	110	174	2006	2067	2132	1985	1999	1961	2025	2112	1972	2019	2040	2019
304998	62	126	14	78	142	30	94	158	46	110	174	2032	2004	2129	2023	2014	1991	2033	2056	1997	2016	2005	2010
304998	62	126	14	78	142	30	94	158	46	110	174	2056	1971	2127	2049	2023	2003	2046	2031	2017	2020	1991	1998
304998	62	126	14	78	142	30	94	158	46	110	174	2048	1981	2139	2050	2013	1999	2033	2038	2006	2021	2000	2009
304998	62	126	14	78	142	30	94	158	46	110	174	2024	2035	2147	2017	2003	1964	2019	2077	1981	2016	2024	2020
304998	62	126	14	78	142	30	94	158	46	110	174	1999	2085	2142	1985	1990	1950	2002	2112	1955	2020	2044	2015
304998	62	126	14	78	142	30	94	158	46	110	174	1998	2083	2139	1978	1987	1949	1997	2120	1968	2020	2050	2011
304998	62	126	14	78	142	30	94	158	46	110	174	2007	2030	2149	2002	2001	1967	2008	2087	1989	2018	2029	2006
304998	62	126	14	78	142	30	94	158	46	110	174	2043	1990	2129	2037	2020	1990	2049	2048	2006	2016	2005	2015
304998	62	126	14	78	142	30	94	158	46	110	174	2057	1974	2128	2058	2018	2003	2060	2028	2009	2021	1990	2015
304998	62	126	14	78	142	30	94	158	46	110	174	2047	2005	2124	2034	2021	1982	2031	2048	2001	2016	2005	2008
304998	62	126	14	78	142	30	94	158	46	110	174	2018	2057	2138	2004	1988	1956	2019	2098	1975	2020	2031	2011
304998	62	126	14	78	142	30	94	158	46	110	174	1996	2084	2148	1977	1989	1937	2001	2121	1952	2020	2054	2012
304998	62	126	14	78	142	30	94	158	46	110	174	2001	2073	2145	1987	1998	1950	2015	2112	1967	2016	2047	2019
304998	62	126	14	78	142	30	94	158	46	110	174	2031	2015	2142	2020	2005	1985	2024	2062	1996	2022	2013	2019
304998	62	126	14	78	142	30	94	158	46	110	174	2051	1984	2122	2046	2025	2003	2036	2036	2018	2019	1989	2007
304998	62	126	14	78	142	30	94	158	46	110	174	2063	1977	2119	2053	2020	2000	2046	2038	2006	2018	1996	2006
304998	62	126	14	78	142	30	94	158	46	110	174	2033	2021	2131	2026	2000	1970	2031	2071	1983	2020	2023	2014
304998	62	126	14	78	142	30	94	158	46	110	174	2006	2074	2150	1985	1999	1941	2023	2114	1966	2016	2045	2016
304998	62	126	14	78	142	30	94	158	46	110	174	1994	2086	2158	1977	1989	1940	2015	2120	1966	2018	2048	2019
304998	62	126	14	78	142	30	94	158	46	110	174	2009	2052	2134	1994	2006	1968	2011	2094	1982	2017	2028	2006
304998	62	126	14	78	142	30	94	158	46	110	174	2042	1992	2121	2034	2008	1996	2040	2047	2004	2016	2010	2007
304998	62	126	14	78	142	30	94	158	46	110	174	2046	1956	2125	2052	2023	2003	2042	2023	2018	2018	1999	2014
304998	62	126	14	78	142	30	94	158	46	110	174	2048	1994	2132	2039	2021	1985	2044	2052	2003	2017	2004	2013
304998	62	126	14	78	142	30	94	158	46	110	174	2013	2046	2155	2010	1990	1963	2013	2094	1972	2022	2028	2014
304998	62	126	14	78	142	30	94	158	46	110	174	2001	2092	2146	1979	1989	1941	2003	2129	1953	2018	2051	2009
304998	62	126	14	78	142	30	94	158	46	110	174	1993	2073	2146	1982	1991	1951	1996	2106	1969	2020	2048	2015
304998	62	126	14	78	142	30	94	158	46	110	174	2029	2020	2126	2014	2008	1974	2018	2071	1998	2022	2020	2020
304998	62	126	14	78	142	30	94	158	46	110	174	2052	1971	2128	2049	2025	2002	2045	2037	2017	2021	1991	2013
304998	62	126	14	78	142	30	94	158	46	110	174	2058	1977	2128	2054	2018	2006	2051	2034	2007	2018	1993	2001
304998	62	126	14	78	142	30	94	158	46	110	174	2036	2024	2140	2025	2012	1972	2036	2063	1988	2021	2020	2008
304998	62	126	14	78	142	30	94	158	46	110	174	2005	2075	2144	1994	1995	1943	2006	2102	1971	2020	2048	2017
304998	62	126	14	78	142	30	94	158	46	110	174	1996	2087	2144	1980	1985	1934	1998	2128	1958	2020	2055	2028
304998	62	126	14	78	142	30	94	158	46	110	174	2008	2052	2145	1991	2005	1963	2007	2098	1976	2017	2032	2016
304998	62	126	14	78	142	30	94	158	46	110	174	2037	1997	2134	2031	2010	1997	2031	2052	1998	2020	2006	2004
304998	62	126	14	78	142	30	94	158	46	110	174	2057	1974	2127	2051	2027	1999	2060	2027	2021	2017	1998	2012
304998	62	126	14	78	142	30	94	158	46	110	174	2044	1989	2129	2046	2018	1986	2038	2048	2003	2019	2005	2014
304998	62	126	14	78	142	30	94	158	46	110	174	2024	2042	2130	2015	2003	1955	2025	2087	1974	2021	2029	2017
304998	62	126	14	78	142	30	94	158	46	110	174	1997	2083	2153	1978	1994	1942	2004	2120	1959	2017	2051	2014
304998	62	126	14	78	142	30	94	158	46	110	174	1998	2082	2148	1984	1992	1950	2005	2119	1966	2018	2052	2010
304998	62	126	14	78	142	30	94	158	46	110	174	2016	2031	2140	2007	2003	1976	2016	2081	1994	2019	2030	2016
304998	62	126	14	78	142	30	94	158	46	110	174	2046	1985	2120	2044	2024	1999	2037	2037	2010	2018	1999	2016
304998	62	126	14	78	142	30	94	158	46	110	174	2063	1964	2137	2057	2029	1995	2062	2028	2009	2018	1988	2008
304998	62	126	14	78	142	30	94	158	46	110	174	2041	2008	2133	2030	2017	1977	2037	2059	1994	2021	2011	2007
304998	62	126	14	78	142	30	94	158	46	110	174	2014	2070	2148	1993	1997	1952	2015	2107	1970	2019	2049	2014
304998	62	126	14	78	142	30	94	158	46	110	174	1987	2092	2152	1978	1990	1937	1993	2129	1956	2020	2058	2023
304998	62	126	14	78	142	30	94	158	46	110	174	2006	2067	2134	1991	1999	1956	2011	2103	1970	2017	2039	2022
304998	62	126	14	78	142	30	94	158	46	110	174	2038	2003	2128	2025	2017	1988	2018	2051	2006	2020	2010	2009
304998	62	126	14	78	142	30	94	158	46	110	174	2058	1967	2127	2048	2030	2000	2043	2025	2020	2021	1993	2004
304998	62	126	14	78	142	30	94	158	46	110	174	2049	1981	2134	2047	2020	1992	2036	2042	2007	2018	2003	2010
304998	62	126	14	78	142	30	94	158	46	110	174	2025	2041	2143	2016	2002	1961	2025	2084	1980	2022	2028	2020
304998	62	126	14	78	142	30	94	158	46	110	174	1997	2091	2143	1986	1988	1938	2000	2119	1961	2016	2047	2023
304998	62	126	14	78	142	30	94	158	46	110	174	1994	2085	2134	1980	1990	1951	1994	2117	1969	2019	2046	2013
304998	62	126	14	78	142	30	94	158	46	110	174	2005	2028	2142	2003	2001	1968	2005	2083	1991	2017	2029	2011
304998	62	126	14	78	142	30	94	158	46	110	174	2045	1984	2131	2042	2019	1999	2055	2049	2012	2020	2005	2012
304998	62	126	14	78	142	30	94	158	46	110	174	2054	1970	2142	2055	2026	1999	2049	2026	2009	2017	1994	2010
304998	62	126	14	78	142	30	94	158	46	110	174	2041	2009	2125	2034	2017	1979	2028	2054	1994	2020	2010	2013
304998	62	126	14	78	142	30	94	158	46	110	174	2014	2057	2140	1999	1993	1957	2006	2100	1972	2017	2039	2011
304998	62	126	14	78	142	30	94	158	46	110	174	1981	2080	2160	1976	1984	1943	1993	2122	1961	2020	2061	2019
304998	62	126	14	78	142	30	94	158	46	110	174	2003	2069	2144	1988	1995	1959	2016	2113	1969	2017	2045	2024
304998	62	126	14	78	142	30	94	158	46	110	174	2019	2012	2144	2024	2010	1984	2018	2058	2002	2018	2015	2013
304998	62	126	14	78	142	30	94	158	46	110	174	2056	1978	2119	2049	2030	2003	2038	2031	2022	2016	1993	2003
304998	62	126	14	78	142	30	94	158	46	110	174	2057	1980	2123	2048	2025	1988	2036	2038	2010	2016	2002	2003
