304998	62	126	14	78	142	30	94	158	46	110	174	2048	1994	2132	2039	2021	1985	2044	2052	2003	2017	2004	2013
304998	62	126	14	78	142	30	94	158	46	110	174	2013	2046	2155	2010	1990	1963	2013	2094	1972	2022	2028	2014
304998	62	126	14	78	142	30	94	158	46	110	174	2001	2092	2146	1979	1989	1941	2003	2129	1953	2018	2051	2009
304998	62	126	14	78	142	30	94	158	46	110	174	1993	2073	2146	1982	1991	1951	1996	2106	1969	2020	2048	2015
304998	62	126	14	78	142	30	94	158	46	110	174	2029	2020	2126	2014	2008	1974	2018	2071	1998	2022	2020	2020
304998	62	126	14	78	142	30	94	158	46	110	174	2052	1971	2128	2049	2025	2002	2045	2037	2017	2021	1991	2013
304998	62	126	14	78	142	30	94	158	46	110	174	2058	1977	2128	2054	2018	2006	2051	2034	2007	2018	1993	2001
304998	62	126	14	78	142	30	94	158	46	110	174	2036	2024	2140	2025	2012	1972	2036	2063	1988	2021	2020	2008
304998	62	126	14	78	142	30	94	158	46	110	174	2005	2075	2144	1994	1995	1943	2006	2102	1971	2020	2048	2017
304998	62	126	14	78	142	30	94	158	46	110	174	1996	2087	2144	1980	1985	1934	1998	2128	1958	2020	2055	2028
304998	62	126	14	78	142	30	94	158	46	110	174	2008	2052	2145	1991	2005	1963	2007	2098	1976	2017	2032	2016
304998	62	126	14	78	142	30	94	158	46	110	174	2037	1997	2134	2031	2010	1997	2031	2052	1998	2020	2006	2004
304998	62	126	14	78	142	30	94	158	46	110	174	2057	1974	2127	2051	2027	1999	2060	2027	2021	2017	1998	2012
304998	62	126	14	78	142	30	94	158	46	110	174	2044	1989	2129	2046	2018	1986	2038	2048	2003	2019	2005	2014
304998	62	126	14	78	142	30	94	158	46	110	174	2024	2042	2130	2015	2003	1955	2025	2087	1974	2021	2029	2017
304998	62	126	14	78	142	30	94	158	46	110	174	1997	2083	2153	1978	1994	1942	2004	2120	1959	2017	2051	2014
304998	62	126	14	78	142	30	94	158	46	110	174	1998	2082	2148	1984	1992	1950	2005	2119	1966	2018	2052	2010
304998	62	126	14	78	142	30	94	158	46	110	174	2016	2031	2140	2007	2003	1976	2016	2081	1994	2019	2030	2016
304998	62	126	14	78	142	30	94	158	46	110	174	2046	1985	2120	2044	2024	1999	2037	2037	2010	2018	1999	2016
304998	62	126	14	78	142	30	94	158	46	110	174	2063	1964	2137	2057	2029	1995	2062	2028	2009	2018	1988	2008
304998	62	126	14	78	142	30	94	158	46	110	174	2041	2008	2133	2030	2017	1977	2037	2059	1994	2021	2011	2007
304998	62	126	14	78	142	30	94	158	46	110	174	2014	2070	2148	1993	1997	1952	2015	2107	1970	2019	2049	2014
304998	62	126	14	78	142	30	94	158	46	110	174	1987	2092	2152	1978	1990	1937	1993	2129	1956	2020	2058	2023
304998	62	126	14	78	142	30	94	158	46	110	174	2006	2067	2134	1991	1999	1956	2011	2103	1970	2017	2039	2022
304998	62	126	14	78	142	30	94	158	46	110	174	2038	2003	2128	2025	2017	1988	2018	2051	2006	2020	2010	2009
304998	62	126	14	78	142	30	94	158	46	110	174	2058	1967	2127	2048	2030	2000	2043	2025	2020	2021	1993	2004
304998	62	126	14	78	142	30	94	158	46	110	174	2049	1981	2134	2047	2020	1992	2036	2042	2007	2018	2003	2010
304998	62	126	14	78	142	30	94	158	46	110	174	2025	2041	2143	2016	2002	1961	2025	2084	1980	2022	2028	2020
304998	62	126	14	78	142	30	94	158	46	110	174	1997	2091	2143	1986	1988	1938	2000	2119	1961	2016	2047	2023
304998	62	126	14	78	142	30	94	158	46	110	174	1994	2085	2134	1980	1990	1951	1994	2117	1969	2019	2046	2013
304998	62	126	14	78	142	30	94	158	46	110	174	2005	2028	2142	2003	2001	1968	2005	2083	1991	2017	2029	2011
304998	62	126	14	78	142	30	94	158	46	110	174	2045	1984	2131	2042	2019	1999	2055	2049	2012	2020	2005	2012
304998	62	126	14	78	142	30	94	158	46	110	174	2054	1970	2142	2055	2026	1999	2049	2026	2009	2017	1994	2010
304998	62	126	14	78	142	30	94	158	46	110	174	2041	2009	2125	2034	2017	1979	2028	2054	1994	2020	2010	2013
304998	62	126	14	78	142	30	94	158	46	110	174	2014	2057	2140	1999	1993	1957	2006	2100	1972	2017	2039	2011
304998	62	126	14	78	142	30	94	158	46	110	174	1981	2080	2160	1976	1984	1943	1993	2122	1961	2020	2061	2019
304998	62	126	14	78	142	30	94	158	46	110	174	2003	2069	2144	1988	1995	1959	2016	2113	1969	2017	2045	2024
304998	62	126	14	78	142	30	94	158	46	110	174	2019	2012	2144	2024	2010	1984	2018	2058	2002	2018	2015	2013
304998	62	126	14	78	142	30	94	158	46	110	174	2056	1978	2119	2049	2030	2003	2038	2031	2022	2016	1993	2003
304998	62	126	14	78	142	30	94	158	46	110	174	2057	1980	2123	2048	2025	1988	2036	2038	2010	2016	2002	2003
304998	62	126	14	78	142	30	94	158	46	110	174	2024	2025	2137	2018	2008	1963	2024	2076	1985	2016	2031	2014
304998	62	126	14	78	142	30	94	158	46	110	174	2000	2081	2148	1983	1988	1944	2012	2116	1960	2020	2048	2025
304998	62	126	14	78	142	30	94	158	46	110	174	1995	2086	2156	1974	1985	1942	1997	2120	1971	2016	2050	2018
304998	62	126	14	78	142	30	94	158	46	110	174	2007	2046	2133	1996	2001	1969	2009	2090	1981	2016	2031	2005
304998	62	126	14	78	142	30	94	158	46	110	174	2044	1989	2128	2037	2015	1998	2036	2049	2009	2021	2010	2008
304998	62	126	14	78	142	30	94	158	46	110	174	2049	1960	2128	2053	2028	2007	2043	2026	2012	2019	1996	2008
304998	62	126	14	78	142	30	94	158	46	110	174	2043	1999	2135	2036	2019	1991	2047	2052	2002	2022	2008	2018
304998	62	126	14	78	142	30	94	158	46	110	174	2010	2054	2153	2002	1989	1960	2004	2098	1977	2020	2029	2012
304998	62	126	14	78	142	30	94	158	46	110	174	1994	2092	2140	1975	1985	1941	1991	2126	1959	2018	2060	2014
304998	62	126	14	78	142	30	94	158	46	110	174	1995	2070	2135	1981	1986	1955	1994	2112	1967	2017	2051	2022
304998	62	126	14	78	142	30	94	158	46	110	174	2014	2013	2131	2014	2010	1982	2016	2064	1994	2021	2019	2019
304998	62	126	14	78	142	30	94	158	46	110	174	2051	1972	2138	2045	2021	2010	2044	2032	2023	2017	1997	2010
304998	62	126	14	78	142	30	94	158	46	110	174	2049	1977	2129	2050	2020	1996	2040	2033	2012	2019	1998	2001
304998	62	126	14	78	142	30	94	158	46	110	174	2032	2031	2125	2025	2008	1971	2040	2071	1981	2021	2026	2007
304998	62	126	14	78	142	30	94	158	46	110	174	2000	2075	2142	1991	1989	1947	2001	2111	1961	2020	2051	2024
304998	62	126	14	78	142	30	94	158	46	110	174	1987	2085	2146	1971	1985	1940	1987	2122	1967	2020	2054	2022
304998	62	126	14	78	142	30	94	158	46	110	174	2009	2053	2142	1996	1993	1967	2007	2098	1986	2017	2031	2015
304998	62	126	14	78	142	30	94	158	46	110	174	2036	2000	2125	2030	2018	1997	2036	2048	2008	2018	2003	2003
304998	62	126	14	78	142	30	94	158	46	110	174	2059	1970	2123	2054	2026	2004	2040	2024	2015	2016	1997	2006
304998	62	126	14	78	142	30	94	158	46	110	174	2049	1992	2128	2046	2011	1981	2044	2047	2006	2021	2008	2015
304998	62	126	14	78	142	30	94	158	46	110	174	2013	2043	2142	2003	2001	1958	2012	2089	1980	2020	2031	2018
304998	62	126	14	78	142	30	94	158	46	110	174	1994	2094	2148	1982	1981	1949	1993	2127	1959	2018	2053	2015
304998	62	126	14	78	142	30	94	158	46	110	174	1992	2084	2142	1978	1983	1952	1996	2116	1968	2022	2050	2020
304998	62	126	14	78	142	30	94	158	46	110	174	2019	2025	2125	2011	2007	1975	2022	2068	1988	2018	2028	2014
304998	62	126	14	78	142	30	94	158	46	110	174	2052	1972	2129	2047	2023	1996	2040	2034	2027	2019	1995	2015
304998	62	126	14	78	142	30	94	158	46	110	174	2056	1971	2132	2054	2027	1996	2040	2034	2016	2018	1994	2009
304998	62	126	14	78	142	30	94	158	46	110	174	2033	2017	2133	2030	1992	1985	2044	2071	1985	2023	2013	2003
304998	62	126	14	78	142	30	94	158	46	110	174	1999	2073	2142	1991	1992	1946	1999	2109	1964	2017	2051	2024
304998	62	126	14	78	142	30	94	158	46	110	174	1983	2087	2132	1974	1983	1940	1989	2120	1964	2018	2055	2030
304998	62	126	14	78	142	30	94	158	46	110	174	2008	2052	2136	1995	1997	1962	2004	2100	1984	2020	2036	2019
304998	62	126	14	78	142	30	94	158	46	110	174	2035	1999	2138	2025	2015	1990	2028	2057	2003	2020	2007	2006
304998	62	126	14	78	142	30	94	158	46	110	174	2053	1971	2135	2059	2021	2009	2049	2032	2015	2017	1996	1999
304998	62	126	14	78	142	30	94	158	46	110	174	2048	1992	2127	2043	2021	1995	2056	2045	2004	2017	2006	2015
304998	62	126	14	78	142	30	94	158	46	110	174	2024	2039	2133	2015	1996	1962	2024	2087	1982	2019	2032	2021
304998	62	126	14	78	142	30	94	158	46	110	174	1995	2077	2149	1978	1985	1935	1997	2125	1962	2018	2050	2021
304998	62	126	14	78	142	30	94	158	46	110	174	1997	2082	2147	1984	1981	1950	2002	2124	1963	2018	2050	2018
304998	62	126	14	78	142	30	94	158	46	110	174	2009	2033	2142	2003	2003	1978	2011	2081	1984	2020	2028	2010
304998	62	126	14	78	142	30	94	158	46	110	174	2050	1985	2118	2044	2020	2003	2044	2040	2016	2023	2004	2013
304998	62	126	14	78	142	30	94	158	46	110	174	2057	1962	2132	2057	2020	2001	2048	2025	2021	2020	1996	2013
304998	62	126	14	78	142	30	94	158	46	110	174	2045	2007	2131	2034	2010	1979	2037	2059	1993	2017	2009	2008
304998	62	126	14	78	142	30	94	158	46	110	174	2008	2066	2150	1997	1988	1947	2004	2107	1962	2020	2042	2013
304998	62	126	14	78	142	30	94	158	46	110	174	1983	2097	2146	1978	1980	1943	1990	2122	1952	2018	2062	2022
304998	62	126	14	78	142	30	94	158	46	110	174	2004	2067	2129	1986	1996	1961	2016	2106	1982	2021	2045	2024
304998	62	126	14	78	142	30	94	158	46	110	174	2039	2005	2128	2022	2008	1993	2029	2063	2003	2018	2011	2013
304998	62	126	14	78	142	30	94	158	46	110	174	2060	1963	2127	2051	2026	2003	2045	2031	2015	2018	1993	2001
304998	62	126	14	78	142	30	94	158	46	110	174	2054	1981	2132	2047	2021	1996	2046	2040	2007	2022	2000	2007
304998	62	126	14	78	142	30	94	158	46	110	174	2020	2039	2139	2013	2004	1961	2021	2076	1985	2020	2031	2016
304998	62	126	14	78	142	30	94	158	46	110	174	2001	2091	2132	1982	1983	1947	2001	2125	1960	2017	2054	2029
304998	62	126	14	78	142	30	94	158	46	110	174	1996	2085	2136	1974	1978	1948	1994	2123	1956	2016	2051	2019
304998	62	126	14	78	142	30	94	158	46	110	174	2015	2039	2136	2000	2001	1972	2017	2088	1986	2022	2028	2009
304998	62	126	14	78	142	30	94	158	46	110	174	2040	1987	2134	2041	2017	1996	2037	2038	2011	2020	2007	2002
304998	62	126	14	78	142	30	94	158	46	110	174	2058	1972	2129	2056	2028	2007	2046	2025	2020	2017	1993	2011
304998	62	126	14	78	142	30	94	158	46	110	174	2046	2006	2124	2033	2014	1985	2036	2060	1996	2020	2008	2019
304998	62	126	14	78	142	30	94	158	46	110	174	2012	2059	2140	1998	1991	1956	2017	2100	1966	2022	2037	2013
304998	62	126	14	78	142	30	94	158	46	110	174	1982	2087	2159	1979	1977	1939	1986	2124	1956	2020	2057	2016
304998	62	126	14	78	142	30	94	158	46	110	174	1995	2073	2146	1984	1994	1955	2002	2111	1974	2016	2050	2015
304998	62	126	14	78	142	30	94	158	46	110	174	2022	2020	2133	2024	2015	1984	2016	2064	2002	2016	2017	2018
304998	62	126	14	78	142	30	94	158	46	110	174	2054	1970	2119	2048	2019	2008	2053	2033	2018	2016	1990	2009
304998	62	126	14	78	142	30	94	158	46	110	174	2060	1968	2129	2050	2019	2003	2044	2030	2009	2022	1991	2004
304998	62	126	14	78	142	30	94	158	46	110	174	2032	2027	2140	2020	2002	1963	2028	2075	1985	2022	2024	2009
304998	62	126	14	78	142	30	94	158	46	110	174	1994	2080	2147	1990	1984	1946	1997	2116	1964	2018	2056	2022
304998	62	126	14	78	142	30	94	158	46	110	174	1987	2094	2137	1975	1988	1936	1992	2126	1954	2018	2059	2026
304998	62	126	14	78	142	30	94	158	46	110	174	2010	2048	2128	2001	1991	1973	2017	2092	1981	2020	2033	2014
304998	62	126	14	78	142	30	94	158	46	110	174	2046	1985	2121	2035	2018	1997	2043	2041	2010	2020	1998	2000
304998	62	126	14	78	142	30	94	158	46	110	174	2062	1961	2129	2053	2023	2007	2042	2025	2021	2019	1996	2002
304998	62	126	14	78	142	30	94	158	46	110	174	2045	1998	2134	2046	2008	1986	2035	2052	1999	2020	2011	2015
304998	62	126	14	78	142	30	94	158	46	110	174	2011	2060	2145	2005	1999	1952	2022	2097	1965	2020	2038	2021
304998	62	126	14	78	142	30	94	158	46	110	174	1991	2097	2140	1976	1991	1937	1995	2121	1950	2020	2054	2019
304998	62	126	14	78	142	30	94	158	46	110	174	2000	2072	2135	1986	1983	1954	2011	2115	1968	2022	2047	2009
304998	62	126	14	78	142	30	94	158	46	110	174	2018	2014	2132	2015	2008	1978	2017	2070	1995	2018	2020	2011
304998	62	126	14	78	142	30	94	158	46	110	174	2056	1975	2128	2047	2016	2009	2052	2039	2015	2021	1998	2011
304998	62	126	14	78	142	30	94	158	46	110	174	2049	1971	2140	2054	2031	2000	2045	2026	2007	2018	1992	2013
304998	62	126	14	78	142	30	94	158	46	110	174	2038	2021	2124	2022	2010	1973	2043	2065	1991	2022	2015	2014
304998	62	126	14	78	142	30	94	158	46	110	174	2006	2075	2135	1995	1971	1954	2006	2116	1965	2018	2050	2015
304998	62	126	14	78	142	30	94	158	46	110	174	1991	2092	2149	1975	1983	1937	1994	2127	1954	2017	2059	2020
304998	62	126	14	78	142	30	94	158	46	110	174	2006	2053	2142	1996	1987	1972	2018	2101	1971	2016	2043	2020
304998	62	126	14	78	142	30	94	158	46	110	174	2036	1999	2132	2033	2020	1992	2032	2045	2011	2020	2003	2015
304998	62	126	14	78	142	30	94	158	46	110	174	2063	1968	2117	2054	2030	2011	2055	2026	2024	2019	1984	2005
304998	62	126	14	78	142	30	94	158	46	110	174	2054	1986	2125	2045	2011	1991	2039	2047	2002	2020	2002	1999
304998	62	126	14	78	142	30	94	158	46	110	174	2021	2047	2143	2009	1996	1956	2010	2090	1966	2020	2037	2015
304998	62	126	14	78	142	30	94	158	46	110	174	1993	2087	2148	1983	1983	1938	1999	2124	1954	2017	2059	2023
304998	62	126	14	78	142	30	94	158	46	110	174	1996	2088	2144	1983	1990	1950	2010	2120	1972	2020	2048	2019
304998	62	126	14	78	142	30	94	158	46	110	174	2022	2031	2125	2008	2009	1979	2017	2077	1994	2017	2021	2011
304998	62	126	14	78	142	30	94	158	46	110	174	2057	1971	2117	2047	2022	2006	2063	2037	2013	2019	1993	2002
304998	62	126	14	78	142	30	94	158	46	110	174	2063	1967	2125	2053	2023	2003	2057	2026	2008	2017	1994	2015
304998	62	126	14	78	142	30	94	158	46	110	174	2044	2016	2139	2037	1998	1981	2032	2067	1992	2018	2013	2017
304998	62	126	14	78	142	30	94	158	46	110	174	2003	2077	2153	1993	1992	1944	1999	2110	1963	2016	2042	2022
304998	62	126	14	78	142	30	94	158	46	110	174	1994	2098	2140	1974	1992	1938	1994	2126	1955	2017	2053	2009
304998	62	126	14	78	142	30	94	158	46	110	174	2004	2059	2137	1990	1995	1960	2021	2098	1974	2022	2045	2012
304998	62	126	14	78	142	30	94	158	46	110	174	2036	2004	2128	2027	2011	1990	2028	2049	2011	2017	2010	2013
304998	62	126	14	78	142	30	94	158	46	110	174	2063	1960	2127	2057	2020	2010	2043	2025	2023	2018	1989	2012
304998	62	126	14	78	142	30	94	158	46	110	174	2054	1986	2133	2046	2023	1996	2041	2037	2005	2018	1997	2006
304998	62	126	14	78	142	30	94	158	46	110	174	2023	2042	2140	2014	2002	1962	2018	2082	1975	2019	2029	2011
304998	62	126	14	78	142	30	94	158	46	110	174	1998	2088	2137	1986	1989	1941	1998	2123	1955	2019	2062	2015
304998	62	126	14	78	142	30	94	158	46	110	174	1993	2082	2140	1983	1987	1944	2000	2122	1966	2022	2057	2020
304998	62	126	14	78	142	30	94	158	46	110	174	2016	2030	2142	2007	2006	1965	2022	2083	1988	2019	2025	2014
304998	62	126	14	78	142	30	94	158	46	110	174	2052	1981	2131	2046	2018	2004	2051	2039	2014	2021	1991	2010
304998	62	126	14	78	142	30	94	158	46	110	174	2063	1973	2122	2054	2024	2004	2046	2020	2015	2019	1985	2000
304998	62	126	14	78	142	30	94	158	46	110	174	2051	2006	2124	2040	2012	1986	2031	2064	1997	2016	2014	2011
304998	62	126	14	78	142	30	94	158	46	110	174	2008	2064	2151	1998	1991	1952	2005	2101	1966	2017	2047	2023
304998	62	126	14	78	142	30	94	158	46	110	174	1983	2092	2150	1983	1986	1935	1995	2123	1951	2020	2058	2020
304998	62	126	14	78	142	30	94	158	46	110	174	1997	2065	2148	1988	1990	1955	1997	2100	1969	2021	2041	2013
304998	62	126	14	78	142	30	94	158	46	110	174	2031	2008	2131	2023	2018	1986	2018	2059	2008	2018	2012	2003
304998	62	126	14	78	142	30	94	158	46	110	174	2063	1966	2117	2051	2027	2005	2038	2026	2020	2022	1992	2006
304998	62	126	14	78	142	30	94	158	46	110	174	2063	1974	2120	2052	2017	2000	2044	2036	2009	2021	1997	2012
304998	62	126	14	78	142	30	94	158	46	110	174	2031	2027	2139	2019	2007	1962	2018	2074	1977	2017	2022	2021
304998	62	126	14	78	142	30	94	158	46	110	174	1997	2082	2151	1989	1985	1944	2010	2114	1959	2016	2051	2017
304998	62	126	14	78	142	30	94	158	46	110	174	1985	2091	2150	1976	1993	1938	1984	2123	1962	2018	2059	2011
304998	62	126	14	78	142	30	94	158	46	110	174	2012	2043	2130	2000	2007	1967	2008	2090	1984	2021	2033	2014
304998	62	126	14	78	142	30	94	158	46	110	174	2041	1973	2133	2040	2017	2002	2031	2038	2007	2022	2000	2013
304998	62	126	14	78	142	30	94	158	46	110	174	2055	1958	2121	2057	2022	2006	2044	2018	2021	2020	1985	2013
304998	62	126	14	78	142	30	94	158	46	110	174	2046	1998	2140	2044	2016	1981	2040	2051	2006	2020	2000	2007
304998	62	126	14	78	142	30	94	158	46	110	174	2011	2059	2145	2003	2001	1952	2008	2098	1967	2021	2038	2014
304998	62	126	14	78	142	30	94	158	46	110	174	1993	2102	2142	1976	1989	1938	1989	2126	1946	2021	2066	2018
304998	62	126	14	78	142	30	94	158	46	110	174	1994	2070	2139	1992	1981	1955	1996	2104	1966	2018	2051	2025
304998	62	126	14	78	142	30	94	158	46	110	174	2025	2013	2127	2026	2014	1979	2018	2060	2006	2017	2011	2008
304998	62	126	14	78	142	30	94	158	46	110	174	2057	1961	2128	2051	2018	2009	2043	2028	2023	2018	1987	2006
304998	62	126	14	78	142	30	94	158	46	110	174	2059	1969	2137	2050	2027	2000	2045	2029	2009	2021	1990	2001
304998	62	126	14	78	142	30	94	158	46	110	174	2035	2028	2135	2026	2011	1969	2036	2076	1976	2022	2024	2014
304998	62	126	14	78	142	30	94	158	46	110	174	2002	2080	2140	1999	1984	1938	2004	2109	1961	2017	2057	2025
