304998	62	126	14	78	142	30	94	158	46	110	174	2038	2008	2103	2038	2013	1993	2024	2052	2007	2020	2019	2041
304998	62	126	14	78	142	30	94	158	46	110	174	2048	2000	2108	2042	2014	2006	2018	2056	2010	2020	2006	2054
304998	62	126	14	78	142	30	94	158	46	110	174	2042	2005	2125	2037	2008	1982	2032	2059	1994	2023	2013	2025
304998	62	126	14	78	142	30	94	158	46	110	174	2014	2009	2162	2042	1994	1954	2009	2049	1975	2021	2042	1995
304998	62	126	14	78	142	30	94	158	46	110	174	1985	2010	2162	2042	1982	1942	1994	2047	1972	2020	2056	1985
304998	62	126	14	78	142	30	94	158	46	110	174	1994	2007	2146	2040	1984	1955	2000	2056	1977	2017	2048	1998
304998	62	126	14	78	142	30	94	158	46	110	174	2015	1999	2134	2041	1992	1984	2009	2052	1996	2021	2023	2026
304998	62	126	14	78	142	30	94	158	46	110	174	2049	2006	2107	2043	2019	1997	2028	2052	2007	2017	2011	2041
304998	62	126	14	78	142	30	94	158	46	110	174	2048	2005	2114	2040	2020	1996	2019	2049	2007	2016	2015	2037
304998	62	126	14	78	142	30	94	158	46	110	174	2027	2015	2126	2040	2003	1972	2013	2049	1996	2020	2030	2025
304998	62	126	14	78	142	30	94	158	46	110	174	2002	2005	2153	2044	1984	1948	2004	2060	1968	2023	2047	1988
304998	62	126	14	78	142	30	94	158	46	110	174	1981	2000	2167	2044	1968	1946	1997	2049	1966	2022	2048	1987
304998	62	126	14	78	142	30	94	158	46	110	174	2004	2004	2148	2042	1993	1963	2009	2052	1972	2020	2043	2001
304998	62	126	14	78	142	30	94	158	46	110	174	2033	2006	2118	2039	2008	1991	2017	2047	2008	2019	2024	2032
304998	62	126	14	78	142	30	94	158	46	110	174	2054	2013	2096	2037	2024	2003	2033	2055	2017	2016	2010	2051
304998	62	126	14	78	142	30	94	158	46	110	174	2046	2005	2114	2040	2011	1991	2019	2057	2002	2017	2013	2031
304998	62	126	14	78	142	30	94	158	46	110	174	2015	2001	2151	2041	1989	1962	2009	2049	1971	2017	2032	1999
304998	62	126	14	78	142	30	94	158	46	110	174	1990	2004	2173	2040	1980	1940	2000	2049	1961	2018	2053	1977
304998	62	126	14	78	142	30	94	158	46	110	174	1984	2008	2161	2043	1981	1953	2001	2043	1975	2020	2053	1996
304998	62	126	14	78	142	30	94	158	46	110	174	2018	2007	2124	2038	2003	1979	2009	2054	1995	2017	2031	2024
304998	62	126	14	78	142	30	94	158	46	110	174	2046	2005	2103	2042	2016	1998	2038	2061	2010	2023	2008	2042
304998	62	126	14	78	142	30	94	158	46	110	174	2048	2004	2110	2036	2015	1996	2028	2052	2006	2020	2009	2037
304998	62	126	14	78	142	30	94	158	46	110	174	2033	2008	2134	2036	2008	1971	2031	2054	1993	2016	2031	2011
304998	62	126	14	78	142	30	94	158	46	110	174	2002	2005	2156	2041	1984	1954	2008	2051	1973	2016	2048	1999
304998	62	126	14	78	142	30	94	158	46	110	174	1993	2010	2155	2046	1984	1940	2006	2060	1965	2017	2048	1989
304998	62	126	14	78	142	30	94	158	46	110	174	2003	2004	2145	2044	1989	1968	2018	2052	1980	2019	2039	2003
304998	62	126	14	78	142	30	94	158	46	110	174	2025	2001	2123	2040	2002	1984	2012	2049	1997	2018	2023	2026
304998	62	126	14	78	142	30	94	158	46	110	174	2048	2008	2105	2042	2020	2001	2028	2050	2013	2022	2012	2045
304998	62	126	14	78	142	30	94	158	46	110	174	2046	2010	2115	2039	2012	1993	2016	2055	2006	2017	2015	2039
304998	62	126	14	78	142	30	94	158	46	110	174	2023	2008	2135	2038	2002	1965	2015	2056	1980	2022	2029	2005
304998	62	126	14	78	142	30	94	158	46	110	174	1998	2003	2163	2042	1979	1944	2020	2056	1963	2018	2042	1980
304998	62	126	14	78	142	30	94	158	46	110	174	1987	2003	2163	2039	1985	1946	2003	2051	1967	2021	2050	1989
304998	62	126	14	78	142	30	94	158	46	110	174	2015	2009	2137	2040	1995	1972	2024	2050	1994	2016	2035	2020
304998	62	126	14	78	142	30	94	158	46	110	174	2039	2012	2106	2043	2013	1996	2022	2057	2005	2017	2013	2048
304998	62	126	14	78	142	30	94	158	46	110	174	2059	2010	2096	2040	2025	1998	2032	2062	2007	2020	2008	2042
304998	62	126	14	78	142	30	94	158	46	110	174	2043	2004	2130	2044	2004	1983	2027	2055	1990	2018	2026	2016
304998	62	126	14	78	142	30	94	158	46	110	174	2003	2004	2156	2040	1994	1950	2007	2049	1966	2016	2044	2001
304998	62	126	14	78	142	30	94	158	46	110	174	1987	2010	2169	2043	1972	1948	2009	2052	1971	2016	2051	1987
304998	62	126	14	78	142	30	94	158	46	110	174	1996	2007	2156	2039	1991	1955	2002	2054	1975	2022	2041	2007
304998	62	126	14	78	142	30	94	158	46	110	174	2031	2005	2109	2040	2013	1987	2027	2061	1994	2022	2019	2022
304998	62	126	14	78	142	30	94	158	46	110	174	2053	2004	2110	2040	2024	2000	2041	2056	2009	2022	2011	2034
304998	62	126	14	78	142	30	94	158	46	110	174	2050	2009	2112	2037	2016	1988	2021	2055	2002	2017	2016	2043
304998	62	126	14	78	142	30	94	158	46	110	174	2024	2010	2147	2043	1995	1968	2027	2060	1988	2019	2032	2013
304998	62	126	14	78	142	30	94	158	46	110	174	1993	2004	2169	2043	1986	1941	2004	2052	1967	2020	2042	1985
304998	62	126	14	78	142	30	94	158	46	110	174	1994	2006	2155	2043	1988	1950	2008	2062	1964	2020	2044	1981
304998	62	126	14	78	142	30	94	158	46	110	174	2010	2000	2146	2042	2000	1972	2010	2050	1981	2021	2036	2008
304998	62	126	14	78	142	30	94	158	46	110	174	2040	2010	2110	2036	2016	1992	2027	2054	2005	2018	2020	2045
304998	62	126	14	78	142	30	94	158	46	110	174	2051	2012	2108	2040	2018	1997	2023	2058	2011	2021	2011	2048
304998	62	126	14	78	142	30	94	158	46	110	174	2043	2012	2121	2040	2012	1983	2026	2052	1993	2022	2014	2021
304998	62	126	14	78	142	30	94	158	46	110	174	2019	2006	2147	2040	1993	1956	2018	2055	1972	2016	2037	1988
304998	62	126	14	78	142	30	94	158	46	110	174	1992	2003	2171	2040	1985	1938	2000	2051	1964	2020	2050	1987
304998	62	126	14	78	142	30	94	158	46	110	174	2002	2006	2159	2040	1991	1953	2017	2055	1974	2018	2043	2003
304998	62	126	14	78	142	30	94	158	46	110	174	2021	2013	2127	2038	2007	1983	2017	2057	1992	2020	2021	2025
304998	62	126	14	78	142	30	94	158	46	110	174	2048	2011	2096	2034	2026	1999	2033	2057	2008	2021	2007	2038
304998	62	126	14	78	142	30	94	158	46	110	174	2054	2010	2104	2035	2019	1992	2029	2050	2004	2022	2016	2033
304998	62	126	14	78	142	30	94	158	46	110	174	2031	2006	2140	2035	2002	1971	2017	2052	1987	2021	2029	2016
304998	62	126	14	78	142	30	94	158	46	110	174	2007	2005	2167	2038	1990	1941	2006	2054	1968	2017	2038	1993
304998	62	126	14	78	142	30	94	158	46	110	174	1994	2009	2167	2042	1986	1943	2023	2060	1958	2021	2039	1982
304998	62	126	14	78	142	30	94	158	46	110	174	2009	2015	2134	2036	2004	1962	2009	2052	1972	2017	2034	1996
304998	62	126	14	78	142	30	94	158	46	110	174	2042	2006	2106	2037	2015	1994	2025	2055	2006	2022	2018	2040
304998	62	126	14	78	142	30	94	158	46	110	174	2057	2007	2101	2040	2021	2004	2049	2058	2013	2022	2011	2048
304998	62	126	14	78	142	30	94	158	46	110	174	2045	2006	2123	2037	2013	1986	2036	2062	1995	2021	2014	2024
304998	62	126	14	78	142	30	94	158	46	110	174	2016	2012	2156	2040	1993	1954	2025	2064	1974	2016	2029	1996
304998	62	126	14	78	142	30	94	158	46	110	174	1994	2013	2174	2042	1988	1938	2014	2051	1964	2016	2050	1985
304998	62	126	14	78	142	30	94	158	46	110	174	2002	2008	2151	2036	1990	1948	2012	2052	1975	2016	2043	1995
304998	62	126	14	78	142	30	94	158	46	110	174	2019	2003	2136	2032	2009	1977	2010	2054	1994	2020	2022	2024
304998	62	126	14	78	142	30	94	158	46	110	174	2043	2008	2115	2035	2019	1999	2024	2054	2008	2021	2008	2037
304998	62	126	14	78	142	30	94	158	46	110	174	2049	2015	2116	2034	2022	1994	2038	2054	2003	2017	2012	2031
304998	62	126	14	78	142	30	94	158	46	110	174	2030	2012	2133	2036	2010	1967	2016	2052	1992	2016	2026	2017
304998	62	126	14	78	142	30	94	158	46	110	174	2010	2008	2153	2040	1989	1944	2005	2056	1973	2018	2037	1993
304998	62	126	14	78	142	30	94	158	46	110	174	1997	2001	2170	2040	1988	1940	2006	2057	1964	2020	2040	1983
304998	62	126	14	78	142	30	94	158	46	110	174	2011	2006	2150	2040	1997	1961	2018	2055	1975	2016	2034	1996
304998	62	126	14	78	142	30	94	158	46	110	174	2035	2010	2120	2040	2014	1989	2020	2049	1999	2020	2018	2030
304998	62	126	14	78	142	30	94	158	46	110	174	2052	2018	2097	2037	2025	1997	2031	2054	2017	2021	2011	2054
304998	62	126	14	78	142	30	94	158	46	110	174	2042	2007	2109	2037	2018	1990	2020	2057	1999	2017	2013	2031
304998	62	126	14	78	142	30	94	158	46	110	174	2023	2006	2144	2038	1998	1961	2019	2059	1972	2019	2025	1993
304998	62	126	14	78	142	30	94	158	46	110	174	1996	2002	2171	2040	1989	1938	2007	2054	1958	2022	2043	1980
304998	62	126	14	78	142	30	94	158	46	110	174	2002	2008	2166	2036	1988	1942	2009	2055	1969	2015	2041	1999
304998	62	126	14	78	142	30	94	158	46	110	174	2012	2009	2137	2038	2003	1972	2010	2056	1996	2018	2027	2022
304998	62	126	14	78	142	30	94	158	46	110	174	2048	2013	2099	2037	2022	1995	2025	2060	2005	2021	2009	2039
304998	62	126	14	78	142	30	94	158	46	110	174	2055	2010	2102	2035	2021	1994	2044	2061	2003	2020	2011	2038
304998	62	126	14	78	142	30	94	158	46	110	174	2025	2003	2138	2039	2011	1975	2018	2049	1992	2018	2025	2025
304998	62	126	14	78	142	30	94	158	46	110	174	2018	2010	2166	2039	1988	1953	2007	2057	1971	2021	2035	1996
304998	62	126	14	78	142	30	94	158	46	110	174	1995	2011	2177	2041	1990	1938	2006	2059	1964	2018	2040	1983
304998	62	126	14	78	142	30	94	158	46	110	174	2009	2015	2143	2041	1995	1956	2020	2058	1975	2018	2029	1997
304998	62	126	14	78	142	30	94	158	46	110	174	2028	2004	2116	2042	2007	1986	2022	2049	1998	2018	2025	2026
304998	62	126	14	78	142	30	94	158	46	110	174	2049	2007	2104	2035	2024	2000	2023	2049	2018	2018	2015	2054
304998	62	126	14	78	142	30	94	158	46	110	174	2045	2006	2122	2034	2011	1993	2020	2058	2002	2017	2012	2035
304998	62	126	14	78	142	30	94	158	46	110	174	2023	2015	2146	2041	2005	1961	2023	2058	1977	2022	2021	2000
304998	62	126	14	78	142	30	94	158	46	110	174	2002	2010	2166	2036	1988	1944	2006	2049	1960	2020	2044	1983
304998	62	126	14	78	142	30	94	158	46	110	174	1999	2006	2155	2042	1993	1945	2010	2047	1970	2016	2041	1996
304998	62	126	14	78	142	30	94	158	46	110	174	2015	2000	2144	2036	2002	1971	2006	2052	1993	2020	2024	2016
304998	62	126	14	78	142	30	94	158	46	110	174	2034	2008	2118	2040	2012	1992	2019	2057	2006	2016	2011	2031
304998	62	126	14	78	142	30	94	158	46	110	174	2049	2018	2105	2036	2022	1995	2043	2060	2006	2019	2015	2033
304998	62	126	14	78	142	30	94	158	46	110	174	2039	2011	2122	2037	2012	1973	2025	2053	1989	2020	2023	2028
304998	62	126	14	78	142	30	94	158	46	110	174	2017	2003	2156	2042	1997	1954	2012	2051	1976	2017	2034	2001
304998	62	126	14	78	142	30	94	158	46	110	174	1998	2000	2170	2040	1990	1942	2007	2056	1965	2018	2039	1980
304998	62	126	14	78	142	30	94	158	46	110	174	2003	2007	2156	2037	1989	1954	2007	2056	1976	2020	2030	1995
304998	62	126	14	78	142	30	94	158	46	110	174	2027	2008	2127	2037	2001	1981	2023	2054	1993	2021	2027	2023
304998	62	126	14	78	142	30	94	158	46	110	174	2049	2016	2097	2037	2020	2000	2032	2048	2005	2017	2018	2045
304998	62	126	14	78	142	30	94	158	46	110	174	2048	2006	2109	2038	2017	1990	2023	2051	2007	2021	2013	2041
304998	62	126	14	78	142	30	94	158	46	110	174	2023	2006	2146	2039	2006	1966	2016	2059	1986	2020	2019	2003
304998	62	126	14	78	142	30	94	158	46	110	174	2001	2004	2176	2038	1988	1947	2009	2054	1961	2017	2043	1981
304998	62	126	14	78	142	30	94	158	46	110	174	1995	2006	2178	2041	1979	1946	2003	2049	1963	2022	2041	1988
304998	62	126	14	78	142	30	94	158	46	110	174	2012	2009	2138	2043	1999	1965	2013	2049	1984	2017	2031	2016
304998	62	126	14	78	142	30	94	158	46	110	174	2034	2004	2109	2036	2010	1994	2019	2053	2008	2016	2014	2034
304998	62	126	14	78	142	30	94	158	46	110	174	2051	2008	2106	2035	2027	1995	2034	2059	2005	2021	2013	2037
304998	62	126	14	78	142	30	94	158	46	110	174	2035	2012	2136	2035	2011	1985	2022	2052	1996	2022	2019	2021
304998	62	126	14	78	142	30	94	158	46	110	174	2008	2005	2159	2040	1988	1952	2011	2050	1976	2021	2034	2005
304998	62	126	14	78	142	30	94	158	46	110	174	1999	2010	2167	2036	1987	1938	2008	2048	1969	2019	2036	1987
304998	62	126	14	78	142	30	94	158	46	110	174	2002	2000	2161	2047	1980	1956	2003	2057	1972	2016	2034	1989
304998	62	126	14	78	142	30	94	158	46	110	174	2023	2005	2126	2035	2008	1977	2020	2052	1988	2019	2028	2026
304998	62	126	14	78	142	30	94	158	46	110	174	2042	2014	2113	2035	2018	2000	2030	2056	2004	2022	2018	2045
304998	62	126	14	78	142	30	94	158	46	110	174	2044	2013	2112	2040	2014	1994	2023	2051	2007	2021	2014	2043
304998	62	126	14	78	142	30	94	158	46	110	174	2035	2013	2128	2033	2007	1970	2021	2056	1991	2021	2019	2011
304998	62	126	14	78	142	30	94	158	46	110	174	2005	1998	2164	2042	1989	1944	2010	2055	1968	2017	2042	1986
304998	62	126	14	78	142	30	94	158	46	110	174	1992	2002	2174	2039	1986	1943	2007	2052	1958	2018	2048	1984
304998	62	126	14	78	142	30	94	158	46	110	174	2009	2006	2152	2042	1995	1972	2013	2053	1982	2022	2031	2011
304998	62	126	14	78	142	30	94	158	46	110	174	2023	2009	2121	2034	2009	1992	2015	2047	2007	2018	2016	2037
304998	62	126	14	78	142	30	94	158	46	110	174	2051	2013	2097	2036	2021	1996	2021	2058	2009	2022	2009	2036
304998	62	126	14	78	142	30	94	158	46	110	174	2034	2000	2126	2036	2011	1982	2020	2056	1999	2020	2020	2022
304998	62	126	14	78	142	30	94	158	46	110	174	2018	2001	2155	2038	2003	1962	2011	2049	1977	2017	2040	2009
304998	62	126	14	78	142	30	94	158	46	110	174	1999	2003	2177	2043	1984	1947	2006	2051	1963	2021	2042	1989
304998	62	126	14	78	142	30	94	158	46	110	174	1994	2006	2163	2046	1983	1955	2004	2048	1980	2022	2037	1989
304998	62	126	14	78	142	30	94	158	46	110	174	2018	2004	2124	2043	2003	1975	2013	2054	1992	2020	2028	2015
304998	62	126	14	78	142	30	94	158	46	110	174	2041	2005	2102	2042	2015	1997	2021	2053	2006	2016	2022	2040
304998	62	126	14	78	142	30	94	158	46	110	174	2044	2005	2112	2036	2019	1998	2020	2051	2002	2017	2017	2045
304998	62	126	14	78	142	30	94	158	46	110	174	2027	2010	2141	2042	2008	1976	2020	2048	1987	2021	2020	2018
304998	62	126	14	78	142	30	94	158	46	110	174	2004	2004	2165	2043	1985	1953	2002	2049	1975	2020	2032	1980
304998	62	126	14	78	142	30	94	158	46	110	174	1999	1999	2163	2043	1987	1940	2002	2052	1969	2021	2043	1984
304998	62	126	14	78	142	30	94	158	46	110	174	2012	1999	2147	2044	1989	1964	2018	2053	1977	2022	2041	2008
304998	62	126	14	78	142	30	94	158	46	110	174	2017	2000	2128	2041	2011	1983	2017	2049	1996	2020	2019	2036
304998	62	126	14	78	142	30	94	158	46	110	174	2046	2013	2106	2037	2019	2008	2025	2051	2012	2022	2011	2044
304998	62	126	14	78	142	30	94	158	46	110	174	2033	2007	2122	2041	2015	1989	2017	2049	2006	2022	2015	2022
304998	62	126	14	78	142	30	94	158	46	110	174	2021	1999	2143	2039	1996	1961	2015	2051	1982	2016	2034	2003
304998	62	126	14	78	142	30	94	158	46	110	174	2004	2000	2169	2045	1984	1945	2020	2052	1959	2018	2044	1992
304998	62	126	14	78	142	30	94	158	46	110	174	1990	2000	2168	2044	1985	1947	2005	2051	1970	2021	2040	1996
304998	62	126	14	78	142	30	94	158	46	110	174	2018	2009	2137	2044	1997	1977	2021	2051	1987	2017	2023	2012
304998	62	126	14	78	142	30	94	158	46	110	174	2035	2008	2112	2035	2014	1995	2014	2054	2009	2017	2017	2030
304998	62	126	14	78	142	30	94	158	46	110	174	2049	2009	2104	2043	2011	2002	2026	2053	2005	2017	2017	2042
304998	62	126	14	78	142	30	94	158	46	110	174	2035	2006	2134	2042	2008	1973	2024	2049	1987	2019	2024	2028
304998	62	126	14	78	142	30	94	158	46	110	174	2010	2002	2166	2043	1980	1956	2010	2047	1969	2020	2030	1998
304998	62	126	14	78	142	30	94	158	46	110	174	1996	2005	2164	2048	1984	1951	2005	2049	1967	2018	2042	1982
304998	62	126	14	78	142	30	94	158	46	110	174	2003	2001	2148	2042	1992	1960	2009	2049	1981	2020	2038	2000
304998	62	126	14	78	142	30	94	158	46	110	174	2026	2002	2120	2039	1998	1983	2013	2051	1995	2017	2030	2036
304998	62	126	14	78	142	30	94	158	46	110	174	2045	2004	2113	2040	2015	1993	2028	2052	2006	2022	2010	2043
304998	62	126	14	78	142	30	94	158	46	110	174	2042	2013	2119	2040	2013	1995	2024	2048	2000	2022	2015	2031
304998	62	126	14	78	142	30	94	158	46	110	174	2027	2010	2140	2045	1999	1965	2022	2051	1987	2020	2032	1999
304998	62	126	14	78	142	30	94	158	46	110	174	2006	2000	2158	2044	1987	1948	2006	2052	1969	2022	2042	1989
304998	62	126	14	78	142	30	94	158	46	110	174	2000	1994	2164	2045	1986	1947	2011	2048	1965	2019	2046	1992
304998	62	126	14	78	142	30	94	158	46	110	174	2016	2001	2143	2046	1997	1967	2011	2052	1981	2020	2028	2019
304998	62	126	14	78	142	30	94	158	46	110	174	2034	2006	2115	2039	2017	1999	2027	2046	2006	2019	2018	2035
304998	62	126	14	78	142	30	94	158	46	110	174	2045	2012	2099	2040	2016	2005	2023	2052	2015	2016	2014	2036
304998	62	126	14	78	142	30	94	158	46	110	174	2041	2003	2125	2043	2009	1979	2030	2055	1995	2016	2027	2031
304998	62	126	14	78	142	30	94	158	46	110	174	2009	2000	2155	2047	1993	1955	2008	2048	1972	2020	2036	2002
304998	62	126	14	78	142	30	94	158	46	110	174	1998	1997	2171	2047	1985	1937	2005	2045	1961	2018	2035	1990
304998	62	126	14	78	142	30	94	158	46	110	174	1994	2002	2160	2049	1985	1961	2004	2044	1981	2020	2032	1991
304998	62	126	14	78	142	30	94	158	46	110	174	2025	2010	2115	2042	2011	1981	2026	2052	2001	2019	2029	2019
304998	62	126	14	78	142	30	94	158	46	110	174	2044	2002	2107	2036	2015	2002	2019	2054	2008	2019	2023	2045
304998	62	126	14	78	142	30	94	158	46	110	174	2039	2006	2110	2041	2018	1989	2026	2055	2001	2017	2016	2042
