304998	62	126	14	78	142	30	94	158	46	110	174	2022	2022	2134	2022	2005	1962	2018	2076	1984	2022	2033	2018
304998	62	126	14	78	142	30	94	158	46	110	174	1993	2046	2136	2002	1969	1966	1998	2090	1972	2021	2063	2018
304998	62	126	14	78	142	30	94	158	46	110	174	1982	2049	2134	1999	1972	1963	1993	2088	1973	2018	2061	2008
304998	62	126	14	78	142	30	94	158	46	110	174	2010	2030	2129	2014	1987	1971	2008	2067	1984	2018	2040	2013
304998	62	126	14	78	142	30	94	158	46	110	174	2043	1996	2138	2042	2018	1985	2033	2050	2001	2017	2003	2013
304998	62	126	14	78	142	30	94	158	46	110	174	2061	1984	2136	2051	2033	1984	2055	2049	1996	2022	1988	2018
304998	62	126	14	78	142	30	94	158	46	110	174	2040	2006	2140	2037	2018	1981	2041	2059	1983	2020	2005	2010
304998	62	126	14	78	142	30	94	158	46	110	174	2008	2042	2134	2015	1984	1970	2010	2081	1977	2017	2047	2010
304998	62	126	14	78	142	30	94	158	46	110	174	1977	2052	2132	1996	1969	1959	1981	2089	1979	2018	2073	2013
304998	62	126	14	78	142	30	94	158	46	110	174	1994	2040	2124	2008	1970	1964	1996	2092	1980	2020	2054	2020
304998	62	126	14	78	142	30	94	158	46	110	174	2027	2011	2139	2029	2011	1977	2028	2064	1986	2018	2016	2014
304998	62	126	14	78	142	30	94	158	46	110	174	2055	1992	2145	2047	2034	1985	2040	2044	2001	2020	1989	2009
304998	62	126	14	78	142	30	94	158	46	110	174	2053	2001	2144	2049	2021	1981	2056	2050	2004	2017	1997	2001
304998	62	126	14	78	142	30	94	158	46	110	174	2020	2023	2145	2024	2003	1966	2013	2067	1985	2018	2029	2013
304998	62	126	14	78	142	30	94	158	46	110	174	1996	2049	2125	2006	1981	1959	1996	2093	1973	2017	2064	2023
304998	62	126	14	78	142	30	94	158	46	110	174	1986	2043	2135	1999	1965	1962	1989	2094	1974	2018	2059	2016
304998	62	126	14	78	142	30	94	158	46	110	174	2009	2030	2131	2011	1992	1971	2006	2074	1989	2020	2033	2013
304998	62	126	14	78	142	30	94	158	46	110	174	2036	2002	2148	2041	2008	1986	2028	2054	2001	2019	2008	2003
304998	62	126	14	78	142	30	94	158	46	110	174	2057	1990	2148	2050	2029	1983	2047	2046	1998	2017	1997	2012
304998	62	126	14	78	142	30	94	158	46	110	174	2044	2010	2130	2043	2019	1974	2038	2060	1985	2018	2012	2018
304998	62	126	14	78	142	30	94	158	46	110	174	2010	2035	2125	2015	1986	1963	2012	2077	1983	2016	2038	2017
304998	62	126	14	78	142	30	94	158	46	110	174	1991	2049	2128	1997	1966	1964	1992	2092	1981	2020	2067	2009
304998	62	126	14	78	142	30	94	158	46	110	174	1987	2039	2142	2002	1976	1966	1990	2089	1980	2018	2056	2012
304998	62	126	14	78	142	30	94	158	46	110	174	2018	2018	2144	2028	1998	1978	2014	2064	1989	2022	2027	2018
304998	62	126	14	78	142	30	94	158	46	110	174	2052	2000	2139	2045	2031	1983	2042	2041	2001	2017	1996	2015
304998	62	126	14	78	142	30	94	158	46	110	174	2058	1994	2138	2047	2019	1984	2043	2046	2006	2020	1989	2012
304998	62	126	14	78	142	30	94	158	46	110	174	2032	2017	2138	2029	1997	1985	2028	2064	1984	2022	2021	2005
304998	62	126	14	78	142	30	94	158	46	110	174	1992	2042	2138	2006	1978	1960	1996	2085	1971	2021	2056	2016
304998	62	126	14	78	142	30	94	158	46	110	174	1982	2049	2133	2002	1960	1952	1990	2089	1971	2021	2071	2022
304998	62	126	14	78	142	30	94	158	46	110	174	2002	2034	2141	2008	1995	1969	2004	2076	1988	2020	2042	2016
304998	62	126	14	78	142	30	94	158	46	110	174	2042	2011	2130	2038	2013	1985	2031	2061	1996	2021	2005	2009
304998	62	126	14	78	142	30	94	158	46	110	174	2059	1987	2136	2049	2031	1982	2058	2048	1996	2018	1997	1999
304998	62	126	14	78	142	30	94	158	46	110	174	2040	1998	2151	2042	2020	1979	2039	2053	1989	2020	2010	2015
304998	62	126	14	78	142	30	94	158	46	110	174	2015	2031	2139	2018	1996	1969	2012	2078	1985	2021	2042	2020
304998	62	126	14	78	142	30	94	158	46	110	174	1985	2052	2133	1994	1972	1961	1990	2098	1979	2022	2060	2020
304998	62	126	14	78	142	30	94	158	46	110	174	1996	2048	2123	1998	1977	1967	2009	2099	1979	2020	2054	2013
304998	62	126	14	78	142	30	94	158	46	110	174	2018	2014	2138	2019	1995	1977	2013	2068	1985	2017	2028	2009
304998	62	126	14	78	142	30	94	158	46	110	174	2044	1995	2144	2042	2029	1982	2036	2043	2000	2017	1997	2016
304998	62	126	14	78	142	30	94	158	46	110	174	2055	1993	2156	2048	2032	1983	2045	2046	2004	2021	1998	2009
304998	62	126	14	78	142	30	94	158	46	110	174	2030	2014	2147	2034	2006	1975	2022	2063	1988	2020	2014	2012
304998	62	126	14	78	142	30	94	158	46	110	174	2002	2049	2123	2009	1985	1961	2007	2087	1977	2022	2050	2015
304998	62	126	14	78	142	30	94	158	46	110	174	1979	2046	2132	1999	1964	1962	1983	2088	1975	2017	2072	2016
304998	62	126	14	78	142	30	94	158	46	110	174	1997	2034	2131	2008	1987	1962	1997	2079	1987	2016	2047	2023
304998	62	126	14	78	142	30	94	158	46	110	174	2034	2006	2149	2031	2013	1981	2030	2061	1994	2021	2011	2015
304998	62	126	14	78	142	30	94	158	46	110	174	2053	1999	2145	2046	2033	1987	2053	2050	1999	2017	1991	2001
304998	62	126	14	78	142	30	94	158	46	110	174	2052	2010	2129	2041	2024	1980	2053	2054	1988	2018	2005	2008
304998	62	126	14	78	142	30	94	158	46	110	174	2020	2023	2129	2020	1993	1968	2011	2074	1985	2020	2039	2024
304998	62	126	14	78	142	30	94	158	46	110	174	1990	2048	2129	1998	1975	1957	1987	2097	1979	2019	2063	2022
304998	62	126	14	78	142	30	94	158	46	110	174	1983	2046	2137	2001	1967	1974	1988	2096	1977	2016	2058	2015
304998	62	126	14	78	142	30	94	158	46	110	174	2011	2026	2144	2017	1996	1981	2017	2074	1983	2020	2031	2008
304998	62	126	14	78	142	30	94	158	46	110	174	2041	2008	2139	2038	2026	1982	2043	2044	1996	2021	2004	2010
304998	62	126	14	78	142	30	94	158	46	110	174	2060	1995	2140	2050	2019	1983	2041	2043	2003	2017	1995	2015
304998	62	126	14	78	142	30	94	158	46	110	174	2039	2011	2135	2031	2012	1972	2032	2065	1987	2018	2014	2016
304998	62	126	14	78	142	30	94	158	46	110	174	2002	2039	2136	2009	1985	1968	2006	2091	1975	2022	2047	2007
304998	62	126	14	78	142	30	94	158	46	110	174	1979	2055	2133	1990	1966	1967	2003	2097	1975	2016	2068	2016
304998	62	126	14	78	142	30	94	158	46	110	174	1995	2040	2126	2004	1983	1969	2011	2082	1990	2020	2057	2022
304998	62	126	14	78	142	30	94	158	46	110	174	2027	2009	2133	2033	2007	1978	2020	2066	1992	2022	2015	2014
304998	62	126	14	78	142	30	94	158	46	110	174	2052	1985	2151	2050	2030	1983	2043	2046	1996	2017	1991	2005
304998	62	126	14	78	142	30	94	158	46	110	174	2047	1997	2151	2047	2022	1985	2040	2047	1994	2021	2001	2002
304998	62	126	14	78	142	30	94	158	46	110	174	2021	2028	2140	2023	1995	1969	2029	2076	1993	2022	2037	2020
304998	62	126	14	78	142	30	94	158	46	110	174	1986	2048	2126	2001	1969	1965	1993	2091	1982	2017	2058	2024
304998	62	126	14	78	142	30	94	158	46	110	174	1988	2044	2124	1997	1970	1964	1996	2095	1975	2020	2058	2019
304998	62	126	14	78	142	30	94	158	46	110	174	2007	2026	2138	2015	1998	1972	2010	2081	1983	2020	2032	2016
304998	62	126	14	78	142	30	94	158	46	110	174	2042	2001	2145	2045	2016	1991	2034	2051	1994	2020	2008	2006
304998	62	126	14	78	142	30	94	158	46	110	174	2055	1999	2144	2048	2022	1985	2047	2052	2000	2016	1996	2011
304998	62	126	14	78	142	30	94	158	46	110	174	2040	2015	2134	2037	2013	1975	2042	2063	1988	2020	2008	2017
304998	62	126	14	78	142	30	94	158	46	110	174	2005	2035	2127	2018	1979	1969	2013	2086	1977	2018	2044	2016
304998	62	126	14	78	142	30	94	158	46	110	174	1983	2045	2128	1995	1974	1957	1989	2092	1975	2018	2068	2014
304998	62	126	14	78	142	30	94	158	46	110	174	1991	2039	2143	2001	1974	1980	1996	2090	1983	2018	2057	2017
304998	62	126	14	78	142	30	94	158	46	110	174	2019	2019	2144	2027	1992	1983	2021	2064	1990	2021	2020	2020
304998	62	126	14	78	142	30	94	158	46	110	174	2052	1999	2135	2047	2031	1982	2038	2051	1996	2018	1994	2013
304998	62	126	14	78	142	30	94	158	46	110	174	2051	1993	2139	2044	2022	1980	2040	2045	1996	2017	1996	2002
304998	62	126	14	78	142	30	94	158	46	110	174	2027	2021	2133	2025	2007	1970	2020	2073	1997	2020	2030	2013
304998	62	126	14	78	142	30	94	158	46	110	174	1994	2045	2133	2004	1966	1965	2006	2101	1982	2018	2061	2025
304998	62	126	14	78	142	30	94	158	46	110	174	1981	2051	2127	1989	1971	1962	1985	2093	1975	2017	2058	2022
304998	62	126	14	78	142	30	94	158	46	110	174	2008	2033	2131	2009	1992	1972	2011	2076	1984	2017	2036	2008
304998	62	126	14	78	142	30	94	158	46	110	174	2035	2002	2143	2034	2021	1983	2029	2054	2002	2022	2013	2003
304998	62	126	14	78	142	30	94	158	46	110	174	2055	1994	2142	2045	2035	1983	2047	2049	1996	2016	1997	2015
304998	62	126	14	78	142	30	94	158	46	110	174	2045	2011	2145	2037	2007	1980	2040	2064	1983	2021	2009	2015
304998	62	126	14	78	142	30	94	158	46	110	174	2005	2038	2136	2011	1990	1968	2007	2081	1981	2021	2034	2013
304998	62	126	14	78	142	30	94	158	46	110	174	1990	2049	2124	1997	1962	1965	1986	2091	1983	2020	2063	2013
304998	62	126	14	78	142	30	94	158	46	110	174	1991	2037	2128	2003	1977	1972	1988	2092	1984	2020	2056	2017
304998	62	126	14	78	142	30	94	158	46	110	174	2010	2012	2145	2019	2010	1979	2011	2070	1989	2021	2026	2017
304998	62	126	14	78	142	30	94	158	46	110	174	2047	2004	2149	2039	2028	1979	2046	2048	1994	2022	1992	2007
304998	62	126	14	78	142	30	94	158	46	110	174	2053	2005	2143	2047	2027	1979	2042	2046	1994	2020	1997	2007
304998	62	126	14	78	142	30	94	158	46	110	174	2031	2025	2123	2025	2008	1970	2027	2077	1989	2020	2030	2019
304998	62	126	14	78	142	30	94	158	46	110	174	1999	2041	2130	2004	1978	1972	1995	2092	1981	2020	2054	2022
304998	62	126	14	78	142	30	94	158	46	110	174	1985	2050	2129	1990	1971	1970	1992	2099	1974	2016	2063	2019
304998	62	126	14	78	142	30	94	158	46	110	174	2004	2041	2139	2005	1988	1964	2009	2080	1986	2017	2041	2009
304998	62	126	14	78	142	30	94	158	46	110	174	2033	2018	2136	2029	2018	1978	2030	2063	1996	2016	2013	2006
304998	62	126	14	78	142	30	94	158	46	110	174	2061	1999	2133	2045	2033	1986	2049	2047	1995	2018	1997	2013
304998	62	126	14	78	142	30	94	158	46	110	174	2047	2004	2138	2045	2006	1985	2041	2055	1987	2018	2003	2014
304998	62	126	14	78	142	30	94	158	46	110	174	2017	2029	2130	2012	1992	1975	2018	2080	1984	2018	2032	2013
304998	62	126	14	78	142	30	94	158	46	110	174	1989	2051	2141	1995	1965	1965	1991	2097	1983	2018	2065	2011
304998	62	126	14	78	142	30	94	158	46	110	174	1987	2048	2131	1992	1984	1961	1983	2097	1981	2018	2059	2023
304998	62	126	14	78	142	30	94	158	46	110	174	2013	2025	2133	2020	1993	1978	2017	2073	1982	2022	2029	2018
304998	62	126	14	78	142	30	94	158	46	110	174	2046	1997	2141	2041	2022	1985	2042	2046	1998	2018	2000	2008
304998	62	126	14	78	142	30	94	158	46	110	174	2058	1997	2148	2047	2023	1981	2055	2053	2002	2019	1996	2001
304998	62	126	14	78	142	30	94	158	46	110	174	2035	2021	2143	2030	2008	1974	2037	2070	1991	2020	2024	2015
304998	62	126	14	78	142	30	94	158	46	110	174	2000	2046	2124	2005	1984	1967	2006	2091	1977	2016	2051	2026
304998	62	126	14	78	142	30	94	158	46	110	174	1978	2046	2129	1991	1969	1963	1985	2090	1974	2017	2055	2021
304998	62	126	14	78	142	30	94	158	46	110	174	1998	2032	2129	2005	1980	1970	1990	2080	1984	2018	2045	2008
304998	62	126	14	78	142	30	94	158	46	110	174	2028	2012	2144	2027	2014	1979	2027	2068	1994	2021	2016	2010
304998	62	126	14	78	142	30	94	158	46	110	174	2049	1997	2153	2050	2021	1982	2044	2050	1993	2021	1999	2016
304998	62	126	14	78	142	30	94	158	46	110	174	2048	2008	2134	2042	2023	1972	2043	2052	1990	2019	2004	2014
304998	62	126	14	78	142	30	94	158	46	110	174	2025	2027	2127	2019	1999	1970	2021	2074	1988	2017	2033	2010
304998	62	126	14	78	142	30	94	158	46	110	174	1995	2045	2129	1999	1971	1967	1992	2096	1982	2018	2064	2015
304998	62	126	14	78	142	30	94	158	46	110	174	1983	2045	2135	1997	1971	1967	1985	2093	1982	2019	2061	2022
304998	62	126	14	78	142	30	94	158	46	110	174	2009	2026	2144	2018	1989	1977	2006	2072	1987	2021	2036	2019
304998	62	126	14	78	142	30	94	158	46	110	174	2043	2005	2140	2041	2024	1979	2038	2048	1994	2016	1996	2007
304998	62	126	14	78	142	30	94	158	46	110	174	2059	1998	2135	2043	2030	1985	2050	2048	2002	2017	1991	1999
304998	62	126	14	78	142	30	94	158	46	110	174	2038	2010	2133	2033	2014	1980	2030	2067	1989	2018	2019	2015
304998	62	126	14	78	142	30	94	158	46	110	174	2004	2038	2141	2011	1976	1970	2013	2085	1971	2018	2050	2022
304998	62	126	14	78	142	30	94	158	46	110	174	1982	2051	2132	1995	1966	1965	1986	2095	1977	2018	2058	2023
304998	62	126	14	78	142	30	94	158	46	110	174	1994	2045	2128	2003	1985	1965	2001	2093	1982	2019	2045	2010
304998	62	126	14	78	142	30	94	158	46	110	174	2026	2014	2137	2025	2008	1978	2020	2064	1991	2022	2021	2009
304998	62	126	14	78	142	30	94	158	46	110	174	2048	1993	2147	2045	2022	1985	2047	2046	1993	2019	2000	2009
304998	62	126	14	78	142	30	94	158	46	110	174	2045	1996	2153	2044	2020	1981	2039	2048	1995	2016	2002	2013
304998	62	126	14	78	142	30	94	158	46	110	174	2020	2029	2143	2025	1993	1970	2025	2072	1993	2020	2029	2013
304998	62	126	14	78	142	30	94	158	46	110	174	1995	2052	2123	1998	1974	1966	1992	2101	1981	2017	2059	2016
304998	62	126	14	78	142	30	94	158	46	110	174	1989	2045	2126	1997	1974	1972	1987	2096	1976	2020	2064	2019
304998	62	126	14	78	142	30	94	158	46	110	174	2006	2023	2140	2011	1988	1969	2005	2077	1981	2016	2036	2020
304998	62	126	14	78	142	30	94	158	46	110	174	2039	2002	2148	2034	2020	1982	2035	2052	2002	2018	2005	2013
304998	62	126	14	78	142	30	94	158	46	110	174	2049	2004	2149	2051	2020	1987	2052	2049	2001	2020	1996	2001
304998	62	126	14	78	142	30	94	158	46	110	174	2041	2016	2130	2033	2014	1978	2043	2060	1989	2023	2018	2008
304998	62	126	14	78	142	30	94	158	46	110	174	2013	2032	2131	2011	1979	1980	2015	2084	1977	2018	2047	2017
304998	62	126	14	78	142	30	94	158	46	110	174	1983	2046	2127	1992	1974	1966	1986	2093	1981	2018	2063	2024
304998	62	126	14	78	142	30	94	158	46	110	174	1992	2042	2140	2000	1977	1967	1989	2094	1985	2018	2045	2013
304998	62	126	14	78	142	30	94	158	46	110	174	2021	2025	2138	2022	2000	1977	2020	2065	1985	2017	2022	2009
304998	62	126	14	78	142	30	94	158	46	110	174	2049	1999	2140	2042	2028	1982	2046	2047	1993	2020	1999	2005
304998	62	126	14	78	142	30	94	158	46	110	174	2053	2001	2135	2047	2014	1988	2049	2045	1994	2017	1999	2013
304998	62	126	14	78	142	30	94	158	46	110	174	2022	2013	2143	2028	2003	1970	2023	2070	1990	2023	2021	2014
304998	62	126	14	78	142	30	94	158	46	110	174	1995	2046	2139	2006	1980	1963	1994	2088	1976	2021	2059	2009
304998	62	126	14	78	142	30	94	158	46	110	174	1987	2057	2133	1994	1970	1963	1994	2103	1972	2017	2064	2017
304998	62	126	14	78	142	30	94	158	46	110	174	2000	2033	2129	2007	1998	1974	1997	2079	1985	2017	2041	2022
304998	62	126	14	78	142	30	94	158	46	110	174	2040	2002	2134	2036	2009	1985	2039	2061	1997	2019	2008	2013
304998	62	126	14	78	142	30	94	158	46	110	174	2047	1986	2152	2050	2026	1979	2042	2047	1994	2021	1991	1999
304998	62	126	14	78	142	30	94	158	46	110	174	2041	2009	2146	2036	2017	1976	2057	2066	1991	2020	2011	2004
304998	62	126	14	78	142	30	94	158	46	110	174	2012	2034	2138	2017	1990	1966	2013	2079	1981	2018	2041	2022
304998	62	126	14	78	142	30	94	158	46	110	174	1990	2048	2120	1996	1968	1966	1990	2093	1980	2022	2061	2024
304998	62	126	14	78	142	30	94	158	46	110	174	1987	2035	2134	2003	1967	1973	1984	2091	1985	2017	2050	2013
304998	62	126	14	78	142	30	94	158	46	110	174	2012	2018	2150	2020	2001	1971	2008	2074	1990	2016	2024	2007
304998	62	126	14	78	142	30	94	158	46	110	174	2044	2002	2153	2045	2021	1986	2048	2050	1996	2021	2000	2012
304998	62	126	14	78	142	30	94	158	46	110	174	2049	2004	2139	2047	2023	1984	2042	2045	2005	2018	1998	2018
304998	62	126	14	78	142	30	94	158	46	110	174	2033	2022	2124	2030	1999	1973	2041	2070	1986	2020	2020	2013
304998	62	126	14	78	142	30	94	158	46	110	174	1998	2037	2134	2011	1970	1967	1998	2088	1977	2016	2048	2013
304998	62	126	14	78	142	30	94	158	46	110	174	1986	2051	2130	1995	1972	1963	1991	2097	1970	2019	2065	2020
304998	62	126	14	78	142	30	94	158	46	110	174	1994	2033	2143	2004	1985	1977	1998	2078	1989	2017	2046	2017
304998	62	126	14	78	142	30	94	158	46	110	174	2028	2015	2129	2031	2018	1980	2022	2063	1996	2019	2009	2014
304998	62	126	14	78	142	30	94	158	46	110	174	2052	1994	2142	2051	2022	1983	2048	2050	1997	2021	1989	2003
304998	62	126	14	78	142	30	94	158	46	110	174	2045	2002	2144	2045	2013	1979	2045	2059	1988	2022	2012	2010
304998	62	126	14	78	142	30	94	158	46	110	174	2014	2029	2141	2018	1996	1970	2023	2075	1986	2017	2040	2019
304998	62	126	14	78	142	30	94	158	46	110	174	1987	2049	2130	1999	1975	1970	1993	2098	1981	2016	2061	2020
304998	62	126	14	78	142	30	94	158	46	110	174	1993	2047	2121	1993	1972	1967	1996	2097	1976	2020	2052	2016
304998	62	126	14	78	142	30	94	158	46	110	174	2018	2019	2130	2021	1985	1983	2012	2075	1986	2020	2033	2008
304998	62	126	14	78	142	30	94	158	46	110	174	2038	1989	2147	2038	2025	1976	2036	2047	1995	2016	2006	2012
304998	62	126	14	78	142	30	94	158	46	110	174	2050	1998	2151	2048	2031	1985	2049	2052	2001	2018	1997	2011
304998	62	126	14	78	142	30	94	158	46	110	174	2033	2018	2142	2034	2011	1974	2027	2066	1987	2016	2015	2019
304998	62	126	14	78	142	30	94	158	46	110	174	2010	2042	2122	2006	1981	1964	2018	2092	1981	2017	2050	2014
304998	62	126	14	78	142	30	94	158	46	110	174	1983	2039	2134	2000	1960	1967	1987	2096	1975	2020	2067	2017
