304998	62	126	14	78	142	30	94	158	46	110	174	2029	2003	2123	2044	2018	1981	2019	2051	2001	2020	2018	2022
304998	62	126	14	78	142	30	94	158	46	110	174	2042	2009	2117	2042	2017	1996	2026	2050	2004	2017	2022	2034
304998	62	126	14	78	142	30	94	158	46	110	174	2036	2009	2125	2042	2011	1983	2022	2048	1996	2019	2022	2024
304998	62	126	14	78	142	30	94	158	46	110	174	2028	1997	2140	2043	2001	1956	2018	2047	1970	2018	2021	2009
304998	62	126	14	78	142	30	94	158	46	110	174	2020	1994	2157	2053	1994	1945	2017	2040	1969	2019	2031	1991
304998	62	126	14	78	142	30	94	158	46	110	174	2013	1994	2156	2051	1999	1954	2013	2047	1981	2019	2036	1998
304998	62	126	14	78	142	30	94	158	46	110	174	2024	2003	2138	2050	2006	1978	2020	2049	1993	2019	2027	2028
304998	62	126	14	78	142	30	94	158	46	110	174	2035	2012	2110	2039	2012	1989	2032	2052	1996	2020	2017	2036
304998	62	126	14	78	142	30	94	158	46	110	174	2042	2006	2108	2042	2014	1985	2024	2050	1999	2020	2012	2028
304998	62	126	14	78	142	30	94	158	46	110	174	2035	2004	2137	2045	2011	1969	2021	2044	1989	2022	2023	2011
304998	62	126	14	78	142	30	94	158	46	110	174	2023	1997	2157	2048	2002	1946	2023	2047	1975	2017	2031	1999
304998	62	126	14	78	142	30	94	158	46	110	174	2016	1998	2163	2051	1994	1955	2012	2043	1973	2019	2029	2000
304998	62	126	14	78	142	30	94	158	46	110	174	2024	2005	2140	2048	1999	1970	2019	2048	1982	2020	2023	2013
304998	62	126	14	78	142	30	94	158	46	110	174	2030	2002	2118	2046	2013	1985	2020	2048	1991	2020	2019	2021
304998	62	126	14	78	142	30	94	158	46	110	174	2039	2003	2114	2039	2018	1992	2028	2045	2006	2022	2021	2029
304998	62	126	14	78	142	30	94	158	46	110	174	2035	2004	2130	2043	2013	1984	2023	2047	2000	2017	2023	2030
304998	62	126	14	78	142	30	94	158	46	110	174	2023	2002	2151	2046	2006	1961	2018	2050	1981	2020	2024	2008
304998	62	126	14	78	142	30	94	158	46	110	174	2017	2003	2155	2050	1993	1951	2018	2046	1967	2018	2024	1995
304998	62	126	14	78	142	30	94	158	46	110	174	2018	1993	2155	2053	2001	1950	2013	2045	1972	2017	2028	1999
304998	62	126	14	78	142	30	94	158	46	110	174	2027	1998	2136	2047	2006	1968	2023	2044	1989	2020	2028	2014
304998	62	126	14	78	142	30	94	158	46	110	174	2035	2004	2119	2039	2014	1996	2019	2044	2008	2021	2018	2035
304998	62	126	14	78	142	30	94	158	46	110	174	2042	2009	2116	2037	2014	1994	2022	2053	1995	2017	2015	2035
304998	62	126	14	78	142	30	94	158	46	110	174	2034	2010	2123	2042	2013	1966	2030	2049	1983	2021	2019	2010
304998	62	126	14	78	142	30	94	158	46	110	174	2028	1997	2146	2048	2000	1955	2018	2047	1971	2020	2032	1996
304998	62	126	14	78	142	30	94	158	46	110	174	2013	1989	2165	2057	1992	1949	2013	2038	1970	2019	2031	1998
304998	62	126	14	78	142	30	94	158	46	110	174	2020	1999	2151	2047	2006	1965	2027	2047	1988	2016	2025	2011
304998	62	126	14	78	142	30	94	158	46	110	174	2028	2007	2126	2044	2009	1989	2019	2052	1996	2019	2014	2021
304998	62	126	14	78	142	30	94	158	46	110	174	2043	2014	2104	2043	2017	1989	2032	2052	2002	2021	2017	2029
304998	62	126	14	78	142	30	94	158	46	110	174	2040	2004	2113	2039	2014	1982	2029	2050	1995	2022	2022	2025
304998	62	126	14	78	142	30	94	158	46	110	174	2022	1996	2147	2048	2006	1965	2021	2039	1978	2016	2025	2011
304998	62	126	14	78	142	30	94	158	46	110	174	2018	1994	2162	2049	1993	1950	2026	2045	1971	2018	2025	1996
304998	62	126	14	78	142	30	94	158	46	110	174	2019	2003	2157	2048	2001	1949	2013	2045	1972	2018	2026	1995
304998	62	126	14	78	142	30	94	158	46	110	174	2031	2005	2126	2043	2005	1967	2029	2051	1987	2018	2024	2015
304998	62	126	14	78	142	30	94	158	46	110	174	2041	2008	2109	2042	2015	1989	2030	2050	1995	2018	2021	2037
304998	62	126	14	78	142	30	94	158	46	110	174	2035	2006	2114	2040	2018	1990	2022	2045	2000	2020	2013	2037
304998	62	126	14	78	142	30	94	158	46	110	174	2034	2003	2134	2038	2008	1981	2039	2048	1996	2017	2020	2015
304998	62	126	14	78	142	30	94	158	46	110	174	2012	1999	2166	2046	2005	1956	2014	2052	1975	2022	2024	1995
304998	62	126	14	78	142	30	94	158	46	110	174	2021	2003	2155	2050	2002	1943	2027	2046	1969	2020	2032	1996
304998	62	126	14	78	142	30	94	158	46	110	174	2018	1996	2148	2051	2001	1956	2020	2045	1974	2020	2025	2010
304998	62	126	14	78	142	30	94	158	46	110	174	2026	2000	2127	2044	2012	1986	2018	2046	1996	2020	2018	2023
304998	62	126	14	78	142	30	94	158	46	110	174	2039	2008	2117	2040	2013	1996	2026	2048	2011	2020	2015	2029
304998	62	126	14	78	142	30	94	158	46	110	174	2036	2008	2125	2042	2013	1985	2022	2048	1999	2020	2020	2022
304998	62	126	14	78	142	30	94	158	46	110	174	2035	2006	2138	2043	2011	1960	2042	2049	1982	2021	2021	2016
304998	62	126	14	78	142	30	94	158	46	110	174	2024	1992	2154	2053	1999	1951	2014	2044	1969	2020	2025	2002
304998	62	126	14	78	142	30	94	158	46	110	174	2021	1992	2160	2047	2005	1950	2016	2046	1968	2016	2024	1992
304998	62	126	14	78	142	30	94	158	46	110	174	2028	1999	2144	2048	1999	1967	2023	2045	1988	2019	2025	2007
304998	62	126	14	78	142	30	94	158	46	110	174	2034	2005	2120	2044	2013	1984	2023	2049	2002	2020	2021	2029
304998	62	126	14	78	142	30	94	158	46	110	174	2042	2015	2104	2039	2020	1991	2038	2049	2002	2016	2014	2043
304998	62	126	14	78	142	30	94	158	46	110	174	2042	1997	2128	2042	2013	1977	2019	2046	1989	2020	2016	2017
304998	62	126	14	78	142	30	94	158	46	110	174	2021	1996	2155	2046	2002	1957	2024	2043	1975	2018	2022	1993
304998	62	126	14	78	142	30	94	158	46	110	174	2018	1998	2164	2051	1989	1945	2017	2044	1977	2016	2029	1996
304998	62	126	14	78	142	30	94	158	46	110	174	2015	2000	2154	2048	1999	1951	2016	2049	1972	2020	2026	2008
304998	62	126	14	78	142	30	94	158	46	110	174	2033	2006	2122	2044	2015	1978	2031	2047	1984	2022	2024	2022
304998	62	126	14	78	142	30	94	158	46	110	174	2041	2002	2113	2040	2018	1996	2021	2050	1998	2022	2015	2022
304998	62	126	14	78	142	30	94	158	46	110	174	2037	2002	2123	2037	2015	1988	2026	2045	2000	2022	2019	2027
304998	62	126	14	78	142	30	94	158	46	110	174	2031	2002	2146	2042	2009	1967	2026	2051	1991	2021	2024	2017
304998	62	126	14	78	142	30	94	158	46	110	174	2022	2001	2166	2047	2000	1948	2018	2051	1969	2018	2025	2002
304998	62	126	14	78	142	30	94	158	46	110	174	2016	1999	2153	2048	2002	1947	2017	2050	1968	2017	2023	1996
304998	62	126	14	78	142	30	94	158	46	110	174	2025	1993	2150	2043	2005	1970	2018	2050	1978	2020	2025	2001
304998	62	126	14	78	142	30	94	158	46	110	174	2029	1995	2125	2040	2014	1986	2024	2045	1995	2019	2021	2029
304998	62	126	14	78	142	30	94	158	46	110	174	2040	2008	2118	2036	2016	1988	2025	2052	2008	2016	2017	2042
304998	62	126	14	78	142	30	94	158	46	110	174	2037	2012	2125	2038	2017	1982	2023	2051	1993	2019	2015	2021
304998	62	126	14	78	142	30	94	158	46	110	174	2033	2005	2136	2044	2006	1956	2019	2051	1977	2017	2022	1996
304998	62	126	14	78	142	30	94	158	46	110	174	2021	1996	2166	2044	1997	1952	2015	2045	1964	2021	2033	1994
304998	62	126	14	78	142	30	94	158	46	110	174	2019	2000	2155	2043	2004	1950	2019	2041	1976	2016	2029	2010
304998	62	126	14	78	142	30	94	158	46	110	174	2033	2006	2136	2042	2010	1973	2020	2052	1996	2021	2016	2018
304998	62	126	14	78	142	30	94	158	46	110	174	2035	2017	2120	2038	2018	1989	2027	2054	2001	2019	2014	2025
304998	62	126	14	78	142	30	94	158	46	110	174	2033	2004	2117	2042	2016	1988	2021	2050	2000	2018	2019	2028
304998	62	126	14	78	142	30	94	158	46	110	174	2031	1999	2139	2040	2014	1974	2022	2046	1985	2020	2022	2019
304998	62	126	14	78	142	30	94	158	46	110	174	2015	1990	2167	2045	2001	1952	2015	2042	1972	2019	2022	2002
304998	62	126	14	78	142	30	94	158	46	110	174	2021	2003	2165	2050	2002	1945	2023	2057	1972	2020	2023	1992
304998	62	126	14	78	142	30	94	158	46	110	174	2026	2007	2146	2048	2005	1961	2021	2048	1983	2016	2027	2006
304998	62	126	14	78	142	30	94	158	46	110	174	2040	2005	2110	2039	2010	1983	2026	2055	1998	2021	2021	2031
304998	62	126	14	78	142	30	94	158	46	110	174	2040	2002	2118	2038	2013	1995	2025	2050	2000	2017	2017	2038
304998	62	126	14	78	142	30	94	158	46	110	174	2024	2000	2130	2037	2012	1983	2026	2046	1997	2016	2012	2020
304998	62	126	14	78	142	30	94	158	46	110	174	2028	2004	2152	2044	2005	1960	2021	2048	1985	2019	2025	1999
304998	62	126	14	78	142	30	94	158	46	110	174	2012	1998	2165	2050	1998	1946	2014	2049	1969	2021	2030	1995
304998	62	126	14	78	142	30	94	158	46	110	174	2025	1999	2145	2047	2001	1951	2020	2048	1969	2020	2027	2007
304998	62	126	14	78	142	30	94	158	46	110	174	2023	1996	2144	2044	2002	1977	2017	2047	1985	2019	2023	2011
304998	62	126	14	78	142	30	94	158	46	110	174	2035	2004	2120	2043	2013	1990	2025	2049	2001	2016	2015	2024
304998	62	126	14	78	142	30	94	158	46	110	174	2039	2009	2124	2039	2016	1986	2024	2048	2005	2016	2022	2031
304998	62	126	14	78	142	30	94	158	46	110	174	2027	2006	2133	2043	2012	1970	2024	2049	1984	2020	2020	2026
304998	62	126	14	78	142	30	94	158	46	110	174	2026	2002	2148	2045	2006	1952	2018	2048	1972	2021	2021	2001
304998	62	126	14	78	142	30	94	158	46	110	174	2018	1995	2162	2048	1995	1947	2017	2046	1966	2019	2024	1985
304998	62	126	14	78	142	30	94	158	46	110	174	2020	2002	2151	2046	2003	1960	2015	2046	1981	2022	2030	2002
304998	62	126	14	78	142	30	94	158	46	110	174	2034	2010	2121	2042	2012	1976	2022	2048	1996	2018	2020	2026
304998	62	126	14	78	142	30	94	158	46	110	174	2034	2009	2116	2040	2018	1992	2023	2052	2003	2020	2014	2036
304998	62	126	14	78	142	30	94	158	46	110	174	2043	2010	2113	2040	2015	1987	2025	2060	1994	2021	2013	2018
304998	62	126	14	78	142	30	94	158	46	110	174	2034	1999	2149	2047	1999	1968	2023	2049	1975	2022	2022	2006
304998	62	126	14	78	142	30	94	158	46	110	174	2019	2003	2162	2044	1997	1947	2016	2046	1969	2017	2034	1996
304998	62	126	14	78	142	30	94	158	46	110	174	2017	2003	2160	2050	1999	1948	2013	2048	1971	2020	2026	1998
304998	62	126	14	78	142	30	94	158	46	110	174	2018	2003	2133	2044	2008	1967	2014	2048	1987	2022	2019	2013
304998	62	126	14	78	142	30	94	158	46	110	174	2038	2004	2115	2041	2016	1991	2027	2055	1994	2017	2016	2024
304998	62	126	14	78	142	30	94	158	46	110	174	2034	2004	2120	2040	2014	1991	2032	2048	1996	2022	2020	2035
304998	62	126	14	78	142	30	94	158	46	110	174	2038	2008	2133	2042	2007	1978	2028	2051	1993	2020	2019	2025
304998	62	126	14	78	142	30	94	158	46	110	174	2028	2004	2148	2047	2005	1956	2017	2051	1978	2017	2020	1998
304998	62	126	14	78	142	30	94	158	46	110	174	2017	2002	2156	2047	2000	1948	2015	2051	1973	2020	2028	1987
304998	62	126	14	78	142	30	94	158	46	110	174	2023	1998	2149	2049	1995	1958	2020	2046	1972	2017	2029	2004
304998	62	126	14	78	142	30	94	158	46	110	174	2026	2003	2134	2040	2009	1982	2020	2046	1986	2020	2023	2032
304998	62	126	14	78	142	30	94	158	46	110	174	2038	2008	2118	2045	2006	1997	2024	2049	2006	2018	2015	2033
304998	62	126	14	78	142	30	94	158	46	110	174	2035	2013	2119	2040	2016	1983	2032	2051	1999	2017	2014	2018
304998	62	126	14	78	142	30	94	158	46	110	174	2025	2001	2138	2041	2010	1970	2021	2048	1983	2017	2024	2005
304998	62	126	14	78	142	30	94	158	46	110	174	2023	1994	2160	2047	1997	1949	2017	2047	1970	2019	2028	2002
304998	62	126	14	78	142	30	94	158	46	110	174	2017	1994	2169	2047	1998	1954	2014	2045	1970	2021	2024	2001
304998	62	126	14	78	142	30	94	158	46	110	174	2028	2006	2142	2049	1990	1973	2024	2047	1985	2021	2017	2007
304998	62	126	14	78	142	30	94	158	46	110	174	2035	2010	2115	2039	2016	1982	2021	2048	1995	2019	2021	2022
304998	62	126	14	78	142	30	94	158	46	110	174	2034	2006	2107	2043	2014	1994	2022	2051	2004	2017	2022	2034
304998	62	126	14	78	142	30	94	158	46	110	174	2035	2002	2132	2045	2013	1978	2031	2048	1991	2020	2019	2027
304998	62	126	14	78	142	30	94	158	46	110	174	2021	2000	2158	2042	2004	1959	2021	2049	1975	2020	2020	2008
304998	62	126	14	78	142	30	94	158	46	110	174	2019	2002	2164	2048	1992	1946	2014	2043	1968	2018	2031	1986
304998	62	126	14	78	142	30	94	158	46	110	174	2022	2004	2148	2046	2000	1956	2022	2049	1981	2017	2030	2002
304998	62	126	14	78	142	30	94	158	46	110	174	2029	1999	2126	2043	2007	1979	2019	2048	1990	2017	2020	2023
304998	62	126	14	78	142	30	94	158	46	110	174	2036	2007	2110	2040	2016	1995	2030	2052	1996	2019	2011	2039
304998	62	126	14	78	142	30	94	158	46	110	174	2034	2007	2129	2038	2011	1985	2027	2049	1995	2022	2014	2020
304998	62	126	14	78	142	30	94	158	46	110	174	2027	2008	2139	2041	2008	1971	2020	2046	1986	2017	2025	2007
304998	62	126	14	78	142	30	94	158	46	110	174	2023	2003	2150	2050	1992	1947	2022	2049	1971	2019	2032	2002
304998	62	126	14	78	142	30	94	158	46	110	174	2016	1997	2152	2048	1994	1951	2018	2049	1971	2021	2027	1998
304998	62	126	14	78	142	30	94	158	46	110	174	2023	2002	2144	2048	2004	1963	2022	2051	1970	2021	2019	2006
304998	62	126	14	78	142	30	94	158	46	110	174	2023	2005	2128	2040	2004	1985	2019	2049	1996	2019	2019	2020
304998	62	126	14	78	142	30	94	158	46	110	174	2039	2012	2113	2041	2012	1995	2026	2050	2004	2016	2020	2036
304998	62	126	14	78	142	30	94	158	46	110	174	2037	2011	2122	2042	2015	1984	2042	2049	1996	2017	2022	2030
304998	62	126	14	78	142	30	94	158	46	110	174	2030	2002	2141	2050	2004	1962	2015	2051	1978	2017	2020	2006
304998	62	126	14	78	142	30	94	158	46	110	174	2020	1997	2160	2050	1993	1954	2029	2051	1958	2020	2024	1985
304998	62	126	14	78	142	30	94	158	46	110	174	2011	1994	2169	2051	1993	1956	2016	2042	1968	2022	2029	1998
304998	62	126	14	78	142	30	94	158	46	110	174	2025	2007	2132	2047	2000	1971	2023	2043	1988	2022	2024	2023
304998	62	126	14	78	142	30	94	158	46	110	174	2037	2010	2116	2042	2013	1991	2029	2052	2007	2018	2011	2031
304998	62	126	14	78	142	30	94	158	46	110	174	2039	2004	2113	2044	2016	1987	2028	2056	1997	2016	2013	2021
304998	62	126	14	78	142	30	94	158	46	110	174	2034	2001	2140	2041	2009	1973	2028	2049	1988	2020	2022	2015
304998	62	126	14	78	142	30	94	158	46	110	174	2018	2001	2164	2044	1997	1954	2018	2047	1965	2018	2032	2004
304998	62	126	14	78	142	30	94	158	46	110	174	2020	2005	2156	2048	1997	1949	2025	2043	1973	2020	2027	1998
304998	62	126	14	78	142	30	94	158	46	110	174	2029	2001	2145	2049	2000	1969	2017	2049	1986	2019	2020	1999
304998	62	126	14	78	142	30	94	158	46	110	174	2030	2001	2124	2042	2016	1987	2026	2051	1993	2022	2020	2019
304998	62	126	14	78	142	30	94	158	46	110	174	2039	2009	2116	2040	2018	1996	2031	2054	1995	2021	2021	2034
304998	62	126	14	78	142	30	94	158	46	110	174	2035	2008	2129	2042	2006	1985	2024	2048	1997	2022	2018	2031
304998	62	126	14	78	142	30	94	158	46	110	174	2028	2004	2141	2044	2010	1960	2022	2046	1987	2021	2021	2009
304998	62	126	14	78	142	30	94	158	46	110	174	2021	1992	2156	2049	1995	1947	2012	2046	1975	2018	2027	1990
304998	62	126	14	78	142	30	94	158	46	110	174	2019	1996	2157	2050	2006	1952	2017	2048	1971	2022	2029	1996
304998	62	126	14	78	142	30	94	158	46	110	174	2026	2004	2143	2043	2008	1974	2026	2049	1987	2017	2023	2015
304998	62	126	14	78	142	30	94	158	46	110	174	2025	2006	2121	2042	2008	1992	2022	2046	1998	2016	2015	2036
304998	62	126	14	78	142	30	94	158	46	110	174	2039	2013	2110	2040	2018	1988	2026	2046	2006	2023	2013	2031
304998	62	126	14	78	142	30	94	158	46	110	174	2033	2002	2132	2041	2010	1980	2021	2048	1992	2018	2022	2011
304998	62	126	14	78	142	30	94	158	46	110	174	2024	2000	2151	2045	2004	1959	2025	2049	1969	2018	2027	2001
304998	62	126	14	78	142	30	94	158	46	110	174	2018	1994	2172	2051	1995	1946	2020	2046	1968	2016	2031	2005
304998	62	126	14	78	142	30	94	158	46	110	174	2013	2004	2150	2053	1997	1966	2015	2040	1977	2017	2020	2003
304998	62	126	14	78	142	30	94	158	46	110	174	2030	2004	2124	2043	2011	1978	2022	2043	1996	2018	2018	2012
304998	62	126	14	78	142	30	94	158	46	110	174	2035	2005	2112	2040	2013	1996	2021	2052	2003	2018	2017	2032
304998	62	126	14	78	142	30	94	158	46	110	174	2037	2003	2122	2043	2013	1990	2035	2051	1993	2020	2020	2032
304998	62	126	14	78	142	30	94	158	46	110	174	2025	1999	2147	2042	2006	1966	2023	2045	1981	2017	2020	2014
304998	62	126	14	78	142	30	94	158	46	110	174	2022	2003	2155	2053	1998	1950	2019	2046	1968	2020	2022	1991
304998	62	126	14	78	142	30	94	158	46	110	174	2018	1996	2150	2048	1998	1950	2014	2041	1977	2018	2033	1995
304998	62	126	14	78	142	30	94	158	46	110	174	2028	1996	2132	2047	2001	1975	2017	2054	1982	2019	2025	2015
304998	62	126	14	78	142	30	94	158	46	110	174	2033	2003	2119	2039	2011	1986	2032	2051	1999	2021	2016	2034
304998	62	126	14	78	142	30	94	158	46	110	174	2037	2008	2120	2043	2013	1991	2025	2049	1997	2017	2012	2035
304998	62	126	14	78	142	30	94	158	46	110	174	2034	2005	2128	2042	2013	1973	2027	2046	1996	2017	2019	2015
304998	62	126	14	78	142	30	94	158	46	110	174	2024	2000	2145	2048	2002	1960	2016	2043	1982	2019	2027	2001
304998	62	126	14	78	142	30	94	158	46	110	174	2021	1992	2157	2053	1996	1955	2020	2047	1967	2017	2029	2000
304998	62	126	14	78	142	30	94	158	46	110	174	2019	1994	2154	2047	2001	1955	2017	2046	1972	2021	2023	2005
304998	62	126	14	78	142	30	94	158	46	110	174	2033	2002	2138	2050	2006	1976	2030	2043	1987	2017	2022	2014
304998	62	126	14	78	142	30	94	158	46	110	174	2037	2010	2114	2042	2022	1993	2021	2046	2004	2020	2021	2029
304998	62	126	14	78	142	30	94	158	46	110	174	2046	2008	2112	2042	2015	1986	2030	2050	2003	2020	2019	2033
