304998	62	126	14	78	142	30	94	158	46	110	174	1989	2051	2130	1994	1970	1962	1994	2100	1975	2022	2067	2027
304998	62	126	14	78	142	30	94	158	46	110	174	1996	2037	2133	2008	1985	1968	1999	2079	1986	2020	2041	2016
304998	62	126	14	78	142	30	94	158	46	110	174	2036	2020	2130	2027	2014	1981	2021	2065	1994	2019	2014	2006
304998	62	126	14	78	142	30	94	158	46	110	174	2049	1996	2147	2043	2031	1986	2045	2044	1997	2016	1999	2003
304998	62	126	14	78	142	30	94	158	46	110	174	2043	1999	2148	2044	2017	1979	2035	2052	1990	2017	2005	2018
304998	62	126	14	78	142	30	94	158	46	110	174	2020	2027	2142	2017	1997	1970	2022	2080	1983	2017	2032	2017
304998	62	126	14	78	142	30	94	158	46	110	174	1989	2055	2128	1997	1972	1967	1987	2088	1986	2021	2054	2013
304998	62	126	14	78	142	30	94	158	46	110	174	1991	2050	2120	1991	1982	1969	1987	2096	1981	2017	2061	2020
304998	62	126	14	78	142	30	94	158	46	110	174	2011	2027	2139	2011	1998	1977	2010	2076	1987	2019	2036	2016
304998	62	126	14	78	142	30	94	158	46	110	174	2042	2002	2147	2040	2023	1976	2033	2049	1991	2020	1999	2014
304998	62	126	14	78	142	30	94	158	46	110	174	2054	2002	2154	2050	2032	1981	2047	2041	1995	2017	1990	2010
304998	62	126	14	78	142	30	94	158	46	110	174	2035	2021	2134	2036	2011	1976	2031	2059	1991	2018	2016	2004
304998	62	126	14	78	142	30	94	158	46	110	174	2013	2045	2121	2004	1987	1970	1997	2092	1983	2022	2050	2020
304998	62	126	14	78	142	30	94	158	46	110	174	1984	2048	2124	1988	1965	1965	1995	2103	1976	2022	2064	2031
304998	62	126	14	78	142	30	94	158	46	110	174	1994	2038	2134	2000	1981	1962	1994	2087	1978	2017	2047	2021
304998	62	126	14	78	142	30	94	158	46	110	174	2026	2019	2144	2023	2010	1976	2027	2061	1995	2022	2012	2003
304998	62	126	14	78	142	30	94	158	46	110	174	2052	2002	2145	2048	2034	1979	2041	2043	2003	2017	1996	2001
304998	62	126	14	78	142	30	94	158	46	110	174	2057	2006	2132	2043	2028	1979	2040	2056	1990	2018	2006	2007
304998	62	126	14	78	142	30	94	158	46	110	174	2031	2024	2129	2019	1995	1975	2025	2077	1982	2018	2029	2021
304998	62	126	14	78	142	30	94	158	46	110	174	1990	2049	2128	1995	1978	1965	1992	2092	1972	2016	2058	2020
304998	62	126	14	78	142	30	94	158	46	110	174	1987	2054	2129	1994	1975	1965	1988	2097	1983	2020	2060	2014
304998	62	126	14	78	142	30	94	158	46	110	174	2007	2034	2140	2011	1995	1971	2000	2078	1989	2019	2040	2014
304998	62	126	14	78	142	30	94	158	46	110	174	2042	2008	2138	2032	2028	1981	2032	2058	1993	2018	2009	2006
304998	62	126	14	78	142	30	94	158	46	110	174	2060	1994	2148	2046	2029	1987	2055	2047	1994	2017	1990	2008
304998	62	126	14	78	142	30	94	158	46	110	174	2039	2010	2144	2033	2014	1980	2031	2056	1987	2019	2010	2010
304998	62	126	14	78	142	30	94	158	46	110	174	2008	2041	2129	2008	1989	1964	2007	2087	1983	2018	2049	2010
304998	62	126	14	78	142	30	94	158	46	110	174	1984	2057	2123	1992	1974	1966	1985	2102	1979	2020	2069	2025
304998	62	126	14	78	142	30	94	158	46	110	174	1998	2043	2120	1997	1984	1972	1995	2091	1980	2017	2056	2024
304998	62	126	14	78	142	30	94	158	46	110	174	2028	2013	2143	2022	2007	1975	2019	2065	1984	2017	2023	2014
304998	62	126	14	78	142	30	94	158	46	110	174	2049	2000	2150	2042	2029	1982	2039	2044	1997	2021	1993	2001
304998	62	126	14	78	142	30	94	158	46	110	174	2055	2004	2148	2048	2024	1976	2044	2049	1996	2021	2000	2005
304998	62	126	14	78	142	30	94	158	46	110	174	2024	2026	2130	2026	2007	1974	2023	2074	1982	2021	2030	2019
304998	62	126	14	78	142	30	94	158	46	110	174	1999	2044	2118	2003	1972	1966	1995	2092	1970	2019	2055	2025
304998	62	126	14	78	142	30	94	158	46	110	174	1990	2049	2124	1994	1973	1964	1996	2098	1975	2021	2056	2020
304998	62	126	14	78	142	30	94	158	46	110	174	2005	2035	2134	2008	1990	1970	2009	2077	1986	2018	2044	2012
304998	62	126	14	78	142	30	94	158	46	110	174	2037	2012	2148	2035	2021	1977	2031	2058	1996	2017	2011	2007
304998	62	126	14	78	142	30	94	158	46	110	174	2058	1999	2140	2047	2040	1978	2049	2043	1996	2017	1994	2011
304998	62	126	14	78	142	30	94	158	46	110	174	2049	2007	2138	2042	2018	1982	2039	2057	1987	2021	2006	2011
304998	62	126	14	78	142	30	94	158	46	110	174	2013	2033	2126	2017	1995	1967	2008	2077	1988	2018	2037	2014
304998	62	126	14	78	142	30	94	158	46	110	174	1986	2048	2128	1990	1971	1968	1988	2098	1985	2021	2064	2017
304998	62	126	14	78	142	30	94	158	46	110	174	1990	2048	2136	1997	1975	1968	1984	2091	1980	2016	2060	2023
304998	62	126	14	78	142	30	94	158	46	110	174	2019	2030	2131	2018	2008	1971	2022	2074	1989	2020	2021	2017
304998	62	126	14	78	142	30	94	158	46	110	174	2056	1999	2143	2039	2030	1985	2037	2044	1993	2021	1994	2002
304998	62	126	14	78	142	30	94	158	46	110	174	2057	1996	2144	2047	2031	1981	2043	2044	2000	2016	1995	1996
304998	62	126	14	78	142	30	94	158	46	110	174	2033	2015	2139	2028	2007	1967	2020	2068	1993	2019	2025	2014
304998	62	126	14	78	142	30	94	158	46	110	174	2001	2046	2126	2003	1980	1965	1999	2093	1979	2020	2057	2024
304998	62	126	14	78	142	30	94	158	46	110	174	1987	2060	2125	1989	1977	1966	1986	2095	1975	2017	2058	2023
304998	62	126	14	78	142	30	94	158	46	110	174	2005	2039	2125	2004	1991	1971	1998	2080	1984	2021	2041	2015
304998	62	126	14	78	142	30	94	158	46	110	174	2036	2010	2139	2025	2018	1978	2028	2057	1998	2016	2012	2001
304998	62	126	14	78	142	30	94	158	46	110	174	2059	1995	2149	2049	2036	1979	2043	2046	1994	2018	1997	2007
304998	62	126	14	78	142	30	94	158	46	110	174	2048	2007	2146	2040	2021	1973	2049	2060	1985	2020	2007	2013
304998	62	126	14	78	142	30	94	158	46	110	174	2019	2036	2134	2015	1995	1970	2017	2077	1981	2021	2036	2021
304998	62	126	14	78	142	30	94	158	46	110	174	1997	2052	2115	1993	1972	1963	1991	2095	1984	2018	2056	2011
304998	62	126	14	78	142	30	94	158	46	110	174	1985	2042	2129	1994	1977	1962	1987	2091	1982	2016	2058	2017
304998	62	126	14	78	142	30	94	158	46	110	174	2009	2020	2147	2011	2004	1974	2009	2070	1989	2020	2033	2017
304998	62	126	14	78	142	30	94	158	46	110	174	2046	2004	2149	2041	2023	1979	2045	2049	1992	2016	1995	2009
304998	62	126	14	78	142	30	94	158	46	110	174	2060	2001	2149	2048	2031	1973	2049	2043	1994	2017	1988	2004
304998	62	126	14	78	142	30	94	158	46	110	174	2041	2023	2126	2032	2012	1975	2036	2058	1996	2019	2018	2005
304998	62	126	14	78	142	30	94	158	46	110	174	2004	2035	2124	2009	1981	1969	1999	2089	1986	2018	2054	2019
304998	62	126	14	78	142	30	94	158	46	110	174	1982	2048	2129	1993	1970	1968	1987	2098	1976	2018	2064	2033
304998	62	126	14	78	142	30	94	158	46	110	174	2002	2039	2140	2003	1986	1969	2001	2084	1981	2018	2046	2019
304998	62	126	14	78	142	30	94	158	46	110	174	2028	2015	2146	2028	2015	1969	2022	2058	1991	2022	2009	2005
304998	62	126	14	78	142	30	94	158	46	110	174	2060	1999	2138	2046	2039	1979	2049	2045	2002	2019	1996	1995
304998	62	126	14	78	142	30	94	158	46	110	174	2049	1998	2138	2050	2021	1985	2038	2052	1996	2016	2009	2008
304998	62	126	14	78	142	30	94	158	46	110	174	2023	2028	2130	2020	2001	1973	2023	2077	1983	2020	2032	2018
304998	62	126	14	78	142	30	94	158	46	110	174	1993	2046	2134	1996	1970	1967	1989	2092	1970	2018	2055	2020
304998	62	126	14	78	142	30	94	158	46	110	174	1984	2054	2128	1992	1978	1962	1996	2092	1980	2017	2058	2018
304998	62	126	14	78	142	30	94	158	46	110	174	2017	2033	2130	2015	1997	1972	2000	2072	1995	2019	2038	2009
304998	62	126	14	78	142	30	94	158	46	110	174	2047	2000	2140	2045	2027	1979	2038	2052	1995	2017	2003	2013
304998	62	126	14	78	142	30	94	158	46	110	174	2065	1995	2150	2045	2032	1980	2051	2046	1996	2018	1989	2007
304998	62	126	14	78	142	30	94	158	46	110	174	2040	2011	2145	2040	2003	1979	2032	2056	1985	2017	2012	2011
304998	62	126	14	78	142	30	94	158	46	110	174	2006	2045	2130	2011	1987	1962	2006	2082	1983	2021	2047	2014
304998	62	126	14	78	142	30	94	158	46	110	174	1982	2054	2125	1994	1971	1965	1986	2095	1983	2021	2065	2018
304998	62	126	14	78	142	30	94	158	46	110	174	2002	2044	2124	1999	1985	1965	2000	2093	1982	2016	2053	2028
304998	62	126	14	78	142	30	94	158	46	110	174	2026	2010	2145	2023	2013	1976	2025	2065	1987	2018	2015	2008
304998	62	126	14	78	142	30	94	158	46	110	174	2055	1992	2151	2044	2029	1983	2051	2046	1988	2021	1991	2002
304998	62	126	14	78	142	30	94	158	46	110	174	2057	2004	2148	2047	2021	1978	2045	2050	2001	2022	1999	2002
304998	62	126	14	78	142	30	94	158	46	110	174	2021	2022	2139	2023	2005	1969	2019	2075	1986	2018	2029	2016
304998	62	126	14	78	142	30	94	158	46	110	174	1994	2046	2118	1994	1979	1972	1995	2099	1973	2018	2056	2027
304998	62	126	14	78	142	30	94	158	46	110	174	1987	2043	2129	1994	1972	1970	1991	2099	1974	2017	2056	2018
304998	62	126	14	78	142	30	94	158	46	110	174	2011	2027	2139	2012	1992	1971	2009	2077	1982	2018	2032	2010
304998	62	126	14	78	142	30	94	158	46	110	174	2039	2008	2150	2039	2018	1979	2038	2052	2002	2018	2008	2004
304998	62	126	14	78	142	30	94	158	46	110	174	2058	2000	2148	2051	2030	1977	2050	2047	1995	2023	1994	2008
304998	62	126	14	78	142	30	94	158	46	110	174	2047	2010	2134	2040	2019	1980	2037	2058	1990	2017	2009	2011
304998	62	126	14	78	142	30	94	158	46	110	174	2008	2028	2130	2014	1988	1974	2009	2084	1979	2019	2039	2012
304998	62	126	14	78	142	30	94	158	46	110	174	1985	2047	2132	1995	1972	1966	1983	2092	1979	2020	2067	2019
304998	62	126	14	78	142	30	94	158	46	110	174	1989	2042	2139	2002	1967	1978	1995	2086	1989	2016	2054	2017
304998	62	126	14	78	142	30	94	158	46	110	174	2019	2025	2136	2022	2010	1972	2016	2069	1986	2018	2018	2012
304998	62	126	14	78	142	30	94	158	46	110	174	2055	2003	2142	2046	2030	1984	2056	2051	1995	2022	1994	2004
304998	62	126	14	78	142	30	94	158	46	110	174	2054	1994	2148	2046	2027	1980	2048	2049	1987	2016	1990	2002
304998	62	126	14	78	142	30	94	158	46	110	174	2030	2019	2143	2031	2004	1970	2026	2067	1991	2018	2026	2007
304998	62	126	14	78	142	30	94	158	46	110	174	1993	2042	2137	2008	1962	1970	1997	2092	1978	2022	2060	2018
304998	62	126	14	78	142	30	94	158	46	110	174	1985	2053	2124	1990	1976	1964	1980	2096	1974	2018	2061	2029
304998	62	126	14	78	142	30	94	158	46	110	174	2004	2033	2131	2008	1977	1984	2004	2081	1984	2018	2036	2011
304998	62	126	14	78	142	30	94	158	46	110	174	2036	2000	2146	2035	2023	1984	2029	2050	1988	2018	2006	2004
304998	62	126	14	78	142	30	94	158	46	110	174	2056	1991	2153	2048	2034	1977	2049	2044	2003	2019	1992	2006
304998	62	126	14	78	142	30	94	158	46	110	174	2045	2008	2146	2043	2010	1972	2040	2059	1990	2019	2006	2010
304998	62	126	14	78	142	30	94	158	46	110	174	2014	2032	2128	2016	1995	1973	2016	2084	1981	2017	2039	2023
304998	62	126	14	78	142	30	94	158	46	110	174	1991	2046	2122	1997	1969	1969	1997	2094	1973	2020	2056	2017
304998	62	126	14	78	142	30	94	158	46	110	174	1993	2042	2126	1994	1974	1971	1992	2087	1982	2021	2055	2016
304998	62	126	14	78	142	30	94	158	46	110	174	2017	2013	2146	2018	2001	1975	2012	2074	1995	2019	2027	2013
304998	62	126	14	78	142	30	94	158	46	110	174	2046	2001	2156	2051	2019	1983	2046	2051	1991	2020	1997	2009
304998	62	126	14	78	142	30	94	158	46	110	174	2055	1999	2145	2049	2035	1982	2055	2045	1994	2020	1988	2008
304998	62	126	14	78	142	30	94	158	46	110	174	2032	2012	2129	2036	2001	1982	2041	2061	1984	2016	2015	2005
304998	62	126	14	78	142	30	94	158	46	110	174	2002	2033	2125	2008	1979	1966	1998	2089	1983	2018	2053	2019
304998	62	126	14	78	142	30	94	158	46	110	174	1978	2045	2129	1994	1968	1966	1982	2097	1982	2023	2067	2026
304998	62	126	14	78	142	30	94	158	46	110	174	1998	2040	2134	2009	1989	1971	2006	2082	1980	2016	2042	2019
304998	62	126	14	78	142	30	94	158	46	110	174	2031	2012	2145	2029	2020	1972	2027	2054	1987	2016	2005	2010
304998	62	126	14	78	142	30	94	158	46	110	174	2057	1995	2144	2052	2028	1988	2056	2038	1997	2021	1993	1995
304998	62	126	14	78	142	30	94	158	46	110	174	2049	1999	2149	2050	2017	1977	2043	2052	1994	2017	2005	2010
304998	62	126	14	78	142	30	94	158	46	110	174	2015	2024	2142	2021	1990	1965	2015	2082	1980	2022	2036	2024
304998	62	126	14	78	142	30	94	158	46	110	174	1988	2047	2140	1998	1972	1970	2003	2093	1975	2017	2057	2020
304998	62	126	14	78	142	30	94	158	46	110	174	1987	2050	2124	1996	1978	1970	1988	2093	1973	2020	2050	2016
304998	62	126	14	78	142	30	94	158	46	110	174	2016	2025	2130	2019	1993	1977	2015	2074	1991	2017	2036	2005
304998	62	126	14	78	142	30	94	158	46	110	174	2043	1993	2151	2044	2019	1978	2038	2049	1997	2019	2000	2005
304998	62	126	14	78	142	30	94	158	46	110	174	2054	1993	2157	2057	2022	1979	2052	2045	1994	2017	1991	2013
304998	62	126	14	78	142	30	94	158	46	110	174	2034	2013	2151	2043	2007	1978	2031	2056	1986	2022	2009	2010
304998	62	126	14	78	142	30	94	158	46	110	174	2008	2041	2123	2010	1986	1966	2005	2079	1984	2017	2041	2014
304998	62	126	14	78	142	30	94	158	46	110	174	1987	2048	2123	1998	1963	1967	1993	2101	1981	2020	2069	2022
304998	62	126	14	78	142	30	94	158	46	110	174	1993	2030	2137	2006	1981	1970	1995	2085	1980	2016	2048	2020
304998	62	126	14	78	142	30	94	158	46	110	174	2028	2015	2148	2026	2012	1981	2042	2065	1984	2018	2011	2015
304998	62	126	14	78	142	30	94	158	46	110	174	2048	1999	2158	2051	2032	1982	2048	2039	1990	2017	1986	1999
304998	62	126	14	78	142	30	94	158	46	110	174	2056	2006	2133	2050	2030	1977	2046	2049	1995	2018	1997	1997
304998	62	126	14	78	142	30	94	158	46	110	174	2031	2023	2138	2025	1998	1969	2030	2078	1989	2020	2031	2018
304998	62	126	14	78	142	30	94	158	46	110	174	1983	2042	2128	2004	1977	1962	1993	2096	1976	2018	2060	2028
304998	62	126	14	78	142	30	94	158	46	110	174	1985	2045	2142	1997	1965	1970	1984	2092	1971	2021	2055	2019
304998	62	126	14	78	142	30	94	158	46	110	174	2008	2028	2138	2016	1997	1978	2007	2071	1989	2018	2033	2009
304998	62	126	14	78	142	30	94	158	46	110	174	2048	2003	2137	2038	2022	1977	2056	2055	2001	2022	2004	2010
304998	62	126	14	78	142	30	94	158	46	110	174	2056	1982	2151	2056	2029	1977	2049	2046	1993	2021	1997	2007
304998	62	126	14	78	142	30	94	158	46	110	174	2042	2006	2149	2041	2015	1978	2036	2064	1985	2017	2009	2013
304998	62	126	14	78	142	30	94	158	46	110	174	2006	2033	2136	2015	1984	1972	2005	2079	1983	2016	2038	2017
304998	62	126	14	78	142	30	94	158	46	110	174	1987	2058	2121	1992	1974	1966	1998	2099	1986	2020	2064	2017
304998	62	126	14	78	142	30	94	158	46	110	174	1994	2038	2129	2003	1977	1965	1994	2094	1981	2019	2053	2019
304998	62	126	14	78	142	30	94	158	46	110	174	2025	2010	2142	2031	2011	1970	2017	2064	1985	2017	2016	2016
304998	62	126	14	78	142	30	94	158	46	110	174	2051	1995	2154	2047	2030	1983	2054	2045	1992	2021	1993	2001
304998	62	126	14	78	142	30	94	158	46	110	174	2054	2001	2148	2048	2028	1980	2055	2044	1998	2021	1997	1993
304998	62	126	14	78	142	30	94	158	46	110	174	2035	2022	2126	2029	2003	1972	2028	2071	1983	2017	2030	2015
304998	62	126	14	78	142	30	94	158	46	110	174	1995	2037	2126	2006	1968	1969	1993	2088	1978	2018	2058	2026
304998	62	126	14	78	142	30	94	158	46	110	174	1985	2043	2125	1993	1971	1963	1984	2098	1972	2020	2060	2022
304998	62	126	14	78	142	30	94	158	46	110	174	2003	2031	2149	2013	1986	1975	2006	2073	1984	2018	2031	2009
304998	62	126	14	78	142	30	94	158	46	110	174	2038	2011	2142	2036	2023	1985	2037	2054	1992	2020	2007	2003
304998	62	126	14	78	142	30	94	158	46	110	174	2063	1996	2143	2050	2039	1978	2049	2048	1993	2017	1995	2008
304998	62	126	14	78	142	30	94	158	46	110	174	2044	2002	2143	2045	2022	1972	2039	2057	1989	2022	2003	2012
304998	62	126	14	78	142	30	94	158	46	110	174	2012	2030	2134	2017	1993	1968	2015	2080	1979	2016	2036	2017
304998	62	126	14	78	142	30	94	158	46	110	174	1986	2049	2129	1990	1971	1963	1989	2096	1985	2021	2063	2020
304998	62	126	14	78	142	30	94	158	46	110	174	1993	2049	2123	1995	1974	1972	1998	2098	1982	2018	2058	2019
304998	62	126	14	78	142	30	94	158	46	110	174	2022	2015	2143	2025	2005	1971	2027	2067	1987	2022	2023	2014
304998	62	126	14	78	142	30	94	158	46	110	174	2049	1993	2151	2043	2038	1978	2051	2047	1984	2018	1993	2004
304998	62	126	14	78	142	30	94	158	46	110	174	2059	1999	2151	2048	2034	1981	2046	2044	1996	2017	1988	1998
304998	62	126	14	78	142	30	94	158	46	110	174	2028	2022	2140	2028	2004	1973	2025	2071	1990	2019	2025	2011
304998	62	126	14	78	142	30	94	158	46	110	174	1999	2042	2120	2005	1980	1966	2005	2091	1981	2019	2060	2030
304998	62	126	14	78	142	30	94	158	46	110	174	1984	2045	2127	1997	1968	1966	1987	2101	1969	2020	2062	2030
304998	62	126	14	78	142	30	94	158	46	110	174	2001	2027	2134	2010	1990	1968	2002	2076	1983	2021	2042	2014
304998	62	126	14	78	142	30	94	158	46	110	174	2035	2008	2147	2031	2021	1986	2029	2058	1996	2020	2008	1995
304998	62	126	14	78	142	30	94	158	46	110	174	2057	2000	2152	2050	2032	1980	2051	2045	1994	2022	1996	2005
304998	62	126	14	78	142	30	94	158	46	110	174	2055	2008	2132	2044	2026	1970	2052	2058	1987	2022	2004	2015
304998	62	126	14	78	142	30	94	158	46	110	174	2021	2023	2135	2018	1993	1970	2015	2077	1982	2017	2032	2016
304998	62	126	14	78	142	30	94	158	46	110	174	1993	2051	2128	1997	1974	1967	1994	2091	1985	2019	2058	2014
304998	62	126	14	78	142	30	94	158	46	110	174	1981	2044	2140	1998	1975	1970	1988	2095	1985	2020	2055	2020
304998	62	126	14	78	142	30	94	158	46	110	174	2013	2022	2138	2018	2001	1973	2010	2074	1984	2017	2026	2016
