304998	62	126	14	78	142	30	94	158	46	110	174	2014	2030	2138	2008	1999	1973	2005	2082	1984	2017	2028	2011
304998	62	126	14	78	142	30	94	158	46	110	174	2054	2000	2156	2044	2030	1993	2053	2046	1999	2018	1993	1997
304998	62	126	14	78	142	30	94	158	46	110	174	2069	1994	2153	2058	2047	1983	2060	2042	1996	2018	1981	1997
304998	62	126	14	78	142	30	94	158	46	110	174	2049	2017	2134	2042	2018	1973	2037	2054	1995	2021	2011	2016
304998	62	126	14	78	142	30	94	158	46	110	174	2002	2043	2118	2003	1982	1960	1997	2091	1981	2022	2048	2029
304998	62	126	14	78	142	30	94	158	46	110	174	1977	2059	2113	1982	1964	1958	1981	2105	1968	2021	2070	2020
304998	62	126	14	78	142	30	94	158	46	110	174	1987	2043	2141	1991	1977	1965	1987	2094	1975	2020	2065	2018
304998	62	126	14	78	142	30	94	158	46	110	174	2034	2021	2146	2023	2017	1975	2024	2059	1996	2020	2021	2013
304998	62	126	14	78	142	30	94	158	46	110	174	2071	1995	2151	2057	2046	1984	2051	2038	2007	2021	1982	1999
304998	62	126	14	78	142	30	94	158	46	110	174	2063	1990	2144	2058	2038	1980	2048	2047	2001	2020	1985	1998
304998	62	126	14	78	142	30	94	158	46	110	174	2034	2025	2137	2023	1998	1969	2024	2076	1979	2017	2027	2009
304998	62	126	14	78	142	30	94	158	46	110	174	1982	2052	2129	1989	1968	1961	1985	2102	1973	2016	2068	2020
304998	62	126	14	78	142	30	94	158	46	110	174	1972	2066	2122	1982	1962	1954	1983	2100	1974	2021	2073	2036
304998	62	126	14	78	142	30	94	158	46	110	174	2008	2039	2127	2003	1992	1970	2002	2078	1994	2019	2038	2019
304998	62	126	14	78	142	30	94	158	46	110	174	2049	1999	2145	2042	2032	1980	2038	2051	1997	2018	1992	1995
304998	62	126	14	78	142	30	94	158	46	110	174	2075	1988	2154	2057	2047	1985	2057	2038	2001	2017	1979	1992
304998	62	126	14	78	142	30	94	158	46	110	174	2048	2003	2148	2044	2016	1985	2044	2054	1989	2022	2003	2009
304998	62	126	14	78	142	30	94	158	46	110	174	2006	2042	2129	2008	1986	1961	2001	2084	1982	2016	2048	2027
304998	62	126	14	78	142	30	94	158	46	110	174	1977	2063	2112	1983	1965	1956	1986	2110	1976	2016	2072	2030
304998	62	126	14	78	142	30	94	158	46	110	174	1985	2049	2118	1991	1973	1964	1982	2101	1974	2019	2063	2016
304998	62	126	14	78	142	30	94	158	46	110	174	2029	2016	2137	2021	2013	1976	2027	2064	1986	2016	2021	2006
304998	62	126	14	78	142	30	94	158	46	110	174	2065	1991	2156	2054	2039	1992	2052	2042	2001	2019	1987	2007
304998	62	126	14	78	142	30	94	158	46	110	174	2069	1994	2154	2052	2038	1984	2058	2041	2006	2019	1978	2000
304998	62	126	14	78	142	30	94	158	46	110	174	2039	2027	2132	2029	2006	1967	2022	2074	1989	2021	2017	2013
304998	62	126	14	78	142	30	94	158	46	110	174	1990	2054	2109	1995	1970	1955	1996	2101	1975	2023	2067	2019
304998	62	126	14	78	142	30	94	158	46	110	174	1972	2061	2110	1979	1964	1959	1974	2105	1964	2023	2079	2027
304998	62	126	14	78	142	30	94	158	46	110	174	1995	2037	2133	1999	1987	1970	2003	2081	1987	2018	2047	2023
304998	62	126	14	78	142	30	94	158	46	110	174	2041	2004	2155	2039	2021	1983	2034	2048	2003	2017	1998	2005
304998	62	126	14	78	142	30	94	158	46	110	174	2071	1993	2156	2059	2044	1988	2060	2039	2008	2017	1974	1990
304998	62	126	14	78	142	30	94	158	46	110	174	2059	2006	2140	2050	2027	1978	2043	2051	1996	2018	2001	2005
304998	62	126	14	78	142	30	94	158	46	110	174	2010	2036	2125	2015	1988	1965	2010	2086	1975	2019	2044	2022
304998	62	126	14	78	142	30	94	158	46	110	174	1977	2062	2124	1982	1963	1960	1986	2102	1970	2020	2069	2030
304998	62	126	14	78	142	30	94	158	46	110	174	1975	2052	2130	1988	1958	1961	1979	2096	1987	2022	2061	2018
304998	62	126	14	78	142	30	94	158	46	110	174	2020	2031	2140	2020	2004	1969	2019	2074	1989	2020	2026	1998
304998	62	126	14	78	142	30	94	158	46	110	174	2063	1994	2148	2052	2036	1987	2049	2047	1997	2021	1988	2006
304998	62	126	14	78	142	30	94	158	46	110	174	2075	1988	2147	2059	2047	1985	2066	2037	1997	2021	1981	2005
304998	62	126	14	78	142	30	94	158	46	110	174	2041	2015	2135	2031	2017	1976	2033	2063	1985	2020	2015	2012
304998	62	126	14	78	142	30	94	158	46	110	174	1990	2049	2131	1995	1964	1961	1998	2098	1979	2017	2061	2018
304998	62	126	14	78	142	30	94	158	46	110	174	1969	2068	2116	1982	1962	1955	1975	2106	1968	2022	2084	2023
304998	62	126	14	78	142	30	94	158	46	110	174	1988	2044	2124	1999	1985	1965	1997	2089	1977	2017	2055	2025
304998	62	126	14	78	142	30	94	158	46	110	174	2039	2002	2149	2034	2023	1977	2036	2052	1994	2020	2001	2014
304998	62	126	14	78	142	30	94	158	46	110	174	2075	1988	2157	2061	2051	1994	2054	2039	2009	2017	1967	1991
304998	62	126	14	78	142	30	94	158	46	110	174	2058	1993	2154	2047	2031	1979	2046	2051	1998	2017	1992	1996
304998	62	126	14	78	142	30	94	158	46	110	174	2016	2034	2130	2019	1993	1964	2015	2082	1975	2021	2044	2017
304998	62	126	14	78	142	30	94	158	46	110	174	1980	2065	2112	1990	1967	1952	1993	2110	1963	2017	2075	2027
304998	62	126	14	78	142	30	94	158	46	110	174	1980	2059	2114	1983	1967	1963	1981	2099	1971	2020	2068	2028
304998	62	126	14	78	142	30	94	158	46	110	174	2012	2022	2137	2013	1994	1973	2020	2075	1994	2020	2025	2004
304998	62	126	14	78	142	30	94	158	46	110	174	2060	1993	2153	2047	2035	1988	2048	2046	1996	2020	1988	1996
304998	62	126	14	78	142	30	94	158	46	110	174	2076	1997	2152	2056	2043	1982	2059	2043	2000	2018	1984	2005
304998	62	126	14	78	142	30	94	158	46	110	174	2041	2017	2139	2038	2021	1971	2038	2054	1986	2021	2011	2016
304998	62	126	14	78	142	30	94	158	46	110	174	2000	2048	2115	2006	1979	1964	1996	2086	1977	2021	2054	2022
304998	62	126	14	78	142	30	94	158	46	110	174	1974	2054	2115	1983	1960	1954	1972	2105	1976	2016	2076	2023
304998	62	126	14	78	142	30	94	158	46	110	174	1988	2038	2134	1994	1968	1971	1986	2092	1974	2018	2058	2018
304998	62	126	14	78	142	30	94	158	46	110	174	2029	2011	2151	2029	2021	1980	2027	2059	1995	2018	2011	2008
304998	62	126	14	78	142	30	94	158	46	110	174	2074	1994	2151	2057	2044	1986	2053	2037	2002	2018	1974	1998
304998	62	126	14	78	142	30	94	158	46	110	174	2068	1997	2140	2059	2030	1983	2049	2041	2006	2018	1981	1995
304998	62	126	14	78	142	30	94	158	46	110	174	2028	2028	2127	2022	1997	1971	2017	2073	1984	2016	2034	2013
304998	62	126	14	78	142	30	94	158	46	110	174	1982	2058	2120	1988	1962	1955	1984	2104	1967	2017	2074	2026
304998	62	126	14	78	142	30	94	158	46	110	174	1972	2057	2127	1983	1966	1958	1987	2102	1963	2016	2072	2029
304998	62	126	14	78	142	30	94	158	46	110	174	2004	2034	2134	2008	1995	1972	2005	2077	1985	2022	2031	2013
304998	62	126	14	78	142	30	94	158	46	110	174	2057	2001	2142	2045	2035	1986	2043	2045	2008	2016	1989	1995
304998	62	126	14	78	142	30	94	158	46	110	174	2078	1983	2148	2059	2044	1989	2054	2038	2006	2021	1985	2001
304998	62	126	14	78	142	30	94	158	46	110	174	2049	2004	2146	2045	2011	1981	2040	2054	1991	2020	2006	2012
304998	62	126	14	78	142	30	94	158	46	110	174	2004	2042	2129	2006	1977	1964	2003	2085	1968	2021	2048	2026
304998	62	126	14	78	142	30	94	158	46	110	174	1975	2073	2117	1983	1964	1955	1986	2099	1971	2017	2074	2019
304998	62	126	14	78	142	30	94	158	46	110	174	1983	2054	2122	1995	1973	1968	1981	2094	1983	2016	2062	2010
304998	62	126	14	78	142	30	94	158	46	110	174	2031	2014	2138	2023	2020	1978	2025	2068	1999	2020	2016	2010
304998	62	126	14	78	142	30	94	158	46	110	174	2071	1984	2151	2048	2042	1988	2054	2039	1999	2020	1983	2005
304998	62	126	14	78	142	30	94	158	46	110	174	2069	1993	2153	2053	2034	1983	2056	2040	1996	2020	1980	2002
304998	62	126	14	78	142	30	94	158	46	110	174	2031	2028	2140	2024	2004	1970	2026	2068	1988	2021	2021	2007
304998	62	126	14	78	142	30	94	158	46	110	174	1986	2059	2117	1994	1968	1955	1986	2099	1971	2022	2074	2022
304998	62	126	14	78	142	30	94	158	46	110	174	1973	2061	2114	1985	1963	1956	1983	2105	1964	2022	2080	2025
304998	62	126	14	78	142	30	94	158	46	110	174	2001	2028	2133	2006	1989	1973	1995	2077	1983	2016	2040	2020
304998	62	126	14	78	142	30	94	158	46	110	174	2050	1996	2153	2043	2026	1984	2043	2044	1998	2021	1993	2003
304998	62	126	14	78	142	30	94	158	46	110	174	2076	1987	2161	2058	2047	1986	2060	2031	2006	2021	1974	1995
304998	62	126	14	78	142	30	94	158	46	110	174	2062	2008	2141	2047	2023	1979	2043	2056	1997	2021	2005	2004
304998	62	126	14	78	142	30	94	158	46	110	174	2010	2042	2119	2012	1993	1962	2008	2085	1974	2021	2049	2025
304998	62	126	14	78	142	30	94	158	46	110	174	1977	2062	2115	1987	1958	1955	1990	2102	1964	2020	2072	2029
304998	62	126	14	78	142	30	94	158	46	110	174	1981	2048	2125	1988	1968	1959	1979	2091	1974	2019	2059	2017
304998	62	126	14	78	142	30	94	158	46	110	174	2023	2019	2145	2024	2006	1974	2028	2064	1995	2019	2017	2001
304998	62	126	14	78	142	30	94	158	46	110	174	2068	1994	2148	2051	2045	1991	2051	2043	2005	2017	1983	1999
304998	62	126	14	78	142	30	94	158	46	110	174	2079	1996	2137	2054	2045	1988	2062	2042	2002	2018	1982	2007
304998	62	126	14	78	142	30	94	158	46	110	174	2033	2015	2130	2028	2013	1969	2025	2066	1984	2021	2017	2014
304998	62	126	14	78	142	30	94	158	46	110	174	1991	2052	2122	1997	1967	1958	1992	2093	1973	2020	2063	2017
304998	62	126	14	78	142	30	94	158	46	110	174	1973	2065	2122	1983	1954	1955	1974	2104	1974	2017	2080	2016
304998	62	126	14	78	142	30	94	158	46	110	174	1996	2041	2134	1999	1993	1970	1995	2084	1987	2018	2053	2022
304998	62	126	14	78	142	30	94	158	46	110	174	2045	2008	2143	2038	2017	1989	2030	2051	1998	2022	1998	2008
304998	62	126	14	78	142	30	94	158	46	110	174	2079	1983	2153	2061	2046	1988	2064	2036	2004	2019	1970	2003
304998	62	126	14	78	142	30	94	158	46	110	174	2056	1994	2147	2048	2026	1984	2046	2046	1999	2016	1993	1999
304998	62	126	14	78	142	30	94	158	46	110	174	2015	2035	2129	2017	1985	1967	2014	2085	1984	2022	2044	2011
304998	62	126	14	78	142	30	94	158	46	110	174	1973	2063	2123	1985	1967	1949	1980	2103	1969	2017	2082	2029
304998	62	126	14	78	142	30	94	158	46	110	174	1971	2059	2127	1985	1969	1960	1987	2102	1971	2020	2068	2030
304998	62	126	14	78	142	30	94	158	46	110	174	2012	2021	2133	2018	2007	1973	2015	2063	1984	2020	2023	2008
304998	62	126	14	78	142	30	94	158	46	110	174	2063	1987	2156	2051	2043	1983	2046	2036	2007	2017	1980	1993
304998	62	126	14	78	142	30	94	158	46	110	174	2074	1985	2156	2061	2039	1989	2059	2041	2006	2020	1979	1999
304998	62	126	14	78	142	30	94	158	46	110	174	2043	2017	2146	2038	2014	1969	2033	2064	1986	2022	2015	2016
304998	62	126	14	78	142	30	94	158	46	110	174	1994	2054	2119	2000	1980	1962	1998	2091	1967	2023	2060	2025
304998	62	126	14	78	142	30	94	158	46	110	174	1974	2063	2112	1985	1959	1957	1978	2102	1962	2016	2078	2022
304998	62	126	14	78	142	30	94	158	46	110	174	1991	2037	2128	1999	1982	1963	1994	2085	1982	2018	2056	2008
304998	62	126	14	78	142	30	94	158	46	110	174	2041	2004	2148	2030	2023	1980	2028	2065	1994	2019	2009	2007
304998	62	126	14	78	142	30	94	158	46	110	174	2074	1985	2158	2062	2036	1994	2066	2038	2001	2020	1977	2007
304998	62	126	14	78	142	30	94	158	46	110	174	2064	1997	2152	2051	2039	1982	2049	2049	1992	2019	1987	2006
304998	62	126	14	78	142	30	94	158	46	110	174	2019	2037	2120	2018	1990	1973	2022	2074	1981	2019	2031	2014
304998	62	126	14	78	142	30	94	158	46	110	174	1978	2058	2116	1993	1958	1954	1979	2102	1972	2017	2075	2018
304998	62	126	14	78	142	30	94	158	46	110	174	1972	2054	2124	1984	1969	1955	1986	2106	1969	2017	2076	2028
304998	62	126	14	78	142	30	94	158	46	110	174	2009	2029	2142	2013	1999	1976	2013	2078	1986	2020	2036	2015
304998	62	126	14	78	142	30	94	158	46	110	174	2054	1996	2153	2045	2042	1987	2046	2046	2002	2020	1980	2008
304998	62	126	14	78	142	30	94	158	46	110	174	2075	1986	2149	2060	2046	1995	2058	2034	2008	2021	1973	1990
304998	62	126	14	78	142	30	94	158	46	110	174	2046	2008	2134	2039	2014	1974	2033	2064	1994	2019	2012	2008
304998	62	126	14	78	142	30	94	158	46	110	174	1996	2036	2124	2005	1979	1957	1999	2092	1975	2021	2060	2027
304998	62	126	14	78	142	30	94	158	46	110	174	1970	2060	2129	1984	1965	1951	1978	2110	1965	2019	2076	2030
304998	62	126	14	78	142	30	94	158	46	110	174	1980	2048	2132	1991	1985	1964	1993	2088	1973	2021	2055	2022
304998	62	126	14	78	142	30	94	158	46	110	174	2032	2020	2135	2026	2018	1984	2026	2062	1996	2018	2008	1999
304998	62	126	14	78	142	30	94	158	46	110	174	2070	1987	2150	2057	2042	1991	2052	2045	2010	2016	1978	2001
304998	62	126	14	78	142	30	94	158	46	110	174	2073	1993	2148	2050	2040	1983	2056	2049	1996	2020	1989	2014
304998	62	126	14	78	142	30	94	158	46	110	174	2021	2025	2145	2022	2002	1967	2024	2071	1982	2018	2027	2019
304998	62	126	14	78	142	30	94	158	46	110	174	1978	2063	2127	1988	1968	1957	1987	2097	1970	2022	2069	2025
304998	62	126	14	78	142	30	94	158	46	110	174	1969	2065	2120	1984	1963	1958	1968	2104	1975	2023	2078	2020
304998	62	126	14	78	142	30	94	158	46	110	174	2002	2032	2132	2006	1988	1969	2003	2079	1989	2019	2042	2014
304998	62	126	14	78	142	30	94	158	46	110	174	2048	1994	2150	2043	2032	1982	2035	2046	1996	2020	1994	2015
304998	62	126	14	78	142	30	94	158	46	110	174	2075	1983	2161	2057	2046	1992	2059	2034	2004	2020	1973	1996
304998	62	126	14	78	142	30	94	158	46	110	174	2046	2005	2148	2045	2016	1985	2033	2052	1997	2021	2000	2006
304998	62	126	14	78	142	30	94	158	46	110	174	2009	2047	2120	2007	1984	1967	2007	2089	1984	2017	2057	2018
304998	62	126	14	78	142	30	94	158	46	110	174	1973	2065	2112	1980	1959	1951	1986	2104	1968	2018	2084	2029
304998	62	126	14	78	142	30	94	158	46	110	174	1981	2047	2125	1991	1973	1959	1986	2098	1970	2017	2060	2025
304998	62	126	14	78	142	30	94	158	46	110	174	2026	2013	2148	2019	2014	1976	2032	2063	1985	2017	2013	2005
304998	62	126	14	78	142	30	94	158	46	110	174	2068	1994	2159	2052	2043	1994	2048	2039	2006	2017	1985	1993
304998	62	126	14	78	142	30	94	158	46	110	174	2068	1995	2143	2053	2041	1992	2057	2047	2004	2021	1985	2010
304998	62	126	14	78	142	30	94	158	46	110	174	2032	2019	2129	2028	2003	1974	2026	2074	1985	2019	2026	2020
304998	62	126	14	78	142	30	94	158	46	110	174	1984	2048	2127	1990	1972	1955	1990	2102	1966	2020	2069	2028
304998	62	126	14	78	142	30	94	158	46	110	174	1971	2064	2124	1979	1968	1951	1984	2105	1967	2017	2075	2018
304998	62	126	14	78	142	30	94	158	46	110	174	1997	2042	2138	2003	1994	1972	1996	2083	1985	2018	2047	2011
304998	62	126	14	78	142	30	94	158	46	110	174	2045	2008	2140	2035	2032	1985	2039	2055	2000	2021	2003	2011
304998	62	126	14	78	142	30	94	158	46	110	174	2081	1984	2153	2053	2044	1993	2061	2040	2002	2022	1974	2003
304998	62	126	14	78	142	30	94	158	46	110	174	2057	1997	2146	2044	2028	1976	2057	2052	1994	2019	1994	2003
304998	62	126	14	78	142	30	94	158	46	110	174	2009	2038	2130	2013	1989	1963	2013	2085	1982	2020	2046	2015
304998	62	126	14	78	142	30	94	158	46	110	174	1976	2067	2124	1985	1959	1953	1976	2108	1973	2019	2081	2027
304998	62	126	14	78	142	30	94	158	46	110	174	1977	2059	2119	1986	1973	1960	1983	2100	1971	2022	2069	2022
304998	62	126	14	78	142	30	94	158	46	110	174	2019	2020	2140	2018	2008	1980	2016	2072	1984	2018	2017	2012
304998	62	126	14	78	142	30	94	158	46	110	174	2058	1985	2157	2050	2037	1986	2051	2036	2001	2022	1982	1999
304998	62	126	14	78	142	30	94	158	46	110	174	2076	1986	2152	2055	2042	1986	2059	2042	2006	2019	1981	1995
304998	62	126	14	78	142	30	94	158	46	110	174	2031	2016	2148	2036	2007	1974	2023	2067	1986	2020	2021	2019
304998	62	126	14	78	142	30	94	158	46	110	174	1985	2061	2110	2000	1974	1957	1990	2094	1968	2016	2062	2026
304998	62	126	14	78	142	30	94	158	46	110	174	1972	2061	2119	1979	1957	1961	1977	2105	1967	2017	2078	2015
304998	62	126	14	78	142	30	94	158	46	110	174	1991	2033	2133	2000	1982	1972	1996	2079	1985	2017	2048	2006
304998	62	126	14	78	142	30	94	158	46	110	174	2043	2008	2153	2036	2020	1983	2029	2058	1998	2017	2005	2008
304998	62	126	14	78	142	30	94	158	46	110	174	2072	1991	2156	2056	2043	1991	2061	2040	2006	2022	1976	2002
304998	62	126	14	78	142	30	94	158	46	110	174	2063	2002	2140	2047	2020	1990	2053	2049	1994	2021	1993	2009
304998	62	126	14	78	142	30	94	158	46	110	174	2020	2037	2123	2016	1990	1966	2014	2084	1975	2018	2034	2009
304998	62	126	14	78	142	30	94	158	46	110	174	1972	2057	2124	1983	1963	1950	1978	2098	1975	2017	2076	2021
304998	62	126	14	78	142	30	94	158	46	110	174	1974	2061	2130	1984	1970	1954	1979	2104	1978	2021	2076	2027
304998	62	126	14	78	142	30	94	158	46	110	174	2016	2032	2141	2012	2004	1974	2012	2075	1986	2019	2027	2015
304998	62	126	14	78	142	30	94	158	46	110	174	2059	1999	2148	2046	2044	1989	2052	2049	2000	2019	1981	1998
304998	62	126	14	78	142	30	94	158	46	110	174	2080	1987	2143	2057	2037	1995	2056	2038	2001	2019	1976	1996
304998	62	126	14	78	142	30	94	158	46	110	174	2043	2009	2140	2034	2014	1970	2037	2059	1994	2017	2017	2010
304998	62	126	14	78	142	30	94	158	46	110	174	1993	2047	2129	1999	1974	1957	1996	2100	1973	2018	2057	2026
304998	62	126	14	78	142	30	94	158	46	110	174	1964	2064	2122	1984	1966	1946	1985	2106	1964	2016	2073	2031
304998	62	126	14	78	142	30	94	158	46	110	174	1991	2048	2125	1996	1983	1966	1997	2092	1971	2020	2054	2012
304998	62	126	14	78	142	30	94	158	46	110	174	2038	2010	2139	2028	2018	1981	2031	2062	2000	2017	2011	2000
304998	62	126	14	78	142	30	94	158	46	110	174	2074	1983	2155	2058	2047	1986	2052	2042	2009	2017	1983	2006
