304998	62	126	14	78	142	30	94	158	46	110	174	2016	2030	2135	2017	2001	1975	2021	2073	1989	2022	2024	2013
304998	62	126	14	78	142	30	94	158	46	110	174	2063	1989	2143	2047	2034	1993	2047	2039	2003	2021	1979	1995
304998	62	126	14	78	142	30	94	158	46	110	174	2077	1981	2148	2057	2045	1996	2059	2037	2011	2020	1984	2002
304998	62	126	14	78	142	30	94	158	46	110	174	2039	2009	2146	2037	2011	1975	2028	2065	1992	2020	2014	2013
304998	62	126	14	78	142	30	94	158	46	110	174	1991	2052	2136	2007	1979	1952	1999	2092	1966	2018	2062	2020
304998	62	126	14	78	142	30	94	158	46	110	174	1970	2072	2124	1987	1966	1947	1979	2104	1960	2019	2073	2017
304998	62	126	14	78	142	30	94	158	46	110	174	1986	2047	2125	1998	1986	1962	2001	2081	1980	2017	2058	2008
304998	62	126	14	78	142	30	94	158	46	110	174	2042	2003	2139	2030	2021	1990	2027	2055	2001	2022	2010	2013
304998	62	126	14	78	142	30	94	158	46	110	174	2072	1983	2153	2052	2042	1995	2050	2041	2009	2017	1976	2006
304998	62	126	14	78	142	30	94	158	46	110	174	2065	1998	2147	2048	2029	1981	2052	2052	1998	2020	1984	2012
304998	62	126	14	78	142	30	94	158	46	110	174	2023	2042	2125	2018	2003	1963	2015	2075	1974	2016	2033	2011
304998	62	126	14	78	142	30	94	158	46	110	174	1983	2057	2121	1990	1967	1955	1987	2095	1968	2017	2077	2018
304998	62	126	14	78	142	30	94	158	46	110	174	1972	2061	2124	1985	1972	1954	1994	2103	1971	2018	2075	2023
304998	62	126	14	78	142	30	94	158	46	110	174	2010	2029	2144	2015	1996	1970	2009	2078	1982	2021	2028	2015
304998	62	126	14	78	142	30	94	158	46	110	174	2056	1996	2149	2044	2035	1991	2045	2048	2001	2020	1981	2006
304998	62	126	14	78	142	30	94	158	46	110	174	2076	1983	2141	2058	2046	1988	2054	2034	2009	2018	1975	1998
304998	62	126	14	78	142	30	94	158	46	110	174	2048	2004	2140	2042	2009	1985	2029	2059	1996	2019	2012	2008
304998	62	126	14	78	142	30	94	158	46	110	174	2001	2043	2128	2005	1981	1956	2003	2092	1970	2019	2059	2023
304998	62	126	14	78	142	30	94	158	46	110	174	1968	2062	2134	1983	1956	1954	1983	2105	1960	2018	2076	2018
304998	62	126	14	78	142	30	94	158	46	110	174	1984	2052	2131	1995	1986	1953	1992	2089	1967	2021	2053	2013
304998	62	126	14	78	142	30	94	158	46	110	174	2034	2016	2137	2028	2020	1985	2025	2057	2004	2020	2012	2002
304998	62	126	14	78	142	30	94	158	46	110	174	2069	1980	2141	2054	2034	1997	2049	2040	2009	2020	1979	2011
304998	62	126	14	78	142	30	94	158	46	110	174	2068	1988	2142	2048	2038	1988	2054	2046	1996	2021	1988	2015
304998	62	126	14	78	142	30	94	158	46	110	174	2023	2020	2144	2024	1995	1966	2023	2075	1979	2019	2028	2013
304998	62	126	14	78	142	30	94	158	46	110	174	1983	2065	2124	1998	1975	1945	1994	2093	1961	2021	2066	2015
304998	62	126	14	78	142	30	94	158	46	110	174	1968	2065	2118	1992	1967	1955	1970	2097	1971	2019	2079	2017
304998	62	126	14	78	142	30	94	158	46	110	174	2000	2028	2129	2013	1991	1966	2003	2080	1987	2020	2039	2017
304998	62	126	14	78	142	30	94	158	46	110	174	2053	1993	2147	2045	2028	1990	2043	2048	1998	2019	1993	2014
304998	62	126	14	78	142	30	94	158	46	110	174	2076	1985	2147	2061	2039	1992	2057	2039	2006	2018	1968	2004
304998	62	126	14	78	142	30	94	158	46	110	174	2057	2009	2137	2039	2021	1975	2052	2055	1995	2019	2004	2010
304998	62	126	14	78	142	30	94	158	46	110	174	2004	2045	2125	2008	1984	1959	2001	2086	1970	2018	2056	2013
304998	62	126	14	78	142	30	94	158	46	110	174	1972	2063	2120	1992	1967	1945	1985	2105	1964	2021	2080	2026
304998	62	126	14	78	142	30	94	158	46	110	174	1982	2046	2131	1992	1979	1960	1998	2089	1969	2020	2061	2018
304998	62	126	14	78	142	30	94	158	46	110	174	2023	2015	2144	2024	2004	1981	2018	2060	1993	2022	2014	2008
304998	62	126	14	78	142	30	94	158	46	110	174	2071	1993	2147	2050	2042	1989	2052	2042	2017	2016	1983	2001
304998	62	126	14	78	142	30	94	158	46	110	174	2075	1997	2138	2050	2034	1992	2050	2045	2003	2018	1987	2008
304998	62	126	14	78	142	30	94	158	46	110	174	2035	2021	2128	2027	2011	1971	2027	2076	1979	2020	2024	2019
304998	62	126	14	78	142	30	94	158	46	110	174	1983	2052	2130	1992	1972	1955	1994	2098	1963	2022	2064	2016
304998	62	126	14	78	142	30	94	158	46	110	174	1966	2063	2132	1988	1960	1948	1981	2101	1969	2018	2073	2008
304998	62	126	14	78	142	30	94	158	46	110	174	2001	2044	2133	2005	1994	1965	2000	2086	1981	2021	2047	2011
304998	62	126	14	78	142	30	94	158	46	110	174	2050	2005	2138	2037	2031	1993	2040	2052	2003	2017	1997	2013
304998	62	126	14	78	142	30	94	158	46	110	174	2078	1984	2140	2060	2043	1997	2060	2042	2004	2021	1970	2014
304998	62	126	14	78	142	30	94	158	46	110	174	2055	1999	2143	2043	2027	1985	2046	2053	1994	2019	1992	2003
304998	62	126	14	78	142	30	94	158	46	110	174	2008	2042	2133	2015	1983	1964	2013	2085	1987	2020	2047	2010
304998	62	126	14	78	142	30	94	158	46	110	174	1974	2069	2125	1987	1969	1945	1984	2104	1963	2020	2088	2016
304998	62	126	14	78	142	30	94	158	46	110	174	1981	2056	2127	1990	1971	1959	1985	2093	1969	2018	2066	2020
304998	62	126	14	78	142	30	94	158	46	110	174	2021	2014	2132	2018	2009	1976	2014	2068	1989	2016	2017	2013
304998	62	126	14	78	142	30	94	158	46	110	174	2066	1987	2143	2044	2035	1991	2043	2041	2009	2019	1979	2005
304998	62	126	14	78	142	30	94	158	46	110	174	2068	1982	2148	2058	2034	1993	2048	2041	2011	2016	1986	2003
304998	62	126	14	78	142	30	94	158	46	110	174	2043	2022	2133	2030	2013	1967	2035	2070	1989	2017	2017	2015
304998	62	126	14	78	142	30	94	158	46	110	174	1992	2055	2125	2001	1980	1954	1994	2090	1965	2022	2065	2022
304998	62	126	14	78	142	30	94	158	46	110	174	1973	2063	2124	1986	1968	1949	1983	2099	1963	2019	2078	2016
304998	62	126	14	78	142	30	94	158	46	110	174	1998	2039	2131	1998	1993	1968	2005	2084	1986	2021	2050	2011
304998	62	126	14	78	142	30	94	158	46	110	174	2042	2002	2148	2031	2018	1983	2026	2058	2002	2020	2003	2005
304998	62	126	14	78	142	30	94	158	46	110	174	2075	1986	2147	2056	2042	1990	2058	2039	2005	2022	1982	2012
304998	62	126	14	78	142	30	94	158	46	110	174	2060	1999	2137	2047	2033	1985	2045	2049	1995	2017	1991	2013
304998	62	126	14	78	142	30	94	158	46	110	174	2020	2032	2127	2016	1985	1964	2010	2077	1980	2020	2036	2012
304998	62	126	14	78	142	30	94	158	46	110	174	1975	2061	2127	1990	1970	1949	1988	2104	1967	2022	2074	2005
304998	62	126	14	78	142	30	94	158	46	110	174	1975	2057	2138	1990	1973	1955	1982	2097	1970	2017	2071	2013
304998	62	126	14	78	142	30	94	158	46	110	174	2015	2027	2143	2016	2002	1969	2014	2070	1987	2017	2028	2015
304998	62	126	14	78	142	30	94	158	46	110	174	2061	1993	2142	2047	2037	1991	2046	2044	2008	2022	1977	2017
304998	62	126	14	78	142	30	94	158	46	110	174	2077	1984	2138	2060	2031	2001	2055	2038	2011	2020	1969	2008
304998	62	126	14	78	142	30	94	158	46	110	174	2051	2009	2138	2034	2015	1978	2033	2067	1989	2023	2009	2008
304998	62	126	14	78	142	30	94	158	46	110	174	1998	2049	2132	2005	1981	1948	2013	2090	1968	2021	2064	2018
304998	62	126	14	78	142	30	94	158	46	110	174	1974	2072	2129	1986	1966	1946	1993	2105	1956	2017	2080	2019
304998	62	126	14	78	142	30	94	158	46	110	174	1984	2045	2131	1999	1986	1959	1994	2082	1978	2017	2051	2020
304998	62	126	14	78	142	30	94	158	46	110	174	2036	2008	2132	2034	2017	1987	2028	2057	2004	2018	2001	2003
304998	62	126	14	78	142	30	94	158	46	110	174	2072	1981	2145	2053	2041	2004	2061	2044	2010	2021	1975	2006
304998	62	126	14	78	142	30	94	158	46	110	174	2062	1986	2146	2050	2017	1994	2045	2049	1999	2018	1992	2011
304998	62	126	14	78	142	30	94	158	46	110	174	2018	2032	2141	2021	1997	1966	2023	2074	1981	2017	2032	2016
304998	62	126	14	78	142	30	94	158	46	110	174	1978	2067	2129	1996	1972	1948	1995	2099	1968	2021	2072	2016
304998	62	126	14	78	142	30	94	158	46	110	174	1974	2063	2122	1989	1967	1954	1981	2103	1969	2021	2076	2006
304998	62	126	14	78	142	30	94	158	46	110	174	2010	2024	2134	2009	2003	1979	2022	2078	1984	2020	2040	2016
304998	62	126	14	78	142	30	94	158	46	110	174	2055	1995	2147	2044	2025	1993	2046	2049	2000	2018	1989	2013
304998	62	126	14	78	142	30	94	158	46	110	174	2073	1984	2149	2055	2040	1996	2055	2035	2006	2021	1970	2018
304998	62	126	14	78	142	30	94	158	46	110	174	2044	2015	2134	2043	2015	1983	2033	2066	1992	2018	2002	2008
304998	62	126	14	78	142	30	94	158	46	110	174	2005	2046	2130	2008	1987	1957	2015	2090	1967	2022	2054	2004
304998	62	126	14	78	142	30	94	158	46	110	174	1976	2065	2127	1987	1970	1952	1991	2100	1956	2016	2081	2020
304998	62	126	14	78	142	30	94	158	46	110	174	1988	2046	2138	1995	1984	1957	1996	2092	1971	2019	2061	2018
304998	62	126	14	78	142	30	94	158	46	110	174	2029	2015	2147	2027	2012	1986	2030	2064	2003	2020	2009	2015
304998	62	126	14	78	142	30	94	158	46	110	174	2074	1989	2140	2051	2046	1992	2054	2043	2009	2017	1973	2006
304998	62	126	14	78	142	30	94	158	46	110	174	2073	1991	2136	2048	2038	1993	2052	2043	1995	2021	1985	2007
304998	62	126	14	78	142	30	94	158	46	110	174	2031	2018	2133	2023	2004	1971	2017	2067	1980	2020	2035	2017
304998	62	126	14	78	142	30	94	158	46	110	174	1984	2058	2130	1996	1970	1946	1998	2092	1972	2022	2069	2017
304998	62	126	14	78	142	30	94	158	46	110	174	1967	2063	2141	1989	1961	1956	1985	2102	1968	2021	2072	2018
304998	62	126	14	78	142	30	94	158	46	110	174	2004	2042	2137	2009	1995	1971	2007	2083	1984	2020	2036	2000
304998	62	126	14	78	142	30	94	158	46	110	174	2052	1999	2139	2034	2023	1994	2039	2051	2002	2018	1997	2009
304998	62	126	14	78	142	30	94	158	46	110	174	2080	1978	2134	2055	2045	1995	2062	2038	2009	2020	1977	2015
304998	62	126	14	78	142	30	94	158	46	110	174	2056	2001	2144	2041	2020	1979	2036	2055	1995	2018	1995	2017
304998	62	126	14	78	142	30	94	158	46	110	174	2009	2044	2139	2014	1980	1957	2007	2086	1969	2021	2041	2013
304998	62	126	14	78	142	30	94	158	46	110	174	1970	2068	2139	1989	1972	1944	1991	2104	1957	2017	2077	2005
304998	62	126	14	78	142	30	94	158	46	110	174	1982	2053	2125	1999	1970	1960	1991	2092	1971	2020	2068	2014
304998	62	126	14	78	142	30	94	158	46	110	174	2029	2014	2134	2019	2009	1986	2021	2063	1997	2019	2018	2015
304998	62	126	14	78	142	30	94	158	46	110	174	2070	1982	2147	2047	2039	1996	2041	2047	2010	2020	1976	2016
304998	62	126	14	78	142	30	94	158	46	110	174	2073	1991	2147	2055	2029	1988	2063	2052	2003	2017	1978	2004
304998	62	126	14	78	142	30	94	158	46	110	174	2033	2024	2135	2027	2011	1967	2028	2065	1981	2020	2022	2011
304998	62	126	14	78	142	30	94	158	46	110	174	1991	2063	2123	2003	1971	1955	1992	2090	1968	2017	2071	2016
304998	62	126	14	78	142	30	94	158	46	110	174	1972	2061	2126	1989	1964	1951	1991	2107	1970	2020	2073	2019
304998	62	126	14	78	142	30	94	158	46	110	174	1996	2032	2141	2005	1991	1969	2005	2081	1979	2018	2039	2013
304998	62	126	14	78	142	30	94	158	46	110	174	2045	2000	2150	2038	2018	1985	2034	2057	1997	2020	1992	2005
304998	62	126	14	78	142	30	94	158	46	110	174	2077	1991	2140	2050	2046	1995	2054	2037	2006	2020	1981	2014
304998	62	126	14	78	142	30	94	158	46	110	174	2059	2005	2130	2047	2012	1994	2046	2049	2003	2019	1994	2013
304998	62	126	14	78	142	30	94	158	46	110	174	2015	2037	2131	2011	1990	1963	2013	2086	1976	2021	2043	2018
304998	62	126	14	78	142	30	94	158	46	110	174	1973	2061	2141	1989	1968	1948	1984	2103	1957	2021	2070	2007
304998	62	126	14	78	142	30	94	158	46	110	174	1972	2056	2144	1993	1975	1951	1991	2098	1969	2020	2071	2007
304998	62	126	14	78	142	30	94	158	46	110	174	2017	2023	2136	2017	2011	1976	2018	2065	2000	2016	2025	2016
304998	62	126	14	78	142	30	94	158	46	110	174	2064	1994	2133	2046	2031	1995	2043	2046	2008	2021	1983	2016
304998	62	126	14	78	142	30	94	158	46	110	174	2077	1983	2132	2051	2034	1995	2057	2050	2005	2017	1976	2015
304998	62	126	14	78	142	30	94	158	46	110	174	2037	2012	2140	2036	2006	1974	2036	2065	1985	2022	2009	2005
304998	62	126	14	78	142	30	94	158	46	110	174	1990	2053	2143	2003	1982	1947	2002	2089	1965	2018	2066	2010
304998	62	126	14	78	142	30	94	158	46	110	174	1968	2068	2131	1993	1964	1947	1982	2101	1967	2021	2080	2017
304998	62	126	14	78	142	30	94	158	46	110	174	1995	2044	2126	2002	1991	1965	2004	2092	1982	2022	2047	2017
304998	62	126	14	78	142	30	94	158	46	110	174	2042	2003	2132	2032	2017	1989	2039	2055	1999	2021	2000	2011
304998	62	126	14	78	142	30	94	158	46	110	174	2072	1987	2146	2053	2040	1993	2048	2037	2007	2019	1971	2007
304998	62	126	14	78	142	30	94	158	46	110	174	2058	1998	2151	2046	2029	1983	2042	2049	2006	2017	1999	2010
304998	62	126	14	78	142	30	94	158	46	110	174	2017	2035	2138	2016	1997	1966	2012	2081	1979	2018	2037	2015
304998	62	126	14	78	142	30	94	158	46	110	174	1980	2063	2124	1994	1973	1950	1997	2103	1960	2016	2072	2019
304998	62	126	14	78	142	30	94	158	46	110	174	1970	2057	2129	1993	1969	1955	1989	2101	1968	2017	2066	2007
304998	62	126	14	78	142	30	94	158	46	110	174	2018	2026	2137	2012	2002	1969	2012	2074	1993	2019	2031	2008
304998	62	126	14	78	142	30	94	158	46	110	174	2058	1994	2146	2044	2029	1993	2043	2049	2010	2017	1992	2012
304998	62	126	14	78	142	30	94	158	46	110	174	2074	1991	2139	2051	2041	1994	2052	2045	2005	2022	1977	2016
304998	62	126	14	78	142	30	94	158	46	110	174	2051	2015	2129	2032	2018	1975	2036	2066	1981	2021	2007	2017
304998	62	126	14	78	142	30	94	158	46	110	174	1997	2045	2137	2006	1982	1950	2006	2085	1968	2017	2053	2006
304998	62	126	14	78	142	30	94	158	46	110	174	1970	2062	2140	1986	1972	1946	1981	2099	1968	2017	2078	2008
304998	62	126	14	78	142	30	94	158	46	110	174	1986	2049	2144	2002	1981	1963	1993	2092	1975	2017	2061	2016
304998	62	126	14	78	142	30	94	158	46	110	174	2030	2016	2140	2029	2017	1985	2025	2060	1994	2018	2008	2015
304998	62	126	14	78	142	30	94	158	46	110	174	2069	1989	2131	2049	2039	2000	2049	2043	2009	2017	1974	2014
304998	62	126	14	78	142	30	94	158	46	110	174	2068	1991	2137	2050	2029	1990	2046	2045	2007	2021	1985	2004
304998	62	126	14	78	142	30	94	158	46	110	174	2024	2029	2139	2019	2002	1967	2019	2080	1983	2018	2037	2010
304998	62	126	14	78	142	30	94	158	46	110	174	1981	2063	2135	1997	1971	1945	2009	2107	1964	2022	2073	2016
304998	62	126	14	78	142	30	94	158	46	110	174	1965	2065	2139	1989	1971	1952	1984	2097	1963	2018	2067	2017
304998	62	126	14	78	142	30	94	158	46	110	174	2009	2033	2125	2009	1998	1971	2008	2076	1983	2020	2030	2008
304998	62	126	14	78	142	30	94	158	46	110	174	2059	1991	2139	2038	2027	1996	2048	2049	2012	2017	1994	2008
304998	62	126	14	78	142	30	94	158	46	110	174	2077	1983	2139	2054	2044	1996	2061	2046	2006	2020	1982	2017
304998	62	126	14	78	142	30	94	158	46	110	174	2051	2005	2143	2043	2016	1978	2040	2062	1986	2016	2005	2017
304998	62	126	14	78	142	30	94	158	46	110	174	1994	2045	2131	2009	1991	1956	2001	2084	1970	2020	2051	2015
304998	62	126	14	78	142	30	94	158	46	110	174	1974	2066	2127	1987	1968	1948	1991	2095	1969	2018	2076	2010
304998	62	126	14	78	142	30	94	158	46	110	174	1978	2043	2144	1995	1977	1961	1984	2093	1973	2021	2064	2009
304998	62	126	14	78	142	30	94	158	46	110	174	2032	2011	2140	2022	2014	1978	2023	2064	1994	2022	2015	2018
304998	62	126	14	78	142	30	94	158	46	110	174	2064	1985	2147	2048	2031	1997	2050	2045	2009	2016	1977	2016
304998	62	126	14	78	142	30	94	158	46	110	174	2062	1998	2134	2048	2034	1990	2050	2041	2006	2019	1985	2013
304998	62	126	14	78	142	30	94	158	46	110	174	2032	2026	2127	2026	2005	1970	2021	2073	1988	2020	2028	2011
304998	62	126	14	78	142	30	94	158	46	110	174	1983	2049	2133	1992	1971	1955	1986	2097	1969	2016	2072	2013
304998	62	126	14	78	142	30	94	158	46	110	174	1969	2059	2134	1989	1968	1950	1988	2102	1962	2021	2073	2021
304998	62	126	14	78	142	30	94	158	46	110	174	1994	2033	2145	2005	1995	1968	2004	2077	1980	2020	2040	2019
304998	62	126	14	78	142	30	94	158	46	110	174	2046	2008	2136	2040	2028	1988	2029	2049	2005	2017	1994	2004
304998	62	126	14	78	142	30	94	158	46	110	174	2077	1984	2138	2050	2036	1995	2049	2046	2013	2017	1983	2009
304998	62	126	14	78	142	30	94	158	46	110	174	2059	2006	2132	2038	2018	1984	2046	2060	1995	2021	2007	2015
304998	62	126	14	78	142	30	94	158	46	110	174	2008	2042	2140	2008	1989	1957	2013	2086	1968	2017	2047	2019
304998	62	126	14	78	142	30	94	158	46	110	174	1969	2068	2133	1988	1969	1945	1986	2097	1969	2018	2072	2014
304998	62	126	14	78	142	30	94	158	46	110	174	1981	2060	2129	1992	1978	1957	1998	2098	1972	2022	2062	2005
304998	62	126	14	78	142	30	94	158	46	110	174	2021	2019	2130	2019	2005	1979	2020	2069	1994	2018	2027	2015
304998	62	126	14	78	142	30	94	158	46	110	174	2065	1983	2136	2047	2033	1997	2042	2049	2007	2021	1983	2022
304998	62	126	14	78	142	30	94	158	46	110	174	2068	1986	2146	2045	2035	1992	2048	2042	2004	2018	1982	2016
304998	62	126	14	78	142	30	94	158	46	110	174	2032	2021	2140	2031	2009	1969	2023	2067	1994	2018	2017	2008
304998	62	126	14	78	142	30	94	158	46	110	174	1989	2059	2128	2000	1982	1948	1994	2099	1967	2018	2067	2008
304998	62	126	14	78	142	30	94	158	46	110	174	1970	2062	2124	1991	1959	1954	1985	2102	1964	2017	2086	2014
304998	62	126	14	78	142	30	94	158	46	110	174	1994	2033	2132	2003	1991	1965	2010	2087	1979	2022	2046	2022
304998	62	126	14	78	142	30	94	158	46	110	174	2042	1998	2147	2035	2021	1995	2026	2049	2005	2018	1996	2013
304998	62	126	14	78	142	30	94	158	46	110	174	2074	1987	2144	2054	2043	1993	2051	2049	2017	2021	1974	2008
