304998	62	126	14	78	142	30	94	158	46	110	174	2074	1987	2125	2047	2028	2000	2051	2049	2007	2020	1987	2032
304998	62	126	14	78	142	30	94	158	46	110	174	2041	2022	2136	2028	2016	1967	2035	2064	1987	2021	2017	2020
304998	62	126	14	78	142	30	94	158	46	110	174	1993	2052	2145	2007	1986	1943	2003	2089	1961	2022	2060	1993
304998	62	126	14	78	142	30	94	158	46	110	174	1971	2060	2152	1998	1976	1939	1994	2097	1954	2021	2073	1981
304998	62	126	14	78	142	30	94	158	46	110	174	1996	2034	2150	2009	1993	1961	2020	2083	1978	2020	2048	2000
304998	62	126	14	78	142	30	94	158	46	110	174	2041	2000	2136	2028	2018	1995	2031	2054	2004	2018	2003	2028
304998	62	126	14	78	142	30	94	158	46	110	174	2079	1985	2114	2047	2032	2003	2045	2046	2023	2022	1969	2047
304998	62	126	14	78	142	30	94	158	46	110	174	2061	1994	2122	2041	2022	1989	2035	2060	2006	2018	1988	2026
304998	62	126	14	78	142	30	94	158	46	110	174	2020	2028	2145	2021	2002	1954	2018	2074	1973	2018	2039	1996
304998	62	126	14	78	142	30	94	158	46	110	174	1972	2060	2167	1995	1978	1939	1999	2091	1949	2018	2081	1988
304998	62	126	14	78	142	30	94	158	46	110	174	1972	2062	2154	2002	1976	1945	1996	2091	1961	2022	2066	1999
304998	62	126	14	78	142	30	94	158	46	110	174	2020	2028	2131	2019	2008	1968	2025	2075	1992	2016	2023	2015
304998	62	126	14	78	142	30	94	158	46	110	174	2064	1994	2111	2040	2034	2001	2040	2054	2013	2021	1977	2030
304998	62	126	14	78	142	30	94	158	46	110	174	2086	1982	2118	2048	2025	2001	2053	2048	2007	2021	1978	2030
304998	62	126	14	78	142	30	94	158	46	110	174	2048	2009	2136	2030	2014	1976	2031	2062	1984	2017	2013	2014
304998	62	126	14	78	142	30	94	158	46	110	174	1998	2052	2160	2010	1984	1949	2012	2088	1966	2022	2054	2001
304998	62	126	14	78	142	30	94	158	46	110	174	1966	2069	2159	2000	1970	1937	2004	2099	1956	2021	2070	1986
304998	62	126	14	78	142	30	94	158	46	110	174	1994	2048	2141	2007	1995	1955	2020	2085	1971	2019	2048	1997
304998	62	126	14	78	142	30	94	158	46	110	174	2038	2004	2121	2030	2016	1993	2026	2055	1997	2020	2006	2025
304998	62	126	14	78	142	30	94	158	46	110	174	2079	1981	2119	2044	2031	2007	2043	2046	2020	2021	1976	2046
304998	62	126	14	78	142	30	94	158	46	110	174	2067	1991	2136	2044	2024	1991	2036	2056	2008	2020	1985	2028
304998	62	126	14	78	142	30	94	158	46	110	174	2017	2030	2149	2021	1998	1959	2017	2074	1972	2016	2031	2000
304998	62	126	14	78	142	30	94	158	46	110	174	1983	2070	2158	1997	1985	1934	2006	2091	1953	2018	2075	1989
304998	62	126	14	78	142	30	94	158	46	110	174	1973	2063	2145	1993	1979	1946	1994	2089	1962	2020	2077	1994
304998	62	126	14	78	142	30	94	158	46	110	174	2018	2024	2136	2010	2003	1971	2019	2080	1994	2016	2031	2016
304998	62	126	14	78	142	30	94	158	46	110	174	2052	1987	2130	2033	2026	1998	2033	2054	2011	2017	1981	2031
304998	62	126	14	78	142	30	94	158	46	110	174	2081	1987	2129	2048	2031	2001	2048	2052	2008	2019	1974	2024
304998	62	126	14	78	142	30	94	158	46	110	174	2046	2008	2139	2035	2019	1977	2031	2054	1996	2020	2012	2018
304998	62	126	14	78	142	30	94	158	46	110	174	2003	2046	2146	2007	1987	1947	2006	2086	1970	2017	2054	2004
304998	62	126	14	78	142	30	94	158	46	110	174	1965	2062	2158	1996	1974	1942	1996	2097	1953	2016	2074	1994
304998	62	126	14	78	142	30	94	158	46	110	174	1985	2046	2147	1997	1988	1955	2005	2090	1969	2021	2054	1996
304998	62	126	14	78	142	30	94	158	46	110	174	2034	2009	2141	2024	2008	1984	2021	2063	1997	2022	2013	2016
304998	62	126	14	78	142	30	94	158	46	110	174	2071	1993	2117	2042	2033	1996	2045	2049	2025	2016	1979	2041
304998	62	126	14	78	142	30	94	158	46	110	174	2071	1993	2115	2042	2029	1996	2036	2054	2014	2021	1982	2034
304998	62	126	14	78	142	30	94	158	46	110	174	2022	2017	2144	2024	2006	1968	2020	2073	1981	2016	2024	2005
304998	62	126	14	78	142	30	94	158	46	110	174	1985	2059	2163	2002	1982	1938	2001	2098	1953	2021	2074	1985
304998	62	126	14	78	142	30	94	158	46	110	174	1964	2058	2161	1993	1976	1940	1994	2092	1959	2022	2074	1996
304998	62	126	14	78	142	30	94	158	46	110	174	2005	2039	2137	2015	2001	1967	2024	2077	1983	2016	2040	2017
304998	62	126	14	78	142	30	94	158	46	110	174	2049	1993	2122	2037	2025	1994	2033	2059	2011	2020	1986	2030
304998	62	126	14	78	142	30	94	158	46	110	174	2081	1978	2120	2048	2032	2004	2047	2050	2013	2019	1973	2026
304998	62	126	14	78	142	30	94	158	46	110	174	2055	2001	2134	2031	2015	1983	2039	2060	1992	2021	2009	2017
304998	62	126	14	78	142	30	94	158	46	110	174	2002	2041	2155	2015	1997	1947	2012	2083	1975	2021	2049	2008
304998	62	126	14	78	142	30	94	158	46	110	174	1971	2074	2152	1998	1979	1935	1985	2096	1956	2016	2071	1997
304998	62	126	14	78	142	30	94	158	46	110	174	1975	2051	2146	1999	1992	1952	1998	2087	1970	2022	2061	1999
304998	62	126	14	78	142	30	94	158	46	110	174	2021	2008	2134	2024	2005	1984	2023	2070	1994	2017	2018	2015
304998	62	126	14	78	142	30	94	158	46	110	174	2070	1981	2124	2045	2031	2004	2035	2049	2019	2020	1979	2033
304998	62	126	14	78	142	30	94	158	46	110	174	2067	1988	2131	2048	2019	1998	2041	2053	2018	2022	1980	2028
304998	62	126	14	78	142	30	94	158	46	110	174	2032	2027	2135	2029	2002	1968	2028	2077	1981	2020	2017	2004
304998	62	126	14	78	142	30	94	158	46	110	174	1994	2056	2141	2006	1984	1941	2008	2094	1955	2017	2066	1992
304998	62	126	14	78	142	30	94	158	46	110	174	1960	2060	2150	1998	1974	1941	1989	2088	1954	2016	2080	1997
304998	62	126	14	78	142	30	94	158	46	110	174	1997	2034	2144	2011	1992	1970	2008	2084	1985	2022	2042	2012
304998	62	126	14	78	142	30	94	158	46	110	174	2042	1993	2143	2038	2011	1997	2026	2059	2007	2019	1993	2024
304998	62	126	14	78	142	30	94	158	46	110	174	2074	1985	2120	2048	2035	2003	2044	2051	2015	2022	1977	2028
304998	62	126	14	78	142	30	94	158	46	110	174	2061	1998	2124	2042	2022	1986	2035	2058	1996	2017	2001	2024
304998	62	126	14	78	142	30	94	158	46	110	174	2004	2028	2151	2013	1993	1953	2004	2076	1976	2019	2044	2008
304998	62	126	14	78	142	30	94	158	46	110	174	1968	2061	2160	1994	1979	1942	1984	2095	1956	2017	2072	1988
304998	62	126	14	78	142	30	94	158	46	110	174	1968	2056	2159	2004	1963	1956	1993	2091	1966	2021	2067	1992
304998	62	126	14	78	142	30	94	158	46	110	174	2016	2022	2126	2017	2010	1978	2023	2072	1991	2018	2023	2021
304998	62	126	14	78	142	30	94	158	46	110	174	2068	1985	2122	2040	2026	2005	2039	2047	2016	2017	1984	2043
304998	62	126	14	78	142	30	94	158	46	110	174	2070	1980	2128	2045	2033	2001	2039	2049	2020	2022	1980	2029
304998	62	126	14	78	142	30	94	158	46	110	174	2037	2017	2141	2032	2005	1979	2033	2069	1989	2021	2016	2006
304998	62	126	14	78	142	30	94	158	46	110	174	1991	2058	2150	2008	1974	1945	2003	2092	1956	2022	2067	1990
304998	62	126	14	78	142	30	94	158	46	110	174	1969	2065	2141	1996	1978	1942	1986	2094	1955	2017	2083	1999
304998	62	126	14	78	142	30	94	158	46	110	174	1996	2037	2144	2008	1990	1958	2003	2077	1983	2017	2050	2018
304998	62	126	14	78	142	30	94	158	46	110	174	2039	2002	2131	2025	2019	1991	2020	2065	2009	2016	1998	2021
304998	62	126	14	78	142	30	94	158	46	110	174	2074	1987	2129	2044	2026	2012	2051	2051	2013	2020	1985	2026
304998	62	126	14	78	142	30	94	158	46	110	174	2057	1996	2138	2042	2015	1993	2033	2053	1999	2019	1994	2026
304998	62	126	14	78	142	30	94	158	46	110	174	2018	2035	2139	2018	1992	1964	2011	2074	1972	2020	2045	2014
304998	62	126	14	78	142	30	94	158	46	110	174	1973	2057	2160	2001	1972	1939	1988	2092	1966	2021	2072	1994
304998	62	126	14	78	142	30	94	158	46	110	174	1971	2056	2155	1995	1985	1949	1986	2096	1965	2017	2071	1996
304998	62	126	14	78	142	30	94	158	46	110	174	2009	2024	2139	2015	1999	1981	2010	2074	1991	2018	2038	2016
304998	62	126	14	78	142	30	94	158	46	110	174	2060	1993	2124	2035	2022	1999	2034	2049	2009	2021	1987	2031
304998	62	126	14	78	142	30	94	158	46	110	174	2073	1979	2123	2048	2028	2004	2037	2046	2016	2020	1976	2026
304998	62	126	14	78	142	30	94	158	46	110	174	2040	2006	2140	2031	2013	1975	2025	2064	1994	2016	2014	2011
304998	62	126	14	78	142	30	94	158	46	110	174	1993	2045	2154	2005	1984	1947	1996	2086	1964	2020	2064	2003
304998	62	126	14	78	142	30	94	158	46	110	174	1967	2064	2149	1997	1971	1942	1987	2098	1955	2020	2082	2000
304998	62	126	14	78	142	30	94	158	46	110	174	1987	2047	2140	2004	1986	1959	2009	2082	1969	2017	2055	2010
304998	62	126	14	78	142	30	94	158	46	110	174	2031	2004	2129	2028	2004	1993	2018	2061	2007	2019	2005	2016
304998	62	126	14	78	142	30	94	158	46	110	174	2072	1985	2125	2046	2034	2001	2045	2049	2022	2019	1977	2034
304998	62	126	14	78	142	30	94	158	46	110	174	2059	1994	2142	2045	2018	2000	2035	2052	2005	2022	1992	2029
304998	62	126	14	78	142	30	94	158	46	110	174	2021	2032	2135	2019	1999	1966	2015	2071	1975	2016	2034	2016
304998	62	126	14	78	142	30	94	158	46	110	174	1976	2056	2148	1999	1966	1950	1996	2087	1957	2017	2069	1995
304998	62	126	14	78	142	30	94	158	46	110	174	1969	2057	2148	1997	1974	1943	1986	2090	1968	2017	2078	1992
304998	62	126	14	78	142	30	94	158	46	110	174	2004	2032	2136	2015	1997	1968	2017	2076	1988	2017	2040	2013
304998	62	126	14	78	142	30	94	158	46	110	174	2047	2000	2132	2038	2016	2002	2030	2055	2006	2019	1992	2031
304998	62	126	14	78	142	30	94	158	46	110	174	2076	1988	2112	2046	2032	2004	2044	2046	2016	2022	1973	2029
304998	62	126	14	78	142	30	94	158	46	110	174	2050	2005	2138	2032	2007	1985	2031	2056	2002	2020	2009	2012
304998	62	126	14	78	142	30	94	158	46	110	174	1995	2037	2153	2013	1987	1951	2002	2082	1974	2019	2061	2006
304998	62	126	14	78	142	30	94	158	46	110	174	1967	2065	2149	1999	1973	1940	1993	2097	1953	2018	2082	2002
304998	62	126	14	78	142	30	94	158	46	110	174	1971	2048	2138	2003	1985	1958	1986	2084	1969	2016	2060	2007
304998	62	126	14	78	142	30	94	158	46	110	174	2031	2015	2122	2022	2010	1988	2019	2063	1995	2022	2015	2015
304998	62	126	14	78	142	30	94	158	46	110	174	2063	1984	2126	2042	2023	2000	2035	2045	2021	2017	1984	2031
304998	62	126	14	78	142	30	94	158	46	110	174	2065	1992	2133	2047	2026	1994	2055	2056	2013	2020	1993	2029
304998	62	126	14	78	142	30	94	158	46	110	174	2026	2033	2133	2021	2000	1966	2021	2076	1978	2017	2029	2014
304998	62	126	14	78	142	30	94	158	46	110	174	1981	2058	2134	2006	1973	1946	1993	2091	1955	2018	2070	1998
304998	62	126	14	78	142	30	94	158	46	110	174	1970	2062	2141	1996	1973	1948	1985	2089	1959	2022	2083	1996
304998	62	126	14	78	142	30	94	158	46	110	174	1998	2033	2142	2010	1986	1973	1998	2074	1991	2017	2046	2014
304998	62	126	14	78	142	30	94	158	46	110	174	2049	2001	2128	2034	2018	1995	2028	2064	2009	2021	1995	2032
304998	62	126	14	78	142	30	94	158	46	110	174	2076	1989	2124	2047	2031	2002	2048	2049	2018	2019	1973	2024
304998	62	126	14	78	142	30	94	158	46	110	174	2059	2006	2124	2039	2019	1980	2033	2056	1993	2021	2004	2017
304998	62	126	14	78	142	30	94	158	46	110	174	2006	2036	2139	2013	1993	1955	2007	2079	1969	2016	2054	2011
304998	62	126	14	78	142	30	94	158	46	110	174	1970	2064	2150	1993	1970	1942	1986	2094	1961	2017	2081	2003
304998	62	126	14	78	142	30	94	158	46	110	174	1977	2057	2143	2004	1979	1949	1984	2090	1969	2018	2064	2004
304998	62	126	14	78	142	30	94	158	46	110	174	2024	2026	2122	2022	2008	1977	2030	2069	2001	2021	2016	2015
304998	62	126	14	78	142	30	94	158	46	110	174	2070	1982	2121	2041	2029	2005	2039	2046	2012	2019	1990	2029
304998	62	126	14	78	142	30	94	158	46	110	174	2069	1987	2129	2047	2023	2000	2049	2050	2017	2016	1987	2029
304998	62	126	14	78	142	30	94	158	46	110	174	2034	2018	2142	2026	2006	1974	2019	2074	1993	2020	2022	2012
304998	62	126	14	78	142	30	94	158	46	110	174	1985	2059	2141	2010	1971	1947	1995	2087	1961	2016	2066	1995
304998	62	126	14	78	142	30	94	158	46	110	174	1968	2065	2140	1999	1973	1941	1998	2089	1955	2022	2084	1996
304998	62	126	14	78	142	30	94	158	46	110	174	1996	2035	2137	2011	1985	1968	1996	2071	1981	2021	2050	2014
304998	62	126	14	78	142	30	94	158	46	110	174	2046	2000	2128	2032	2018	1995	2036	2061	2010	2016	1998	2027
304998	62	126	14	78	142	30	94	158	46	110	174	2073	1983	2125	2045	2032	2000	2042	2048	2015	2020	1971	2030
304998	62	126	14	78	142	30	94	158	46	110	174	2062	2005	2127	2039	2015	1983	2044	2062	2002	2018	1993	2018
304998	62	126	14	78	142	30	94	158	46	110	174	2017	2035	2132	2015	1989	1956	2015	2079	1965	2018	2049	2006
304998	62	126	14	78	142	30	94	158	46	110	174	1973	2054	2144	2001	1974	1943	1993	2089	1958	2017	2081	2003
304998	62	126	14	78	142	30	94	158	46	110	174	1976	2055	2148	2001	1967	1952	1993	2091	1969	2020	2066	2001
304998	62	126	14	78	142	30	94	158	46	110	174	2015	2024	2133	2018	1999	1979	2013	2073	1992	2016	2025	2012
304998	62	126	14	78	142	30	94	158	46	110	174	2060	1994	2120	2044	2024	1999	2038	2049	2012	2018	1993	2023
304998	62	126	14	78	142	30	94	158	46	110	174	2077	1986	2118	2046	2033	1996	2043	2046	2012	2017	1981	2034
304998	62	126	14	78	142	30	94	158	46	110	174	2042	2008	2137	2032	2012	1974	2025	2063	1994	2022	2014	2021
304998	62	126	14	78	142	30	94	158	46	110	174	1991	2049	2150	2008	1982	1951	2000	2087	1966	2016	2060	1994
304998	62	126	14	78	142	30	94	158	46	110	174	1966	2067	2151	1996	1970	1942	1989	2096	1958	2020	2084	1988
304998	62	126	14	78	142	30	94	158	46	110	174	1986	2051	2130	2008	1984	1958	2005	2082	1972	2018	2060	2011
304998	62	126	14	78	142	30	94	158	46	110	174	2042	2005	2120	2032	2018	1985	2023	2059	2003	2018	2008	2028
304998	62	126	14	78	142	30	94	158	46	110	174	2068	1979	2126	2046	2030	2001	2039	2045	2023	2022	1972	2027
304998	62	126	14	78	142	30	94	158	46	110	174	2062	1996	2132	2039	2024	1992	2044	2063	2004	2022	1993	2022
304998	62	126	14	78	142	30	94	158	46	110	174	2018	2038	2146	2018	1992	1962	2017	2076	1970	2020	2041	2006
304998	62	126	14	78	142	30	94	158	46	110	174	1976	2064	2141	2004	1974	1939	1994	2089	1955	2021	2078	1997
304998	62	126	14	78	142	30	94	158	46	110	174	1976	2058	2140	2001	1976	1944	1981	2085	1963	2018	2072	2006
304998	62	126	14	78	142	30	94	158	46	110	174	2008	2021	2136	2016	1998	1977	2008	2069	1995	2022	2028	2010
304998	62	126	14	78	142	30	94	158	46	110	174	2060	1992	2135	2043	2032	2003	2033	2056	2011	2022	1989	2021
304998	62	126	14	78	142	30	94	158	46	110	174	2074	1984	2125	2048	2025	2004	2051	2048	2014	2018	1984	2030
304998	62	126	14	78	142	30	94	158	46	110	174	2046	2015	2125	2034	2012	1973	2035	2061	1990	2016	2011	2025
304998	62	126	14	78	142	30	94	158	46	110	174	2000	2042	2136	2013	1978	1952	2007	2082	1974	2020	2054	1997
304998	62	126	14	78	142	30	94	158	46	110	174	1966	2057	2149	2000	1972	1944	1987	2096	1955	2018	2079	1987
304998	62	126	14	78	142	30	94	158	46	110	174	1982	2045	2145	2001	1990	1962	2001	2090	1969	2021	2063	2005
304998	62	126	14	78	142	30	94	158	46	110	174	2032	2011	2133	2026	2007	1993	2031	2061	1996	2017	2015	2028
304998	62	126	14	78	142	30	94	158	46	110	174	2075	1989	2112	2045	2034	2000	2050	2045	2018	2017	1974	2035
304998	62	126	14	78	142	30	94	158	46	110	174	2072	1995	2120	2043	2030	1988	2043	2056	2010	2017	1980	2022
304998	62	126	14	78	142	30	94	158	46	110	174	2016	2016	2139	2024	1996	1961	2011	2069	1986	2022	2032	2004
304998	62	126	14	78	142	30	94	158	46	110	174	1984	2057	2150	1999	1974	1947	1999	2094	1957	2018	2074	1995
304998	62	126	14	78	142	30	94	158	46	110	174	1961	2060	2156	1995	1970	1951	1985	2089	1954	2021	2078	2003
304998	62	126	14	78	142	30	94	158	46	110	174	2008	2039	2129	2012	1998	1968	2020	2074	1990	2021	2040	2016
304998	62	126	14	78	142	30	94	158	46	110	174	2060	1991	2117	2042	2020	1999	2034	2059	2011	2020	1989	2019
304998	62	126	14	78	142	30	94	158	46	110	174	2073	1976	2124	2051	2035	2002	2040	2048	2015	2022	1985	2034
304998	62	126	14	78	142	30	94	158	46	110	174	2052	2005	2135	2031	2013	1990	2038	2059	1991	2022	2007	2024
304998	62	126	14	78	142	30	94	158	46	110	174	2003	2041	2148	2010	1988	1955	2004	2074	1970	2021	2050	2003
304998	62	126	14	78	142	30	94	158	46	110	174	1974	2070	2140	1995	1973	1937	1996	2094	1962	2018	2073	1991
304998	62	126	14	78	142	30	94	158	46	110	174	1980	2047	2141	2002	1986	1955	1996	2089	1970	2021	2068	1998
304998	62	126	14	78	142	30	94	158	46	110	174	2023	2012	2133	2025	2014	1985	2013	2065	1995	2022	2019	2021
304998	62	126	14	78	142	30	94	158	46	110	174	2069	1985	2127	2044	2032	2008	2046	2046	2011	2018	1979	2036
304998	62	126	14	78	142	30	94	158	46	110	174	2072	1992	2125	2047	2024	1992	2043	2046	2012	2021	1980	2030
304998	62	126	14	78	142	30	94	158	46	110	174	2033	2024	2127	2025	2007	1967	2024	2076	1982	2022	2025	2004
304998	62	126	14	78	142	30	94	158	46	110	174	1986	2052	2139	2007	1980	1945	2003	2092	1957	2020	2073	1992
304998	62	126	14	78	142	30	94	158	46	110	174	1966	2059	2150	1999	1977	1940	1993	2087	1954	2022	2084	2003
304998	62	126	14	78	142	30	94	158	46	110	174	2001	2031	2144	2013	1998	1970	2007	2076	1984	2020	2041	2011
304998	62	126	14	78	142	30	94	158	46	110	174	2044	2003	2129	2034	2015	1998	2031	2058	2015	2020	1993	2020
304998	62	126	14	78	142	30	94	158	46	110	174	2076	1985	2117	2048	2038	1999	2044	2049	2013	2020	1974	2029
304998	62	126	14	78	142	30	94	158	46	110	174	2061	2001	2123	2041	2019	1983	2040	2059	1996	2018	2000	2021
304998	62	126	14	78	142	30	94	158	46	110	174	2010	2033	2143	2015	1996	1954	2013	2076	1968	2017	2044	2010
