304998	62	126	14	78	142	30	94	158	46	110	174	2060	2001	2130	2045	2021	1984	2042	2055	2001	2020	1997	2019
304998	62	126	14	78	142	30	94	158	46	110	174	2012	2028	2143	2017	1991	1960	2013	2078	1980	2017	2043	2013
304998	62	126	14	78	142	30	94	158	46	110	174	1973	2067	2140	1994	1974	1946	2005	2102	1954	2019	2073	2009
304998	62	126	14	78	142	30	94	158	46	110	174	1970	2056	2146	1994	1970	1956	1982	2089	1966	2017	2069	2000
304998	62	126	14	78	142	30	94	158	46	110	174	2014	2024	2130	2015	2006	1978	2011	2068	1991	2017	2028	2017
304998	62	126	14	78	142	30	94	158	46	110	174	2065	1989	2133	2043	2021	2000	2057	2045	2017	2018	1984	2025
304998	62	126	14	78	142	30	94	158	46	110	174	2068	1977	2138	2057	2029	2001	2045	2045	2016	2019	1975	2020
304998	62	126	14	78	142	30	94	158	46	110	174	2041	2013	2138	2029	2010	1971	2040	2076	1985	2018	2013	2012
304998	62	126	14	78	142	30	94	158	46	110	174	1985	2055	2145	2006	1975	1952	1998	2089	1963	2016	2064	2003
304998	62	126	14	78	142	30	94	158	46	110	174	1970	2067	2129	1988	1964	1938	1993	2098	1959	2017	2085	2010
304998	62	126	14	78	142	30	94	158	46	110	174	1991	2038	2140	2007	1990	1957	1996	2082	1981	2017	2053	2016
304998	62	126	14	78	142	30	94	158	46	110	174	2039	2001	2134	2031	2015	1986	2031	2064	1999	2017	2002	2019
304998	62	126	14	78	142	30	94	158	46	110	174	2076	1983	2134	2052	2029	2004	2058	2046	2013	2022	1968	2014
304998	62	126	14	78	142	30	94	158	46	110	174	2053	1995	2145	2046	2022	1988	2045	2052	2004	2018	1999	2011
304998	62	126	14	78	142	30	94	158	46	110	174	2020	2033	2128	2021	1993	1962	2011	2076	1983	2021	2042	2016
304998	62	126	14	78	142	30	94	158	46	110	174	1974	2057	2136	1994	1967	1941	1983	2099	1960	2021	2075	2011
304998	62	126	14	78	142	30	94	158	46	110	174	1975	2057	2141	1997	1979	1947	2003	2105	1969	2020	2070	2010
304998	62	126	14	78	142	30	94	158	46	110	174	2010	2030	2140	2017	1995	1972	2018	2072	1984	2018	2030	2008
304998	62	126	14	78	142	30	94	158	46	110	174	2063	1996	2126	2040	2026	2001	2049	2046	2016	2018	1990	2016
304998	62	126	14	78	142	30	94	158	46	110	174	2079	1979	2130	2053	2031	1997	2047	2046	2017	2020	1978	2027
304998	62	126	14	78	142	30	94	158	46	110	174	2046	2006	2135	2038	2013	1974	2035	2066	1992	2022	2010	2016
304998	62	126	14	78	142	30	94	158	46	110	174	2002	2046	2141	2008	1981	1953	2008	2087	1967	2021	2054	2008
304998	62	126	14	78	142	30	94	158	46	110	174	1966	2071	2134	1989	1971	1941	1989	2098	1963	2016	2082	2002
304998	62	126	14	78	142	30	94	158	46	110	174	1983	2050	2127	2002	1981	1968	2005	2089	1977	2022	2061	2013
304998	62	126	14	78	142	30	94	158	46	110	174	2036	2007	2128	2028	2011	1986	2022	2072	1998	2016	2013	2024
304998	62	126	14	78	142	30	94	158	46	110	174	2075	1979	2138	2048	2033	1995	2053	2045	2009	2018	1971	2015
304998	62	126	14	78	142	30	94	158	46	110	174	2064	1991	2144	2050	2020	1988	2049	2049	2005	2018	1981	2014
304998	62	126	14	78	142	30	94	158	46	110	174	2024	2031	2139	2021	2002	1966	2025	2074	1984	2021	2038	2007
304998	62	126	14	78	142	30	94	158	46	110	174	1984	2064	2128	1995	1972	1951	1993	2100	1957	2021	2073	2013
304998	62	126	14	78	142	30	94	158	46	110	174	1975	2058	2136	1994	1971	1946	1987	2102	1957	2022	2078	2013
304998	62	126	14	78	142	30	94	158	46	110	174	2008	2031	2133	2009	1999	1966	2019	2081	1983	2020	2031	2012
304998	62	126	14	78	142	30	94	158	46	110	174	2058	1997	2140	2041	2025	1990	2043	2051	2015	2022	1991	2013
304998	62	126	14	78	142	30	94	158	46	110	174	2078	1986	2125	2051	2044	2001	2062	2047	2017	2019	1981	2016
304998	62	126	14	78	142	30	94	158	46	110	174	2062	2004	2129	2036	2013	1985	2050	2063	1991	2018	2002	2022
304998	62	126	14	78	142	30	94	158	46	110	174	2005	2042	2134	2015	1978	1956	2005	2086	1969	2017	2049	2007
304998	62	126	14	78	142	30	94	158	46	110	174	1970	2068	2143	1989	1969	1944	1989	2100	1955	2017	2075	2001
304998	62	126	14	78	142	30	94	158	46	110	174	1986	2058	2142	2002	1982	1955	1986	2092	1972	2021	2064	2003
304998	62	126	14	78	142	30	94	158	46	110	174	2028	2018	2127	2022	2016	1982	2021	2067	1994	2017	2018	2024
304998	62	126	14	78	142	30	94	158	46	110	174	2074	1984	2127	2044	2033	2008	2051	2045	2010	2019	1978	2024
304998	62	126	14	78	142	30	94	158	46	110	174	2068	1983	2137	2048	2028	1994	2046	2043	2009	2020	1982	2021
304998	62	126	14	78	142	30	94	158	46	110	174	2031	2025	2136	2026	2007	1970	2043	2077	1988	2018	2021	2005
304998	62	126	14	78	142	30	94	158	46	110	174	1985	2062	2141	2001	1981	1943	2001	2099	1959	2021	2071	2002
304998	62	126	14	78	142	30	94	158	46	110	174	1974	2070	2132	1989	1975	1948	1996	2101	1954	2021	2078	2010
304998	62	126	14	78	142	30	94	158	46	110	174	2003	2032	2127	2008	1996	1966	2006	2077	1981	2021	2041	2013
304998	62	126	14	78	142	30	94	158	46	110	174	2051	1996	2130	2038	2025	1995	2034	2055	2016	2021	1993	2018
304998	62	126	14	78	142	30	94	158	46	110	174	2080	1986	2135	2053	2037	1999	2059	2050	2015	2021	1970	2008
304998	62	126	14	78	142	30	94	158	46	110	174	2060	2005	2139	2042	2023	1983	2040	2057	2000	2020	2003	2015
304998	62	126	14	78	142	30	94	158	46	110	174	2015	2046	2129	2013	1997	1955	2011	2080	1967	2020	2050	2009
304998	62	126	14	78	142	30	94	158	46	110	174	1982	2064	2132	1990	1970	1946	2000	2097	1962	2021	2074	2011
304998	62	126	14	78	142	30	94	158	46	110	174	1975	2051	2139	1997	1977	1953	1992	2089	1969	2018	2062	2007
304998	62	126	14	78	142	30	94	158	46	110	174	2025	2019	2142	2019	2003	1982	2032	2074	1988	2021	2021	2008
304998	62	126	14	78	142	30	94	158	46	110	174	2067	1991	2139	2047	2037	1997	2042	2046	2005	2016	1982	2024
304998	62	126	14	78	142	30	94	158	46	110	174	2080	1993	2127	2048	2038	1991	2050	2051	2015	2016	1976	2022
304998	62	126	14	78	142	30	94	158	46	110	174	2041	2017	2128	2029	2006	1973	2026	2066	1984	2016	2013	2012
304998	62	126	14	78	142	30	94	158	46	110	174	1993	2052	2137	2003	1983	1947	2002	2094	1962	2021	2060	2001
304998	62	126	14	78	142	30	94	158	46	110	174	1970	2063	2146	1990	1969	1942	1998	2096	1957	2016	2081	2002
304998	62	126	14	78	142	30	94	158	46	110	174	1996	2043	2139	2007	1993	1958	2009	2081	1984	2018	2051	2013
304998	62	126	14	78	142	30	94	158	46	110	174	2048	2007	2125	2029	2025	1989	2030	2056	2006	2019	1995	2015
304998	62	126	14	78	142	30	94	158	46	110	174	2081	1983	2129	2053	2038	2005	2068	2046	2010	2017	1969	2020
304998	62	126	14	78	142	30	94	158	46	110	174	2066	1999	2130	2042	2028	1983	2052	2052	1996	2020	1991	2009
304998	62	126	14	78	142	30	94	158	46	110	174	2019	2038	2143	2017	1996	1958	2021	2080	1972	2018	2041	2009
304998	62	126	14	78	142	30	94	158	46	110	174	1972	2064	2148	1993	1974	1941	1987	2099	1962	2018	2074	2006
304998	62	126	14	78	142	30	94	158	46	110	174	1976	2063	2139	1993	1985	1949	1985	2089	1967	2022	2063	2010
304998	62	126	14	78	142	30	94	158	46	110	174	2021	2022	2128	2017	2008	1978	2017	2075	1987	2016	2020	2008
304998	62	126	14	78	142	30	94	158	46	110	174	2067	1985	2129	2042	2032	1994	2041	2046	2014	2017	1983	2008
304998	62	126	14	78	142	30	94	158	46	110	174	2074	1983	2134	2057	2023	2002	2048	2043	2016	2018	1978	2019
304998	62	126	14	78	142	30	94	158	46	110	174	2043	2018	2138	2031	2015	1970	2040	2068	1989	2016	2011	2015
304998	62	126	14	78	142	30	94	158	46	110	174	1996	2057	2137	2008	1988	1948	1998	2086	1962	2019	2054	2011
304998	62	126	14	78	142	30	94	158	46	110	174	1974	2066	2136	1994	1973	1941	1987	2095	1955	2018	2073	1999
304998	62	126	14	78	142	30	94	158	46	110	174	1994	2039	2140	2000	1990	1962	1997	2086	1983	2016	2055	2001
304998	62	126	14	78	142	30	94	158	46	110	174	2041	2002	2135	2034	2021	1987	2031	2070	1997	2017	2006	2020
304998	62	126	14	78	142	30	94	158	46	110	174	2075	1985	2135	2050	2035	1997	2057	2052	2008	2022	1973	2022
304998	62	126	14	78	142	30	94	158	46	110	174	2061	1997	2130	2044	2036	1983	2044	2045	2001	2022	1982	2019
304998	62	126	14	78	142	30	94	158	46	110	174	2030	2033	2128	2020	2006	1962	2035	2077	1987	2017	2032	2000
304998	62	126	14	78	142	30	94	158	46	110	174	1978	2061	2143	1995	1978	1945	1996	2100	1960	2021	2074	2007
304998	62	126	14	78	142	30	94	158	46	110	174	1976	2059	2139	1988	1977	1948	2003	2098	1962	2018	2073	2016
304998	62	126	14	78	142	30	94	158	46	110	174	2008	2030	2138	2014	1998	1966	2006	2071	1982	2017	2025	2013
304998	62	126	14	78	142	30	94	158	46	110	174	2059	1994	2132	2042	2034	1991	2035	2050	2017	2017	1979	2017
304998	62	126	14	78	142	30	94	158	46	110	174	2080	1987	2126	2051	2039	2003	2050	2043	2012	2018	1976	2016
304998	62	126	14	78	142	30	94	158	46	110	174	2055	2006	2126	2034	2018	1977	2035	2063	1991	2022	2010	2016
304998	62	126	14	78	142	30	94	158	46	110	174	2002	2042	2143	2007	1990	1948	2005	2085	1968	2018	2057	2015
304998	62	126	14	78	142	30	94	158	46	110	174	1971	2067	2145	1991	1973	1938	1998	2102	1965	2022	2076	2002
304998	62	126	14	78	142	30	94	158	46	110	174	1983	2055	2143	1997	1985	1958	1998	2091	1976	2019	2055	2006
304998	62	126	14	78	142	30	94	158	46	110	174	2037	2013	2130	2026	2020	1985	2029	2065	1996	2020	2015	2009
304998	62	126	14	78	142	30	94	158	46	110	174	2076	1982	2128	2050	2042	2004	2050	2046	2009	2020	1980	2023
304998	62	126	14	78	142	30	94	158	46	110	174	2070	1987	2133	2043	2033	1990	2044	2044	2005	2017	1979	2023
304998	62	126	14	78	142	30	94	158	46	110	174	2029	2025	2137	2025	2005	1962	2020	2076	1982	2020	2022	2007
304998	62	126	14	78	142	30	94	158	46	110	174	1981	2060	2150	1995	1980	1937	1992	2096	1961	2020	2073	1997
304998	62	126	14	78	142	30	94	158	46	110	174	1971	2071	2138	1992	1976	1946	1986	2098	1959	2020	2078	2008
304998	62	126	14	78	142	30	94	158	46	110	174	2005	2033	2126	2011	1994	1969	2018	2077	1984	2020	2040	2014
304998	62	126	14	78	142	30	94	158	46	110	174	2054	1991	2136	2037	2031	1990	2034	2051	2010	2020	1991	2019
304998	62	126	14	78	142	30	94	158	46	110	174	2081	1980	2135	2048	2043	1994	2048	2051	2009	2016	1968	2010
304998	62	126	14	78	142	30	94	158	46	110	174	2046	1998	2148	2037	2021	1975	2036	2059	1994	2017	2001	2011
304998	62	126	14	78	142	30	94	158	46	110	174	2005	2048	2131	2011	1994	1952	2015	2081	1972	2017	2054	2014
304998	62	126	14	78	142	30	94	158	46	110	174	1973	2069	2136	1992	1970	1940	1986	2099	1968	2017	2076	2013
304998	62	126	14	78	142	30	94	158	46	110	174	1975	2043	2138	1995	1986	1956	1991	2089	1971	2019	2059	2010
304998	62	126	14	78	142	30	94	158	46	110	174	2026	2007	2145	2022	2007	1983	2017	2066	1996	2019	2018	2003
304998	62	126	14	78	142	30	94	158	46	110	174	2063	1985	2146	2048	2037	1997	2042	2045	2013	2016	1984	2015
304998	62	126	14	78	142	30	94	158	46	110	174	2072	1994	2129	2048	2038	1988	2050	2046	2012	2021	1985	2023
304998	62	126	14	78	142	30	94	158	46	110	174	2035	2018	2126	2023	2008	1966	2018	2077	1987	2021	2019	2013
304998	62	126	14	78	142	30	94	158	46	110	174	1989	2051	2142	1996	1981	1948	1998	2096	1962	2020	2060	2009
304998	62	126	14	78	142	30	94	158	46	110	174	1963	2062	2148	1990	1963	1951	1982	2099	1957	2020	2078	2004
304998	62	126	14	78	142	30	94	158	46	110	174	1997	2041	2145	2010	1988	1968	2009	2079	1984	2021	2047	2016
304998	62	126	14	78	142	30	94	158	46	110	174	2038	2000	2143	2032	2026	1991	2032	2053	2011	2020	1995	2022
304998	62	126	14	78	142	30	94	158	46	110	174	2080	1983	2125	2050	2039	1997	2047	2043	2013	2018	1972	2019
304998	62	126	14	78	142	30	94	158	46	110	174	2062	1996	2140	2042	2025	1982	2042	2059	1994	2017	1997	2014
304998	62	126	14	78	142	30	94	158	46	110	174	2005	2039	2144	2011	1990	1959	2015	2078	1975	2016	2051	2008
304998	62	126	14	78	142	30	94	158	46	110	174	1969	2064	2143	1993	1965	1949	1986	2100	1964	2017	2078	2010
304998	62	126	14	78	142	30	94	158	46	110	174	1971	2059	2142	1994	1978	1952	1987	2097	1968	2017	2068	2019
304998	62	126	14	78	142	30	94	158	46	110	174	2018	2020	2128	2016	2009	1977	2012	2073	1992	2018	2018	2013
304998	62	126	14	78	142	30	94	158	46	110	174	2063	1983	2141	2043	2038	1997	2044	2045	2009	2021	1979	2009
304998	62	126	14	78	142	30	94	158	46	110	174	2077	1984	2136	2049	2039	1998	2048	2048	2007	2017	1983	2020
304998	62	126	14	78	142	30	94	158	46	110	174	2033	2018	2145	2029	2001	1975	2028	2066	1994	2017	2021	2018
304998	62	126	14	78	142	30	94	158	46	110	174	1985	2054	2132	1996	1979	1945	2002	2096	1964	2017	2058	2014
304998	62	126	14	78	142	30	94	158	46	110	174	1972	2065	2140	1987	1973	1942	1980	2101	1959	2018	2075	2009
304998	62	126	14	78	142	30	94	158	46	110	174	1990	2036	2135	2004	1994	1962	1996	2083	1981	2018	2055	2009
304998	62	126	14	78	142	30	94	158	46	110	174	2043	2004	2143	2031	2020	1995	2028	2058	2010	2022	2007	2019
304998	62	126	14	78	142	30	94	158	46	110	174	2070	1985	2146	2048	2038	2003	2047	2046	2012	2021	1978	2020
304998	62	126	14	78	142	30	94	158	46	110	174	2056	2005	2132	2043	2024	1990	2039	2053	2001	2020	1992	2009
304998	62	126	14	78	142	30	94	158	46	110	174	2015	2033	2139	2015	1995	1961	2013	2079	1975	2018	2043	2010
304998	62	126	14	78	142	30	94	158	46	110	174	1975	2064	2134	1993	1972	1944	1983	2092	1968	2020	2082	2013
304998	62	126	14	78	142	30	94	158	46	110	174	1974	2057	2141	1991	1973	1954	1985	2094	1973	2019	2073	2014
304998	62	126	14	78	142	30	94	158	46	110	174	2006	2023	2143	2014	2005	1979	2009	2072	1991	2018	2031	2013
304998	62	126	14	78	142	30	94	158	46	110	174	2049	1992	2139	2045	2028	1995	2036	2049	2009	2018	1985	2010
304998	62	126	14	78	142	30	94	158	46	110	174	2066	1983	2139	2053	2029	1997	2045	2043	2007	2021	1981	2010
304998	62	126	14	78	142	30	94	158	46	110	174	2040	2008	2139	2035	2014	1970	2028	2060	1999	2021	2015	2019
304998	62	126	14	78	142	30	94	158	46	110	174	1991	2049	2141	2002	1982	1955	1996	2095	1971	2017	2061	2015
304998	62	126	14	78	142	30	94	158	46	110	174	1965	2072	2132	1993	1970	1948	1993	2105	1959	2020	2076	2008
304998	62	126	14	78	142	30	94	158	46	110	174	1989	2051	2131	1997	1983	1971	1993	2087	1973	2020	2058	2006
304998	62	126	14	78	142	30	94	158	46	110	174	2033	2007	2133	2027	2010	1988	2024	2056	2005	2016	2012	2013
304998	62	126	14	78	142	30	94	158	46	110	174	2071	1979	2142	2049	2036	1995	2052	2042	2020	2017	1985	2017
304998	62	126	14	78	142	30	94	158	46	110	174	2061	1995	2145	2045	2029	1991	2036	2049	2007	2021	1986	2015
304998	62	126	14	78	142	30	94	158	46	110	174	2020	2037	2134	2021	2002	1968	2014	2075	1981	2017	2038	2007
304998	62	126	14	78	142	30	94	158	46	110	174	1977	2060	2129	1995	1970	1951	1984	2099	1962	2017	2080	2005
304998	62	126	14	78	142	30	94	158	46	110	174	1973	2061	2129	1989	1965	1958	1984	2098	1972	2017	2082	2018
304998	62	126	14	78	142	30	94	158	46	110	174	2004	2031	2137	2013	1997	1970	2011	2077	1988	2016	2037	2022
304998	62	126	14	78	142	30	94	158	46	110	174	2051	1998	2144	2041	2025	1989	2041	2052	2008	2020	1988	2010
304998	62	126	14	78	142	30	94	158	46	110	174	2072	1991	2134	2051	2040	1994	2055	2048	2007	2018	1978	2006
304998	62	126	14	78	142	30	94	158	46	110	174	2051	2007	2124	2037	2014	1977	2047	2061	1993	2017	2013	2021
304998	62	126	14	78	142	30	94	158	46	110	174	1989	2039	2143	2005	1982	1962	1995	2086	1977	2018	2057	2019
304998	62	126	14	78	142	30	94	158	46	110	174	1969	2064	2140	1986	1962	1950	1987	2104	1967	2017	2078	2015
304998	62	126	14	78	142	30	94	158	46	110	174	1981	2049	2145	1997	1978	1956	1987	2088	1971	2019	2056	2010
304998	62	126	14	78	142	30	94	158	46	110	174	2029	2017	2129	2019	2010	1982	2018	2064	1996	2019	2020	2011
304998	62	126	14	78	142	30	94	158	46	110	174	2068	1984	2130	2051	2031	2002	2047	2042	2022	2017	1983	2016
304998	62	126	14	78	142	30	94	158	46	110	174	2064	1986	2147	2047	2031	1993	2043	2049	2011	2019	1986	2017
304998	62	126	14	78	142	30	94	158	46	110	174	2021	2027	2139	2020	1995	1971	2021	2071	1983	2020	2024	2008
304998	62	126	14	78	142	30	94	158	46	110	174	1978	2063	2129	1993	1968	1948	1988	2096	1957	2017	2078	2008
304998	62	126	14	78	142	30	94	158	46	110	174	1971	2068	2122	1988	1963	1949	1981	2099	1961	2017	2085	2015
304998	62	126	14	78	142	30	94	158	46	110	174	1998	2034	2132	2009	1989	1968	2003	2079	1993	2017	2047	2022
304998	62	126	14	78	142	30	94	158	46	110	174	2049	1997	2142	2039	2031	1998	2037	2060	2005	2017	1992	2014
304998	62	126	14	78	142	30	94	158	46	110	174	2072	1985	2150	2054	2034	2001	2049	2041	2011	2021	1979	2004
304998	62	126	14	78	142	30	94	158	46	110	174	2054	2009	2136	2042	2019	1986	2042	2059	1994	2016	2009	2015
304998	62	126	14	78	142	30	94	158	46	110	174	2011	2043	2119	2011	1989	1952	2014	2083	1972	2018	2059	2016
304998	62	126	14	78	142	30	94	158	46	110	174	1962	2053	2134	1987	1966	1947	1970	2102	1966	2019	2079	2016
304998	62	126	14	78	142	30	94	158	46	110	174	1979	2054	2139	1996	1974	1962	2006	2097	1970	2020	2062	2011
304998	62	126	14	78	142	30	94	158	46	110	174	2018	2014	2153	2019	2003	1983	2013	2068	1995	2022	2025	2008
304998	62	126	14	78	142	30	94	158	46	110	174	2064	1993	2133	2042	2036	1994	2048	2042	2012	2018	1983	2015
304998	62	126	14	78	142	30	94	158	46	110	174	2072	1988	2131	2050	2030	1997	2043	2041	2015	2017	1988	2018
304998	62	126	14	78	142	30	94	158	46	110	174	2023	2013	2132	2031	2002	1968	2017	2074	1983	2020	2022	2010
304998	62	126	14	78	142	30	94	158	46	110	174	1983	2059	2133	2000	1972	1954	1997	2094	1968	2022	2070	2007
