304998	62	126	14	78	142	30	94	158	46	110	174	1966	2048	2130	1995	1957	1946	1981	2087	1959	2017	2092	2013
304998	62	126	14	78	142	30	94	158	46	110	174	1998	2031	2140	2015	1986	1967	2000	2070	1980	2018	2048	2015
304998	62	126	14	78	142	30	94	158	46	110	174	2051	1999	2142	2040	2030	1985	2036	2050	2012	2017	1981	2015
304998	62	126	14	78	142	30	94	158	46	110	174	2082	1987	2133	2054	2046	1998	2050	2041	2014	2023	1964	2012
304998	62	126	14	78	142	30	94	158	46	110	174	2063	2001	2134	2044	2025	1982	2042	2057	1996	2017	2001	2019
304998	62	126	14	78	142	30	94	158	46	110	174	2004	2027	2136	2017	1984	1959	2001	2074	1971	2022	2054	2020
304998	62	126	14	78	142	30	94	158	46	110	174	1963	2053	2134	2003	1956	1944	1973	2085	1958	2023	2089	2009
304998	62	126	14	78	142	30	94	158	46	110	174	1972	2050	2129	2005	1969	1950	1984	2082	1974	2019	2069	2005
304998	62	126	14	78	142	30	94	158	46	110	174	2021	2018	2128	2025	2013	1980	2007	2063	1998	2021	2024	2011
304998	62	126	14	78	142	30	94	158	46	110	174	2079	1988	2133	2050	2042	1995	2049	2044	2014	2021	1976	2025
304998	62	126	14	78	142	30	94	158	46	110	174	2083	1985	2144	2051	2042	1994	2052	2041	2004	2018	1970	2024
304998	62	126	14	78	142	30	94	158	46	110	174	2038	2015	2140	2037	2003	1969	2017	2060	1993	2023	2017	2004
304998	62	126	14	78	142	30	94	158	46	110	174	1977	2046	2137	2006	1969	1946	1983	2084	1967	2017	2079	2009
304998	62	126	14	78	142	30	94	158	46	110	174	1960	2060	2119	1999	1959	1952	1972	2090	1957	2016	2093	2015
304998	62	126	14	78	142	30	94	158	46	110	174	1994	2035	2126	2013	1984	1965	1997	2073	1975	2022	2047	2017
304998	62	126	14	78	142	30	94	158	46	110	174	2052	1998	2137	2039	2027	1991	2033	2051	2003	2018	1993	2015
304998	62	126	14	78	142	30	94	158	46	110	174	2086	1981	2147	2053	2045	1992	2066	2038	2018	2017	1963	2009
304998	62	126	14	78	142	30	94	158	46	110	174	2062	1995	2144	2047	2031	1979	2038	2049	2003	2018	1996	2017
304998	62	126	14	78	142	30	94	158	46	110	174	2013	2038	2127	2019	1989	1958	2007	2073	1978	2016	2044	2018
304998	62	126	14	78	142	30	94	158	46	110	174	1970	2055	2119	1997	1960	1950	1976	2087	1951	2022	2086	2007
304998	62	126	14	78	142	30	94	158	46	110	174	1971	2046	2125	1997	1964	1953	1980	2078	1969	2018	2076	2003
304998	62	126	14	78	142	30	94	158	46	110	174	2018	2015	2143	2020	2004	1971	2008	2057	1996	2020	2029	2014
304998	62	126	14	78	142	30	94	158	46	110	174	2066	1991	2150	2044	2042	1991	2044	2049	2015	2020	1980	2025
304998	62	126	14	78	142	30	94	158	46	110	174	2084	1994	2143	2054	2044	1993	2050	2042	2007	2021	1968	2017
304998	62	126	14	78	142	30	94	158	46	110	174	2048	2019	2128	2036	2014	1976	2039	2055	1984	2017	2006	2007
304998	62	126	14	78	142	30	94	158	46	110	174	1990	2042	2126	2008	1970	1952	1991	2079	1963	2021	2074	2005
304998	62	126	14	78	142	30	94	158	46	110	174	1960	2052	2125	1993	1960	1942	1978	2089	1966	2021	2097	2016
304998	62	126	14	78	142	30	94	158	46	110	174	1985	2034	2134	2009	1984	1959	1993	2078	1982	2018	2058	2015
304998	62	126	14	78	142	30	94	158	46	110	174	2039	2008	2141	2036	2022	1984	2032	2056	1998	2017	1995	2013
304998	62	126	14	78	142	30	94	158	46	110	174	2085	1990	2140	2051	2047	1994	2048	2045	2016	2022	1970	2011
304998	62	126	14	78	142	30	94	158	46	110	174	2077	1996	2132	2050	2024	1988	2045	2046	2006	2018	1991	2014
304998	62	126	14	78	142	30	94	158	46	110	174	2021	2022	2128	2026	1993	1960	2006	2066	1983	2018	2042	2015
304998	62	126	14	78	142	30	94	158	46	110	174	1970	2049	2128	2001	1956	1949	1982	2092	1958	2020	2082	2008
304998	62	126	14	78	142	30	94	158	46	110	174	1966	2054	2132	2001	1969	1947	1973	2084	1962	2016	2080	2007
304998	62	126	14	78	142	30	94	158	46	110	174	2008	2024	2133	2016	2000	1969	2003	2068	1987	2016	2040	2008
304998	62	126	14	78	142	30	94	158	46	110	174	2067	1990	2134	2047	2032	1993	2042	2043	2012	2017	1979	2019
304998	62	126	14	78	142	30	94	158	46	110	174	2088	1981	2134	2057	2043	1993	2050	2040	2017	2021	1967	2022
304998	62	126	14	78	142	30	94	158	46	110	174	2054	2003	2139	2043	2016	1972	2035	2060	1993	2020	2002	2013
304998	62	126	14	78	142	30	94	158	46	110	174	1992	2042	2139	2013	1979	1948	1993	2082	1967	2018	2070	2002
304998	62	126	14	78	142	30	94	158	46	110	174	1957	2058	2135	1996	1960	1943	1977	2089	1951	2017	2100	2011
304998	62	126	14	78	142	30	94	158	46	110	174	1980	2046	2128	2004	1982	1963	1987	2075	1974	2019	2068	2017
304998	62	126	14	78	142	30	94	158	46	110	174	2039	2005	2130	2029	2018	1979	2020	2061	2006	2021	2005	2014
304998	62	126	14	78	142	30	94	158	46	110	174	2085	1983	2142	2053	2048	1996	2051	2044	2017	2017	1962	2013
304998	62	126	14	78	142	30	94	158	46	110	174	2075	1989	2144	2049	2037	1990	2045	2045	2006	2020	1986	2017
304998	62	126	14	78	142	30	94	158	46	110	174	2022	2025	2140	2028	1999	1964	2021	2068	1977	2016	2033	2016
304998	62	126	14	78	142	30	94	158	46	110	174	1970	2058	2127	2003	1962	1951	1980	2080	1966	2019	2083	2010
304998	62	126	14	78	142	30	94	158	46	110	174	1962	2059	2123	1997	1958	1950	1978	2088	1963	2020	2082	2003
304998	62	126	14	78	142	30	94	158	46	110	174	2003	2025	2129	2017	1998	1967	2003	2074	1988	2022	2044	2007
304998	62	126	14	78	142	30	94	158	46	110	174	2056	1989	2140	2041	2037	1988	2038	2049	2009	2017	1990	2016
304998	62	126	14	78	142	30	94	158	46	110	174	2089	1981	2147	2054	2048	1998	2062	2042	2009	2019	1966	2019
304998	62	126	14	78	142	30	94	158	46	110	174	2061	2006	2149	2041	2026	1981	2036	2051	1997	2021	2000	2018
304998	62	126	14	78	142	30	94	158	46	110	174	1996	2046	2128	2013	1986	1953	2000	2079	1977	2016	2056	2001
304998	62	126	14	78	142	30	94	158	46	110	174	1966	2065	2121	1997	1958	1939	1980	2098	1957	2022	2094	2009
304998	62	126	14	78	142	30	94	158	46	110	174	1972	2040	2129	2006	1975	1955	1984	2085	1969	2021	2075	2017
304998	62	126	14	78	142	30	94	158	46	110	174	2028	2008	2138	2026	2013	1985	2020	2059	1991	2021	2009	2015
304998	62	126	14	78	142	30	94	158	46	110	174	2077	1984	2152	2048	2050	1999	2047	2038	2016	2019	1964	2010
304998	62	126	14	78	142	30	94	158	46	110	174	2075	1991	2153	2050	2039	1994	2050	2045	2015	2020	1978	2013
304998	62	126	14	78	142	30	94	158	46	110	174	2040	2023	2126	2032	1994	1966	2024	2075	1985	2018	2031	2016
304998	62	126	14	78	142	30	94	158	46	110	174	1983	2049	2126	2002	1963	1946	1988	2085	1957	2016	2078	2016
304998	62	126	14	78	142	30	94	158	46	110	174	1960	2055	2123	1995	1962	1944	1975	2092	1953	2017	2087	2011
304998	62	126	14	78	142	30	94	158	46	110	174	1997	2028	2139	2018	1983	1970	1997	2073	1985	2021	2050	2006
304998	62	126	14	78	142	30	94	158	46	110	174	2048	1993	2153	2042	2029	1996	2029	2048	2013	2018	1994	2016
304998	62	126	14	78	142	30	94	158	46	110	174	2089	1986	2142	2053	2044	1998	2054	2046	2016	2020	1967	2024
304998	62	126	14	78	142	30	94	158	46	110	174	2063	2003	2140	2047	2021	1983	2042	2051	1997	2017	1993	2014
304998	62	126	14	78	142	30	94	158	46	110	174	2013	2035	2123	2016	1989	1953	2006	2074	1972	2017	2047	2010
304998	62	126	14	78	142	30	94	158	46	110	174	1965	2052	2127	2001	1957	1948	1970	2085	1958	2019	2094	2007
304998	62	126	14	78	142	30	94	158	46	110	174	1967	2044	2134	2003	1965	1956	1987	2086	1973	2021	2081	2013
304998	62	126	14	78	142	30	94	158	46	110	174	2018	2017	2145	2022	2010	1980	2010	2062	1994	2018	2019	2021
304998	62	126	14	78	142	30	94	158	46	110	174	2073	1995	2137	2053	2036	1994	2050	2041	2010	2021	1967	2018
304998	62	126	14	78	142	30	94	158	46	110	174	2083	1985	2142	2055	2042	1991	2052	2045	2010	2022	1972	2009
304998	62	126	14	78	142	30	94	158	46	110	174	2040	2011	2128	2034	2008	1970	2028	2060	1988	2020	2020	2015
304998	62	126	14	78	142	30	94	158	46	110	174	1981	2045	2129	2010	1968	1950	1998	2090	1970	2020	2075	2020
304998	62	126	14	78	142	30	94	158	46	110	174	1954	2054	2131	1998	1957	1950	1975	2088	1955	2022	2093	2013
304998	62	126	14	78	142	30	94	158	46	110	174	1990	2039	2130	2011	1984	1960	2001	2075	1974	2017	2050	2007
304998	62	126	14	78	142	30	94	158	46	110	174	2042	1999	2141	2036	2021	1989	2028	2048	2004	2019	2001	2010
304998	62	126	14	78	142	30	94	158	46	110	174	2085	1983	2140	2054	2050	1998	2052	2035	2022	2020	1970	2019
304998	62	126	14	78	142	30	94	158	46	110	174	2065	1992	2141	2050	2032	1986	2038	2050	2008	2016	1990	2019
304998	62	126	14	78	142	30	94	158	46	110	174	2014	2027	2139	2020	1983	1968	2014	2074	1975	2022	2045	2015
304998	62	126	14	78	142	30	94	158	46	110	174	1960	2057	2138	2001	1962	1942	1978	2089	1952	2017	2091	2004
304998	62	126	14	78	142	30	94	158	46	110	174	1966	2055	2126	1997	1965	1950	1985	2088	1958	2016	2084	2008
304998	62	126	14	78	142	30	94	158	46	110	174	2019	2018	2129	2023	1993	1976	2019	2063	1996	2022	2027	2019
304998	62	126	14	78	142	30	94	158	46	110	174	2063	1987	2134	2049	2040	1992	2038	2049	2020	2020	1972	2018
304998	62	126	14	78	142	30	94	158	46	110	174	2087	1984	2146	2055	2037	2001	2074	2045	2009	2018	1963	2009
304998	62	126	14	78	142	30	94	158	46	110	174	2042	2007	2151	2034	2010	1974	2028	2062	1984	2021	2017	2006
304998	62	126	14	78	142	30	94	158	46	110	174	1988	2050	2130	2010	1972	1950	2010	2081	1957	2021	2074	2017
304998	62	126	14	78	142	30	94	158	46	110	174	1954	2060	2126	2001	1951	1950	1971	2084	1964	2020	2089	2014
304998	62	126	14	78	142	30	94	158	46	110	174	1978	2030	2127	2010	1977	1958	1984	2081	1977	2018	2059	2013
304998	62	126	14	78	142	30	94	158	46	110	174	2042	2001	2143	2037	2019	1989	2023	2056	2000	2021	2001	2007
304998	62	126	14	78	142	30	94	158	46	110	174	2076	1979	2152	2057	2037	2009	2052	2038	2014	2016	1972	2020
304998	62	126	14	78	142	30	94	158	46	110	174	2074	1997	2143	2048	2037	1983	2061	2045	2006	2016	1981	2020
304998	62	126	14	78	142	30	94	158	46	110	174	2015	2026	2129	2023	1996	1966	2008	2068	1982	2022	2035	2015
304998	62	126	14	78	142	30	94	158	46	110	174	1970	2052	2121	2004	1962	1946	1982	2091	1962	2017	2085	2002
304998	62	126	14	78	142	30	94	158	46	110	174	1963	2051	2130	1998	1967	1955	1976	2088	1963	2017	2087	2006
304998	62	126	14	78	142	30	94	158	46	110	174	2004	2017	2148	2021	1984	1979	2005	2065	1986	2019	2040	2020
304998	62	126	14	78	142	30	94	158	46	110	174	2059	1993	2149	2045	2034	1996	2041	2045	2010	2020	1985	2020
304998	62	126	14	78	142	30	94	158	46	110	174	2085	1986	2145	2058	2048	1995	2060	2037	2019	2020	1960	2013
304998	62	126	14	78	142	30	94	158	46	110	174	2054	2005	2133	2042	2014	1981	2036	2060	1994	2018	2008	2008
304998	62	126	14	78	142	30	94	158	46	110	174	1999	2038	2130	2009	1984	1951	2009	2084	1967	2021	2072	2010
304998	62	126	14	78	142	30	94	158	46	110	174	1955	2048	2134	1995	1954	1948	1973	2088	1956	2021	2093	2012
304998	62	126	14	78	142	30	94	158	46	110	174	1971	2042	2132	2006	1971	1958	1993	2081	1968	2020	2065	2018
304998	62	126	14	78	142	30	94	158	46	110	174	2036	2010	2145	2033	2013	1980	2029	2055	2008	2022	2005	2010
304998	62	126	14	78	142	30	94	158	46	110	174	2077	1985	2131	2059	2031	2008	2053	2046	2014	2019	1970	2011
304998	62	126	14	78	142	30	94	158	46	110	174	2077	1987	2134	2052	2035	1994	2057	2047	2007	2016	1979	2020
304998	62	126	14	78	142	30	94	158	46	110	174	2017	2013	2139	2027	1992	1970	2015	2068	1980	2021	2030	2018
304998	62	126	14	78	142	30	94	158	46	110	174	1973	2050	2131	2009	1948	1948	1994	2085	1965	2020	2077	2009
304998	62	126	14	78	142	30	94	158	46	110	174	1955	2051	2146	1997	1962	1945	1974	2085	1971	2018	2089	2000
304998	62	126	14	78	142	30	94	158	46	110	174	1998	2034	2127	2018	1987	1971	2009	2078	1985	2016	2045	2014
304998	62	126	14	78	142	30	94	158	46	110	174	2054	1991	2136	2046	2027	1998	2044	2048	2006	2017	1989	2023
304998	62	126	14	78	142	30	94	158	46	110	174	2067	1973	2144	2054	2047	2002	2051	2037	2011	2017	1964	2015
304998	62	126	14	78	142	30	94	158	46	110	174	2058	2003	2142	2045	2015	1985	2053	2052	1998	2018	1995	2007
304998	62	126	14	78	142	30	94	158	46	110	174	1994	2034	2150	2016	1980	1951	1997	2080	1976	2016	2060	2015
304998	62	126	14	78	142	30	94	158	46	110	174	1962	2063	2123	1996	1961	1946	2005	2099	1959	2020	2093	2015
304998	62	126	14	78	142	30	94	158	46	110	174	1970	2039	2127	2011	1962	1967	1980	2082	1967	2020	2073	2012
304998	62	126	14	78	142	30	94	158	46	110	174	2013	2006	2135	2029	2012	1983	2023	2054	1996	2017	2008	2009
304998	62	126	14	78	142	30	94	158	46	110	174	2072	1982	2150	2053	2034	2001	2049	2041	2023	2020	1973	2015
304998	62	126	14	78	142	30	94	158	46	110	174	2076	1984	2149	2055	2042	1986	2055	2048	2010	2020	1976	2020
304998	62	126	14	78	142	30	94	158	46	110	174	2034	2022	2133	2030	2004	1969	2033	2068	1981	2016	2023	2015
304998	62	126	14	78	142	30	94	158	46	110	174	1978	2042	2125	2011	1949	1950	1983	2086	1958	2021	2073	2008
304998	62	126	14	78	142	30	94	158	46	110	174	1958	2051	2131	1998	1957	1947	1979	2082	1959	2018	2093	2008
304998	62	126	14	78	142	30	94	158	46	110	174	1996	2031	2138	2018	1978	1972	2000	2078	1986	2019	2057	2013
304998	62	126	14	78	142	30	94	158	46	110	174	2047	2000	2146	2042	2026	1990	2039	2058	2008	2020	1994	2020
304998	62	126	14	78	142	30	94	158	46	110	174	2084	1987	2139	2053	2046	1998	2057	2040	2013	2018	1962	2022
304998	62	126	14	78	142	30	94	158	46	110	174	2067	1998	2133	2045	2020	1988	2049	2056	1994	2018	1988	2013
304998	62	126	14	78	142	30	94	158	46	110	174	2006	2030	2134	2020	1986	1953	2012	2074	1977	2020	2055	2008
304998	62	126	14	78	142	30	94	158	46	110	174	1965	2055	2136	2002	1954	1944	1987	2101	1959	2019	2089	2015
304998	62	126	14	78	142	30	94	158	46	110	174	1964	2049	2136	2008	1959	1960	1983	2088	1967	2021	2079	2018
304998	62	126	14	78	142	30	94	158	46	110	174	2017	2020	2129	2022	2008	1982	2014	2063	1983	2017	2019	2014
304998	62	126	14	78	142	30	94	158	46	110	174	2075	1983	2141	2048	2036	2004	2049	2039	2012	2021	1978	2011
304998	62	126	14	78	142	30	94	158	46	110	174	2077	1977	2148	2054	2041	1992	2047	2037	2016	2021	1973	2017
304998	62	126	14	78	142	30	94	158	46	110	174	2038	2010	2139	2038	2010	1970	2035	2067	1987	2021	2014	2019
304998	62	126	14	78	142	30	94	158	46	110	174	1980	2046	2140	2013	1964	1954	1987	2086	1962	2017	2072	2011
304998	62	126	14	78	142	30	94	158	46	110	174	1952	2058	2123	1997	1962	1944	1972	2088	1954	2017	2093	2000
304998	62	126	14	78	142	30	94	158	46	110	174	1991	2030	2129	2008	1974	1968	1998	2074	1984	2020	2059	2013
304998	62	126	14	78	142	30	94	158	46	110	174	2044	1997	2143	2032	2024	1985	2030	2058	2007	2020	1995	2020
304998	62	126	14	78	142	30	94	158	46	110	174	2080	1983	2148	2055	2046	1992	2074	2050	2011	2020	1963	2018
304998	62	126	14	78	142	30	94	158	46	110	174	2068	1996	2145	2057	2023	1985	2046	2051	2002	2017	1981	2011
304998	62	126	14	78	142	30	94	158	46	110	174	2015	2031	2127	2020	1990	1965	2014	2069	1976	2020	2048	2008
304998	62	126	14	78	142	30	94	158	46	110	174	1970	2053	2126	2000	1950	1957	1982	2085	1969	2016	2087	2013
304998	62	126	14	78	142	30	94	158	46	110	174	1965	2045	2138	2007	1953	1954	1975	2089	1968	2017	2081	2013
304998	62	126	14	78	142	30	94	158	46	110	174	2008	2017	2149	2029	1989	1979	2009	2067	1991	2021	2026	2008
304998	62	126	14	78	142	30	94	158	46	110	174	2068	1991	2152	2052	2041	1994	2043	2046	2005	2017	1981	2011
304998	62	126	14	78	142	30	94	158	46	110	174	2079	1988	2136	2054	2047	1995	2051	2041	2016	2017	1967	2019
304998	62	126	14	78	142	30	94	158	46	110	174	2045	2007	2132	2036	2011	1979	2031	2056	1997	2018	2011	2018
304998	62	126	14	78	142	30	94	158	46	110	174	1996	2039	2126	2009	1979	1948	2007	2093	1957	2017	2060	2012
304998	62	126	14	78	142	30	94	158	46	110	174	1961	2057	2128	1995	1962	1943	2000	2098	1955	2022	2094	2005
304998	62	126	14	78	142	30	94	158	46	110	174	1979	2044	2142	2005	1984	1961	1986	2078	1973	2018	2065	2012
304998	62	126	14	78	142	30	94	158	46	110	174	2038	2013	2128	2033	2019	1987	2024	2058	2004	2018	2007	2018
304998	62	126	14	78	142	30	94	158	46	110	174	2078	1978	2138	2058	2037	2002	2046	2045	2020	2017	1962	2017
304998	62	126	14	78	142	30	94	158	46	110	174	2076	1989	2138	2048	2036	1982	2060	2050	2003	2017	1979	2010
304998	62	126	14	78	142	30	94	158	46	110	174	2022	2025	2143	2028	1999	1965	2015	2065	1974	2016	2044	2008
304998	62	126	14	78	142	30	94	158	46	110	174	1968	2057	2131	2003	1965	1946	1986	2089	1962	2016	2086	2015
304998	62	126	14	78	142	30	94	158	46	110	174	1966	2059	2123	1994	1964	1952	1982	2089	1968	2016	2080	2018
304998	62	126	14	78	142	30	94	158	46	110	174	2008	2024	2125	2017	1993	1974	2005	2075	1982	2018	2031	2010
304998	62	126	14	78	142	30	94	158	46	110	174	2065	1991	2142	2047	2031	1991	2049	2048	2009	2019	1983	2011
304998	62	126	14	78	142	30	94	158	46	110	174	2085	1984	2145	2060	2047	1995	2063	2039	2005	2021	1970	2018
304998	62	126	14	78	142	30	94	158	46	110	174	2051	2005	2142	2040	2018	1983	2034	2054	2001	2020	2004	2018
304998	62	126	14	78	142	30	94	158	46	110	174	1999	2042	2127	2014	1985	1955	2009	2085	1968	2019	2057	2012
304998	62	126	14	78	142	30	94	158	46	110	174	1961	2057	2121	1992	1955	1948	1984	2092	1954	2022	2092	2003
304998	62	126	14	78	142	30	94	158	46	110	174	1975	2041	2128	2005	1980	1952	1988	2083	1969	2017	2070	2008
304998	62	126	14	78	142	30	94	158	46	110	174	2034	2007	2143	2031	2018	1982	2028	2058	1999	2017	2012	2015
