304998	62	126	14	78	142	30	94	158	46	110	174	1984	2023	2146	2011	1986	1967	1995	2073	1984	2020	2042	2008
304998	62	126	14	78	142	30	94	158	46	110	174	2056	1996	2137	2045	2032	1990	2040	2048	2005	2022	1991	2012
304998	62	126	14	78	142	30	94	158	46	110	174	2088	1979	2148	2054	2038	2010	2058	2048	2022	2018	1969	2020
304998	62	126	14	78	142	30	94	158	46	110	174	2058	2003	2141	2044	2023	1979	2038	2055	1999	2018	1999	2021
304998	62	126	14	78	142	30	94	158	46	110	174	2008	2043	2126	2019	1973	1960	2018	2080	1968	2017	2048	2007
304998	62	126	14	78	142	30	94	158	46	110	174	1955	2052	2135	1995	1962	1938	1976	2094	1957	2020	2085	1997
304998	62	126	14	78	142	30	94	158	46	110	174	1962	2039	2142	1999	1970	1955	1981	2082	1970	2016	2081	2013
304998	62	126	14	78	142	30	94	158	46	110	174	2021	2015	2148	2028	2002	1981	2020	2066	2001	2016	2020	2024
304998	62	126	14	78	142	30	94	158	46	110	174	2073	1987	2142	2050	2040	1999	2046	2045	2012	2021	1969	2022
304998	62	126	14	78	142	30	94	158	46	110	174	2085	1985	2133	2054	2043	1993	2050	2046	2010	2016	1968	2015
304998	62	126	14	78	142	30	94	158	46	110	174	2033	2008	2134	2034	2010	1969	2026	2056	1988	2017	2022	2008
304998	62	126	14	78	142	30	94	158	46	110	174	1984	2043	2129	2004	1973	1952	1993	2086	1967	2020	2082	2014
304998	62	126	14	78	142	30	94	158	46	110	174	1957	2058	2137	1993	1958	1951	1977	2096	1959	2020	2091	2013
304998	62	126	14	78	142	30	94	158	46	110	174	1983	2033	2147	2014	1976	1965	1992	2076	1975	2021	2050	2006
304998	62	126	14	78	142	30	94	158	46	110	174	2050	2005	2133	2035	2020	1990	2028	2053	2003	2016	1994	2011
304998	62	126	14	78	142	30	94	158	46	110	174	2087	1983	2134	2060	2040	2001	2048	2036	2021	2020	1969	2019
304998	62	126	14	78	142	30	94	158	46	110	174	2063	1987	2132	2044	2030	1988	2037	2049	2005	2020	1989	2018
304998	62	126	14	78	142	30	94	158	46	110	174	2010	2030	2137	2019	1987	1968	2012	2074	1974	2021	2046	2013
304998	62	126	14	78	142	30	94	158	46	110	174	1955	2054	2147	1994	1956	1945	1979	2093	1956	2022	2086	2002
304998	62	126	14	78	142	30	94	158	46	110	174	1966	2062	2132	1995	1968	1949	1996	2085	1965	2020	2086	2009
304998	62	126	14	78	142	30	94	158	46	110	174	2017	2021	2131	2018	2004	1973	2015	2072	1994	2018	2029	2017
304998	62	126	14	78	142	30	94	158	46	110	174	2062	1986	2139	2050	2040	1993	2048	2051	2015	2018	1971	2020
304998	62	126	14	78	142	30	94	158	46	110	174	2087	1978	2144	2050	2042	1997	2066	2046	2010	2017	1966	2013
304998	62	126	14	78	142	30	94	158	46	110	174	2045	2011	2139	2037	2010	1982	2031	2066	1982	2019	2014	2009
304998	62	126	14	78	142	30	94	158	46	110	174	1987	2049	2123	2009	1973	1945	1994	2080	1968	2021	2073	2009
304998	62	126	14	78	142	30	94	158	46	110	174	1960	2061	2132	1993	1961	1945	1985	2098	1964	2018	2094	2016
304998	62	126	14	78	142	30	94	158	46	110	174	1978	2036	2130	2006	1984	1960	1986	2079	1972	2021	2056	2013
304998	62	126	14	78	142	30	94	158	46	110	174	2038	2002	2143	2037	2017	1991	2020	2056	1997	2016	2005	2010
304998	62	126	14	78	142	30	94	158	46	110	174	2081	1981	2149	2050	2042	2005	2051	2040	2018	2017	1969	2020
304998	62	126	14	78	142	30	94	158	46	110	174	2073	1994	2137	2047	2032	1993	2039	2048	2011	2021	1981	2022
304998	62	126	14	78	142	30	94	158	46	110	174	2017	2025	2130	2024	1990	1964	2006	2074	1983	2021	2037	2015
304998	62	126	14	78	142	30	94	158	46	110	174	1965	2049	2127	1998	1966	1941	1983	2088	1953	2020	2082	2004
304998	62	126	14	78	142	30	94	158	46	110	174	1962	2052	2132	1996	1961	1951	1979	2094	1954	2022	2088	2004
304998	62	126	14	78	142	30	94	158	46	110	174	2005	2026	2142	2017	1994	1977	2007	2074	1992	2018	2038	2027
304998	62	126	14	78	142	30	94	158	46	110	174	2059	1994	2140	2046	2030	1996	2051	2051	2019	2020	1981	2025
304998	62	126	14	78	142	30	94	158	46	110	174	2085	1981	2137	2057	2037	1999	2057	2044	2012	2019	1966	2015
304998	62	126	14	78	142	30	94	158	46	110	174	2053	1999	2137	2041	2013	1980	2036	2059	1991	2017	2006	2008
304998	62	126	14	78	142	30	94	158	46	110	174	1992	2038	2130	2009	1983	1955	2011	2081	1961	2017	2071	2018
304998	62	126	14	78	142	30	94	158	46	110	174	1954	2060	2139	1997	1948	1951	1977	2091	1963	2021	2094	2015
304998	62	126	14	78	142	30	94	158	46	110	174	1960	2043	2151	2004	1971	1959	1991	2083	1975	2022	2066	2013
304998	62	126	14	78	142	30	94	158	46	110	174	2031	2009	2129	2031	2015	1979	2020	2056	1997	2019	2006	2005
304998	62	126	14	78	142	30	94	158	46	110	174	2065	1970	2150	2054	2043	1999	2045	2042	2015	2017	1972	2016
304998	62	126	14	78	142	30	94	158	46	110	174	2077	1983	2140	2048	2037	1992	2050	2041	2012	2022	1983	2025
304998	62	126	14	78	142	30	94	158	46	110	174	2022	2018	2147	2029	1994	1970	2015	2067	1987	2021	2034	2014
304998	62	126	14	78	142	30	94	158	46	110	174	1956	2056	2130	2007	1962	1946	1979	2091	1959	2022	2082	2006
304998	62	126	14	78	142	30	94	158	46	110	174	1960	2052	2128	1993	1957	1951	1970	2087	1957	2022	2093	2008
304998	62	126	14	78	142	30	94	158	46	110	174	1996	2017	2135	2016	1987	1968	1999	2073	1985	2021	2045	2015
304998	62	126	14	78	142	30	94	158	46	110	174	2057	1989	2145	2042	2033	1996	2036	2048	2015	2018	1988	2025
304998	62	126	14	78	142	30	94	158	46	110	174	2076	1984	2145	2054	2037	2006	2048	2042	2020	2020	1963	2016
304998	62	126	14	78	142	30	94	158	46	110	174	2056	2004	2142	2044	2017	1980	2029	2052	1999	2018	2001	2012
304998	62	126	14	78	142	30	94	158	46	110	174	1997	2038	2129	2012	1979	1953	1998	2074	1969	2019	2071	2016
304998	62	126	14	78	142	30	94	158	46	110	174	1957	2057	2125	1999	1955	1947	1976	2085	1952	2017	2095	2014
304998	62	126	14	78	142	30	94	158	46	110	174	1969	2043	2135	2004	1970	1950	1972	2081	1971	2020	2073	2012
304998	62	126	14	78	142	30	94	158	46	110	174	2020	2014	2142	2025	2009	1985	2011	2064	1998	2021	2015	2007
304998	62	126	14	78	142	30	94	158	46	110	174	2070	1988	2143	2047	2042	2001	2043	2044	2018	2020	1979	2020
304998	62	126	14	78	142	30	94	158	46	110	174	2078	1989	2127	2054	2031	1992	2054	2043	2010	2020	1981	2021
304998	62	126	14	78	142	30	94	158	46	110	174	2035	2015	2128	2037	1999	1971	2023	2061	1984	2016	2024	2013
304998	62	126	14	78	142	30	94	158	46	110	174	1968	2046	2133	2006	1970	1948	1979	2087	1966	2020	2075	2008
304998	62	126	14	78	142	30	94	158	46	110	174	1954	2060	2132	1996	1952	1955	1973	2094	1960	2019	2102	2006
304998	62	126	14	78	142	30	94	158	46	110	174	1985	2032	2141	2014	1977	1972	1986	2070	1979	2020	2058	2017
304998	62	126	14	78	142	30	94	158	46	110	174	2049	1995	2138	2036	2024	1991	2029	2049	2009	2021	1992	2018
304998	62	126	14	78	142	30	94	158	46	110	174	2080	1971	2144	2056	2042	1997	2045	2039	2028	2021	1965	2016
304998	62	126	14	78	142	30	94	158	46	110	174	2055	1992	2145	2043	2018	1989	2033	2052	2006	2020	1999	2010
304998	62	126	14	78	142	30	94	158	46	110	174	1996	2031	2141	2015	1983	1964	2005	2073	1975	2018	2061	2012
304998	62	126	14	78	142	30	94	158	46	110	174	1957	2064	2129	1994	1951	1952	1972	2093	1957	2020	2096	2014
304998	62	126	14	78	142	30	94	158	46	110	174	1965	2046	2130	2006	1953	1956	1976	2086	1969	2020	2080	2014
304998	62	126	14	78	142	30	94	158	46	110	174	2020	2012	2140	2024	2000	1975	2009	2065	2005	2020	2023	2009
304998	62	126	14	78	142	30	94	158	46	110	174	2064	1983	2146	2050	2026	2005	2042	2045	2018	2020	1977	2017
304998	62	126	14	78	142	30	94	158	46	110	174	2077	1983	2146	2060	2025	2005	2049	2049	2013	2021	1976	2022
304998	62	126	14	78	142	30	94	158	46	110	174	2027	2009	2144	2035	2010	1977	2024	2059	1985	2022	2017	2014
304998	62	126	14	78	142	30	94	158	46	110	174	1977	2041	2128	2009	1967	1952	1983	2079	1970	2021	2074	2006
304998	62	126	14	78	142	30	94	158	46	110	174	1955	2049	2139	1995	1955	1942	1966	2091	1966	2022	2100	2007
304998	62	126	14	78	142	30	94	158	46	110	174	1978	2030	2142	2005	1983	1965	1987	2079	1977	2020	2064	2012
304998	62	126	14	78	142	30	94	158	46	110	174	2037	2003	2143	2042	2007	1996	2025	2055	2004	2018	1999	2021
304998	62	126	14	78	142	30	94	158	46	110	174	2078	1983	2134	2057	2033	2005	2049	2040	2014	2017	1965	2016
304998	62	126	14	78	142	30	94	158	46	110	174	2066	1992	2128	2050	2030	1988	2045	2046	2009	2022	1989	2008
304998	62	126	14	78	142	30	94	158	46	110	174	2012	2021	2143	2027	1991	1956	2005	2073	1979	2017	2051	2014
304998	62	126	14	78	142	30	94	158	46	110	174	1966	2057	2130	2002	1955	1946	1986	2096	1956	2022	2093	2013
304998	62	126	14	78	142	30	94	158	46	110	174	1956	2052	2134	1999	1961	1951	1972	2088	1961	2022	2084	2013
304998	62	126	14	78	142	30	94	158	46	110	174	2002	2021	2131	2022	1995	1979	2015	2065	1988	2016	2032	2009
304998	62	126	14	78	142	30	94	158	46	110	174	2058	1982	2141	2050	2025	1994	2033	2039	2020	2020	1984	2016
304998	62	126	14	78	142	30	94	158	46	110	174	2078	1974	2143	2058	2041	1997	2048	2043	2018	2017	1969	2024
304998	62	126	14	78	142	30	94	158	46	110	174	2038	2005	2150	2046	2002	1978	2025	2062	1995	2017	2012	2019
304998	62	126	14	78	142	30	94	158	46	110	174	1989	2049	2128	2011	1974	1953	1991	2080	1957	2021	2069	2011
304998	62	126	14	78	142	30	94	158	46	110	174	1960	2062	2120	1999	1957	1949	1972	2088	1955	2021	2102	2006
304998	62	126	14	78	142	30	94	158	46	110	174	1981	2038	2127	2009	1977	1959	1993	2078	1986	2021	2069	2013
304998	62	126	14	78	142	30	94	158	46	110	174	2036	2003	2142	2035	2014	1983	2025	2065	2004	2018	2005	2028
304998	62	126	14	78	142	30	94	158	46	110	174	2077	1985	2143	2050	2045	1997	2072	2048	2016	2020	1960	2027
304998	62	126	14	78	142	30	94	158	46	110	174	2068	1991	2135	2055	2025	1987	2043	2042	2006	2022	1985	2008
304998	62	126	14	78	142	30	94	158	46	110	174	2020	2023	2125	2024	1993	1966	2027	2067	1985	2020	2045	2014
304998	62	126	14	78	142	30	94	158	46	110	174	1972	2046	2135	2004	1951	1951	1973	2083	1967	2021	2090	2015
304998	62	126	14	78	142	30	94	158	46	110	174	1958	2054	2132	1999	1959	1950	1974	2086	1963	2016	2087	2013
304998	62	126	14	78	142	30	94	158	46	110	174	2003	2025	2137	2022	1980	1982	2005	2071	1982	2017	2040	2008
304998	62	126	14	78	142	30	94	158	46	110	174	2058	1993	2136	2041	2028	1993	2036	2050	2009	2022	1990	2016
304998	62	126	14	78	142	30	94	158	46	110	174	2083	1980	2129	2054	2035	2001	2052	2041	2024	2017	1968	2021
304998	62	126	14	78	142	30	94	158	46	110	174	2046	1996	2141	2043	2013	1982	2024	2057	1998	2022	2000	2021
304998	62	126	14	78	142	30	94	158	46	110	174	1994	2040	2133	2017	1975	1952	2007	2081	1969	2019	2064	2010
304998	62	126	14	78	142	30	94	158	46	110	174	1957	2063	2129	1998	1950	1947	1971	2088	1958	2020	2099	2004
304998	62	126	14	78	142	30	94	158	46	110	174	1962	2043	2123	2004	1970	1959	1982	2078	1974	2022	2076	2014
304998	62	126	14	78	142	30	94	158	46	110	174	2028	2008	2129	2029	2003	1988	2018	2056	2004	2022	2013	2021
304998	62	126	14	78	142	30	94	158	46	110	174	2070	1979	2144	2048	2039	1998	2041	2041	2022	2021	1970	2017
304998	62	126	14	78	142	30	94	158	46	110	174	2069	1985	2143	2053	2032	1992	2046	2046	2010	2020	1979	2014
304998	62	126	14	78	142	30	94	158	46	110	174	2025	2022	2134	2031	1994	1969	2013	2067	1984	2018	2041	2016
304998	62	126	14	78	142	30	94	158	46	110	174	1970	2052	2121	2005	1963	1945	1981	2079	1958	2021	2085	2014
304998	62	126	14	78	142	30	94	158	46	110	174	1964	2052	2129	2002	1952	1956	1977	2093	1967	2021	2090	2010
304998	62	126	14	78	142	30	94	158	46	110	174	1986	2020	2146	2016	1985	1972	1995	2071	1987	2020	2050	2004
304998	62	126	14	78	142	30	94	158	46	110	174	2050	1993	2141	2039	2024	1988	2032	2052	2011	2017	1994	2016
304998	62	126	14	78	142	30	94	158	46	110	174	2075	1981	2144	2062	2040	2002	2049	2035	2015	2018	1969	2026
304998	62	126	14	78	142	30	94	158	46	110	174	2055	2002	2127	2048	2023	1983	2031	2051	2002	2020	1995	2024
304998	62	126	14	78	142	30	94	158	46	110	174	2004	2030	2128	2020	1971	1964	2003	2076	1976	2019	2057	2005
304998	62	126	14	78	142	30	94	158	46	110	174	1959	2052	2140	1998	1958	1946	1968	2088	1954	2018	2100	1999
304998	62	126	14	78	142	30	94	158	46	110	174	1970	2049	2136	2003	1966	1952	1998	2086	1970	2018	2083	2013
304998	62	126	14	78	142	30	94	158	46	110	174	2020	2016	2135	2032	2007	1984	2010	2057	1995	2017	2022	2024
304998	62	126	14	78	142	30	94	158	46	110	174	2074	1985	2129	2050	2024	2009	2045	2043	2026	2022	1970	2023
304998	62	126	14	78	142	30	94	158	46	110	174	2077	1982	2134	2060	2023	2003	2050	2046	2016	2022	1973	2017
304998	62	126	14	78	142	30	94	158	46	110	174	2035	2009	2139	2036	2001	1966	2024	2060	1986	2016	2029	2011
304998	62	126	14	78	142	30	94	158	46	110	174	1980	2049	2134	2009	1965	1947	1993	2080	1959	2020	2086	2012
304998	62	126	14	78	142	30	94	158	46	110	174	1957	2057	2137	1998	1960	1943	1973	2084	1958	2016	2092	2012
304998	62	126	14	78	142	30	94	158	46	110	174	1996	2038	2126	2018	1985	1967	2000	2071	1983	2020	2053	2008
304998	62	126	14	78	142	30	94	158	46	110	174	2047	1992	2131	2038	2014	1997	2026	2051	2014	2022	1995	2015
304998	62	126	14	78	142	30	94	158	46	110	174	2081	1973	2142	2056	2039	2001	2060	2046	2020	2018	1973	2021
304998	62	126	14	78	142	30	94	158	46	110	174	2062	1992	2140	2050	2022	1982	2044	2052	1998	2021	1997	2023
304998	62	126	14	78	142	30	94	158	46	110	174	2007	2037	2134	2021	1992	1959	2005	2065	1972	2020	2051	2014
304998	62	126	14	78	142	30	94	158	46	110	174	1966	2058	2122	2006	1959	1948	1981	2091	1965	2019	2087	1996
304998	62	126	14	78	142	30	94	158	46	110	174	1966	2042	2133	2006	1964	1954	1975	2083	1968	2017	2087	2003
304998	62	126	14	78	142	30	94	158	46	110	174	2016	2014	2139	2025	2004	1979	2007	2063	1993	2018	2029	2018
304998	62	126	14	78	142	30	94	158	46	110	174	2070	1981	2147	2050	2033	1992	2049	2043	2012	2017	1975	2028
304998	62	126	14	78	142	30	94	158	46	110	174	2072	1979	2140	2053	2045	1997	2047	2036	2019	2017	1967	2020
304998	62	126	14	78	142	30	94	158	46	110	174	2046	2008	2125	2032	2010	1975	2031	2057	1998	2018	2016	2010
304998	62	126	14	78	142	30	94	158	46	110	174	1989	2039	2129	2008	1972	1952	1988	2082	1964	2018	2076	2008
304998	62	126	14	78	142	30	94	158	46	110	174	1960	2056	2137	2001	1961	1939	1985	2087	1957	2016	2098	2006
304998	62	126	14	78	142	30	94	158	46	110	174	1985	2037	2141	2013	1977	1958	1993	2074	1972	2018	2058	2012
304998	62	126	14	78	142	30	94	158	46	110	174	2042	2003	2136	2037	2022	1992	2026	2050	2010	2022	1995	2016
304998	62	126	14	78	142	30	94	158	46	110	174	2084	1983	2129	2054	2043	2006	2051	2047	2024	2016	1970	2019
304998	62	126	14	78	142	30	94	158	46	110	174	2071	1987	2136	2047	2029	1988	2043	2047	2007	2016	1988	2019
304998	62	126	14	78	142	30	94	158	46	110	174	2018	2025	2135	2025	1990	1961	2011	2072	1974	2022	2044	2019
304998	62	126	14	78	142	30	94	158	46	110	174	1963	2054	2140	2007	1960	1943	1981	2078	1957	2020	2088	2005
304998	62	126	14	78	142	30	94	158	46	110	174	1969	2059	2133	2003	1966	1951	1975	2082	1968	2019	2080	2002
304998	62	126	14	78	142	30	94	158	46	110	174	2010	2026	2129	2021	1998	1975	2006	2064	1996	2016	2038	2007
304998	62	126	14	78	142	30	94	158	46	110	174	2064	1984	2126	2047	2026	2005	2038	2046	2013	2022	1982	2026
304998	62	126	14	78	142	30	94	158	46	110	174	2084	1976	2139	2057	2043	2000	2052	2041	2016	2018	1964	2025
304998	62	126	14	78	142	30	94	158	46	110	174	2048	2003	2140	2040	2014	1973	2042	2051	1991	2020	2002	2019
304998	62	126	14	78	142	30	94	158	46	110	174	1990	2046	2133	2017	1966	1959	1995	2076	1967	2018	2060	1999
304998	62	126	14	78	142	30	94	158	46	110	174	1964	2061	2130	2003	1966	1941	1986	2091	1954	2020	2098	1997
304998	62	126	14	78	142	30	94	158	46	110	174	1985	2040	2128	2011	1974	1962	1992	2083	1965	2020	2067	2009
304998	62	126	14	78	142	30	94	158	46	110	174	2033	1999	2136	2034	2017	1981	2024	2053	2001	2018	2007	2028
304998	62	126	14	78	142	30	94	158	46	110	174	2079	1977	2135	2052	2042	1995	2048	2043	2017	2022	1968	2023
304998	62	126	14	78	142	30	94	158	46	110	174	2076	1990	2140	2059	2016	1989	2050	2047	2015	2020	1979	2016
304998	62	126	14	78	142	30	94	158	46	110	174	2023	2025	2132	2025	2003	1964	2017	2065	1984	2020	2035	2005
304998	62	126	14	78	142	30	94	158	46	110	174	1978	2052	2126	2003	1960	1954	1988	2084	1952	2017	2087	2006
304998	62	126	14	78	142	30	94	158	46	110	174	1955	2047	2143	2003	1961	1943	1977	2084	1952	2022	2082	2003
304998	62	126	14	78	142	30	94	158	46	110	174	2003	2025	2138	2022	1997	1971	2002	2065	1991	2018	2039	2013
304998	62	126	14	78	142	30	94	158	46	110	174	2062	1994	2142	2050	2020	1994	2041	2051	2013	2021	1986	2013
304998	62	126	14	78	142	30	94	158	46	110	174	2084	1985	2129	2050	2043	2003	2048	2041	2014	2020	1972	2029
304998	62	126	14	78	142	30	94	158	46	110	174	2059	2004	2126	2044	2015	1989	2037	2052	1995	2022	2003	2018
304998	62	126	14	78	142	30	94	158	46	110	174	2006	2036	2133	2023	1972	1957	2004	2069	1969	2018	2058	2012
304998	62	126	14	78	142	30	94	158	46	110	174	1964	2058	2140	2000	1966	1936	1998	2092	1963	2018	2086	1999
304998	62	126	14	78	142	30	94	158	46	110	174	1971	2042	2145	2009	1977	1954	1998	2084	1969	2020	2069	2001
304998	62	126	14	78	142	30	94	158	46	110	174	2028	2015	2134	2033	2009	1984	2016	2061	1996	2018	2019	2016
304998	62	126	14	78	142	30	94	158	46	110	174	2076	1983	2124	2048	2038	2000	2052	2041	2012	2021	1968	2031
