304998	62	126	14	78	142	30	94	158	46	110	174	2068	1991	2135	2055	2025	1987	2043	2042	2006	2022	1985	2008
304998	62	126	14	78	142	30	94	158	46	110	174	2020	2023	2125	2024	1993	1966	2027	2067	1985	2020	2045	2014
304998	62	126	14	78	142	30	94	158	46	110	174	1972	2046	2135	2004	1951	1951	1973	2083	1967	2021	2090	2015
304998	62	126	14	78	142	30	94	158	46	110	174	1958	2054	2132	1999	1959	1950	1974	2086	1963	2016	2087	2013
304998	62	126	14	78	142	30	94	158	46	110	174	2003	2025	2137	2022	1980	1982	2005	2071	1982	2017	2040	2008
304998	62	126	14	78	142	30	94	158	46	110	174	2058	1993	2136	2041	2028	1993	2036	2050	2009	2022	1990	2016
304998	62	126	14	78	142	30	94	158	46	110	174	2083	1980	2129	2054	2035	2001	2052	2041	2024	2017	1968	2021
304998	62	126	14	78	142	30	94	158	46	110	174	2046	1996	2141	2043	2013	1982	2024	2057	1998	2022	2000	2021
304998	62	126	14	78	142	30	94	158	46	110	174	1994	2040	2133	2017	1975	1952	2007	2081	1969	2019	2064	2010
304998	62	126	14	78	142	30	94	158	46	110	174	1957	2063	2129	1998	1950	1947	1971	2088	1958	2020	2099	2004
304998	62	126	14	78	142	30	94	158	46	110	174	1962	2043	2123	2004	1970	1959	1982	2078	1974	2022	2076	2014
304998	62	126	14	78	142	30	94	158	46	110	174	2028	2008	2129	2029	2003	1988	2018	2056	2004	2022	2013	2021
304998	62	126	14	78	142	30	94	158	46	110	174	2070	1979	2144	2048	2039	1998	2041	2041	2022	2021	1970	2017
304998	62	126	14	78	142	30	94	158	46	110	174	2069	1985	2143	2053	2032	1992	2046	2046	2010	2020	1979	2014
304998	62	126	14	78	142	30	94	158	46	110	174	2025	2022	2134	2031	1994	1969	2013	2067	1984	2018	2041	2016
304998	62	126	14	78	142	30	94	158	46	110	174	1970	2052	2121	2005	1963	1945	1981	2079	1958	2021	2085	2014
304998	62	126	14	78	142	30	94	158	46	110	174	1964	2052	2129	2002	1952	1956	1977	2093	1967	2021	2090	2010
304998	62	126	14	78	142	30	94	158	46	110	174	1986	2020	2146	2016	1985	1972	1995	2071	1987	2020	2050	2004
304998	62	126	14	78	142	30	94	158	46	110	174	2050	1993	2141	2039	2024	1988	2032	2052	2011	2017	1994	2016
304998	62	126	14	78	142	30	94	158	46	110	174	2075	1981	2144	2062	2040	2002	2049	2035	2015	2018	1969	2026
304998	62	126	14	78	142	30	94	158	46	110	174	2055	2002	2127	2048	2023	1983	2031	2051	2002	2020	1995	2024
304998	62	126	14	78	142	30	94	158	46	110	174	2004	2030	2128	2020	1971	1964	2003	2076	1976	2019	2057	2005
304998	62	126	14	78	142	30	94	158	46	110	174	1959	2052	2140	1998	1958	1946	1968	2088	1954	2018	2100	1999
304998	62	126	14	78	142	30	94	158	46	110	174	1970	2049	2136	2003	1966	1952	1998	2086	1970	2018	2083	2013
304998	62	126	14	78	142	30	94	158	46	110	174	2020	2016	2135	2032	2007	1984	2010	2057	1995	2017	2022	2024
304998	62	126	14	78	142	30	94	158	46	110	174	2074	1985	2129	2050	2024	2009	2045	2043	2026	2022	1970	2023
304998	62	126	14	78	142	30	94	158	46	110	174	2077	1982	2134	2060	2023	2003	2050	2046	2016	2022	1973	2017
304998	62	126	14	78	142	30	94	158	46	110	174	2035	2009	2139	2036	2001	1966	2024	2060	1986	2016	2029	2011
304998	62	126	14	78	142	30	94	158	46	110	174	1980	2049	2134	2009	1965	1947	1993	2080	1959	2020	2086	2012
304998	62	126	14	78	142	30	94	158	46	110	174	1957	2057	2137	1998	1960	1943	1973	2084	1958	2016	2092	2012
304998	62	126	14	78	142	30	94	158	46	110	174	1996	2038	2126	2018	1985	1967	2000	2071	1983	2020	2053	2008
304998	62	126	14	78	142	30	94	158	46	110	174	2047	1992	2131	2038	2014	1997	2026	2051	2014	2022	1995	2015
304998	62	126	14	78	142	30	94	158	46	110	174	2081	1973	2142	2056	2039	2001	2060	2046	2020	2018	1973	2021
304998	62	126	14	78	142	30	94	158	46	110	174	2062	1992	2140	2050	2022	1982	2044	2052	1998	2021	1997	2023
304998	62	126	14	78	142	30	94	158	46	110	174	2007	2037	2134	2021	1992	1959	2005	2065	1972	2020	2051	2014
304998	62	126	14	78	142	30	94	158	46	110	174	1966	2058	2122	2006	1959	1948	1981	2091	1965	2019	2087	1996
304998	62	126	14	78	142	30	94	158	46	110	174	1966	2042	2133	2006	1964	1954	1975	2083	1968	2017	2087	2003
304998	62	126	14	78	142	30	94	158	46	110	174	2016	2014	2139	2025	2004	1979	2007	2063	1993	2018	2029	2018
304998	62	126	14	78	142	30	94	158	46	110	174	2070	1981	2147	2050	2033	1992	2049	2043	2012	2017	1975	2028
304998	62	126	14	78	142	30	94	158	46	110	174	2072	1979	2140	2053	2045	1997	2047	2036	2019	2017	1967	2020
304998	62	126	14	78	142	30	94	158	46	110	174	2046	2008	2125	2032	2010	1975	2031	2057	1998	2018	2016	2010
304998	62	126	14	78	142	30	94	158	46	110	174	1989	2039	2129	2008	1972	1952	1988	2082	1964	2018	2076	2008
304998	62	126	14	78	142	30	94	158	46	110	174	1960	2056	2137	2001	1961	1939	1985	2087	1957	2016	2098	2006
304998	62	126	14	78	142	30	94	158	46	110	174	1985	2037	2141	2013	1977	1958	1993	2074	1972	2018	2058	2012
304998	62	126	14	78	142	30	94	158	46	110	174	2042	2003	2136	2037	2022	1992	2026	2050	2010	2022	1995	2016
304998	62	126	14	78	142	30	94	158	46	110	174	2084	1983	2129	2054	2043	2006	2051	2047	2024	2016	1970	2019
304998	62	126	14	78	142	30	94	158	46	110	174	2071	1987	2136	2047	2029	1988	2043	2047	2007	2016	1988	2019
304998	62	126	14	78	142	30	94	158	46	110	174	2018	2025	2135	2025	1990	1961	2011	2072	1974	2022	2044	2019
304998	62	126	14	78	142	30	94	158	46	110	174	1963	2054	2140	2007	1960	1943	1981	2078	1957	2020	2088	2005
304998	62	126	14	78	142	30	94	158	46	110	174	1969	2059	2133	2003	1966	1951	1975	2082	1968	2019	2080	2002
304998	62	126	14	78	142	30	94	158	46	110	174	2010	2026	2129	2021	1998	1975	2006	2064	1996	2016	2038	2007
304998	62	126	14	78	142	30	94	158	46	110	174	2064	1984	2126	2047	2026	2005	2038	2046	2013	2022	1982	2026
304998	62	126	14	78	142	30	94	158	46	110	174	2084	1976	2139	2057	2043	2000	2052	2041	2016	2018	1964	2025
304998	62	126	14	78	142	30	94	158	46	110	174	2048	2003	2140	2040	2014	1973	2042	2051	1991	2020	2002	2019
304998	62	126	14	78	142	30	94	158	46	110	174	1990	2046	2133	2017	1966	1959	1995	2076	1967	2018	2060	1999
304998	62	126	14	78	142	30	94	158	46	110	174	1964	2061	2130	2003	1966	1941	1986	2091	1954	2020	2098	1997
304998	62	126	14	78	142	30	94	158	46	110	174	1985	2040	2128	2011	1974	1962	1992	2083	1965	2020	2067	2009
304998	62	126	14	78	142	30	94	158	46	110	174	2033	1999	2136	2034	2017	1981	2024	2053	2001	2018	2007	2028
304998	62	126	14	78	142	30	94	158	46	110	174	2079	1977	2135	2052	2042	1995	2048	2043	2017	2022	1968	2023
304998	62	126	14	78	142	30	94	158	46	110	174	2076	1990	2140	2059	2016	1989	2050	2047	2015	2020	1979	2016
304998	62	126	14	78	142	30	94	158	46	110	174	2023	2025	2132	2025	2003	1964	2017	2065	1984	2020	2035	2005
304998	62	126	14	78	142	30	94	158	46	110	174	1978	2052	2126	2003	1960	1954	1988	2084	1952	2017	2087	2006
304998	62	126	14	78	142	30	94	158	46	110	174	1955	2047	2143	2003	1961	1943	1977	2084	1952	2022	2082	2003
304998	62	126	14	78	142	30	94	158	46	110	174	2003	2025	2138	2022	1997	1971	2002	2065	1991	2018	2039	2013
304998	62	126	14	78	142	30	94	158	46	110	174	2062	1994	2142	2050	2020	1994	2041	2051	2013	2021	1986	2013
304998	62	126	14	78	142	30	94	158	46	110	174	2084	1985	2129	2050	2043	2003	2048	2041	2014	2020	1972	2029
304998	62	126	14	78	142	30	94	158	46	110	174	2059	2004	2126	2044	2015	1989	2037	2052	1995	2022	2003	2018
304998	62	126	14	78	142	30	94	158	46	110	174	2006	2036	2133	2023	1972	1957	2004	2069	1969	2018	2058	2012
304998	62	126	14	78	142	30	94	158	46	110	174	1964	2058	2140	2000	1966	1936	1998	2092	1963	2018	2086	1999
304998	62	126	14	78	142	30	94	158	46	110	174	1971	2042	2145	2009	1977	1954	1998	2084	1969	2020	2069	2001
304998	62	126	14	78	142	30	94	158	46	110	174	2028	2015	2134	2033	2009	1984	2016	2061	1996	2018	2019	2016
304998	62	126	14	78	142	30	94	158	46	110	174	2076	1983	2124	2048	2038	2000	2052	2041	2012	2021	1968	2031
304998	62	126	14	78	142	30	94	158	46	110	174	2080	1985	2129	2050	2026	1997	2047	2040	2014	2021	1975	2024
304998	62	126	14	78	142	30	94	158	46	110	174	2033	2014	2135	2033	2000	1965	2029	2067	1988	2022	2021	2007
304998	62	126	14	78	142	30	94	158	46	110	174	1979	2047	2144	2006	1974	1944	1992	2086	1958	2022	2079	1992
304998	62	126	14	78	142	30	94	158	46	110	174	1962	2061	2142	2000	1962	1949	1984	2087	1954	2022	2089	2006
304998	62	126	14	78	142	30	94	158	46	110	174	2002	2033	2131	2014	1993	1968	2009	2069	1979	2017	2047	2019
304998	62	126	14	78	142	30	94	158	46	110	174	2053	1989	2126	2042	2021	1996	2035	2051	2018	2018	1988	2023
304998	62	126	14	78	142	30	94	158	46	110	174	2087	1975	2130	2054	2038	1997	2063	2049	2023	2018	1963	2020
304998	62	126	14	78	142	30	94	158	46	110	174	2060	1993	2139	2047	2026	1980	2042	2054	1998	2021	1998	2017
304998	62	126	14	78	142	30	94	158	46	110	174	2010	2038	2144	2025	1980	1961	2011	2074	1967	2022	2055	2010
304998	62	126	14	78	142	30	94	158	46	110	174	1964	2061	2143	2002	1958	1946	1996	2085	1954	2018	2089	2004
304998	62	126	14	78	142	30	94	158	46	110	174	1973	2048	2134	2001	1975	1953	1983	2081	1974	2020	2070	2001
304998	62	126	14	78	142	30	94	158	46	110	174	2027	2013	2131	2033	2005	1976	2028	2067	1994	2022	2016	2010
304998	62	126	14	78	142	30	94	158	46	110	174	2065	1974	2139	2047	2043	1994	2047	2046	2013	2016	1982	2022
304998	62	126	14	78	142	30	94	158	46	110	174	2080	1981	2134	2058	2026	2001	2048	2047	2009	2018	1975	2026
304998	62	126	14	78	142	30	94	158	46	110	174	2039	2015	2143	2032	2004	1971	2033	2061	1993	2022	2017	2020
304998	62	126	14	78	142	30	94	158	46	110	174	1975	2048	2134	2008	1976	1945	1992	2082	1965	2020	2067	1998
304998	62	126	14	78	142	30	94	158	46	110	174	1968	2059	2129	2003	1961	1941	1990	2096	1953	2022	2088	1996
304998	62	126	14	78	142	30	94	158	46	110	174	1987	2025	2139	2014	1989	1964	2000	2072	1974	2020	2055	2008
304998	62	126	14	78	142	30	94	158	46	110	174	2045	1994	2140	2035	2027	1989	2037	2049	2006	2018	1998	2031
304998	62	126	14	78	142	30	94	158	46	110	174	2084	1987	2137	2054	2036	2003	2059	2045	2027	2022	1964	2026
304998	62	126	14	78	142	30	94	158	46	110	174	2059	1997	2133	2043	2022	1981	2046	2052	2001	2020	1984	2017
304998	62	126	14	78	142	30	94	158	46	110	174	2018	2033	2128	2022	1991	1956	2020	2076	1970	2017	2047	2002
304998	62	126	14	78	142	30	94	158	46	110	174	1963	2046	2146	2005	1963	1941	1983	2085	1954	2022	2085	2005
304998	62	126	14	78	142	30	94	158	46	110	174	1956	2042	2152	2005	1971	1951	1982	2077	1971	2016	2077	2009
304998	62	126	14	78	142	30	94	158	46	110	174	2010	2017	2145	2025	2000	1983	2011	2063	1995	2021	2026	2013
304998	62	126	14	78	142	30	94	158	46	110	174	2065	1989	2134	2043	2034	1998	2045	2047	2012	2021	1974	2022
304998	62	126	14	78	142	30	94	158	46	110	174	2081	1987	2128	2054	2037	1990	2062	2048	2005	2018	1976	2020
304998	62	126	14	78	142	30	94	158	46	110	174	2046	2004	2130	2040	2008	1977	2029	2054	1988	2020	2017	2020
304998	62	126	14	78	142	30	94	158	46	110	174	1983	2036	2145	2010	1981	1947	1994	2080	1973	2022	2070	2006
304998	62	126	14	78	142	30	94	158	46	110	174	1966	2054	2146	2000	1955	1949	1989	2089	1957	2020	2082	1999
304998	62	126	14	78	142	30	94	158	46	110	174	1983	2037	2147	2008	1985	1957	1993	2077	1968	2017	2060	2004
304998	62	126	14	78	142	30	94	158	46	110	174	2036	2007	2136	2032	2019	1984	2026	2053	2002	2018	2006	2016
304998	62	126	14	78	142	30	94	158	46	110	174	2084	1979	2123	2054	2039	2002	2067	2039	2022	2018	1967	2033
304998	62	126	14	78	142	30	94	158	46	110	174	2063	1987	2141	2048	2032	1993	2042	2049	2006	2018	1981	2021
304998	62	126	14	78	142	30	94	158	46	110	174	2021	2028	2143	2024	1994	1967	2015	2077	1975	2021	2034	2002
304998	62	126	14	78	142	30	94	158	46	110	174	1966	2056	2148	2004	1963	1945	1994	2085	1955	2018	2085	2001
304998	62	126	14	78	142	30	94	158	46	110	174	1970	2058	2130	1994	1973	1943	1986	2085	1960	2017	2085	2010
304998	62	126	14	78	142	30	94	158	46	110	174	2010	2024	2125	2018	1999	1973	2013	2073	1995	2022	2033	2021
304998	62	126	14	78	142	30	94	158	46	110	174	2051	1983	2143	2046	2025	1999	2038	2051	2009	2018	1979	2021
304998	62	126	14	78	142	30	94	158	46	110	174	2080	1982	2136	2052	2042	1998	2049	2047	2006	2018	1969	2016
304998	62	126	14	78	142	30	94	158	46	110	174	2037	2001	2154	2039	2011	1979	2027	2056	1993	2020	2012	2018
304998	62	126	14	78	142	30	94	158	46	110	174	1983	2035	2148	2017	1983	1947	1998	2075	1975	2018	2060	2013
304998	62	126	14	78	142	30	94	158	46	110	174	1967	2057	2133	1998	1965	1940	1993	2098	1955	2021	2086	2002
304998	62	126	14	78	142	30	94	158	46	110	174	1976	2039	2133	2009	1981	1958	1984	2082	1971	2016	2057	1999
304998	62	126	14	78	142	30	94	158	46	110	174	2031	2008	2140	2025	2016	1985	2033	2063	1996	2022	2011	2016
304998	62	126	14	78	142	30	94	158	46	110	174	2065	1980	2145	2052	2025	2006	2044	2042	2020	2017	1977	2031
304998	62	126	14	78	142	30	94	158	46	110	174	2062	1983	2139	2048	2022	1992	2042	2046	2013	2018	1984	2025
304998	62	126	14	78	142	30	94	158	46	110	174	2029	2019	2129	2029	1999	1962	2025	2074	1983	2018	2025	2005
304998	62	126	14	78	142	30	94	158	46	110	174	1980	2051	2137	2002	1961	1949	1995	2088	1954	2017	2075	1995
304998	62	126	14	78	142	30	94	158	46	110	174	1961	2055	2144	1993	1975	1948	1981	2087	1958	2021	2089	2011
304998	62	126	14	78	142	30	94	158	46	110	174	1995	2030	2146	2018	1986	1970	2003	2073	1992	2021	2042	2018
304998	62	126	14	78	142	30	94	158	46	110	174	2049	1997	2143	2040	2028	1990	2033	2052	2009	2022	1986	2025
304998	62	126	14	78	142	30	94	158	46	110	174	2075	1985	2127	2051	2040	1998	2045	2046	2010	2020	1966	2016
304998	62	126	14	78	142	30	94	158	46	110	174	2055	1997	2137	2040	2022	1980	2034	2054	1994	2017	2005	2014
304998	62	126	14	78	142	30	94	158	46	110	174	2002	2038	2142	2015	1988	1959	2021	2081	1975	2021	2059	2013
304998	62	126	14	78	142	30	94	158	46	110	174	1964	2063	2138	1998	1963	1940	2000	2096	1958	2022	2081	2006
304998	62	126	14	78	142	30	94	158	46	110	174	1974	2049	2129	2002	1979	1949	1986	2084	1969	2022	2062	2007
304998	62	126	14	78	142	30	94	158	46	110	174	2028	2004	2142	2023	2009	1981	2023	2064	1996	2020	2020	2014
304998	62	126	14	78	142	30	94	158	46	110	174	2062	1974	2145	2048	2031	2005	2041	2041	2012	2016	1986	2025
304998	62	126	14	78	142	30	94	158	46	110	174	2076	1989	2138	2049	2031	1993	2052	2046	2013	2019	1982	2023
304998	62	126	14	78	142	30	94	158	46	110	174	2032	2028	2134	2031	2003	1969	2024	2071	1988	2017	2026	2012
304998	62	126	14	78	142	30	94	158	46	110	174	1982	2057	2128	2003	1975	1948	1997	2087	1961	2021	2072	2001
304998	62	126	14	78	142	30	94	158	46	110	174	1965	2049	2141	1995	1963	1942	1982	2091	1956	2021	2092	2006
304998	62	126	14	78	142	30	94	158	46	110	174	1996	2035	2138	2009	1996	1971	2000	2072	1985	2018	2048	2020
304998	62	126	14	78	142	30	94	158	46	110	174	2046	1999	2143	2036	2021	1995	2026	2055	2015	2020	1994	2017
304998	62	126	14	78	142	30	94	158	46	110	174	2074	1989	2135	2049	2034	2001	2050	2046	2017	2021	1970	2019
304998	62	126	14	78	142	30	94	158	46	110	174	2063	1997	2132	2042	2018	1982	2040	2052	1998	2020	2002	2016
304998	62	126	14	78	142	30	94	158	46	110	174	2009	2031	2132	2015	1989	1955	2006	2075	1969	2017	2050	2015
304998	62	126	14	78	142	30	94	158	46	110	174	1970	2058	2141	1993	1970	1947	1982	2093	1963	2017	2083	2005
304998	62	126	14	78	142	30	94	158	46	110	174	1969	2050	2144	1999	1970	1955	1986	2090	1969	2022	2072	2001
304998	62	126	14	78	142	30	94	158	46	110	174	2022	2021	2139	2018	2006	1981	2016	2068	1992	2016	2031	2013
304998	62	126	14	78	142	30	94	158	46	110	174	2064	1992	2128	2044	2025	2004	2044	2045	2009	2019	1984	2023
304998	62	126	14	78	142	30	94	158	46	110	174	2079	1985	2136	2048	2039	1993	2054	2047	2013	2017	1977	2021
304998	62	126	14	78	142	30	94	158	46	110	174	2037	2018	2142	2028	2015	1975	2021	2064	1991	2017	2014	2015
304998	62	126	14	78	142	30	94	158	46	110	174	1988	2054	2139	2001	1978	1951	1999	2093	1968	2016	2069	2003
304998	62	126	14	78	142	30	94	158	46	110	174	1967	2067	2134	1992	1968	1949	1990	2092	1956	2016	2088	2006
304998	62	126	14	78	142	30	94	158	46	110	174	1992	2041	2127	2009	1987	1963	1997	2076	1977	2021	2055	2018
304998	62	126	14	78	142	30	94	158	46	110	174	2041	2000	2133	2033	2021	1989	2028	2056	2014	2020	1998	2015
304998	62	126	14	78	142	30	94	158	46	110	174	2075	1981	2141	2048	2044	1999	2047	2045	2016	2020	1971	2015
304998	62	126	14	78	142	30	94	158	46	110	174	2061	2004	2139	2043	2028	1988	2038	2052	1999	2020	1997	2020
304998	62	126	14	78	142	30	94	158	46	110	174	2018	2034	2127	2017	1995	1966	2009	2075	1972	2018	2046	2016
304998	62	126	14	78	142	30	94	158	46	110	174	1969	2058	2131	1997	1966	1942	1984	2084	1967	2018	2078	2007
304998	62	126	14	78	142	30	94	158	46	110	174	1971	2049	2134	1995	1970	1951	1984	2093	1972	2022	2070	2000
304998	62	126	14	78	142	30	94	158	46	110	174	2013	2027	2142	2016	2005	1973	2012	2073	1991	2017	2033	2009
304998	62	126	14	78	142	30	94	158	46	110	174	2057	1994	2142	2043	2031	1995	2036	2051	2005	2022	1991	2026
304998	62	126	14	78	142	30	94	158	46	110	174	2077	1995	2126	2050	2036	1999	2048	2046	2009	2019	1972	2025
304998	62	126	14	78	142	30	94	158	46	110	174	2043	2008	2138	2031	2006	1981	2026	2061	2000	2021	2009	2012
304998	62	126	14	78	142	30	94	158	46	110	174	1997	2044	2137	2010	1983	1946	1999	2086	1970	2020	2064	2006
