304998	62	126	14	78	142	30	94	158	46	110	174	2046	1999	2143	2036	2021	1995	2026	2055	2015	2020	1994	2017
304998	62	126	14	78	142	30	94	158	46	110	174	2074	1989	2135	2049	2034	2001	2050	2046	2017	2021	1970	2019
304998	62	126	14	78	142	30	94	158	46	110	174	2063	1997	2132	2042	2018	1982	2040	2052	1998	2020	2002	2016
304998	62	126	14	78	142	30	94	158	46	110	174	2009	2031	2132	2015	1989	1955	2006	2075	1969	2017	2050	2015
304998	62	126	14	78	142	30	94	158	46	110	174	1970	2058	2141	1993	1970	1947	1982	2093	1963	2017	2083	2005
304998	62	126	14	78	142	30	94	158	46	110	174	1969	2050	2144	1999	1970	1955	1986	2090	1969	2022	2072	2001
304998	62	126	14	78	142	30	94	158	46	110	174	2022	2021	2139	2018	2006	1981	2016	2068	1992	2016	2031	2013
304998	62	126	14	78	142	30	94	158	46	110	174	2064	1992	2128	2044	2025	2004	2044	2045	2009	2019	1984	2023
304998	62	126	14	78	142	30	94	158	46	110	174	2079	1985	2136	2048	2039	1993	2054	2047	2013	2017	1977	2021
304998	62	126	14	78	142	30	94	158	46	110	174	2037	2018	2142	2028	2015	1975	2021	2064	1991	2017	2014	2015
304998	62	126	14	78	142	30	94	158	46	110	174	1988	2054	2139	2001	1978	1951	1999	2093	1968	2016	2069	2003
304998	62	126	14	78	142	30	94	158	46	110	174	1967	2067	2134	1992	1968	1949	1990	2092	1956	2016	2088	2006
304998	62	126	14	78	142	30	94	158	46	110	174	1992	2041	2127	2009	1987	1963	1997	2076	1977	2021	2055	2018
304998	62	126	14	78	142	30	94	158	46	110	174	2041	2000	2133	2033	2021	1989	2028	2056	2014	2020	1998	2015
304998	62	126	14	78	142	30	94	158	46	110	174	2075	1981	2141	2048	2044	1999	2047	2045	2016	2020	1971	2015
304998	62	126	14	78	142	30	94	158	46	110	174	2061	2004	2139	2043	2028	1988	2038	2052	1999	2020	1997	2020
304998	62	126	14	78	142	30	94	158	46	110	174	2018	2034	2127	2017	1995	1966	2009	2075	1972	2018	2046	2016
304998	62	126	14	78	142	30	94	158	46	110	174	1969	2058	2131	1997	1966	1942	1984	2084	1967	2018	2078	2007
304998	62	126	14	78	142	30	94	158	46	110	174	1971	2049	2134	1995	1970	1951	1984	2093	1972	2022	2070	2000
304998	62	126	14	78	142	30	94	158	46	110	174	2013	2027	2142	2016	2005	1973	2012	2073	1991	2017	2033	2009
304998	62	126	14	78	142	30	94	158	46	110	174	2057	1994	2142	2043	2031	1995	2036	2051	2005	2022	1991	2026
304998	62	126	14	78	142	30	94	158	46	110	174	2077	1995	2126	2050	2036	1999	2048	2046	2009	2019	1972	2025
304998	62	126	14	78	142	30	94	158	46	110	174	2043	2008	2138	2031	2006	1981	2026	2061	2000	2021	2009	2012
304998	62	126	14	78	142	30	94	158	46	110	174	1997	2044	2137	2010	1983	1946	1999	2086	1970	2020	2064	2006
304998	62	126	14	78	142	30	94	158	46	110	174	1963	2064	2139	1991	1965	1942	1989	2099	1957	2018	2087	2008
304998	62	126	14	78	142	30	94	158	46	110	174	1983	2046	2140	2003	1985	1964	1994	2078	1971	2017	2065	2019
304998	62	126	14	78	142	30	94	158	46	110	174	2036	2015	2124	2027	2019	1987	2029	2062	2005	2018	2003	2016
304998	62	126	14	78	142	30	94	158	46	110	174	2080	1986	2129	2047	2040	1996	2045	2048	2016	2022	1970	2016
304998	62	126	14	78	142	30	94	158	46	110	174	2069	1996	2134	2043	2030	1988	2051	2056	2007	2021	1990	2021
304998	62	126	14	78	142	30	94	158	46	110	174	2026	2025	2142	2022	1993	1969	2024	2073	1975	2017	2039	2014
304998	62	126	14	78	142	30	94	158	46	110	174	1968	2063	2141	1996	1969	1943	1985	2088	1961	2017	2076	2005
304998	62	126	14	78	142	30	94	158	46	110	174	1970	2063	2127	1996	1971	1948	1986	2091	1974	2017	2071	2002
304998	62	126	14	78	142	30	94	158	46	110	174	2002	2026	2139	2008	1997	1974	2005	2079	1984	2017	2039	2011
304998	62	126	14	78	142	30	94	158	46	110	174	2052	1992	2130	2039	2027	1997	2032	2053	2006	2020	1993	2025
304998	62	126	14	78	142	30	94	158	46	110	174	2077	1985	2143	2051	2034	1995	2063	2046	2010	2021	1975	2028
304998	62	126	14	78	142	30	94	158	46	110	174	2048	2013	2138	2039	2017	1978	2031	2056	2000	2018	2005	2018
304998	62	126	14	78	142	30	94	158	46	110	174	2000	2049	2127	2010	1987	1954	2002	2084	1972	2017	2056	2005
304998	62	126	14	78	142	30	94	158	46	110	174	1970	2060	2131	1995	1962	1950	1985	2092	1955	2020	2087	2006
304998	62	126	14	78	142	30	94	158	46	110	174	1979	2042	2134	1997	1981	1958	1988	2086	1966	2020	2066	2013
304998	62	126	14	78	142	30	94	158	46	110	174	2025	2012	2137	2026	2003	1986	2015	2059	1999	2021	2011	2018
304998	62	126	14	78	142	30	94	158	46	110	174	2069	1990	2139	2050	2036	1995	2045	2045	2020	2020	1972	2016
304998	62	126	14	78	142	30	94	158	46	110	174	2069	1993	2128	2050	2037	1988	2037	2048	2006	2020	1986	2016
304998	62	126	14	78	142	30	94	158	46	110	174	2035	2022	2128	2027	2000	1970	2029	2076	1983	2017	2031	2015
304998	62	126	14	78	142	30	94	158	46	110	174	1978	2050	2144	2002	1970	1948	2003	2091	1958	2016	2073	2016
304998	62	126	14	78	142	30	94	158	46	110	174	1967	2056	2142	1995	1958	1949	1990	2094	1963	2022	2076	1997
304998	62	126	14	78	142	30	94	158	46	110	174	1999	2036	2140	2013	1995	1966	2009	2077	1984	2021	2050	2005
304998	62	126	14	78	142	30	94	158	46	110	174	2048	2002	2127	2040	2026	1988	2035	2058	2009	2022	1995	2023
304998	62	126	14	78	142	30	94	158	46	110	174	2084	1980	2122	2054	2026	2010	2051	2046	2011	2020	1972	2031
304998	62	126	14	78	142	30	94	158	46	110	174	2060	2001	2133	2037	2021	1983	2033	2054	1998	2020	1998	2015
304998	62	126	14	78	142	30	94	158	46	110	174	2004	2038	2140	2018	1980	1960	2012	2079	1978	2020	2051	2000
304998	62	126	14	78	142	30	94	158	46	110	174	1960	2065	2147	1992	1963	1944	1977	2093	1961	2016	2089	2004
304998	62	126	14	78	142	30	94	158	46	110	174	1976	2054	2128	1999	1976	1950	1994	2091	1973	2020	2068	2008
304998	62	126	14	78	142	30	94	158	46	110	174	2023	2014	2128	2025	2003	1983	2020	2063	1995	2022	2016	2017
304998	62	126	14	78	142	30	94	158	46	110	174	2077	1985	2133	2043	2036	2003	2047	2046	2015	2020	1974	2023
304998	62	126	14	78	142	30	94	158	46	110	174	2076	1988	2132	2047	2035	1998	2045	2049	2015	2016	1981	2018
304998	62	126	14	78	142	30	94	158	46	110	174	2034	2019	2135	2028	2001	1971	2025	2064	1987	2018	2026	2015
304998	62	126	14	78	142	30	94	158	46	110	174	1982	2053	2139	2003	1975	1946	2001	2090	1958	2022	2071	2009
304998	62	126	14	78	142	30	94	158	46	110	174	1968	2065	2132	1995	1967	1945	1981	2090	1955	2021	2081	2004
304998	62	126	14	78	142	30	94	158	46	110	174	1996	2033	2133	2011	1989	1966	1996	2078	1987	2019	2047	2003
304998	62	126	14	78	142	30	94	158	46	110	174	2047	1994	2140	2035	2021	1990	2028	2062	2007	2018	2004	2023
304998	62	126	14	78	142	30	94	158	46	110	174	2077	1987	2135	2057	2024	2001	2045	2049	2017	2018	1978	2030
304998	62	126	14	78	142	30	94	158	46	110	174	2060	2005	2130	2038	2027	1981	2040	2052	1999	2020	1990	2019
304998	62	126	14	78	142	30	94	158	46	110	174	2017	2036	2126	2019	1990	1959	2016	2074	1976	2017	2038	2005
304998	62	126	14	78	142	30	94	158	46	110	174	1967	2051	2142	1998	1967	1941	1987	2091	1961	2016	2082	1996
304998	62	126	14	78	142	30	94	158	46	110	174	1974	2052	2142	1993	1976	1951	2013	2097	1969	2018	2075	2005
304998	62	126	14	78	142	30	94	158	46	110	174	2015	2019	2148	2024	1995	1981	2025	2072	1989	2018	2023	2021
304998	62	126	14	78	142	30	94	158	46	110	174	2060	1994	2126	2039	2034	1994	2039	2052	2006	2020	1980	2025
304998	62	126	14	78	142	30	94	158	46	110	174	2078	1988	2123	2050	2027	1999	2048	2045	2020	2018	1973	2014
304998	62	126	14	78	142	30	94	158	46	110	174	2036	2005	2140	2041	2000	1977	2025	2066	1991	2021	2020	2013
304998	62	126	14	78	142	30	94	158	46	110	174	1994	2046	2145	2008	1983	1951	2000	2087	1961	2021	2068	2005
304998	62	126	14	78	142	30	94	158	46	110	174	1965	2064	2149	1990	1963	1949	1981	2090	1956	2018	2078	2001
304998	62	126	14	78	142	30	94	158	46	110	174	1987	2048	2135	2004	1986	1964	2007	2081	1987	2021	2048	2007
304998	62	126	14	78	142	30	94	158	46	110	174	2041	2008	2125	2032	2019	1984	2025	2064	2007	2022	2006	2013
304998	62	126	14	78	142	30	94	158	46	110	174	2076	1976	2125	2048	2034	2000	2043	2043	2016	2020	1977	2029
304998	62	126	14	78	142	30	94	158	46	110	174	2070	1993	2136	2044	2029	1988	2049	2052	2004	2017	1990	2031
304998	62	126	14	78	142	30	94	158	46	110	174	2018	2029	2144	2024	1992	1968	2028	2068	1976	2017	2034	2011
304998	62	126	14	78	142	30	94	158	46	110	174	1974	2062	2145	2000	1967	1943	1987	2092	1965	2021	2076	1997
304998	62	126	14	78	142	30	94	158	46	110	174	1971	2060	2137	1995	1974	1946	1994	2099	1967	2017	2083	2003
304998	62	126	14	78	142	30	94	158	46	110	174	2009	2027	2136	2022	1987	1969	2021	2073	1987	2018	2031	2017
304998	62	126	14	78	142	30	94	158	46	110	174	2056	1990	2133	2042	2032	1996	2037	2046	2006	2021	1985	2027
304998	62	126	14	78	142	30	94	158	46	110	174	2079	1984	2138	2048	2023	2006	2049	2051	2016	2018	1970	2022
304998	62	126	14	78	142	30	94	158	46	110	174	2041	2008	2147	2032	2014	1983	2025	2059	1998	2017	2008	2004
304998	62	126	14	78	142	30	94	158	46	110	174	2000	2046	2134	2010	1983	1950	2009	2081	1963	2020	2063	2009
304998	62	126	14	78	142	30	94	158	46	110	174	1965	2060	2148	2003	1955	1940	1988	2092	1953	2017	2082	2005
304998	62	126	14	78	142	30	94	158	46	110	174	1986	2043	2136	2005	1987	1957	1987	2083	1974	2019	2058	2003
304998	62	126	14	78	142	30	94	158	46	110	174	2031	2010	2139	2030	2012	1993	2022	2062	2006	2022	2006	2011
304998	62	126	14	78	142	30	94	158	46	110	174	2064	1985	2138	2047	2037	2003	2044	2047	2018	2018	1979	2025
304998	62	126	14	78	142	30	94	158	46	110	174	2073	1996	2123	2043	2029	1993	2048	2054	2001	2022	1984	2024
304998	62	126	14	78	142	30	94	158	46	110	174	2027	2021	2135	2026	2005	1961	2019	2073	1984	2016	2031	2017
304998	62	126	14	78	142	30	94	158	46	110	174	1983	2055	2141	2002	1978	1945	1998	2091	1969	2020	2076	1998
304998	62	126	14	78	142	30	94	158	46	110	174	1967	2054	2149	1997	1965	1950	1995	2094	1961	2017	2079	1997
304998	62	126	14	78	142	30	94	158	46	110	174	2003	2036	2138	2014	1994	1973	2013	2075	1983	2022	2043	2012
304998	62	126	14	78	142	30	94	158	46	110	174	2056	1998	2119	2040	2024	1996	2028	2051	2008	2019	1989	2028
304998	62	126	14	78	142	30	94	158	46	110	174	2081	1982	2122	2050	2033	2001	2051	2045	2021	2016	1969	2025
304998	62	126	14	78	142	30	94	158	46	110	174	2051	1999	2137	2040	2018	1980	2033	2056	2001	2020	2000	2013
304998	62	126	14	78	142	30	94	158	46	110	174	2004	2039	2144	2017	1983	1957	2014	2085	1964	2017	2058	2000
304998	62	126	14	78	142	30	94	158	46	110	174	1971	2068	2146	2001	1963	1942	1991	2097	1953	2022	2085	2000
304998	62	126	14	78	142	30	94	158	46	110	174	1972	2052	2132	1997	1976	1956	1999	2081	1975	2017	2062	2010
304998	62	126	14	78	142	30	94	158	46	110	174	2028	2013	2122	2024	2008	1984	2028	2065	2000	2021	2014	2014
304998	62	126	14	78	142	30	94	158	46	110	174	2074	1982	2130	2045	2041	1999	2042	2046	2012	2021	1977	2020
304998	62	126	14	78	142	30	94	158	46	110	174	2078	1987	2130	2046	2032	1992	2049	2049	2006	2021	1985	2025
304998	62	126	14	78	142	30	94	158	46	110	174	2033	2021	2142	2029	1999	1972	2027	2064	1980	2020	2026	2018
304998	62	126	14	78	142	30	94	158	46	110	174	1983	2056	2143	2002	1974	1947	1999	2084	1965	2022	2069	2004
304998	62	126	14	78	142	30	94	158	46	110	174	1970	2062	2132	1998	1964	1946	1993	2095	1954	2018	2073	1993
304998	62	126	14	78	142	30	94	158	46	110	174	1999	2029	2136	2012	1995	1962	2003	2076	1979	2022	2048	2005
304998	62	126	14	78	142	30	94	158	46	110	174	2052	1998	2130	2033	2026	1993	2033	2052	2005	2020	1993	2026
304998	62	126	14	78	142	30	94	158	46	110	174	2078	1984	2139	2048	2039	2001	2065	2046	2021	2016	1973	2031
304998	62	126	14	78	142	30	94	158	46	110	174	2057	2004	2128	2040	2022	1986	2038	2058	2001	2022	1996	2021
304998	62	126	14	78	142	30	94	158	46	110	174	2015	2041	2136	2020	1983	1959	2016	2083	1971	2020	2045	1998
304998	62	126	14	78	142	30	94	158	46	110	174	1973	2058	2143	1998	1972	1936	1990	2094	1954	2017	2084	1994
304998	62	126	14	78	142	30	94	158	46	110	174	1974	2045	2143	2002	1983	1955	1990	2080	1967	2017	2068	2010
304998	62	126	14	78	142	30	94	158	46	110	174	2022	2013	2140	2025	2008	1982	2030	2067	1999	2019	2019	2022
304998	62	126	14	78	142	30	94	158	46	110	174	2070	1990	2126	2041	2032	2003	2050	2049	2011	2018	1975	2031
304998	62	126	14	78	142	30	94	158	46	110	174	2077	1989	2122	2048	2031	1997	2046	2051	2007	2022	1976	2018
304998	62	126	14	78	142	30	94	158	46	110	174	2038	2009	2132	2032	2010	1970	2026	2063	1986	2020	2022	2014
304998	62	126	14	78	142	30	94	158	46	110	174	1991	2048	2148	2008	1979	1948	2002	2085	1973	2017	2071	2003
304998	62	126	14	78	142	30	94	158	46	110	174	1966	2063	2149	1997	1965	1949	1988	2092	1954	2018	2076	1999
304998	62	126	14	78	142	30	94	158	46	110	174	1996	2041	2140	2012	1990	1965	2008	2079	1974	2020	2047	2009
304998	62	126	14	78	142	30	94	158	46	110	174	2042	2000	2129	2035	2014	1989	2025	2052	2005	2017	2003	2015
304998	62	126	14	78	142	30	94	158	46	110	174	2078	1979	2122	2048	2030	2000	2048	2046	2020	2018	1977	2032
304998	62	126	14	78	142	30	94	158	46	110	174	2065	1993	2131	2045	2021	1983	2036	2056	2006	2020	1993	2023
304998	62	126	14	78	142	30	94	158	46	110	174	2017	2031	2145	2022	1987	1963	2024	2077	1970	2016	2039	2010
304998	62	126	14	78	142	30	94	158	46	110	174	1970	2062	2147	2000	1975	1938	1996	2091	1954	2017	2077	1992
304998	62	126	14	78	142	30	94	158	46	110	174	1969	2054	2140	1997	1974	1950	1986	2080	1967	2022	2071	2001
304998	62	126	14	78	142	30	94	158	46	110	174	2016	2020	2128	2028	1999	1970	2015	2075	1996	2021	2028	2020
304998	62	126	14	78	142	30	94	158	46	110	174	2063	1983	2133	2040	2033	1995	2042	2049	2014	2018	1981	2035
304998	62	126	14	78	142	30	94	158	46	110	174	2078	1980	2133	2051	2030	2007	2054	2046	2009	2018	1973	2030
304998	62	126	14	78	142	30	94	158	46	110	174	2042	2017	2140	2033	2015	1975	2034	2057	1987	2021	2012	2005
304998	62	126	14	78	142	30	94	158	46	110	174	1985	2049	2144	2008	1983	1953	1996	2085	1965	2018	2066	2001
304998	62	126	14	78	142	30	94	158	46	110	174	1966	2062	2136	2000	1963	1939	1990	2098	1954	2020	2082	2001
304998	62	126	14	78	142	30	94	158	46	110	174	1984	2034	2141	2008	1991	1955	1996	2080	1974	2021	2052	2015
304998	62	126	14	78	142	30	94	158	46	110	174	2038	2007	2133	2032	2020	1986	2034	2056	1995	2018	1997	2017
304998	62	126	14	78	142	30	94	158	46	110	174	2076	1983	2128	2050	2035	2001	2052	2049	2022	2021	1975	2024
304998	62	126	14	78	142	30	94	158	46	110	174	2065	1994	2129	2042	2026	1994	2041	2052	2004	2022	1991	2022
304998	62	126	14	78	142	30	94	158	46	110	174	2023	2026	2133	2023	1993	1963	2021	2071	1977	2021	2040	2013
304998	62	126	14	78	142	30	94	158	46	110	174	1974	2051	2149	2001	1974	1938	1995	2087	1956	2022	2074	1997
304998	62	126	14	78	142	30	94	158	46	110	174	1972	2055	2147	2003	1980	1943	1991	2083	1968	2020	2068	1998
304998	62	126	14	78	142	30	94	158	46	110	174	2005	2025	2140	2019	2003	1971	2009	2072	1989	2018	2040	2006
304998	62	126	14	78	142	30	94	158	46	110	174	2056	2000	2126	2034	2025	2002	2045	2058	2008	2022	1992	2030
304998	62	126	14	78	142	30	94	158	46	110	174	2078	1984	2125	2049	2031	2002	2047	2048	2012	2021	1979	2034
304998	62	126	14	78	142	30	94	158	46	110	174	2051	2003	2129	2031	2017	1975	2036	2056	1996	2017	2002	2015
304998	62	126	14	78	142	30	94	158	46	110	174	2000	2042	2148	2015	1991	1948	1997	2078	1974	2020	2054	1995
304998	62	126	14	78	142	30	94	158	46	110	174	1963	2063	2153	2000	1976	1943	1985	2087	1955	2022	2085	1990
304998	62	126	14	78	142	30	94	158	46	110	174	1986	2048	2147	2003	1987	1957	1992	2080	1969	2020	2064	2012
304998	62	126	14	78	142	30	94	158	46	110	174	2030	2014	2131	2029	2011	1986	2022	2061	1996	2022	2011	2023
304998	62	126	14	78	142	30	94	158	46	110	174	2078	1982	2115	2047	2031	2002	2048	2043	2020	2020	1971	2028
304998	62	126	14	78	142	30	94	158	46	110	174	2072	1987	2128	2048	2032	1988	2042	2051	2010	2020	1982	2016
304998	62	126	14	78	142	30	94	158	46	110	174	2027	2019	2147	2027	2005	1972	2026	2071	1979	2018	2032	2010
304998	62	126	14	78	142	30	94	158	46	110	174	1984	2057	2147	2003	1981	1943	2002	2089	1956	2016	2074	2006
304998	62	126	14	78	142	30	94	158	46	110	174	1970	2061	2140	1995	1971	1946	1992	2086	1966	2020	2077	2008
304998	62	126	14	78	142	30	94	158	46	110	174	2001	2023	2133	2015	1988	1965	2004	2076	1989	2022	2031	2006
304998	62	126	14	78	142	30	94	158	46	110	174	2055	1990	2129	2040	2026	1996	2042	2063	2010	2020	1993	2018
304998	62	126	14	78	142	30	94	158	46	110	174	2071	1980	2138	2050	2029	2009	2042	2047	2013	2017	1982	2030
304998	62	126	14	78	142	30	94	158	46	110	174	2054	2008	2132	2040	2018	1984	2041	2056	2002	2019	2003	2021
304998	62	126	14	78	142	30	94	158	46	110	174	2002	2040	2136	2015	1989	1954	2002	2077	1975	2020	2047	2004
304998	62	126	14	78	142	30	94	158	46	110	174	1972	2058	2142	2001	1958	1942	1984	2091	1951	2017	2076	1991
304998	62	126	14	78	142	30	94	158	46	110	174	1979	2044	2144	2005	1979	1950	1992	2084	1969	2021	2069	1999
304998	62	126	14	78	142	30	94	158	46	110	174	2026	2015	2134	2029	2004	1982	2018	2064	1997	2021	2020	2021
304998	62	126	14	78	142	30	94	158	46	110	174	2063	1985	2135	2047	2034	2002	2036	2042	2023	2019	1978	2038
304998	62	126	14	78	142	30	94	158	46	110	174	2075	1996	2119	2047	2031	1993	2055	2054	2008	2018	1982	2026
