304998	62	126	14	78	142	30	94	158	46	110	174	1981	2064	2149	1996	1986	1951	1996	2097	1974	2019	2063	2003
304998	62	126	14	78	142	30	94	158	46	110	174	2012	2039	2127	2011	1992	1980	2015	2082	1986	2018	2034	2008
304998	62	126	14	78	142	30	94	158	46	110	174	2039	1996	2115	2026	2015	2002	2022	2064	2005	2016	2006	2032
304998	62	126	14	78	142	30	94	158	46	110	174	2056	1995	2112	2033	2018	2001	2027	2051	2015	2017	1995	2044
304998	62	126	14	78	142	30	94	158	46	110	174	2040	2017	2136	2028	1997	1983	2025	2071	2000	2018	2015	2020
304998	62	126	14	78	142	30	94	158	46	110	174	2004	2054	2149	2008	1990	1958	2017	2091	1972	2018	2050	2000
304998	62	126	14	78	142	30	94	158	46	110	174	1985	2072	2149	1992	1978	1950	1994	2103	1955	2021	2071	1985
304998	62	126	14	78	142	30	94	158	46	110	174	1994	2052	2138	1996	1993	1969	2001	2086	1972	2020	2057	2010
304998	62	126	14	78	142	30	94	158	46	110	174	2028	2015	2120	2017	2010	1987	2011	2073	2009	2022	2017	2035
304998	62	126	14	78	142	30	94	158	46	110	174	2053	1996	2117	2032	2018	2006	2047	2063	2017	2022	1992	2036
304998	62	126	14	78	142	30	94	158	46	110	174	2048	2006	2121	2034	2015	1993	2027	2063	2008	2020	1997	2025
304998	62	126	14	78	142	30	94	158	46	110	174	2019	2038	2130	2015	2001	1970	2009	2072	1984	2021	2037	2011
304998	62	126	14	78	142	30	94	158	46	110	174	1993	2058	2152	1997	1986	1951	2003	2091	1970	2017	2067	1997
304998	62	126	14	78	142	30	94	158	46	110	174	1984	2062	2147	1994	1983	1950	1995	2099	1968	2020	2067	2003
304998	62	126	14	78	142	30	94	158	46	110	174	2008	2034	2141	2008	1989	1973	2007	2082	1986	2018	2036	2008
304998	62	126	14	78	142	30	94	158	46	110	174	2038	2010	2120	2025	2019	1999	2020	2060	2009	2020	2005	2026
304998	62	126	14	78	142	30	94	158	46	110	174	2051	2002	2109	2032	2021	2008	2046	2056	2018	2020	1999	2037
304998	62	126	14	78	142	30	94	158	46	110	174	2044	2014	2117	2026	2009	1988	2029	2069	1998	2019	2014	2028
304998	62	126	14	78	142	30	94	158	46	110	174	2008	2043	2144	2007	1993	1952	2005	2085	1975	2020	2045	2003
304998	62	126	14	78	142	30	94	158	46	110	174	1987	2062	2155	1997	1972	1947	1999	2097	1957	2021	2064	1982
304998	62	126	14	78	142	30	94	158	46	110	174	1989	2055	2149	1996	1986	1955	2003	2089	1969	2016	2060	1999
304998	62	126	14	78	142	30	94	158	46	110	174	2019	2027	2126	2013	2004	1986	2015	2071	2001	2018	2025	2025
304998	62	126	14	78	142	30	94	158	46	110	174	2054	2000	2104	2033	2024	2002	2033	2061	2017	2017	1993	2041
304998	62	126	14	78	142	30	94	158	46	110	174	2054	1997	2114	2031	2016	1993	2029	2056	2011	2018	1993	2030
304998	62	126	14	78	142	30	94	158	46	110	174	2024	2025	2136	2019	2002	1969	2019	2075	1981	2020	2024	2008
304998	62	126	14	78	142	30	94	158	46	110	174	1994	2056	2166	2006	1985	1948	2001	2085	1970	2016	2065	1995
304998	62	126	14	78	142	30	94	158	46	110	174	1984	2074	2155	1995	1986	1949	1990	2103	1967	2022	2069	1997
304998	62	126	14	78	142	30	94	158	46	110	174	2005	2044	2131	2011	1989	1978	2011	2084	1984	2018	2039	2019
304998	62	126	14	78	142	30	94	158	46	110	174	2026	1999	2122	2024	2007	1996	2024	2065	2006	2022	2005	2026
304998	62	126	14	78	142	30	94	158	46	110	174	2063	1993	2109	2035	2021	2000	2043	2057	2012	2020	1995	2038
304998	62	126	14	78	142	30	94	158	46	110	174	2042	2006	2132	2033	2005	1986	2022	2059	2008	2020	2015	2023
304998	62	126	14	78	142	30	94	158	46	110	174	2013	2043	2144	2009	1998	1959	2013	2090	1971	2021	2043	2015
304998	62	126	14	78	142	30	94	158	46	110	174	1986	2069	2150	1996	1981	1949	2004	2095	1957	2020	2064	1991
304998	62	126	14	78	142	30	94	158	46	110	174	1987	2056	2147	2000	1975	1958	2000	2089	1970	2022	2053	1994
304998	62	126	14	78	142	30	94	158	46	110	174	2019	2023	2122	2012	2005	1981	2012	2073	2004	2018	2034	2016
304998	62	126	14	78	142	30	94	158	46	110	174	2050	1999	2112	2033	2010	2012	2028	2061	2016	2022	2004	2038
304998	62	126	14	78	142	30	94	158	46	110	174	2051	2001	2122	2032	2023	1999	2027	2061	2016	2021	1995	2040
304998	62	126	14	78	142	30	94	158	46	110	174	2032	2027	2136	2018	2008	1978	2015	2074	1981	2021	2024	2016
304998	62	126	14	78	142	30	94	158	46	110	174	2001	2055	2146	2008	1973	1951	2011	2085	1970	2022	2050	1988
304998	62	126	14	78	142	30	94	158	46	110	174	1983	2063	2149	1998	1984	1939	1989	2096	1964	2019	2071	1984
304998	62	126	14	78	142	30	94	158	46	110	174	1995	2041	2144	2005	1981	1980	2006	2094	1975	2022	2048	2008
304998	62	126	14	78	142	30	94	158	46	110	174	2026	2014	2129	2018	2014	1996	2022	2063	2003	2021	2011	2031
304998	62	126	14	78	142	30	94	158	46	110	174	2059	2001	2108	2031	2023	2007	2061	2055	2014	2022	1987	2043
304998	62	126	14	78	142	30	94	158	46	110	174	2048	2012	2118	2033	1996	1997	2029	2059	2009	2017	2002	2019
304998	62	126	14	78	142	30	94	158	46	110	174	2017	2037	2134	2018	1997	1961	2005	2089	1979	2022	2042	2006
304998	62	126	14	78	142	30	94	158	46	110	174	1991	2059	2154	1998	1978	1949	2004	2101	1958	2020	2067	1991
304998	62	126	14	78	142	30	94	158	46	110	174	1981	2052	2157	1997	1982	1953	1995	2092	1966	2022	2058	1999
304998	62	126	14	78	142	30	94	158	46	110	174	2012	2033	2131	2011	2004	1976	2011	2074	1998	2021	2028	2015
304998	62	126	14	78	142	30	94	158	46	110	174	2047	2005	2113	2030	2014	2000	2023	2060	2019	2018	1999	2028
304998	62	126	14	78	142	30	94	158	46	110	174	2063	2000	2102	2034	2017	1997	2036	2059	2014	2019	1996	2036
304998	62	126	14	78	142	30	94	158	46	110	174	2037	2012	2123	2023	2010	1979	2029	2072	1987	2017	2017	2027
304998	62	126	14	78	142	30	94	158	46	110	174	1997	2043	2158	2008	1984	1958	1998	2081	1970	2021	2051	1997
304998	62	126	14	78	142	30	94	158	46	110	174	1981	2064	2164	2002	1975	1950	1995	2091	1969	2017	2061	1985
304998	62	126	14	78	142	30	94	158	46	110	174	1992	2054	2143	1999	1988	1963	2006	2091	1975	2019	2054	1999
304998	62	126	14	78	142	30	94	158	46	110	174	2029	2018	2111	2020	2009	1984	2019	2076	1996	2020	2019	2028
304998	62	126	14	78	142	30	94	158	46	110	174	2057	1995	2102	2031	2023	2002	2039	2060	2013	2018	1990	2050
304998	62	126	14	78	142	30	94	158	46	110	174	2048	1996	2122	2032	2015	1990	2040	2055	2011	2022	1999	2030
304998	62	126	14	78	142	30	94	158	46	110	174	2019	2035	2147	2021	1997	1971	2012	2083	1980	2016	2031	2007
304998	62	126	14	78	142	30	94	158	46	110	174	1990	2065	2160	1997	1986	1944	2001	2092	1956	2017	2062	1985
304998	62	126	14	78	142	30	94	158	46	110	174	1988	2065	2146	1998	1972	1952	2004	2097	1964	2018	2064	1996
304998	62	126	14	78	142	30	94	158	46	110	174	2008	2033	2126	2008	2001	1968	2014	2078	1991	2017	2031	2018
304998	62	126	14	78	142	30	94	158	46	110	174	2036	2003	2111	2028	2017	2001	2020	2062	2020	2022	1996	2035
304998	62	126	14	78	142	30	94	158	46	110	174	2058	1995	2112	2038	2018	2009	2040	2067	2013	2017	1994	2031
304998	62	126	14	78	142	30	94	158	46	110	174	2033	2018	2133	2020	2010	1981	2025	2070	1996	2018	2019	2023
304998	62	126	14	78	142	30	94	158	46	110	174	2010	2054	2143	2008	1990	1950	2023	2088	1971	2017	2045	2007
304998	62	126	14	78	142	30	94	158	46	110	174	1986	2066	2150	1993	1987	1942	1996	2093	1966	2021	2062	1991
304998	62	126	14	78	142	30	94	158	46	110	174	1993	2048	2142	1995	1994	1957	1999	2088	1975	2017	2044	1996
304998	62	126	14	78	142	30	94	158	46	110	174	2025	2017	2129	2015	2010	1990	2021	2069	1998	2017	2022	2019
304998	62	126	14	78	142	30	94	158	46	110	174	2046	1993	2123	2032	2017	1999	2028	2054	2012	2018	1999	2045
304998	62	126	14	78	142	30	94	158	46	110	174	2050	2006	2112	2032	2016	1994	2034	2061	2009	2021	1998	2043
304998	62	126	14	78	142	30	94	158	46	110	174	2027	2030	2131	2018	2002	1969	2015	2077	1991	2017	2028	2008
304998	62	126	14	78	142	30	94	158	46	110	174	1996	2053	2149	2000	1990	1948	1996	2090	1964	2021	2058	1989
304998	62	126	14	78	142	30	94	158	46	110	174	1987	2061	2158	1991	1989	1948	2011	2096	1956	2017	2068	1986
304998	62	126	14	78	142	30	94	158	46	110	174	2009	2039	2141	2005	1995	1966	2009	2080	1981	2021	2040	2016
304998	62	126	14	78	142	30	94	158	46	110	174	2040	2015	2114	2023	2016	1997	2026	2065	2015	2016	2006	2040
304998	62	126	14	78	142	30	94	158	46	110	174	2059	2002	2101	2034	2021	2006	2044	2062	2016	2019	1993	2040
304998	62	126	14	78	142	30	94	158	46	110	174	2045	2007	2121	2023	2013	1983	2033	2065	1999	2020	2010	2019
304998	62	126	14	78	142	30	94	158	46	110	174	2014	2045	2146	2008	1997	1957	2013	2083	1970	2018	2050	2001
304998	62	126	14	78	142	30	94	158	46	110	174	1985	2063	2163	1997	1965	1950	1994	2091	1964	2016	2061	1996
304998	62	126	14	78	142	30	94	158	46	110	174	1986	2054	2150	1995	1988	1950	1998	2089	1972	2021	2054	2001
304998	62	126	14	78	142	30	94	158	46	110	174	2025	2031	2120	2017	2008	1982	2039	2077	1998	2017	2018	2016
304998	62	126	14	78	142	30	94	158	46	110	174	2050	1998	2106	2028	2022	2004	2030	2058	2012	2019	2002	2039
304998	62	126	14	78	142	30	94	158	46	110	174	2062	1999	2107	2032	2022	2005	2039	2061	2013	2016	2000	2045
304998	62	126	14	78	142	30	94	158	46	110	174	2033	2028	2134	2022	1995	1981	2016	2077	1995	2020	2024	2019
304998	62	126	14	78	142	30	94	158	46	110	174	2000	2063	2155	2003	1990	1946	2004	2094	1964	2016	2050	1996
304998	62	126	14	78	142	30	94	158	46	110	174	1985	2073	2159	1991	1989	1942	2009	2100	1957	2017	2058	1982
304998	62	126	14	78	142	30	94	158	46	110	174	2005	2045	2128	2004	1997	1965	2005	2083	1982	2019	2047	2013
304998	62	126	14	78	142	30	94	158	46	110	174	2036	2013	2107	2018	2015	1992	2036	2071	2017	2017	2010	2039
304998	62	126	14	78	142	30	94	158	46	110	174	2062	1994	2110	2031	2017	2007	2043	2057	2021	2020	1991	2047
304998	62	126	14	78	142	30	94	158	46	110	174	2044	2013	2123	2026	2013	1988	2029	2068	1995	2021	2001	2027
304998	62	126	14	78	142	30	94	158	46	110	174	2020	2046	2149	2009	2002	1955	2009	2084	1970	2019	2040	1995
304998	62	126	14	78	142	30	94	158	46	110	174	1987	2070	2156	1995	1989	1943	1997	2094	1966	2022	2067	1989
304998	62	126	14	78	142	30	94	158	46	110	174	1998	2060	2143	1994	1993	1950	2006	2097	1973	2017	2054	2003
304998	62	126	14	78	142	30	94	158	46	110	174	2017	2027	2125	2009	2005	1984	2019	2079	1993	2017	2022	2018
304998	62	126	14	78	142	30	94	158	46	110	174	2050	1999	2110	2025	2016	2002	2028	2061	2013	2018	1997	2032
304998	62	126	14	78	142	30	94	158	46	110	174	2057	2000	2112	2028	2019	1998	2033	2053	2016	2016	2000	2039
304998	62	126	14	78	142	30	94	158	46	110	174	2039	2029	2129	2018	2010	1976	2031	2081	1997	2022	2021	2018
304998	62	126	14	78	142	30	94	158	46	110	174	2004	2060	2148	2003	1996	1950	2019	2093	1964	2021	2049	1998
304998	62	126	14	78	142	30	94	158	46	110	174	1993	2064	2151	1989	1988	1943	1996	2100	1959	2017	2060	1985
304998	62	126	14	78	142	30	94	158	46	110	174	2005	2046	2145	1997	1991	1962	2008	2085	1979	2018	2045	1998
304998	62	126	14	78	142	30	94	158	46	110	174	2034	2016	2119	2018	2011	1988	2031	2076	2009	2022	2016	2037
304998	62	126	14	78	142	30	94	158	46	110	174	2056	1999	2107	2032	2021	2001	2051	2068	2018	2018	1997	2049
304998	62	126	14	78	142	30	94	158	46	110	174	2048	2013	2114	2023	2015	1996	2028	2067	2001	2018	1998	2026
304998	62	126	14	78	142	30	94	158	46	110	174	2025	2037	2133	2009	2003	1965	2016	2086	1974	2021	2029	2001
304998	62	126	14	78	142	30	94	158	46	110	174	1993	2062	2157	1996	1984	1947	1998	2092	1966	2022	2064	1986
304998	62	126	14	78	142	30	94	158	46	110	174	1985	2060	2156	1991	1982	1955	1996	2099	1969	2016	2060	1996
304998	62	126	14	78	142	30	94	158	46	110	174	2014	2033	2138	2008	2002	1968	2019	2084	1986	2020	2030	2022
304998	62	126	14	78	142	30	94	158	46	110	174	2039	2011	2110	2025	2010	2012	2022	2060	2009	2021	1998	2037
304998	62	126	14	78	142	30	94	158	46	110	174	2061	2001	2099	2035	2017	2005	2034	2057	2019	2018	1996	2035
304998	62	126	14	78	142	30	94	158	46	110	174	2038	2015	2126	2018	2011	1983	2022	2077	1997	2019	2020	2026
304998	62	126	14	78	142	30	94	158	46	110	174	2007	2049	2149	2001	1993	1953	2032	2099	1970	2021	2047	2001
304998	62	126	14	78	142	30	94	158	46	110	174	1984	2073	2166	1991	1984	1938	2004	2105	1955	2017	2061	1989
304998	62	126	14	78	142	30	94	158	46	110	174	1998	2056	2148	1995	1998	1959	2005	2088	1971	2022	2047	2001
304998	62	126	14	78	142	30	94	158	46	110	174	2026	2022	2121	2014	2003	1996	2012	2070	2010	2022	2018	2024
304998	62	126	14	78	142	30	94	158	46	110	174	2058	1999	2097	2028	2020	2010	2036	2062	2017	2018	1997	2049
304998	62	126	14	78	142	30	94	158	46	110	174	2053	2004	2114	2029	2015	1996	2030	2064	2008	2021	1997	2037
304998	62	126	14	78	142	30	94	158	46	110	174	2023	2033	2137	2013	2001	1970	2019	2078	1979	2021	2026	2004
304998	62	126	14	78	142	30	94	158	46	110	174	1994	2063	2166	1997	1987	1941	1999	2094	1968	2017	2059	1985
304998	62	126	14	78	142	30	94	158	46	110	174	1988	2073	2156	1988	1991	1949	2001	2104	1968	2021	2066	1990
304998	62	126	14	78	142	30	94	158	46	110	174	2015	2042	2128	2004	1995	1980	2030	2087	1988	2020	2037	2017
304998	62	126	14	78	142	30	94	158	46	110	174	2043	2006	2103	2020	2012	2003	2028	2063	2012	2022	2005	2041
304998	62	126	14	78	142	30	94	158	46	110	174	2062	1996	2104	2029	2010	2013	2037	2058	2020	2016	1990	2036
304998	62	126	14	78	142	30	94	158	46	110	174	2042	2012	2137	2023	2011	1982	2025	2076	2002	2020	2014	2023
304998	62	126	14	78	142	30	94	158	46	110	174	2010	2054	2150	2005	1999	1953	2022	2094	1974	2020	2048	2003
304998	62	126	14	78	142	30	94	158	46	110	174	1991	2076	2155	1999	1983	1948	2011	2103	1956	2021	2063	1993
304998	62	126	14	78	142	30	94	158	46	110	174	1992	2060	2144	1994	1997	1962	2008	2088	1970	2021	2047	1997
304998	62	126	14	78	142	30	94	158	46	110	174	2026	2021	2120	2013	2005	1985	2010	2074	2005	2018	2018	2019
304998	62	126	14	78	142	30	94	158	46	110	174	2052	2000	2109	2030	2018	2003	2026	2061	2012	2020	1999	2041
304998	62	126	14	78	142	30	94	158	46	110	174	2048	2002	2119	2033	2015	1996	2025	2058	2006	2016	1999	2044
304998	62	126	14	78	142	30	94	158	46	110	174	2023	2037	2136	2014	2007	1973	2019	2074	1987	2017	2023	2017
304998	62	126	14	78	142	30	94	158	46	110	174	1999	2064	2155	2003	1987	1947	2006	2093	1968	2017	2051	1987
304998	62	126	14	78	142	30	94	158	46	110	174	1987	2061	2153	1988	1984	1948	1998	2101	1963	2016	2066	1983
304998	62	126	14	78	142	30	94	158	46	110	174	2008	2038	2135	2004	1995	1972	2009	2091	1981	2022	2044	2010
304998	62	126	14	78	142	30	94	158	46	110	174	2033	2008	2117	2022	2014	1996	2025	2067	2008	2021	2006	2040
304998	62	126	14	78	142	30	94	158	46	110	174	2051	1998	2109	2028	2018	2002	2027	2052	2024	2017	1989	2041
304998	62	126	14	78	142	30	94	158	46	110	174	2043	2016	2118	2024	2012	1988	2021	2073	2002	2016	2010	2019
304998	62	126	14	78	142	30	94	158	46	110	174	2015	2049	2140	2006	1997	1960	2014	2084	1972	2020	2046	1997
304998	62	126	14	78	142	30	94	158	46	110	174	1990	2065	2155	1994	1986	1940	1995	2097	1951	2018	2064	1991
304998	62	126	14	78	142	30	94	158	46	110	174	1994	2055	2151	1995	1986	1950	2013	2096	1965	2018	2058	2000
304998	62	126	14	78	142	30	94	158	46	110	174	2012	2027	2130	2013	2004	1982	2008	2077	2004	2021	2021	2017
304998	62	126	14	78	142	30	94	158	46	110	174	2051	2002	2106	2028	2018	2006	2034	2067	2015	2020	1997	2032
304998	62	126	14	78	142	30	94	158	46	110	174	2058	2001	2105	2031	2015	2007	2038	2063	2013	2020	2003	2040
304998	62	126	14	78	142	30	94	158	46	110	174	2033	2023	2125	2016	2003	1978	2020	2071	1987	2020	2021	2021
304998	62	126	14	78	142	30	94	158	46	110	174	2000	2056	2155	1996	1988	1949	2001	2090	1973	2021	2051	1992
304998	62	126	14	78	142	30	94	158	46	110	174	1984	2063	2165	1996	1985	1940	1993	2104	1960	2016	2061	1979
304998	62	126	14	78	142	30	94	158	46	110	174	1993	2046	2154	2002	1997	1964	2004	2084	1974	2022	2046	2002
304998	62	126	14	78	142	30	94	158	46	110	174	2038	2017	2108	2021	2011	1995	2028	2070	1998	2021	2015	2035
304998	62	126	14	78	142	30	94	158	46	110	174	2056	1998	2100	2028	2014	2006	2035	2056	2025	2020	1998	2050
304998	62	126	14	78	142	30	94	158	46	110	174	2045	1999	2109	2025	2015	1988	2020	2065	2008	2021	2002	2027
304998	62	126	14	78	142	30	94	158	46	110	174	2017	2036	2146	2013	1991	1966	2005	2081	1975	2021	2034	1998
304998	62	126	14	78	142	30	94	158	46	110	174	1983	2062	2177	1995	1986	1938	1996	2097	1956	2017	2067	1986
304998	62	126	14	78	142	30	94	158	46	110	174	1988	2064	2157	1996	1989	1952	2004	2089	1966	2018	2060	1996
304998	62	126	14	78	142	30	94	158	46	110	174	2013	2034	2129	2013	1998	1984	2008	2072	1999	2017	2026	2025
304998	62	126	14	78	142	30	94	158	46	110	174	2044	2002	2100	2026	2018	2002	2021	2065	2018	2021	1996	2041
304998	62	126	14	78	142	30	94	158	46	110	174	2055	1995	2107	2035	2016	2005	2026	2060	2018	2018	1996	2034
304998	62	126	14	78	142	30	94	158	46	110	174	2030	2016	2135	2023	2001	1981	2016	2070	1991	2022	2024	2019
304998	62	126	14	78	142	30	94	158	46	110	174	2003	2057	2156	2004	1995	1947	2004	2086	1971	2020	2055	1995
304998	62	126	14	78	142	30	94	158	46	110	174	1985	2072	2157	1991	1982	1953	1993	2097	1966	2016	2064	1992
304998	62	126	14	78	142	30	94	158	46	110	174	2003	2056	2134	2001	1985	1960	2001	2087	1971	2018	2045	1999
304998	62	126	14	78	142	30	94	158	46	110	174	2031	2015	2110	2017	2012	1990	2015	2074	2004	2017	2017	2025
