304998	62	126	14	78	142	30	94	158	46	110	174	2068	2002	2128	2042	2037	1995	2052	2052	1999	2016	1988	2018
304998	62	126	14	78	142	30	94	158	46	110	174	2053	2001	2140	2038	2017	1988	2033	2051	1998	2016	1999	2020
304998	62	126	14	78	142	30	94	158	46	110	174	2025	2030	2134	2018	2001	1963	2016	2080	1986	2017	2032	2015
304998	62	126	14	78	142	30	94	158	46	110	174	1986	2059	2137	1996	1972	1954	1991	2098	1973	2020	2058	2004
304998	62	126	14	78	142	30	94	158	46	110	174	1982	2059	2137	1987	1977	1954	2004	2097	1968	2017	2065	2008
304998	62	126	14	78	142	30	94	158	46	110	174	2013	2034	2138	2009	2003	1976	2018	2077	1982	2017	2034	2019
304998	62	126	14	78	142	30	94	158	46	110	174	2056	2006	2128	2036	2023	1988	2046	2049	2008	2020	1994	2017
304998	62	126	14	78	142	30	94	158	46	110	174	2068	1993	2134	2045	2031	1989	2047	2049	2005	2022	1981	2012
304998	62	126	14	78	142	30	94	158	46	110	174	2044	2015	2132	2028	2016	1975	2043	2075	1987	2018	2011	2007
304998	62	126	14	78	142	30	94	158	46	110	174	2002	2043	2139	2004	1986	1964	2006	2088	1970	2017	2054	2015
304998	62	126	14	78	142	30	94	158	46	110	174	1978	2065	2139	1989	1972	1956	1990	2098	1971	2022	2068	2020
304998	62	126	14	78	142	30	94	158	46	110	174	1987	2043	2138	1997	1980	1967	1993	2089	1983	2017	2047	2012
304998	62	126	14	78	142	30	94	158	46	110	174	2040	2017	2128	2024	2010	1981	2022	2067	1999	2020	2011	2001
304998	62	126	14	78	142	30	94	158	46	110	174	2067	1993	2139	2042	2033	1993	2052	2049	2003	2017	1989	2017
304998	62	126	14	78	142	30	94	158	46	110	174	2063	2001	2135	2041	2019	1992	2042	2053	1999	2018	1995	2021
304998	62	126	14	78	142	30	94	158	46	110	174	2022	2031	2139	2017	2004	1966	2019	2072	1987	2021	2028	2020
304998	62	126	14	78	142	30	94	158	46	110	174	1985	2059	2140	1995	1976	1957	1994	2099	1969	2017	2057	2003
304998	62	126	14	78	142	30	94	158	46	110	174	1985	2063	2129	1989	1973	1953	1992	2098	1968	2017	2071	2007
304998	62	126	14	78	142	30	94	158	46	110	174	2008	2034	2129	2008	2003	1967	2006	2077	1983	2018	2036	2020
304998	62	126	14	78	142	30	94	158	46	110	174	2049	1999	2134	2036	2024	1989	2037	2056	2008	2019	1998	2021
304998	62	126	14	78	142	30	94	158	46	110	174	2064	1992	2144	2045	2038	1990	2063	2054	2007	2017	1984	2013
304998	62	126	14	78	142	30	94	158	46	110	174	2046	2013	2142	2031	2013	1983	2038	2061	1991	2018	2011	2010
304998	62	126	14	78	142	30	94	158	46	110	174	2003	2047	2128	2009	1992	1962	2007	2085	1972	2016	2051	2015
304998	62	126	14	78	142	30	94	158	46	110	174	1983	2062	2125	1993	1972	1950	2000	2101	1971	2019	2066	2018
304998	62	126	14	78	142	30	94	158	46	110	174	1989	2046	2130	1994	1980	1964	2002	2100	1973	2020	2051	2011
304998	62	126	14	78	142	30	94	158	46	110	174	2028	2018	2134	2021	2011	1982	2029	2076	1987	2017	2015	2009
304998	62	126	14	78	142	30	94	158	46	110	174	2048	1990	2148	2047	2020	1995	2042	2049	2002	2018	1991	2013
304998	62	126	14	78	142	30	94	158	46	110	174	2063	2006	2134	2043	2032	1983	2043	2049	2006	2018	1992	2020
304998	62	126	14	78	142	30	94	158	46	110	174	2031	2023	2134	2021	2002	1967	2015	2075	1989	2019	2019	2014
304998	62	126	14	78	142	30	94	158	46	110	174	1997	2051	2126	1994	1981	1954	1991	2091	1970	2016	2053	2007
304998	62	126	14	78	142	30	94	158	46	110	174	1984	2056	2137	1988	1977	1959	1988	2096	1966	2016	2076	2005
304998	62	126	14	78	142	30	94	158	46	110	174	1998	2033	2144	2004	1988	1967	2002	2077	1989	2020	2042	2016
304998	62	126	14	78	142	30	94	158	46	110	174	2044	2007	2142	2033	2024	1985	2026	2056	2001	2022	2004	2020
304998	62	126	14	78	142	30	94	158	46	110	174	2071	2000	2136	2050	2032	1989	2045	2049	2000	2020	1978	2011
304998	62	126	14	78	142	30	94	158	46	110	174	2045	2007	2138	2035	2021	1981	2038	2058	1993	2021	2009	2007
304998	62	126	14	78	142	30	94	158	46	110	174	2010	2038	2129	2006	1996	1965	2016	2081	1980	2017	2047	2014
304998	62	126	14	78	142	30	94	158	46	110	174	1985	2056	2142	1988	1973	1954	1998	2096	1975	2018	2069	2017
304998	62	126	14	78	142	30	94	158	46	110	174	1982	2050	2143	1998	1986	1958	1999	2097	1973	2018	2057	2017
304998	62	126	14	78	142	30	94	158	46	110	174	2021	2027	2134	2016	2010	1970	2013	2070	1986	2021	2022	2005
304998	62	126	14	78	142	30	94	158	46	110	174	2056	2000	2137	2038	2036	1993	2039	2046	2006	2017	1994	2011
304998	62	126	14	78	142	30	94	158	46	110	174	2066	1995	2129	2047	2035	1987	2041	2049	2011	2022	1989	2021
304998	62	126	14	78	142	30	94	158	46	110	174	2040	2020	2133	2020	2005	1980	2027	2067	1989	2020	2020	2019
304998	62	126	14	78	142	30	94	158	46	110	174	1994	2051	2144	2001	1979	1960	1998	2091	1971	2018	2054	2004
304998	62	126	14	78	142	30	94	158	46	110	174	1977	2063	2137	1991	1974	1953	1986	2097	1969	2019	2069	2011
304998	62	126	14	78	142	30	94	158	46	110	174	1994	2041	2135	2005	1994	1970	1995	2081	1989	2016	2048	2019
304998	62	126	14	78	142	30	94	158	46	110	174	2036	2005	2130	2034	2022	1986	2022	2059	1995	2017	2004	2018
304998	62	126	14	78	142	30	94	158	46	110	174	2064	1986	2140	2045	2026	1995	2044	2043	2004	2022	1982	2009
304998	62	126	14	78	142	30	94	158	46	110	174	2054	2000	2142	2039	2015	1980	2038	2055	1992	2021	2001	2006
304998	62	126	14	78	142	30	94	158	46	110	174	2015	2039	2140	2018	1997	1962	2017	2079	1983	2018	2042	2020
304998	62	126	14	78	142	30	94	158	46	110	174	1978	2063	2128	1995	1969	1953	1986	2098	1971	2018	2068	2017
304998	62	126	14	78	142	30	94	158	46	110	174	1987	2057	2122	1993	1973	1967	2001	2096	1974	2017	2060	2016
304998	62	126	14	78	142	30	94	158	46	110	174	2010	2018	2140	2013	2001	1976	2012	2071	1988	2018	2025	2006
304998	62	126	14	78	142	30	94	158	46	110	174	2052	2000	2140	2038	2028	1984	2040	2046	2004	2017	1997	2014
304998	62	126	14	78	142	30	94	158	46	110	174	2063	1995	2140	2050	2029	1985	2049	2043	2009	2019	1993	2018
304998	62	126	14	78	142	30	94	158	46	110	174	2028	2021	2138	2029	2015	1972	2024	2068	1988	2018	2012	2016
304998	62	126	14	78	142	30	94	158	46	110	174	2001	2050	2129	2004	1974	1965	2001	2092	1966	2021	2050	2011
304998	62	126	14	78	142	30	94	158	46	110	174	1978	2054	2131	1989	1971	1955	1983	2099	1971	2017	2072	2007
304998	62	126	14	78	142	30	94	158	46	110	174	1997	2037	2135	2002	1982	1969	2000	2080	1986	2016	2057	2013
304998	62	126	14	78	142	30	94	158	46	110	174	2031	2008	2143	2030	2001	1978	2024	2062	2001	2017	2012	2018
304998	62	126	14	78	142	30	94	158	46	110	174	2056	1991	2145	2045	2036	1990	2040	2047	2005	2016	1984	2015
304998	62	126	14	78	142	30	94	158	46	110	174	2061	2006	2132	2042	2020	1985	2043	2053	1996	2021	1996	2002
304998	62	126	14	78	142	30	94	158	46	110	174	2023	2028	2127	2017	1997	1964	2022	2072	1986	2020	2040	2013
304998	62	126	14	78	142	30	94	158	46	110	174	1980	2050	2128	1990	1972	1956	1984	2098	1971	2021	2071	2017
304998	62	126	14	78	142	30	94	158	46	110	174	1983	2050	2133	1993	1976	1955	1987	2103	1970	2017	2066	2014
304998	62	126	14	78	142	30	94	158	46	110	174	2013	2025	2144	2013	2001	1972	2015	2074	1984	2020	2028	2010
304998	62	126	14	78	142	30	94	158	46	110	174	2047	2006	2134	2037	2031	1991	2044	2048	2000	2018	2001	2011
304998	62	126	14	78	142	30	94	158	46	110	174	2065	1995	2129	2050	2024	1997	2046	2046	2009	2022	1996	2016
304998	62	126	14	78	142	30	94	158	46	110	174	2029	2000	2132	2035	2014	1976	2024	2061	1995	2016	2014	2017
304998	62	126	14	78	142	30	94	158	46	110	174	2005	2038	2132	2004	1980	1964	2013	2088	1977	2016	2050	2012
304998	62	126	14	78	142	30	94	158	46	110	174	1978	2058	2144	1994	1974	1954	1990	2095	1967	2021	2069	2006
304998	62	126	14	78	142	30	94	158	46	110	174	1992	2049	2136	1995	1984	1968	1997	2088	1983	2017	2056	2019
304998	62	126	14	78	142	30	94	158	46	110	174	2031	2019	2130	2024	2010	1984	2021	2073	2002	2018	2018	2018
304998	62	126	14	78	142	30	94	158	46	110	174	2062	1993	2139	2044	2024	1992	2050	2046	2003	2020	1986	2017
304998	62	126	14	78	142	30	94	158	46	110	174	2060	1996	2139	2044	2032	1983	2042	2053	1993	2018	1991	2010
304998	62	126	14	78	142	30	94	158	46	110	174	2025	2028	2136	2026	1988	1973	2021	2072	1981	2018	2030	2002
304998	62	126	14	78	142	30	94	158	46	110	174	1985	2055	2138	1995	1979	1955	1987	2093	1977	2017	2067	2020
304998	62	126	14	78	142	30	94	158	46	110	174	1979	2061	2129	1989	1979	1962	2014	2106	1969	2018	2071	2019
304998	62	126	14	78	142	30	94	158	46	110	174	2010	2030	2139	2016	1990	1972	1998	2077	1983	2018	2032	2011
304998	62	126	14	78	142	30	94	158	46	110	174	2044	1996	2138	2034	2022	1985	2027	2048	1996	2017	2001	2010
304998	62	126	14	78	142	30	94	158	46	110	174	2060	1989	2144	2049	2029	1991	2040	2042	2010	2018	1987	2009
304998	62	126	14	78	142	30	94	158	46	110	174	2039	2004	2142	2043	2009	1984	2031	2063	1995	2017	2011	2019
304998	62	126	14	78	142	30	94	158	46	110	174	2008	2049	2133	2009	1991	1966	2017	2088	1972	2021	2047	2019
304998	62	126	14	78	142	30	94	158	46	110	174	1980	2059	2126	1991	1966	1957	1983	2101	1967	2020	2067	2006
304998	62	126	14	78	142	30	94	158	46	110	174	1993	2046	2125	1997	1980	1960	1998	2087	1982	2022	2060	2011
304998	62	126	14	78	142	30	94	158	46	110	174	2021	2015	2137	2020	2011	1981	2022	2064	1999	2017	2026	2015
304998	62	126	14	78	142	30	94	158	46	110	174	2058	1989	2140	2048	2021	1991	2043	2048	2001	2021	1992	2016
304998	62	126	14	78	142	30	94	158	46	110	174	2061	2003	2140	2050	2033	1987	2048	2050	1998	2020	1992	2020
304998	62	126	14	78	142	30	94	158	46	110	174	2034	2025	2126	2028	1997	1980	2033	2065	1987	2019	2022	2008
304998	62	126	14	78	142	30	94	158	46	110	174	1993	2051	2127	2001	1980	1955	1995	2089	1978	2018	2066	2009
304998	62	126	14	78	142	30	94	158	46	110	174	1985	2058	2128	1994	1977	1954	1991	2103	1969	2017	2076	2021
304998	62	126	14	78	142	30	94	158	46	110	174	2003	2029	2145	2006	1985	1969	2005	2083	1986	2017	2044	2019
304998	62	126	14	78	142	30	94	158	46	110	174	2038	2006	2143	2031	2021	1985	2027	2058	2000	2021	2001	2015
304998	62	126	14	78	142	30	94	158	46	110	174	2065	1996	2138	2048	2031	1996	2047	2041	2007	2017	1985	2007
304998	62	126	14	78	142	30	94	158	46	110	174	2048	2003	2132	2043	2012	1983	2028	2056	1997	2016	2010	2016
304998	62	126	14	78	142	30	94	158	46	110	174	2016	2032	2129	2018	1994	1959	2013	2081	1976	2017	2044	2022
304998	62	126	14	78	142	30	94	158	46	110	174	1978	2052	2138	1995	1969	1957	1985	2096	1967	2020	2066	2013
304998	62	126	14	78	142	30	94	158	46	110	174	1985	2048	2136	1999	1986	1960	1995	2091	1976	2021	2060	2012
304998	62	126	14	78	142	30	94	158	46	110	174	2014	2025	2136	2018	2005	1977	2008	2065	1997	2022	2026	2004
304998	62	126	14	78	142	30	94	158	46	110	174	2057	1996	2129	2041	2021	1988	2038	2049	2005	2018	1996	2015
304998	62	126	14	78	142	30	94	158	46	110	174	2068	1993	2133	2049	2032	1984	2060	2048	2003	2020	1988	2022
304998	62	126	14	78	142	30	94	158	46	110	174	2041	2017	2129	2031	2006	1975	2027	2066	1986	2019	2019	2015
304998	62	126	14	78	142	30	94	158	46	110	174	1997	2045	2135	2006	1976	1966	2005	2086	1976	2022	2054	2006
304998	62	126	14	78	142	30	94	158	46	110	174	1970	2054	2142	1988	1966	1955	1978	2095	1970	2016	2075	2013
304998	62	126	14	78	142	30	94	158	46	110	174	1996	2044	2133	2008	1985	1968	2010	2090	1982	2019	2048	2015
304998	62	126	14	78	142	30	94	158	46	110	174	2041	2005	2137	2033	2016	1982	2028	2058	1994	2019	2005	2017
304998	62	126	14	78	142	30	94	158	46	110	174	2065	1989	2129	2044	2034	1988	2043	2041	2006	2022	1983	2009
304998	62	126	14	78	142	30	94	158	46	110	174	2054	2001	2139	2042	2020	1985	2036	2059	1996	2022	1999	2006
304998	62	126	14	78	142	30	94	158	46	110	174	2016	2031	2140	2016	1999	1963	2023	2079	1982	2019	2045	2015
304998	62	126	14	78	142	30	94	158	46	110	174	1985	2059	2129	1995	1971	1955	1987	2091	1966	2019	2068	2019
304998	62	126	14	78	142	30	94	158	46	110	174	1983	2057	2125	1995	1977	1955	1986	2087	1969	2018	2059	2016
304998	62	126	14	78	142	30	94	158	46	110	174	2014	2019	2133	2012	2001	1973	2006	2073	1995	2019	2025	2004
304998	62	126	14	78	142	30	94	158	46	110	174	2051	1995	2137	2036	2025	1988	2044	2057	2003	2022	1998	2009
304998	62	126	14	78	142	30	94	158	46	110	174	2062	1991	2142	2047	2024	1990	2046	2047	2001	2020	1990	2017
304998	62	126	14	78	142	30	94	158	46	110	174	2034	2019	2142	2032	2009	1975	2023	2055	1987	2021	2016	2020
304998	62	126	14	78	142	30	94	158	46	110	174	1999	2048	2129	2006	1983	1958	2001	2084	1983	2020	2051	2014
304998	62	126	14	78	142	30	94	158	46	110	174	1983	2062	2127	1990	1973	1953	1983	2098	1976	2021	2069	2003
304998	62	126	14	78	142	30	94	158	46	110	174	1996	2039	2133	1998	1986	1968	1998	2084	1977	2019	2060	2017
304998	62	126	14	78	142	30	94	158	46	110	174	2032	2010	2137	2026	2009	1985	2031	2063	1995	2022	2014	2016
304998	62	126	14	78	142	30	94	158	46	110	174	2055	1990	2148	2053	2032	1991	2044	2040	2008	2020	1985	2017
304998	62	126	14	78	142	30	94	158	46	110	174	2055	2004	2133	2043	2025	1979	2039	2059	2001	2016	1997	2011
304998	62	126	14	78	142	30	94	158	46	110	174	2026	2031	2125	2026	1989	1974	2037	2084	1983	2022	2035	2006
304998	62	126	14	78	142	30	94	158	46	110	174	1986	2048	2127	1996	1977	1955	1985	2096	1969	2016	2071	2013
304998	62	126	14	78	142	30	94	158	46	110	174	1983	2054	2133	1990	1976	1962	2005	2093	1973	2022	2066	2015
304998	62	126	14	78	142	30	94	158	46	110	174	2008	2024	2142	2011	1996	1968	2000	2072	1996	2021	2032	2019
304998	62	126	14	78	142	30	94	158	46	110	174	2048	2003	2141	2037	2025	1987	2039	2054	2003	2017	1990	2004
304998	62	126	14	78	142	30	94	158	46	110	174	2062	1993	2143	2048	2034	1992	2043	2043	2003	2017	1989	2010
304998	62	126	14	78	142	30	94	158	46	110	174	2039	2007	2125	2038	2012	1979	2027	2058	1991	2019	2017	2015
304998	62	126	14	78	142	30	94	158	46	110	174	2009	2038	2127	2008	1991	1965	2003	2081	1979	2017	2050	2020
304998	62	126	14	78	142	30	94	158	46	110	174	1983	2057	2137	1992	1960	1959	1985	2097	1968	2021	2068	2015
304998	62	126	14	78	142	30	94	158	46	110	174	1990	2048	2140	2000	1985	1962	2006	2088	1977	2020	2057	2004
304998	62	126	14	78	142	30	94	158	46	110	174	2028	2017	2138	2025	2011	1977	2018	2062	1986	2016	2022	2013
304998	62	126	14	78	142	30	94	158	46	110	174	2062	1997	2131	2048	2025	1994	2047	2043	2006	2017	1990	2017
304998	62	126	14	78	142	30	94	158	46	110	174	2062	1996	2131	2045	2031	1987	2038	2048	2004	2019	1989	2018
304998	62	126	14	78	142	30	94	158	46	110	174	2031	2022	2138	2026	1994	1977	2028	2074	1985	2022	2024	2010
304998	62	126	14	78	142	30	94	158	46	110	174	1993	2051	2137	2006	1962	1959	1996	2090	1969	2018	2062	2008
304998	62	126	14	78	142	30	94	158	46	110	174	1979	2056	2132	1993	1978	1951	1987	2094	1972	2021	2070	2015
304998	62	126	14	78	142	30	94	158	46	110	174	2005	2034	2134	2012	1986	1973	2002	2075	1986	2016	2039	2019
304998	62	126	14	78	142	30	94	158	46	110	174	2045	2005	2129	2031	2027	1988	2030	2058	2001	2020	1998	2016
304998	62	126	14	78	142	30	94	158	46	110	174	2063	1985	2136	2050	2033	1989	2042	2041	2005	2016	1984	2009
304998	62	126	14	78	142	30	94	158	46	110	174	2049	2004	2138	2040	2015	1981	2032	2054	1992	2017	2011	2011
304998	62	126	14	78	142	30	94	158	46	110	174	2010	2039	2144	2014	1993	1960	2008	2077	1984	2017	2050	2020
304998	62	126	14	78	142	30	94	158	46	110	174	1982	2065	2131	1990	1974	1956	1987	2097	1975	2022	2071	2016
304998	62	126	14	78	142	30	94	158	46	110	174	1986	2050	2127	1998	1983	1960	1996	2091	1975	2017	2058	2014
304998	62	126	14	78	142	30	94	158	46	110	174	2020	2015	2138	2019	2004	1975	2011	2067	1989	2020	2020	2006
304998	62	126	14	78	142	30	94	158	46	110	174	2058	1996	2134	2042	2030	1987	2038	2040	2006	2017	1992	2011
304998	62	126	14	78	142	30	94	158	46	110	174	2061	1996	2142	2046	2029	1983	2048	2050	2008	2017	1996	2022
304998	62	126	14	78	142	30	94	158	46	110	174	2029	2021	2142	2028	2007	1970	2028	2068	1984	2016	2019	2015
304998	62	126	14	78	142	30	94	158	46	110	174	1993	2057	2126	2002	1970	1964	2000	2092	1966	2018	2060	2010
304998	62	126	14	78	142	30	94	158	46	110	174	1983	2059	2123	1987	1964	1958	1991	2093	1971	2021	2073	2011
304998	62	126	14	78	142	30	94	158	46	110	174	1995	2035	2126	2003	1991	1965	1991	2077	1984	2018	2048	2018
304998	62	126	14	78	142	30	94	158	46	110	174	2043	2007	2137	2032	2010	1984	2048	2059	2003	2021	2005	2016
304998	62	126	14	78	142	30	94	158	46	110	174	2059	1988	2147	2050	2035	1988	2045	2046	2003	2017	1981	2012
304998	62	126	14	78	142	30	94	158	46	110	174	2049	2008	2133	2037	2021	1983	2045	2057	1993	2017	1996	2011
304998	62	126	14	78	142	30	94	158	46	110	174	2017	2036	2128	2018	1983	1969	2008	2077	1989	2017	2045	2012
304998	62	126	14	78	142	30	94	158	46	110	174	1977	2050	2130	1995	1971	1958	1983	2099	1970	2022	2073	2018
304998	62	126	14	78	142	30	94	158	46	110	174	1984	2044	2133	1995	1978	1954	1986	2091	1975	2018	2065	2020
304998	62	126	14	78	142	30	94	158	46	110	174	2011	2018	2144	2019	2000	1979	2008	2064	1989	2020	2022	2011
304998	62	126	14	78	142	30	94	158	46	110	174	2052	1996	2140	2042	2029	1989	2039	2043	2009	2016	1995	2007
304998	62	126	14	78	142	30	94	158	46	110	174	2059	1996	2141	2050	2032	1993	2040	2046	2009	2020	1995	2011
304998	62	126	14	78	142	30	94	158	46	110	174	2033	2015	2129	2035	2007	1975	2019	2065	1982	2016	2022	2021
