304998	62	126	14	78	142	30	94	158	46	110	174	2034	2026	2146	2016	2003	1968	2017	2079	1974	2020	2021	2001
304998	62	126	14	78	142	30	94	158	46	110	174	2004	2060	2173	2004	1997	1940	2014	2093	1952	2022	2053	1982
304998	62	126	14	78	142	30	94	158	46	110	174	1995	2071	2166	1999	1995	1938	2006	2092	1954	2016	2056	1990
304998	62	126	14	78	142	30	94	158	46	110	174	2016	2041	2128	2011	2004	1968	2036	2085	1989	2018	2029	2011
304998	62	126	14	78	142	30	94	158	46	110	174	2045	2000	2100	2032	2017	1999	2030	2064	2010	2022	1995	2040
304998	62	126	14	78	142	30	94	158	46	110	174	2062	1987	2102	2037	2025	2009	2040	2061	2013	2020	1989	2042
304998	62	126	14	78	142	30	94	158	46	110	174	2043	2003	2132	2030	2004	1988	2029	2063	1998	2018	2008	2025
304998	62	126	14	78	142	30	94	158	46	110	174	2016	2046	2157	2011	2006	1949	2014	2084	1974	2021	2042	2001
304998	62	126	14	78	142	30	94	158	46	110	174	1994	2070	2166	1998	1992	1932	2012	2106	1954	2018	2052	1980
304998	62	126	14	78	142	30	94	158	46	110	174	2004	2059	2148	2005	1990	1953	2006	2086	1964	2020	2044	1984
304998	62	126	14	78	142	30	94	158	46	110	174	2032	2020	2117	2017	2012	1984	2019	2072	1994	2019	2020	2017
304998	62	126	14	78	142	30	94	158	46	110	174	2057	1987	2101	2035	2010	2005	2030	2049	2020	2017	1995	2049
304998	62	126	14	78	142	30	94	158	46	110	174	2055	1991	2114	2043	2009	2003	2031	2054	2020	2017	1991	2045
304998	62	126	14	78	142	30	94	158	46	110	174	2033	2028	2139	2022	2012	1968	2023	2073	1985	2020	2015	2005
304998	62	126	14	78	142	30	94	158	46	110	174	2007	2065	2163	2002	1988	1946	2011	2091	1955	2020	2047	1975
304998	62	126	14	78	142	30	94	158	46	110	174	1997	2068	2161	1995	1993	1941	2009	2091	1954	2021	2062	1977
304998	62	126	14	78	142	30	94	158	46	110	174	2011	2035	2138	2008	1999	1965	2006	2079	1986	2017	2036	2006
304998	62	126	14	78	142	30	94	158	46	110	174	2044	2004	2109	2023	2017	1989	2031	2069	2004	2022	2003	2041
304998	62	126	14	78	142	30	94	158	46	110	174	2061	1986	2105	2034	2023	2005	2041	2053	2015	2018	1983	2046
304998	62	126	14	78	142	30	94	158	46	110	174	2049	2011	2118	2034	2018	1982	2030	2059	2002	2019	2001	2023
304998	62	126	14	78	142	30	94	158	46	110	174	2026	2046	2144	2017	2002	1962	2025	2079	1974	2020	2034	1999
304998	62	126	14	78	142	30	94	158	46	110	174	1993	2063	2166	1997	1989	1938	2010	2098	1953	2016	2058	1980
304998	62	126	14	78	142	30	94	158	46	110	174	2002	2055	2154	2000	1997	1947	2008	2092	1953	2017	2048	1990
304998	62	126	14	78	142	30	94	158	46	110	174	2024	2021	2134	2017	2006	1979	2020	2073	1990	2021	2017	2012
304998	62	126	14	78	142	30	94	158	46	110	174	2050	1993	2112	2031	2021	2003	2031	2049	2025	2017	1996	2040
304998	62	126	14	78	142	30	94	158	46	110	174	2059	1995	2101	2038	2019	2002	2043	2060	2016	2020	1995	2048
304998	62	126	14	78	142	30	94	158	46	110	174	2040	2023	2123	2030	1998	1975	2041	2076	1986	2016	2014	2018
304998	62	126	14	78	142	30	94	158	46	110	174	2003	2052	2158	2006	1997	1940	2010	2089	1951	2022	2043	1983
304998	62	126	14	78	142	30	94	158	46	110	174	1994	2063	2173	1997	1986	1938	2008	2101	1951	2019	2060	1971
304998	62	126	14	78	142	30	94	158	46	110	174	2005	2044	2153	2001	2002	1961	2007	2083	1981	2019	2045	2001
304998	62	126	14	78	142	30	94	158	46	110	174	2038	2016	2117	2021	2014	1995	2031	2068	2008	2020	2010	2042
304998	62	126	14	78	142	30	94	158	46	110	174	2062	1993	2102	2034	2021	2004	2049	2056	2016	2022	1985	2050
304998	62	126	14	78	142	30	94	158	46	110	174	2050	2001	2105	2033	2014	1989	2028	2053	2007	2021	1995	2025
304998	62	126	14	78	142	30	94	158	46	110	174	2031	2039	2144	2014	2007	1953	2012	2079	1981	2020	2038	1995
304998	62	126	14	78	142	30	94	158	46	110	174	1996	2065	2175	2001	1996	1939	2006	2099	1955	2018	2058	1981
304998	62	126	14	78	142	30	94	158	46	110	174	1995	2062	2166	1997	1993	1946	2009	2096	1953	2021	2051	1991
304998	62	126	14	78	142	30	94	158	46	110	174	2017	2034	2131	2009	2004	1974	2015	2071	1986	2022	2020	2015
304998	62	126	14	78	142	30	94	158	46	110	174	2049	2000	2100	2030	2010	2005	2026	2053	2023	2020	1996	2036
304998	62	126	14	78	142	30	94	158	46	110	174	2054	1980	2105	2036	2028	2001	2031	2054	2019	2018	1994	2042
304998	62	126	14	78	142	30	94	158	46	110	174	2045	2017	2128	2027	2018	1975	2031	2070	1995	2022	2013	2024
304998	62	126	14	78	142	30	94	158	46	110	174	2010	2048	2165	2011	1996	1949	2018	2089	1958	2021	2041	1991
304998	62	126	14	78	142	30	94	158	46	110	174	1993	2068	2176	1995	1989	1936	2001	2091	1957	2017	2058	1969
304998	62	126	14	78	142	30	94	158	46	110	174	2001	2057	2150	2003	1993	1955	2005	2093	1971	2018	2046	1998
304998	62	126	14	78	142	30	94	158	46	110	174	2036	2019	2109	2022	2011	1984	2039	2072	1999	2017	2015	2032
304998	62	126	14	78	142	30	94	158	46	110	174	2058	1984	2096	2032	2019	2006	2031	2051	2013	2022	1985	2050
304998	62	126	14	78	142	30	94	158	46	110	174	2056	1995	2112	2033	2019	2000	2033	2051	2003	2018	1992	2036
304998	62	126	14	78	142	30	94	158	46	110	174	2023	2028	2152	2020	2006	1966	2026	2074	1986	2019	2029	1997
304998	62	126	14	78	142	30	94	158	46	110	174	1990	2067	2174	2000	1994	1937	2005	2093	1952	2016	2064	1982
304998	62	126	14	78	142	30	94	158	46	110	174	1995	2070	2159	1996	1990	1938	2013	2101	1951	2016	2058	1987
304998	62	126	14	78	142	30	94	158	46	110	174	2010	2032	2132	2014	1996	1969	2011	2077	1981	2021	2027	2013
304998	62	126	14	78	142	30	94	158	46	110	174	2042	1998	2101	2025	2015	2007	2030	2057	2020	2021	1997	2037
304998	62	126	14	78	142	30	94	158	46	110	174	2060	1986	2106	2037	2017	2011	2047	2056	2019	2022	1992	2046
304998	62	126	14	78	142	30	94	158	46	110	174	2040	2010	2130	2028	2010	1978	2029	2067	1994	2022	2013	2030
304998	62	126	14	78	142	30	94	158	46	110	174	2012	2055	2156	2008	2002	1950	2013	2085	1964	2016	2041	1995
304998	62	126	14	78	142	30	94	158	46	110	174	1993	2073	2168	1997	1992	1933	2011	2090	1957	2018	2056	1977
304998	62	126	14	78	142	30	94	158	46	110	174	1992	2050	2151	1998	1997	1955	2002	2089	1972	2018	2050	1990
304998	62	126	14	78	142	30	94	158	46	110	174	2028	2018	2121	2020	2010	1987	2019	2070	2001	2021	2022	2024
304998	62	126	14	78	142	30	94	158	46	110	174	2050	1985	2112	2037	2011	2013	2028	2053	2021	2019	1989	2050
304998	62	126	14	78	142	30	94	158	46	110	174	2057	1993	2112	2040	2020	1995	2035	2049	2007	2018	1991	2042
304998	62	126	14	78	142	30	94	158	46	110	174	2029	2030	2139	2019	2001	1973	2020	2072	1990	2021	2019	2005
304998	62	126	14	78	142	30	94	158	46	110	174	2001	2065	2160	2000	1993	1939	2006	2095	1961	2017	2057	1977
304998	62	126	14	78	142	30	94	158	46	110	174	1997	2066	2164	1996	1993	1938	2015	2096	1954	2017	2064	1988
304998	62	126	14	78	142	30	94	158	46	110	174	2009	2035	2141	2010	1989	1970	2007	2078	1975	2020	2033	2013
304998	62	126	14	78	142	30	94	158	46	110	174	2036	2007	2114	2026	2011	1995	2025	2057	2014	2020	1998	2033
304998	62	126	14	78	142	30	94	158	46	110	174	2060	1992	2103	2034	2022	2001	2041	2051	2028	2017	1986	2039
304998	62	126	14	78	142	30	94	158	46	110	174	2048	2013	2118	2030	2013	1991	2028	2066	1998	2017	2007	2027
304998	62	126	14	78	142	30	94	158	46	110	174	2020	2045	2145	2012	2000	1957	2012	2083	1967	2020	2041	1999
304998	62	126	14	78	142	30	94	158	46	110	174	1988	2065	2174	1996	1987	1938	2002	2094	1953	2020	2058	1985
304998	62	126	14	78	142	30	94	158	46	110	174	1990	2059	2164	1998	1989	1951	1995	2088	1973	2016	2050	1987
304998	62	126	14	78	142	30	94	158	46	110	174	2017	2025	2130	2015	2010	1978	2014	2073	1997	2022	2021	2021
304998	62	126	14	78	142	30	94	158	46	110	174	2052	1999	2100	2034	2020	2007	2031	2054	2020	2019	1996	2048
304998	62	126	14	78	142	30	94	158	46	110	174	2061	1996	2100	2045	2011	2009	2031	2055	2007	2017	1993	2048
304998	62	126	14	78	142	30	94	158	46	110	174	2032	2015	2133	2019	2009	1975	2021	2067	1992	2020	2017	2011
304998	62	126	14	78	142	30	94	158	46	110	174	2004	2057	2164	2003	1988	1944	2005	2091	1963	2020	2051	1977
304998	62	126	14	78	142	30	94	158	46	110	174	1988	2072	2167	1996	1986	1938	1998	2103	1951	2022	2071	1987
304998	62	126	14	78	142	30	94	158	46	110	174	2001	2048	2142	2006	1994	1964	2009	2084	1980	2018	2043	2008
304998	62	126	14	78	142	30	94	158	46	110	174	2038	2008	2107	2027	2015	1999	2025	2059	2008	2020	2002	2035
304998	62	126	14	78	142	30	94	158	46	110	174	2060	1986	2102	2035	2021	2006	2036	2049	2025	2018	1984	2042
304998	62	126	14	78	142	30	94	158	46	110	174	2046	1995	2119	2034	2013	1987	2032	2062	2006	2020	2004	2030
304998	62	126	14	78	142	30	94	158	46	110	174	2020	2038	2153	2011	1997	1953	2015	2088	1967	2018	2041	2002
304998	62	126	14	78	142	30	94	158	46	110	174	1983	2068	2174	1997	1990	1938	1996	2094	1953	2016	2063	1981
304998	62	126	14	78	142	30	94	158	46	110	174	1987	2065	2153	1998	1998	1950	2002	2089	1960	2020	2055	1986
304998	62	126	14	78	142	30	94	158	46	110	174	2022	2023	2129	2014	2001	1981	2019	2071	1997	2019	2027	2011
304998	62	126	14	78	142	30	94	158	46	110	174	2049	1994	2101	2031	2015	1999	2036	2058	2020	2016	1995	2048
304998	62	126	14	78	142	30	94	158	46	110	174	2057	1987	2104	2042	2007	2003	2041	2060	2015	2022	1993	2049
304998	62	126	14	78	142	30	94	158	46	110	174	2033	2013	2146	2027	2005	1976	2026	2068	1982	2017	2012	2016
304998	62	126	14	78	142	30	94	158	46	110	174	2003	2059	2155	2005	1994	1947	2007	2085	1965	2020	2050	1986
304998	62	126	14	78	142	30	94	158	46	110	174	1985	2071	2162	1996	1983	1938	1999	2100	1959	2020	2070	1982
304998	62	126	14	78	142	30	94	158	46	110	174	2001	2046	2143	2006	1994	1956	1998	2082	1973	2018	2048	2001
304998	62	126	14	78	142	30	94	158	46	110	174	2034	2006	2116	2024	2013	1990	2019	2066	2004	2020	2008	2035
304998	62	126	14	78	142	30	94	158	46	110	174	2046	1982	2116	2038	2020	2005	2033	2046	2019	2017	1981	2042
304998	62	126	14	78	142	30	94	158	46	110	174	2049	1998	2119	2034	2017	1996	2026	2054	2016	2020	2001	2024
304998	62	126	14	78	142	30	94	158	46	110	174	2026	2038	2137	2016	1989	1966	2017	2084	1979	2017	2036	2003
304998	62	126	14	78	142	30	94	158	46	110	174	1991	2063	2160	2005	1982	1939	1999	2091	1955	2020	2064	1988
304998	62	126	14	78	142	30	94	158	46	110	174	1988	2063	2154	1995	1990	1940	1998	2090	1955	2016	2060	1983
304998	62	126	14	78	142	30	94	158	46	110	174	2018	2033	2139	2017	1997	1971	2022	2071	1987	2018	2031	2006
304998	62	126	14	78	142	30	94	158	46	110	174	2044	1998	2115	2031	2022	1997	2031	2061	2023	2018	1998	2043
304998	62	126	14	78	142	30	94	158	46	110	174	2062	1994	2103	2032	2019	2008	2059	2055	2016	2017	1993	2048
304998	62	126	14	78	142	30	94	158	46	110	174	2042	2009	2125	2032	1996	1987	2023	2063	1997	2022	2010	2026
304998	62	126	14	78	142	30	94	158	46	110	174	2005	2045	2149	2009	1995	1945	2005	2088	1961	2020	2047	1988
304998	62	126	14	78	142	30	94	158	46	110	174	1985	2063	2172	1994	1978	1941	2007	2087	1956	2018	2069	1971
304998	62	126	14	78	142	30	94	158	46	110	174	1996	2051	2155	2008	1991	1963	1996	2089	1976	2016	2058	2000
304998	62	126	14	78	142	30	94	158	46	110	174	2028	2019	2119	2019	2008	1991	2030	2073	2001	2018	2014	2034
304998	62	126	14	78	142	30	94	158	46	110	174	2049	1986	2102	2038	2005	2013	2028	2049	2019	2018	1985	2046
304998	62	126	14	78	142	30	94	158	46	110	174	2051	1993	2104	2042	2008	1993	2028	2049	2009	2018	1996	2033
304998	62	126	14	78	142	30	94	158	46	110	174	2030	2025	2147	2019	1996	1968	2018	2075	1984	2020	2031	2006
304998	62	126	14	78	142	30	94	158	46	110	174	1992	2062	2171	2004	1980	1950	1997	2091	1956	2022	2064	1990
304998	62	126	14	78	142	30	94	158	46	110	174	1988	2073	2162	1999	1987	1942	2005	2099	1950	2020	2064	1990
304998	62	126	14	78	142	30	94	158	46	110	174	2006	2038	2128	2014	1994	1972	2007	2077	1986	2020	2032	2006
304998	62	126	14	78	142	30	94	158	46	110	174	2048	2000	2100	2031	2016	1995	2035	2054	2015	2018	1998	2035
304998	62	126	14	78	142	30	94	158	46	110	174	2059	1979	2106	2035	2025	2008	2028	2052	2027	2020	1994	2050
304998	62	126	14	78	142	30	94	158	46	110	174	2044	2008	2127	2036	1995	1988	2044	2068	2002	2017	2009	2034
304998	62	126	14	78	142	30	94	158	46	110	174	2010	2048	2156	2011	1989	1953	2014	2086	1968	2017	2043	1996
304998	62	126	14	78	142	30	94	158	46	110	174	1985	2073	2160	1999	1979	1939	1996	2092	1951	2018	2061	1969
304998	62	126	14	78	142	30	94	158	46	110	174	1994	2053	2146	2010	1991	1950	2016	2088	1973	2017	2056	1992
304998	62	126	14	78	142	30	94	158	46	110	174	2025	2017	2122	2018	2006	1981	2016	2074	2004	2022	2023	2030
304998	62	126	14	78	142	30	94	158	46	110	174	2056	1985	2104	2041	2015	2014	2049	2061	2023	2017	1990	2051
304998	62	126	14	78	142	30	94	158	46	110	174	2058	1994	2114	2036	2014	1999	2038	2057	2010	2021	1989	2038
304998	62	126	14	78	142	30	94	158	46	110	174	2028	2029	2132	2025	2002	1968	2021	2070	1981	2018	2025	2005
304998	62	126	14	78	142	30	94	158	46	110	174	1994	2059	2154	2009	1986	1937	2002	2087	1963	2018	2065	1982
304998	62	126	14	78	142	30	94	158	46	110	174	1985	2062	2157	2000	1987	1940	1996	2093	1955	2019	2067	1989
304998	62	126	14	78	142	30	94	158	46	110	174	2005	2037	2142	2008	1995	1973	2015	2083	1978	2020	2040	2005
304998	62	126	14	78	142	30	94	158	46	110	174	2036	2004	2119	2032	2005	1999	2027	2058	2008	2016	1999	2032
304998	62	126	14	78	142	30	94	158	46	110	174	2059	1985	2103	2043	2018	2004	2039	2048	2029	2021	1991	2045
304998	62	126	14	78	142	30	94	158	46	110	174	2049	2007	2112	2036	2012	1989	2034	2059	2008	2019	2008	2029
304998	62	126	14	78	142	30	94	158	46	110	174	2017	2041	2146	2014	2000	1956	2019	2082	1970	2021	2038	2004
304998	62	126	14	78	142	30	94	158	46	110	174	1987	2062	2167	2000	1988	1941	1996	2091	1950	2018	2064	1977
304998	62	126	14	78	142	30	94	158	46	110	174	1993	2053	2160	1998	1982	1950	2012	2091	1955	2021	2055	1979
304998	62	126	14	78	142	30	94	158	46	110	174	2018	2023	2134	2018	2004	1977	2014	2069	2002	2020	2031	2019
304998	62	126	14	78	142	30	94	158	46	110	174	2053	1997	2099	2032	2019	2005	2047	2066	2020	2020	1995	2049
304998	62	126	14	78	142	30	94	158	46	110	174	2063	1991	2098	2047	2006	2010	2035	2055	2017	2019	1987	2047
304998	62	126	14	78	142	30	94	158	46	110	174	2038	2016	2128	2027	2001	1975	2024	2067	1985	2017	2017	2009
304998	62	126	14	78	142	30	94	158	46	110	174	2005	2051	2163	2006	1989	1946	2019	2083	1959	2022	2053	1983
304998	62	126	14	78	142	30	94	158	46	110	174	1986	2068	2175	1997	1986	1934	1995	2094	1958	2020	2069	1985
304998	62	126	14	78	142	30	94	158	46	110	174	2003	2048	2146	2009	1997	1962	2009	2086	1973	2019	2045	2003
304998	62	126	14	78	142	30	94	158	46	110	174	2033	2008	2113	2028	2007	1996	2025	2062	2008	2017	2004	2033
304998	62	126	14	78	142	30	94	158	46	110	174	2059	1981	2097	2040	2019	2008	2033	2046	2018	2017	1981	2042
304998	62	126	14	78	142	30	94	158	46	110	174	2050	1996	2117	2033	2014	1992	2030	2054	2014	2021	2002	2029
304998	62	126	14	78	142	30	94	158	46	110	174	2020	2038	2151	2017	1999	1962	2022	2082	1975	2017	2039	2005
304998	62	126	14	78	142	30	94	158	46	110	174	1989	2074	2166	2002	1986	1939	2001	2093	1950	2018	2060	1981
304998	62	126	14	78	142	30	94	158	46	110	174	1990	2071	2154	1999	1991	1948	2005	2093	1955	2019	2056	1988
304998	62	126	14	78	142	30	94	158	46	110	174	2020	2029	2126	2017	1999	1973	2024	2072	1991	2020	2024	2006
304998	62	126	14	78	142	30	94	158	46	110	174	2048	1993	2105	2032	2018	2000	2025	2054	2026	2019	2000	2047
304998	62	126	14	78	142	30	94	158	46	110	174	2061	1989	2107	2043	2019	2008	2060	2061	2017	2022	1989	2050
304998	62	126	14	78	142	30	94	158	46	110	174	2041	2016	2138	2040	1989	1986	2032	2074	1981	2017	2009	2022
304998	62	126	14	78	142	30	94	158	46	110	174	2000	2058	2157	2008	1991	1947	2008	2085	1957	2017	2050	1986
304998	62	126	14	78	142	30	94	158	46	110	174	1985	2070	2164	2002	1975	1937	2005	2085	1956	2019	2069	1967
304998	62	126	14	78	142	30	94	158	46	110	174	1995	2045	2145	2003	1997	1950	2002	2086	1976	2020	2050	2006
304998	62	126	14	78	142	30	94	158	46	110	174	2037	2008	2119	2023	2012	1992	2025	2070	2001	2017	2008	2035
304998	62	126	14	78	142	30	94	158	46	110	174	2057	1983	2106	2041	2010	2015	2036	2052	2017	2018	1984	2048
304998	62	126	14	78	142	30	94	158	46	110	174	2053	1996	2118	2030	2015	1993	2038	2052	2008	2018	1993	2029
304998	62	126	14	78	142	30	94	158	46	110	174	2025	2034	2141	2020	1993	1963	2014	2073	1981	2022	2032	2001
304998	62	126	14	78	142	30	94	158	46	110	174	1994	2062	2156	2007	1990	1936	2009	2090	1954	2018	2064	1985
304998	62	126	14	78	142	30	94	158	46	110	174	1990	2058	2164	1998	1986	1943	1997	2092	1956	2020	2062	1985
304998	62	126	14	78	142	30	94	158	46	110	174	2009	2031	2139	2017	1998	1982	2007	2075	1987	2017	2029	2012
304998	62	126	14	78	142	30	94	158	46	110	174	2043	1995	2116	2031	2015	1999	2042	2048	2022	2016	1996	2034
304998	62	126	14	78	142	30	94	158	46	110	174	2062	1991	2102	2040	2021	2003	2037	2052	2023	2017	1993	2047
304998	62	126	14	78	142	30	94	158	46	110	174	2048	2013	2118	2032	2009	1983	2041	2069	1994	2017	2012	2029
304998	62	126	14	78	142	30	94	158	46	110	174	2015	2046	2150	2013	1988	1951	2022	2082	1960	2018	2044	1991
304998	62	126	14	78	142	30	94	158	46	110	174	1988	2067	2167	1996	1986	1940	2002	2092	1950	2017	2058	1968
