304998	62	126	14	78	142	30	94	158	46	110	174	2059	1981	2097	2040	2019	2008	2033	2046	2018	2017	1981	2042
304998	62	126	14	78	142	30	94	158	46	110	174	2050	1996	2117	2033	2014	1992	2030	2054	2014	2021	2002	2029
304998	62	126	14	78	142	30	94	158	46	110	174	2020	2038	2151	2017	1999	1962	2022	2082	1975	2017	2039	2005
304998	62	126	14	78	142	30	94	158	46	110	174	1989	2074	2166	2002	1986	1939	2001	2093	1950	2018	2060	1981
304998	62	126	14	78	142	30	94	158	46	110	174	1990	2071	2154	1999	1991	1948	2005	2093	1955	2019	2056	1988
304998	62	126	14	78	142	30	94	158	46	110	174	2020	2029	2126	2017	1999	1973	2024	2072	1991	2020	2024	2006
304998	62	126	14	78	142	30	94	158	46	110	174	2048	1993	2105	2032	2018	2000	2025	2054	2026	2019	2000	2047
304998	62	126	14	78	142	30	94	158	46	110	174	2061	1989	2107	2043	2019	2008	2060	2061	2017	2022	1989	2050
304998	62	126	14	78	142	30	94	158	46	110	174	2041	2016	2138	2040	1989	1986	2032	2074	1981	2017	2009	2022
304998	62	126	14	78	142	30	94	158	46	110	174	2000	2058	2157	2008	1991	1947	2008	2085	1957	2017	2050	1986
304998	62	126	14	78	142	30	94	158	46	110	174	1985	2070	2164	2002	1975	1937	2005	2085	1956	2019	2069	1967
304998	62	126	14	78	142	30	94	158	46	110	174	1995	2045	2145	2003	1997	1950	2002	2086	1976	2020	2050	2006
304998	62	126	14	78	142	30	94	158	46	110	174	2037	2008	2119	2023	2012	1992	2025	2070	2001	2017	2008	2035
304998	62	126	14	78	142	30	94	158	46	110	174	2057	1983	2106	2041	2010	2015	2036	2052	2017	2018	1984	2048
304998	62	126	14	78	142	30	94	158	46	110	174	2053	1996	2118	2030	2015	1993	2038	2052	2008	2018	1993	2029
304998	62	126	14	78	142	30	94	158	46	110	174	2025	2034	2141	2020	1993	1963	2014	2073	1981	2022	2032	2001
304998	62	126	14	78	142	30	94	158	46	110	174	1994	2062	2156	2007	1990	1936	2009	2090	1954	2018	2064	1985
304998	62	126	14	78	142	30	94	158	46	110	174	1990	2058	2164	1998	1986	1943	1997	2092	1956	2020	2062	1985
304998	62	126	14	78	142	30	94	158	46	110	174	2009	2031	2139	2017	1998	1982	2007	2075	1987	2017	2029	2012
304998	62	126	14	78	142	30	94	158	46	110	174	2043	1995	2116	2031	2015	1999	2042	2048	2022	2016	1996	2034
304998	62	126	14	78	142	30	94	158	46	110	174	2062	1991	2102	2040	2021	2003	2037	2052	2023	2017	1993	2047
304998	62	126	14	78	142	30	94	158	46	110	174	2048	2013	2118	2032	2009	1983	2041	2069	1994	2017	2012	2029
304998	62	126	14	78	142	30	94	158	46	110	174	2015	2046	2150	2013	1988	1951	2022	2082	1960	2018	2044	1991
304998	62	126	14	78	142	30	94	158	46	110	174	1988	2067	2167	1996	1986	1940	2002	2092	1950	2017	2058	1968
304998	62	126	14	78	142	30	94	158	46	110	174	1992	2046	2161	2002	1990	1951	1999	2084	1976	2021	2053	1989
304998	62	126	14	78	142	30	94	158	46	110	174	2030	2017	2125	2021	2013	1979	2024	2068	1999	2020	2016	2030
304998	62	126	14	78	142	30	94	158	46	110	174	2061	1995	2100	2042	2019	2008	2047	2058	2017	2022	1990	2054
304998	62	126	14	78	142	30	94	158	46	110	174	2051	1992	2104	2040	2014	1998	2033	2050	2011	2020	1991	2032
304998	62	126	14	78	142	30	94	158	46	110	174	2032	2022	2134	2020	2003	1967	2024	2069	1989	2021	2022	2000
304998	62	126	14	78	142	30	94	158	46	110	174	1991	2054	2169	2007	1987	1935	1998	2092	1957	2021	2064	1985
304998	62	126	14	78	142	30	94	158	46	110	174	1985	2064	2173	1995	1987	1938	1998	2097	1947	2020	2064	1983
304998	62	126	14	78	142	30	94	158	46	110	174	2008	2039	2142	2011	2001	1970	2012	2074	1980	2016	2033	2016
304998	62	126	14	78	142	30	94	158	46	110	174	2040	2004	2101	2030	2013	2005	2028	2052	2013	2022	1997	2037
304998	62	126	14	78	142	30	94	158	46	110	174	2057	1978	2104	2040	2020	2003	2029	2049	2027	2020	1986	2037
304998	62	126	14	78	142	30	94	158	46	110	174	2049	2000	2122	2033	2015	1985	2030	2059	2002	2017	2011	2029
304998	62	126	14	78	142	30	94	158	46	110	174	2015	2041	2158	2020	1989	1957	2017	2085	1969	2020	2045	1996
304998	62	126	14	78	142	30	94	158	46	110	174	1984	2073	2168	2001	1987	1939	1996	2094	1949	2021	2061	1982
304998	62	126	14	78	142	30	94	158	46	110	174	1994	2062	2148	1998	1986	1955	2006	2089	1971	2021	2054	1985
304998	62	126	14	78	142	30	94	158	46	110	174	2020	2015	2124	2017	2006	1980	2016	2068	1999	2022	2023	2020
304998	62	126	14	78	142	30	94	158	46	110	174	2058	1981	2101	2035	2023	1998	2040	2054	2017	2017	1992	2054
304998	62	126	14	78	142	30	94	158	46	110	174	2062	1984	2116	2037	2018	2002	2039	2054	2013	2018	1992	2047
304998	62	126	14	78	142	30	94	158	46	110	174	2035	2025	2141	2024	2008	1968	2027	2065	1987	2022	2018	2005
304998	62	126	14	78	142	30	94	158	46	110	174	1999	2062	2160	2005	1992	1939	2007	2091	1964	2020	2054	1982
304998	62	126	14	78	142	30	94	158	46	110	174	1985	2070	2162	2000	1984	1938	1994	2099	1955	2022	2069	1985
304998	62	126	14	78	142	30	94	158	46	110	174	2008	2038	2138	2009	2002	1958	2020	2085	1973	2018	2042	2012
304998	62	126	14	78	142	30	94	158	46	110	174	2039	2000	2121	2025	2018	1997	2023	2058	2008	2022	1998	2037
304998	62	126	14	78	142	30	94	158	46	110	174	2060	1981	2112	2043	2022	2003	2035	2048	2025	2023	1985	2042
304998	62	126	14	78	142	30	94	158	46	110	174	2046	2000	2128	2029	2015	1988	2025	2064	2004	2018	2005	2028
304998	62	126	14	78	142	30	94	158	46	110	174	2020	2042	2139	2020	1995	1957	2017	2083	1970	2022	2040	2002
304998	62	126	14	78	142	30	94	158	46	110	174	1995	2070	2158	1998	1992	1937	1997	2101	1953	2020	2062	1987
304998	62	126	14	78	142	30	94	158	46	110	174	1985	2055	2153	1996	1991	1950	1999	2086	1965	2022	2055	1985
304998	62	126	14	78	142	30	94	158	46	110	174	2016	2024	2131	2013	2004	1983	2014	2078	1996	2022	2027	2008
304998	62	126	14	78	142	30	94	158	46	110	174	2046	1992	2116	2035	2024	1999	2028	2057	2018	2019	1995	2045
304998	62	126	14	78	142	30	94	158	46	110	174	2063	1996	2105	2037	2022	2002	2053	2057	2014	2017	1993	2049
304998	62	126	14	78	142	30	94	158	46	110	174	2039	2017	2124	2025	2010	1974	2030	2066	1986	2020	2016	2015
304998	62	126	14	78	142	30	94	158	46	110	174	2005	2054	2155	2004	1995	1946	2005	2088	1965	2018	2050	1980
304998	62	126	14	78	142	30	94	158	46	110	174	1986	2070	2165	1995	1987	1940	2000	2098	1956	2020	2070	1983
304998	62	126	14	78	142	30	94	158	46	110	174	1997	2046	2154	2008	1985	1962	2006	2082	1974	2016	2047	2007
304998	62	126	14	78	142	30	94	158	46	110	174	2034	2010	2120	2024	2015	1992	2026	2065	2004	2017	2006	2031
304998	62	126	14	78	142	30	94	158	46	110	174	2062	1984	2099	2039	2019	2007	2047	2047	2025	2022	1981	2042
304998	62	126	14	78	142	30	94	158	46	110	174	2054	1998	2109	2036	2018	1994	2036	2060	2011	2019	1999	2031
304998	62	126	14	78	142	30	94	158	46	110	174	2023	2035	2143	2011	2001	1965	2021	2089	1972	2018	2037	2011
304998	62	126	14	78	142	30	94	158	46	110	174	1994	2065	2174	1998	1977	1942	2004	2094	1952	2022	2061	1989
304998	62	126	14	78	142	30	94	158	46	110	174	1982	2067	2162	1995	1990	1942	2008	2089	1955	2020	2058	1993
304998	62	126	14	78	142	30	94	158	46	110	174	2018	2035	2129	2011	2003	1976	2016	2076	1995	2017	2028	2009
304998	62	126	14	78	142	30	94	158	46	110	174	2045	1993	2105	2030	2020	2005	2026	2059	2022	2018	2002	2040
304998	62	126	14	78	142	30	94	158	46	110	174	2063	1983	2102	2039	2020	2007	2044	2051	2020	2022	1988	2047
304998	62	126	14	78	142	30	94	158	46	110	174	2039	2007	2131	2029	2001	1983	2022	2064	1991	2018	2010	2023
304998	62	126	14	78	142	30	94	158	46	110	174	2004	2052	2157	2010	1990	1945	2004	2086	1968	2021	2044	1984
304998	62	126	14	78	142	30	94	158	46	110	174	1987	2077	2166	1995	1985	1936	2000	2099	1956	2018	2072	1978
304998	62	126	14	78	142	30	94	158	46	110	174	2002	2058	2140	2008	1984	1963	2007	2093	1972	2021	2057	2004
304998	62	126	14	78	142	30	94	158	46	110	174	2034	2012	2117	2017	2008	1990	2024	2069	2002	2017	2012	2029
304998	62	126	14	78	142	30	94	158	46	110	174	2058	1984	2108	2032	2021	2007	2033	2049	2017	2022	1984	2041
304998	62	126	14	78	142	30	94	158	46	110	174	2058	1995	2121	2040	2019	1995	2039	2055	2017	2022	1997	2031
304998	62	126	14	78	142	30	94	158	46	110	174	2024	2036	2142	2017	2000	1965	2016	2077	1981	2017	2035	2013
304998	62	126	14	78	142	30	94	158	46	110	174	2000	2068	2152	2002	1979	1947	2017	2097	1955	2018	2059	1990
304998	62	126	14	78	142	30	94	158	46	110	174	1987	2066	2153	1995	1988	1939	1997	2098	1957	2016	2058	1992
304998	62	126	14	78	142	30	94	158	46	110	174	2009	2034	2136	2010	2000	1966	2006	2076	1986	2018	2031	2005
304998	62	126	14	78	142	30	94	158	46	110	174	2043	2004	2116	2032	2022	1993	2043	2060	2017	2020	2005	2034
304998	62	126	14	78	142	30	94	158	46	110	174	2057	1986	2110	2033	2023	2006	2042	2054	2019	2020	1991	2041
304998	62	126	14	78	142	30	94	158	46	110	174	2048	2015	2123	2025	2014	1983	2037	2070	1994	2018	2005	2026
304998	62	126	14	78	142	30	94	158	46	110	174	2013	2048	2146	2005	1994	1951	2011	2086	1967	2020	2042	1992
304998	62	126	14	78	142	30	94	158	46	110	174	1992	2071	2159	1991	1993	1933	1998	2099	1957	2021	2067	1977
304998	62	126	14	78	142	30	94	158	46	110	174	1998	2062	2152	1998	1989	1955	1998	2098	1972	2022	2058	1998
304998	62	126	14	78	142	30	94	158	46	110	174	2025	2021	2126	2016	2008	1984	2020	2072	1995	2017	2018	2031
304998	62	126	14	78	142	30	94	158	46	110	174	2057	1992	2104	2033	2022	2008	2031	2049	2017	2017	1990	2042
304998	62	126	14	78	142	30	94	158	46	110	174	2056	1994	2103	2038	2013	2003	2039	2052	2013	2018	1989	2026
304998	62	126	14	78	142	30	94	158	46	110	174	2032	2025	2128	2020	2008	1966	2021	2072	1989	2019	2027	2014
304998	62	126	14	78	142	30	94	158	46	110	174	1999	2058	2154	2003	1994	1940	2012	2100	1956	2017	2060	1996
304998	62	126	14	78	142	30	94	158	46	110	174	1985	2066	2167	1992	1985	1940	1996	2097	1953	2019	2063	1986
304998	62	126	14	78	142	30	94	158	46	110	174	2007	2048	2141	2003	2001	1971	2019	2084	1981	2017	2035	2004
304998	62	126	14	78	142	30	94	158	46	110	174	2045	2006	2112	2027	2014	1998	2031	2057	2015	2022	2007	2029
304998	62	126	14	78	142	30	94	158	46	110	174	2066	1986	2096	2036	2021	2003	2033	2056	2019	2021	1989	2044
304998	62	126	14	78	142	30	94	158	46	110	174	2050	2001	2116	2029	2016	1983	2047	2068	2003	2018	2002	2032
304998	62	126	14	78	142	30	94	158	46	110	174	2018	2042	2151	2010	2001	1956	2010	2084	1969	2020	2037	2001
304998	62	126	14	78	142	30	94	158	46	110	174	1988	2072	2166	1995	1984	1937	1996	2097	1953	2020	2060	1979
304998	62	126	14	78	142	30	94	158	46	110	174	1990	2069	2156	1993	1993	1947	2002	2094	1970	2020	2058	1997
304998	62	126	14	78	142	30	94	158	46	110	174	2028	2032	2121	2016	1999	1982	2021	2076	1995	2021	2023	2027
304998	62	126	14	78	142	30	94	158	46	110	174	2054	1990	2099	2034	2021	2002	2033	2054	2015	2016	1993	2043
304998	62	126	14	78	142	30	94	158	46	110	174	2058	1987	2109	2036	2019	2004	2039	2050	2012	2019	1983	2037
304998	62	126	14	78	142	30	94	158	46	110	174	2039	2021	2135	2020	2005	1976	2039	2072	1996	2017	2020	2012
304998	62	126	14	78	142	30	94	158	46	110	174	1997	2062	2163	2002	1990	1943	2006	2098	1961	2021	2058	1989
304998	62	126	14	78	142	30	94	158	46	110	174	1987	2081	2159	1993	1988	1936	2002	2102	1957	2017	2061	1995
304998	62	126	14	78	142	30	94	158	46	110	174	2001	2046	2138	2003	2001	1956	2004	2082	1972	2018	2043	2006
304998	62	126	14	78	142	30	94	158	46	110	174	2040	2004	2109	2023	2016	1995	2021	2057	2011	2022	2009	2022
304998	62	126	14	78	142	30	94	158	46	110	174	2062	1985	2101	2036	2024	2013	2035	2051	2027	2021	1991	2040
304998	62	126	14	78	142	30	94	158	46	110	174	2052	2001	2125	2037	2006	1994	2036	2057	2003	2022	2003	2040
304998	62	126	14	78	142	30	94	158	46	110	174	2017	2039	2153	2009	2003	1958	2011	2080	1969	2016	2032	2002
304998	62	126	14	78	142	30	94	158	46	110	174	1994	2077	2157	1996	1988	1935	2021	2102	1957	2017	2060	1979
304998	62	126	14	78	142	30	94	158	46	110	174	1992	2064	2153	1999	1985	1947	2000	2099	1968	2017	2064	1991
304998	62	126	14	78	142	30	94	158	46	110	174	2021	2031	2125	2009	2006	1978	2008	2086	1985	2019	2027	2022
304998	62	126	14	78	142	30	94	158	46	110	174	2051	1994	2112	2036	2006	2007	2045	2054	2017	2016	1995	2042
304998	62	126	14	78	142	30	94	158	46	110	174	2059	1987	2112	2038	2021	2003	2047	2052	2012	2017	1987	2041
304998	62	126	14	78	142	30	94	158	46	110	174	2039	2021	2131	2026	2013	1977	2027	2069	1994	2020	2014	2010
304998	62	126	14	78	142	30	94	158	46	110	174	2005	2062	2153	2004	1988	1952	2007	2092	1968	2020	2053	1993
304998	62	126	14	78	142	30	94	158	46	110	174	1991	2069	2153	1994	1990	1942	2004	2103	1949	2019	2065	1992
304998	62	126	14	78	142	30	94	158	46	110	174	1998	2044	2155	2000	1989	1965	1998	2087	1970	2018	2044	2001
304998	62	126	14	78	142	30	94	158	46	110	174	2034	2008	2125	2022	2001	1996	2022	2057	2002	2016	2009	2023
304998	62	126	14	78	142	30	94	158	46	110	174	2057	1990	2119	2037	2021	2005	2049	2049	2025	2022	1991	2039
304998	62	126	14	78	142	30	94	158	46	110	174	2056	2002	2117	2034	2012	1998	2028	2059	2007	2018	1999	2037
304998	62	126	14	78	142	30	94	158	46	110	174	2031	2039	2131	2023	1988	1973	2021	2081	1979	2018	2032	2013
304998	62	126	14	78	142	30	94	158	46	110	174	1993	2063	2161	1997	1988	1937	2001	2099	1957	2017	2056	1991
304998	62	126	14	78	142	30	94	158	46	110	174	1990	2066	2155	1996	1991	1941	2004	2097	1958	2016	2061	1983
304998	62	126	14	78	142	30	94	158	46	110	174	2013	2033	2140	2013	2006	1969	2009	2084	1993	2017	2038	2014
304998	62	126	14	78	142	30	94	158	46	110	174	2046	2000	2112	2032	2019	2003	2036	2059	2018	2021	1997	2047
304998	62	126	14	78	142	30	94	158	46	110	174	2057	1990	2108	2040	2016	2008	2038	2049	2016	2018	1985	2041
304998	62	126	14	78	142	30	94	158	46	110	174	2042	2011	2121	2021	2011	1981	2031	2063	1995	2022	2004	2015
304998	62	126	14	78	142	30	94	158	46	110	174	2014	2050	2156	2005	1993	1946	2010	2086	1974	2023	2049	1996
304998	62	126	14	78	142	30	94	158	46	110	174	1986	2071	2166	1994	1981	1942	1995	2106	1950	2017	2069	1989
304998	62	126	14	78	142	30	94	158	46	110	174	1996	2057	2155	1996	1995	1951	2003	2092	1970	2018	2048	2006
304998	62	126	14	78	142	30	94	158	46	110	174	2026	2022	2123	2020	2015	1991	2029	2074	1996	2020	2012	2026
304998	62	126	14	78	142	30	94	158	46	110	174	2059	1993	2103	2037	2015	2012	2054	2049	2025	2021	1985	2034
304998	62	126	14	78	142	30	94	158	46	110	174	2052	1991	2110	2038	2017	1997	2035	2054	2013	2019	1998	2039
304998	62	126	14	78	142	30	94	158	46	110	174	2033	2026	2139	2018	2005	1968	2030	2083	1982	2020	2027	2018
304998	62	126	14	78	142	30	94	158	46	110	174	1990	2065	2176	2002	1984	1949	2001	2093	1953	2021	2055	1990
304998	62	126	14	78	142	30	94	158	46	110	174	1983	2071	2166	1991	1992	1948	1994	2091	1958	2018	2059	1985
304998	62	126	14	78	142	30	94	158	46	110	174	2009	2049	2139	2005	1997	1971	2009	2081	1990	2021	2040	2007
304998	62	126	14	78	142	30	94	158	46	110	174	2040	2002	2109	2033	2011	2001	2024	2061	2010	2020	2006	2036
304998	62	126	14	78	142	30	94	158	46	110	174	2061	1983	2108	2038	2024	2003	2034	2048	2018	2018	1985	2048
304998	62	126	14	78	142	30	94	158	46	110	174	2041	2003	2133	2032	2008	1988	2029	2064	1999	2018	2001	2027
304998	62	126	14	78	142	30	94	158	46	110	174	2016	2048	2154	2008	1995	1961	2014	2082	1971	2017	2045	1989
304998	62	126	14	78	142	30	94	158	46	110	174	1985	2076	2161	1994	1986	1940	1996	2102	1960	2017	2069	1988
304998	62	126	14	78	142	30	94	158	46	110	174	1995	2067	2147	2001	1981	1958	2003	2095	1964	2016	2053	2002
304998	62	126	14	78	142	30	94	158	46	110	174	2021	2017	2128	2015	2008	1984	2017	2070	2001	2018	2017	2023
304998	62	126	14	78	142	30	94	158	46	110	174	2057	1985	2109	2032	2020	2005	2043	2049	2018	2018	1985	2037
304998	62	126	14	78	142	30	94	158	46	110	174	2059	1994	2118	2043	2013	2002	2033	2052	2017	2022	1995	2029
304998	62	126	14	78	142	30	94	158	46	110	174	2030	2028	2136	2019	2003	1972	2025	2074	1983	2020	2027	2017
304998	62	126	14	78	142	30	94	158	46	110	174	1996	2067	2156	1997	1990	1948	2013	2093	1952	2020	2057	1999
304998	62	126	14	78	142	30	94	158	46	110	174	1983	2069	2160	1995	1983	1943	1995	2096	1959	2017	2058	1993
304998	62	126	14	78	142	30	94	158	46	110	174	2001	2040	2143	2007	1998	1965	2005	2083	1985	2020	2041	1999
304998	62	126	14	78	142	30	94	158	46	110	174	2038	2002	2124	2024	2013	2004	2027	2065	2014	2020	2005	2029
304998	62	126	14	78	142	30	94	158	46	110	174	2055	1980	2120	2039	2019	2008	2035	2050	2017	2021	1991	2048
304998	62	126	14	78	142	30	94	158	46	110	174	2046	2008	2123	2030	2015	1988	2031	2063	2001	2020	1999	2030
304998	62	126	14	78	142	30	94	158	46	110	174	2022	2046	2142	2011	1995	1963	2034	2080	1977	2016	2034	1992
304998	62	126	14	78	142	30	94	158	46	110	174	1983	2068	2155	1991	1987	1937	1996	2102	1960	2017	2067	1985
304998	62	126	14	78	142	30	94	158	46	110	174	1986	2063	2150	1992	1992	1947	1999	2102	1968	2017	2065	2001
304998	62	126	14	78	142	30	94	158	46	110	174	2013	2025	2144	2011	1998	1984	2019	2075	1994	2021	2026	2021
304998	62	126	14	78	142	30	94	158	46	110	174	2046	2000	2115	2035	2023	1996	2031	2052	2016	2018	1990	2038
304998	62	126	14	78	142	30	94	158	46	110	174	2061	1995	2102	2040	2015	2006	2035	2051	2022	2020	1989	2031
304998	62	126	14	78	142	30	94	158	46	110	174	2028	2016	2126	2024	2007	1975	2019	2075	1993	2019	2022	2018
