304998	62	126	14	78	142	30	94	158	46	110	174	2006	2037	2177	2011	1984	1947	2006	2081	1965	2017	2030	1964
304998	62	126	14	78	142	30	94	158	46	110	174	2002	2047	2199	1999	1980	1929	2001	2091	1938	2022	2044	1932
304998	62	126	14	78	142	30	94	158	46	110	174	2004	2039	2174	2005	1984	1949	2009	2085	1959	2020	2042	1979
304998	62	126	14	78	142	30	94	158	46	110	174	2020	2021	2115	2014	1996	1998	2015	2071	2005	2018	2019	2054
304998	62	126	14	78	142	30	94	158	46	110	174	2036	2012	2071	2024	2021	2021	2043	2061	2046	2017	2002	2095
304998	62	126	14	78	142	30	94	158	46	110	174	2034	2017	2082	2031	2004	2018	2030	2063	2034	2020	2004	2069
304998	62	126	14	78	142	30	94	158	46	110	174	2027	2030	2135	2013	2002	1969	2026	2086	1985	2022	2027	2005
304998	62	126	14	78	142	30	94	158	46	110	174	2007	2045	2195	1999	1983	1933	2022	2091	1939	2018	2042	1952
304998	62	126	14	78	142	30	94	158	46	110	174	2002	2046	2199	2002	1981	1927	2000	2091	1940	2018	2040	1951
304998	62	126	14	78	142	30	94	158	46	110	174	2012	2033	2149	2009	1996	1969	2017	2079	1985	2020	2030	1997
304998	62	126	14	78	142	30	94	158	46	110	174	2029	2020	2086	2020	2013	2011	2031	2074	2031	2021	2016	2071
304998	62	126	14	78	142	30	94	158	46	110	174	2042	2015	2059	2027	2011	2034	2041	2069	2039	2020	2009	2100
304998	62	126	14	78	142	30	94	158	46	110	174	2036	2016	2106	2028	2005	1996	2041	2069	2007	2017	2013	2055
304998	62	126	14	78	142	30	94	158	46	110	174	2016	2035	2170	2008	1992	1949	2026	2081	1960	2018	2029	1969
304998	62	126	14	78	142	30	94	158	46	110	174	2007	2049	2204	2002	1984	1928	2011	2096	1937	2023	2047	1930
304998	62	126	14	78	142	30	94	158	46	110	174	1999	2043	2190	1994	1995	1945	2001	2090	1956	2017	2041	1970
304998	62	126	14	78	142	30	94	158	46	110	174	2018	2036	2113	2010	2001	1989	2013	2070	2008	2021	2022	2047
304998	62	126	14	78	142	30	94	158	46	110	174	2034	2009	2076	2027	2005	2028	2024	2057	2040	2017	2003	2090
304998	62	126	14	78	142	30	94	158	46	110	174	2042	2008	2079	2028	2013	2016	2032	2064	2045	2020	2005	2073
304998	62	126	14	78	142	30	94	158	46	110	174	2031	2028	2136	2014	2006	1976	2018	2077	1995	2021	2025	2017
304998	62	126	14	78	142	30	94	158	46	110	174	2005	2046	2195	2004	1989	1934	2003	2085	1942	2020	2038	1959
304998	62	126	14	78	142	30	94	158	46	110	174	1999	2055	2199	1997	1988	1925	2008	2092	1935	2019	2043	1942
304998	62	126	14	78	142	30	94	158	46	110	174	2012	2040	2144	2007	1988	1968	2017	2081	1979	2017	2027	1986
304998	62	126	14	78	142	30	94	158	46	110	174	2035	2017	2086	2024	1999	2017	2022	2068	2028	2020	2017	2060
304998	62	126	14	78	142	30	94	158	46	110	174	2027	1996	2069	2028	2020	2028	2025	2063	2048	2020	2008	2104
304998	62	126	14	78	142	30	94	158	46	110	174	2036	2014	2102	2023	2005	2009	2047	2073	2017	2020	2008	2063
304998	62	126	14	78	142	30	94	158	46	110	174	2019	2039	2167	2016	1994	1954	2009	2078	1967	2022	2027	1982
304998	62	126	14	78	142	30	94	158	46	110	174	2006	2055	2199	2001	1983	1918	2012	2092	1946	2017	2049	1929
304998	62	126	14	78	142	30	94	158	46	110	174	2006	2046	2176	1999	1989	1938	2003	2093	1958	2019	2043	1963
304998	62	126	14	78	142	30	94	158	46	110	174	2017	2021	2123	2009	1999	1987	2015	2077	1997	2021	2025	2033
304998	62	126	14	78	142	30	94	158	46	110	174	2035	2010	2077	2018	2014	2025	2025	2062	2035	2017	2006	2088
304998	62	126	14	78	142	30	94	158	46	110	174	2036	2005	2086	2032	2009	2020	2031	2056	2041	2017	2001	2081
304998	62	126	14	78	142	30	94	158	46	110	174	2030	2028	2132	2019	2006	1976	2025	2071	2001	2021	2025	2025
304998	62	126	14	78	142	30	94	158	46	110	174	2007	2045	2185	2003	1994	1934	2006	2087	1946	2020	2042	1963
304998	62	126	14	78	142	30	94	158	46	110	174	2004	2046	2197	1995	1991	1927	2013	2089	1934	2022	2041	1940
304998	62	126	14	78	142	30	94	158	46	110	174	2008	2037	2161	2003	1996	1951	2008	2082	1968	2022	2029	1977
304998	62	126	14	78	142	30	94	158	46	110	174	2026	2020	2104	2022	1998	2004	2028	2072	2025	2018	2025	2057
304998	62	126	14	78	142	30	94	158	46	110	174	2036	2010	2078	2028	2020	2029	2042	2063	2049	2017	2008	2105
304998	62	126	14	78	142	30	94	158	46	110	174	2033	2017	2092	2026	2015	2008	2031	2070	2023	2018	2009	2069
304998	62	126	14	78	142	30	94	158	46	110	174	2028	2030	2154	2014	1996	1964	2019	2078	1969	2020	2022	1986
304998	62	126	14	78	142	30	94	158	46	110	174	2008	2051	2198	2001	1989	1922	2008	2085	1941	2020	2045	1934
304998	62	126	14	78	142	30	94	158	46	110	174	1995	2046	2194	1997	1983	1932	2005	2089	1953	2022	2047	1954
304998	62	126	14	78	142	30	94	158	46	110	174	2016	2031	2137	2013	1993	1979	2010	2080	1996	2021	2023	2022
304998	62	126	14	78	142	30	94	158	46	110	174	2037	2018	2077	2020	2016	2027	2026	2064	2039	2020	2006	2080
304998	62	126	14	78	142	30	94	158	46	110	174	2039	2003	2069	2035	1999	2035	2028	2054	2039	2018	2000	2081
304998	62	126	14	78	142	30	94	158	46	110	174	2030	2017	2124	2020	2007	1986	2016	2066	2007	2020	2022	2037
304998	62	126	14	78	142	30	94	158	46	110	174	2010	2039	2186	2007	1994	1936	2009	2085	1954	2019	2036	1964
304998	62	126	14	78	142	30	94	158	46	110	174	2000	2056	2208	1993	1986	1921	2023	2098	1934	2021	2046	1938
304998	62	126	14	78	142	30	94	158	46	110	174	2006	2049	2171	1998	1995	1951	2004	2085	1957	2021	2031	1972
304998	62	126	14	78	142	30	94	158	46	110	174	2031	2023	2097	2015	2002	1998	2030	2068	2018	2017	2021	2050
304998	62	126	14	78	142	30	94	158	46	110	174	2028	1998	2079	2028	2018	2025	2023	2063	2051	2017	2008	2095
304998	62	126	14	78	142	30	94	158	46	110	174	2031	1997	2095	2028	2014	2013	2024	2064	2032	2020	2005	2070
304998	62	126	14	78	142	30	94	158	46	110	174	2027	2033	2165	2014	2004	1966	2026	2077	1981	2022	2021	2000
304998	62	126	14	78	142	30	94	158	46	110	174	2001	2056	2198	2003	1990	1929	2004	2092	1932	2020	2043	1940
304998	62	126	14	78	142	30	94	158	46	110	174	2005	2059	2186	1993	1986	1930	2002	2093	1945	2020	2051	1946
304998	62	126	14	78	142	30	94	158	46	110	174	2006	2027	2139	2013	1985	1977	2005	2086	1986	2017	2033	2016
304998	62	126	14	78	142	30	94	158	46	110	174	2037	2008	2083	2018	2016	2018	2032	2070	2031	2022	2002	2078
304998	62	126	14	78	142	30	94	158	46	110	174	2045	2001	2076	2034	2006	2031	2025	2058	2042	2021	2003	2087
304998	62	126	14	78	142	30	94	158	46	110	174	2031	2021	2114	2019	2011	1994	2031	2067	2013	2017	2017	2038
304998	62	126	14	78	142	30	94	158	46	110	174	2015	2046	2176	2007	1989	1948	2007	2081	1964	2022	2041	1970
304998	62	126	14	78	142	30	94	158	46	110	174	2001	2055	2195	2002	1982	1919	1998	2095	1933	2020	2047	1938
304998	62	126	14	78	142	30	94	158	46	110	174	2008	2041	2175	1993	1998	1945	2012	2087	1957	2018	2041	1967
304998	62	126	14	78	142	30	94	158	46	110	174	2022	2026	2116	2016	2005	1998	2013	2076	2007	2017	2020	2034
304998	62	126	14	78	142	30	94	158	46	110	174	2042	2010	2070	2028	2015	2023	2035	2056	2049	2021	2009	2096
304998	62	126	14	78	142	30	94	158	46	110	174	2042	2015	2079	2028	2015	2014	2034	2064	2038	2018	2005	2086
304998	62	126	14	78	142	30	94	158	46	110	174	2027	2033	2140	2014	2009	1965	2019	2078	1984	2017	2019	2010
304998	62	126	14	78	142	30	94	158	46	110	174	2005	2045	2197	2003	1986	1925	2015	2089	1938	2020	2038	1938
304998	62	126	14	78	142	30	94	158	46	110	174	2001	2052	2198	1992	1988	1925	2005	2084	1935	2020	2051	1942
304998	62	126	14	78	142	30	94	158	46	110	174	2005	2038	2151	2003	1990	1971	2008	2085	1987	2022	2034	2007
304998	62	126	14	78	142	30	94	158	46	110	174	2029	2018	2094	2021	2013	2009	2020	2063	2034	2018	2011	2076
304998	62	126	14	78	142	30	94	158	46	110	174	2046	2006	2064	2029	2021	2031	2044	2064	2045	2016	1995	2090
304998	62	126	14	78	142	30	94	158	46	110	174	2037	2017	2102	2026	2009	2000	2024	2065	2014	2022	2013	2047
304998	62	126	14	78	142	30	94	158	46	110	174	2013	2039	2177	2005	1996	1949	2012	2081	1973	2017	2037	1982
304998	62	126	14	78	142	30	94	158	46	110	174	1994	2049	2208	2006	1973	1925	1997	2092	1940	2018	2047	1937
304998	62	126	14	78	142	30	94	158	46	110	174	1996	2048	2181	1994	1989	1938	2001	2088	1954	2021	2040	1959
304998	62	126	14	78	142	30	94	158	46	110	174	2023	2028	2115	2015	2002	1992	2026	2074	2003	2021	2023	2028
304998	62	126	14	78	142	30	94	158	46	110	174	2039	2000	2067	2029	2015	2029	2033	2055	2046	2022	2011	2090
304998	62	126	14	78	142	30	94	158	46	110	174	2045	2002	2079	2031	2018	2018	2036	2063	2050	2022	2004	2090
304998	62	126	14	78	142	30	94	158	46	110	174	2025	2022	2141	2022	2000	1976	2020	2071	1993	2021	2018	2021
304998	62	126	14	78	142	30	94	158	46	110	174	2008	2051	2194	2007	1989	1925	2012	2096	1942	2021	2039	1944
304998	62	126	14	78	142	30	94	158	46	110	174	1999	2056	2199	1995	1982	1924	2012	2096	1933	2017	2050	1934
304998	62	126	14	78	142	30	94	158	46	110	174	2010	2039	2147	2005	1993	1968	2017	2083	1980	2022	2036	1998
304998	62	126	14	78	142	30	94	158	46	110	174	2032	2013	2093	2016	2010	2009	2019	2067	2029	2020	2014	2069
304998	62	126	14	78	142	30	94	158	46	110	174	2038	1994	2075	2032	2014	2027	2028	2061	2047	2020	1998	2092
304998	62	126	14	78	142	30	94	158	46	110	174	2039	2014	2108	2036	2007	1999	2029	2062	2020	2021	2009	2052
304998	62	126	14	78	142	30	94	158	46	110	174	2017	2042	2156	2014	1989	1959	2014	2076	1973	2019	2037	1990
304998	62	126	14	78	142	30	94	158	46	110	174	2005	2052	2192	2003	1977	1923	2008	2088	1940	2020	2045	1940
304998	62	126	14	78	142	30	94	158	46	110	174	1998	2043	2185	1998	1985	1932	1997	2092	1952	2020	2041	1952
304998	62	126	14	78	142	30	94	158	46	110	174	2018	2027	2135	2014	1999	1979	2023	2079	1998	2017	2023	2018
304998	62	126	14	78	142	30	94	158	46	110	174	2039	2007	2090	2029	2014	2019	2035	2058	2039	2019	2008	2086
304998	62	126	14	78	142	30	94	158	46	110	174	2041	2009	2071	2031	2019	2022	2031	2055	2048	2017	2008	2092
304998	62	126	14	78	142	30	94	158	46	110	174	2035	2024	2119	2023	1996	1990	2029	2071	2006	2021	2013	2027
304998	62	126	14	78	142	30	94	158	46	110	174	2008	2039	2188	2004	1985	1935	2008	2086	1945	2022	2036	1952
304998	62	126	14	78	142	30	94	158	46	110	174	1993	2048	2204	1995	1985	1919	2001	2095	1931	2018	2054	1930
304998	62	126	14	78	142	30	94	158	46	110	174	1999	2041	2173	2000	1986	1953	2009	2082	1967	2018	2042	1987
304998	62	126	14	78	142	30	94	158	46	110	174	2029	2025	2099	2017	2010	2007	2020	2070	2025	2020	2015	2063
304998	62	126	14	78	142	30	94	158	46	110	174	2043	2006	2063	2029	2018	2026	2031	2059	2051	2016	2001	2094
304998	62	126	14	78	142	30	94	158	46	110	174	2042	2005	2088	2031	2008	2005	2037	2061	2026	2016	2003	2058
304998	62	126	14	78	142	30	94	158	46	110	174	2022	2027	2157	2012	2001	1956	2016	2073	1972	2020	2031	1992
304998	62	126	14	78	142	30	94	158	46	110	174	1997	2049	2206	1999	1979	1927	2004	2085	1939	2018	2048	1940
304998	62	126	14	78	142	30	94	158	46	110	174	1993	2059	2189	2003	1978	1937	1995	2092	1948	2021	2050	1955
304998	62	126	14	78	142	30	94	158	46	110	174	2015	2034	2128	2006	1998	1969	2015	2081	1989	2017	2026	2014
304998	62	126	14	78	142	30	94	158	46	110	174	2042	2005	2080	2032	2003	2016	2033	2063	2034	2018	2010	2072
304998	62	126	14	78	142	30	94	158	46	110	174	2042	1998	2072	2028	2020	2025	2033	2054	2044	2022	2003	2101
304998	62	126	14	78	142	30	94	158	46	110	174	2033	2019	2123	2025	1999	1990	2030	2065	2012	2022	2013	2045
304998	62	126	14	78	142	30	94	158	46	110	174	2008	2042	2188	2008	1983	1947	2009	2086	1953	2018	2040	1968
304998	62	126	14	78	142	30	94	158	46	110	174	2001	2060	2196	1998	1983	1922	2009	2094	1936	2018	2048	1929
304998	62	126	14	78	142	30	94	158	46	110	174	2008	2048	2163	2006	1989	1939	2013	2088	1954	2017	2047	1971
304998	62	126	14	78	142	30	94	158	46	110	174	2023	2013	2111	2016	2008	1993	2019	2064	2012	2020	2019	2054
304998	62	126	14	78	142	30	94	158	46	110	174	2041	2001	2073	2032	2009	2034	2028	2052	2054	2019	1999	2100
304998	62	126	14	78	142	30	94	158	46	110	174	2034	2006	2098	2030	2010	2012	2027	2064	2035	2021	1999	2066
304998	62	126	14	78	142	30	94	158	46	110	174	2025	2037	2148	2015	2001	1966	2020	2074	1983	2020	2023	1999
304998	62	126	14	78	142	30	94	158	46	110	174	2004	2051	2191	2003	1986	1919	2008	2088	1934	2018	2054	1942
304998	62	126	14	78	142	30	94	158	46	110	174	1999	2049	2194	1995	1984	1926	2000	2091	1941	2022	2048	1950
304998	62	126	14	78	142	30	94	158	46	110	174	2010	2034	2151	2007	2001	1970	2005	2083	1989	2016	2029	2011
304998	62	126	14	78	142	30	94	158	46	110	174	2035	2014	2089	2024	2008	2017	2029	2063	2030	2018	2005	2067
304998	62	126	14	78	142	30	94	158	46	110	174	2042	2003	2073	2031	2019	2023	2036	2057	2043	2017	2000	2093
304998	62	126	14	78	142	30	94	158	46	110	174	2039	2018	2100	2026	2008	1994	2035	2063	2005	2021	2013	2047
304998	62	126	14	78	142	30	94	158	46	110	174	2014	2036	2170	2010	1983	1952	2005	2080	1969	2020	2035	1976
304998	62	126	14	78	142	30	94	158	46	110	174	1992	2051	2210	1995	1989	1916	1999	2100	1936	2022	2047	1938
304998	62	126	14	78	142	30	94	158	46	110	174	2003	2045	2181	2009	1974	1949	2006	2089	1949	2019	2043	1958
304998	62	126	14	78	142	30	94	158	46	110	174	2021	2021	2125	2014	2009	1984	2021	2072	2006	2022	2021	2040
304998	62	126	14	78	142	30	94	158	46	110	174	2044	2003	2068	2032	2017	2028	2045	2056	2048	2022	2004	2096
304998	62	126	14	78	142	30	94	158	46	110	174	2040	2001	2079	2034	2010	2025	2034	2057	2038	2018	1999	2077
304998	62	126	14	78	142	30	94	158	46	110	174	2023	2015	2145	2017	2004	1970	2021	2075	1992	2021	2018	2012
304998	62	126	14	78	142	30	94	158	46	110	174	2004	2048	2205	1999	1983	1930	2025	2087	1940	2019	2050	1944
304998	62	126	14	78	142	30	94	158	46	110	174	1995	2065	2198	1994	1991	1921	2001	2099	1930	2020	2059	1941
304998	62	126	14	78	142	30	94	158	46	110	174	2010	2045	2143	2005	1997	1960	2025	2079	1985	2022	2035	2002
304998	62	126	14	78	142	30	94	158	46	110	174	2028	2005	2099	2021	2006	2019	2016	2065	2033	2018	2008	2066
304998	62	126	14	78	142	30	94	158	46	110	174	2042	1995	2076	2034	2016	2029	2044	2054	2044	2017	1995	2086
304998	62	126	14	78	142	30	94	158	46	110	174	2040	2008	2115	2028	2006	2002	2041	2059	2016	2017	2015	2059
304998	62	126	14	78	142	30	94	158	46	110	174	2014	2042	2167	2011	1997	1946	2017	2077	1967	2020	2038	1983
304998	62	126	14	78	142	30	94	158	46	110	174	2002	2065	2196	1996	1985	1927	2004	2099	1943	2018	2051	1941
304998	62	126	14	78	142	30	94	158	46	110	174	1996	2049	2174	1996	1979	1943	2005	2094	1953	2022	2041	1957
304998	62	126	14	78	142	30	94	158	46	110	174	2018	2026	2128	2013	2000	1988	2022	2075	2004	2019	2023	2023
304998	62	126	14	78	142	30	94	158	46	110	174	2038	1996	2080	2030	2012	2023	2033	2054	2040	2017	2006	2091
304998	62	126	14	78	142	30	94	158	46	110	174	2041	2001	2086	2032	2019	2022	2045	2049	2046	2020	1997	2090
304998	62	126	14	78	142	30	94	158	46	110	174	2025	2025	2130	2018	2012	1978	2017	2072	1998	2019	2016	2021
304998	62	126	14	78	142	30	94	158	46	110	174	2009	2049	2178	2002	1981	1936	2027	2099	1949	2017	2038	1946
304998	62	126	14	78	142	30	94	158	46	110	174	1994	2058	2200	1994	1987	1918	2000	2098	1935	2021	2058	1943
304998	62	126	14	78	142	30	94	158	46	110	174	2008	2042	2158	2003	1983	1956	2011	2089	1967	2020	2036	1992
304998	62	126	14	78	142	30	94	158	46	110	174	2022	2014	2108	2021	2013	2007	2018	2063	2032	2021	2011	2056
304998	62	126	14	78	142	30	94	158	46	110	174	2045	1999	2069	2033	2018	2034	2048	2055	2046	2016	1988	2088
304998	62	126	14	78	142	30	94	158	46	110	174	2045	2004	2100	2030	2006	2008	2038	2060	2022	2017	2009	2055
304998	62	126	14	78	142	30	94	158	46	110	174	2018	2034	2153	2016	2002	1948	2017	2082	1968	2018	2031	1996
304998	62	126	14	78	142	30	94	158	46	110	174	2003	2058	2202	1999	1983	1916	2018	2096	1944	2022	2050	1948
304998	62	126	14	78	142	30	94	158	46	110	174	1989	2055	2198	1992	1984	1932	1996	2099	1951	2020	2047	1955
304998	62	126	14	78	142	30	94	158	46	110	174	2015	2036	2126	2008	2001	1983	2016	2083	1996	2022	2027	2016
304998	62	126	14	78	142	30	94	158	46	110	174	2039	2001	2083	2025	2013	2022	2028	2060	2036	2016	2004	2079
304998	62	126	14	78	142	30	94	158	46	110	174	2046	1994	2071	2037	2019	2020	2039	2048	2043	2024	1997	2096
304998	62	126	14	78	142	30	94	158	46	110	174	2030	2015	2130	2025	2008	1978	2022	2074	2004	2017	2012	2033
304998	62	126	14	78	142	30	94	158	46	110	174	2010	2046	2183	2007	1985	1939	2011	2092	1952	2017	2037	1953
304998	62	126	14	78	142	30	94	158	46	110	174	2001	2074	2196	1988	1987	1918	2021	2102	1936	2018	2055	1938
304998	62	126	14	78	142	30	94	158	46	110	174	2005	2049	2162	1998	1983	1955	2005	2089	1965	2016	2046	1986
304998	62	126	14	78	142	30	94	158	46	110	174	2030	2018	2104	2016	2014	1992	2023	2068	2024	2021	2018	2052
304998	62	126	14	78	142	30	94	158	46	110	174	2045	1993	2081	2035	2015	2028	2038	2056	2051	2017	1996	2087
304998	62	126	14	78	142	30	94	158	46	110	174	2042	2006	2099	2036	2011	2013	2042	2060	2028	2019	2004	2060
304998	62	126	14	78	142	30	94	158	46	110	174	2021	2041	2147	2013	1995	1964	2018	2081	1972	2020	2031	2000
304998	62	126	14	78	142	30	94	158	46	110	174	2005	2062	2188	1998	1977	1928	2015	2096	1940	2022	2046	1945
304998	62	126	14	78	142	30	94	158	46	110	174	1996	2056	2191	1994	1989	1926	2004	2097	1946	2019	2047	1956
