304998	62	126	14	78	142	30	94	158	46	110	174	2043	2006	2063	2029	2018	2026	2031	2059	2051	2016	2001	2094
304998	62	126	14	78	142	30	94	158	46	110	174	2042	2005	2088	2031	2008	2005	2037	2061	2026	2016	2003	2058
304998	62	126	14	78	142	30	94	158	46	110	174	2022	2027	2157	2012	2001	1956	2016	2073	1972	2020	2031	1992
304998	62	126	14	78	142	30	94	158	46	110	174	1997	2049	2206	1999	1979	1927	2004	2085	1939	2018	2048	1940
304998	62	126	14	78	142	30	94	158	46	110	174	1993	2059	2189	2003	1978	1937	1995	2092	1948	2021	2050	1955
304998	62	126	14	78	142	30	94	158	46	110	174	2015	2034	2128	2006	1998	1969	2015	2081	1989	2017	2026	2014
304998	62	126	14	78	142	30	94	158	46	110	174	2042	2005	2080	2032	2003	2016	2033	2063	2034	2018	2010	2072
304998	62	126	14	78	142	30	94	158	46	110	174	2042	1998	2072	2028	2020	2025	2033	2054	2044	2022	2003	2101
304998	62	126	14	78	142	30	94	158	46	110	174	2033	2019	2123	2025	1999	1990	2030	2065	2012	2022	2013	2045
304998	62	126	14	78	142	30	94	158	46	110	174	2008	2042	2188	2008	1983	1947	2009	2086	1953	2018	2040	1968
304998	62	126	14	78	142	30	94	158	46	110	174	2001	2060	2196	1998	1983	1922	2009	2094	1936	2018	2048	1929
304998	62	126	14	78	142	30	94	158	46	110	174	2008	2048	2163	2006	1989	1939	2013	2088	1954	2017	2047	1971
304998	62	126	14	78	142	30	94	158	46	110	174	2023	2013	2111	2016	2008	1993	2019	2064	2012	2020	2019	2054
304998	62	126	14	78	142	30	94	158	46	110	174	2041	2001	2073	2032	2009	2034	2028	2052	2054	2019	1999	2100
304998	62	126	14	78	142	30	94	158	46	110	174	2034	2006	2098	2030	2010	2012	2027	2064	2035	2021	1999	2066
304998	62	126	14	78	142	30	94	158	46	110	174	2025	2037	2148	2015	2001	1966	2020	2074	1983	2020	2023	1999
304998	62	126	14	78	142	30	94	158	46	110	174	2004	2051	2191	2003	1986	1919	2008	2088	1934	2018	2054	1942
304998	62	126	14	78	142	30	94	158	46	110	174	1999	2049	2194	1995	1984	1926	2000	2091	1941	2022	2048	1950
304998	62	126	14	78	142	30	94	158	46	110	174	2010	2034	2151	2007	2001	1970	2005	2083	1989	2016	2029	2011
304998	62	126	14	78	142	30	94	158	46	110	174	2035	2014	2089	2024	2008	2017	2029	2063	2030	2018	2005	2067
304998	62	126	14	78	142	30	94	158	46	110	174	2042	2003	2073	2031	2019	2023	2036	2057	2043	2017	2000	2093
304998	62	126	14	78	142	30	94	158	46	110	174	2039	2018	2100	2026	2008	1994	2035	2063	2005	2021	2013	2047
304998	62	126	14	78	142	30	94	158	46	110	174	2014	2036	2170	2010	1983	1952	2005	2080	1969	2020	2035	1976
304998	62	126	14	78	142	30	94	158	46	110	174	1992	2051	2210	1995	1989	1916	1999	2100	1936	2022	2047	1938
304998	62	126	14	78	142	30	94	158	46	110	174	2003	2045	2181	2009	1974	1949	2006	2089	1949	2019	2043	1958
304998	62	126	14	78	142	30	94	158	46	110	174	2021	2021	2125	2014	2009	1984	2021	2072	2006	2022	2021	2040
304998	62	126	14	78	142	30	94	158	46	110	174	2044	2003	2068	2032	2017	2028	2045	2056	2048	2022	2004	2096
304998	62	126	14	78	142	30	94	158	46	110	174	2040	2001	2079	2034	2010	2025	2034	2057	2038	2018	1999	2077
304998	62	126	14	78	142	30	94	158	46	110	174	2023	2015	2145	2017	2004	1970	2021	2075	1992	2021	2018	2012
304998	62	126	14	78	142	30	94	158	46	110	174	2004	2048	2205	1999	1983	1930	2025	2087	1940	2019	2050	1944
304998	62	126	14	78	142	30	94	158	46	110	174	1995	2065	2198	1994	1991	1921	2001	2099	1930	2020	2059	1941
304998	62	126	14	78	142	30	94	158	46	110	174	2010	2045	2143	2005	1997	1960	2025	2079	1985	2022	2035	2002
304998	62	126	14	78	142	30	94	158	46	110	174	2028	2005	2099	2021	2006	2019	2016	2065	2033	2018	2008	2066
304998	62	126	14	78	142	30	94	158	46	110	174	2042	1995	2076	2034	2016	2029	2044	2054	2044	2017	1995	2086
304998	62	126	14	78	142	30	94	158	46	110	174	2040	2008	2115	2028	2006	2002	2041	2059	2016	2017	2015	2059
304998	62	126	14	78	142	30	94	158	46	110	174	2014	2042	2167	2011	1997	1946	2017	2077	1967	2020	2038	1983
304998	62	126	14	78	142	30	94	158	46	110	174	2002	2065	2196	1996	1985	1927	2004	2099	1943	2018	2051	1941
304998	62	126	14	78	142	30	94	158	46	110	174	1996	2049	2174	1996	1979	1943	2005	2094	1953	2022	2041	1957
304998	62	126	14	78	142	30	94	158	46	110	174	2018	2026	2128	2013	2000	1988	2022	2075	2004	2019	2023	2023
304998	62	126	14	78	142	30	94	158	46	110	174	2038	1996	2080	2030	2012	2023	2033	2054	2040	2017	2006	2091
304998	62	126	14	78	142	30	94	158	46	110	174	2041	2001	2086	2032	2019	2022	2045	2049	2046	2020	1997	2090
304998	62	126	14	78	142	30	94	158	46	110	174	2025	2025	2130	2018	2012	1978	2017	2072	1998	2019	2016	2021
304998	62	126	14	78	142	30	94	158	46	110	174	2009	2049	2178	2002	1981	1936	2027	2099	1949	2017	2038	1946
304998	62	126	14	78	142	30	94	158	46	110	174	1994	2058	2200	1994	1987	1918	2000	2098	1935	2021	2058	1943
304998	62	126	14	78	142	30	94	158	46	110	174	2008	2042	2158	2003	1983	1956	2011	2089	1967	2020	2036	1992
304998	62	126	14	78	142	30	94	158	46	110	174	2022	2014	2108	2021	2013	2007	2018	2063	2032	2021	2011	2056
304998	62	126	14	78	142	30	94	158	46	110	174	2045	1999	2069	2033	2018	2034	2048	2055	2046	2016	1988	2088
304998	62	126	14	78	142	30	94	158	46	110	174	2045	2004	2100	2030	2006	2008	2038	2060	2022	2017	2009	2055
304998	62	126	14	78	142	30	94	158	46	110	174	2018	2034	2153	2016	2002	1948	2017	2082	1968	2018	2031	1996
304998	62	126	14	78	142	30	94	158	46	110	174	2003	2058	2202	1999	1983	1916	2018	2096	1944	2022	2050	1948
304998	62	126	14	78	142	30	94	158	46	110	174	1989	2055	2198	1992	1984	1932	1996	2099	1951	2020	2047	1955
304998	62	126	14	78	142	30	94	158	46	110	174	2015	2036	2126	2008	2001	1983	2016	2083	1996	2022	2027	2016
304998	62	126	14	78	142	30	94	158	46	110	174	2039	2001	2083	2025	2013	2022	2028	2060	2036	2016	2004	2079
304998	62	126	14	78	142	30	94	158	46	110	174	2046	1994	2071	2037	2019	2020	2039	2048	2043	2024	1997	2096
304998	62	126	14	78	142	30	94	158	46	110	174	2030	2015	2130	2025	2008	1978	2022	2074	2004	2017	2012	2033
304998	62	126	14	78	142	30	94	158	46	110	174	2010	2046	2183	2007	1985	1939	2011	2092	1952	2017	2037	1953
304998	62	126	14	78	142	30	94	158	46	110	174	2001	2074	2196	1988	1987	1918	2021	2102	1936	2018	2055	1938
304998	62	126	14	78	142	30	94	158	46	110	174	2005	2049	2162	1998	1983	1955	2005	2089	1965	2016	2046	1986
304998	62	126	14	78	142	30	94	158	46	110	174	2030	2018	2104	2016	2014	1992	2023	2068	2024	2021	2018	2052
304998	62	126	14	78	142	30	94	158	46	110	174	2045	1993	2081	2035	2015	2028	2038	2056	2051	2017	1996	2087
304998	62	126	14	78	142	30	94	158	46	110	174	2042	2006	2099	2036	2011	2013	2042	2060	2028	2019	2004	2060
304998	62	126	14	78	142	30	94	158	46	110	174	2021	2041	2147	2013	1995	1964	2018	2081	1972	2020	2031	2000
304998	62	126	14	78	142	30	94	158	46	110	174	2005	2062	2188	1998	1977	1928	2015	2096	1940	2022	2046	1945
304998	62	126	14	78	142	30	94	158	46	110	174	1996	2056	2191	1994	1989	1926	2004	2097	1946	2019	2047	1956
304998	62	126	14	78	142	30	94	158	46	110	174	2009	2035	2139	2007	1999	1975	2018	2085	1983	2017	2024	2006
304998	62	126	14	78	142	30	94	158	46	110	174	2033	2002	2088	2028	2012	2024	2036	2056	2033	2022	2011	2069
304998	62	126	14	78	142	30	94	158	46	110	174	2045	1999	2073	2034	2017	2023	2049	2048	2044	2018	1997	2093
304998	62	126	14	78	142	30	94	158	46	110	174	2033	2016	2112	2025	2005	1991	2028	2065	2014	2021	2008	2046
304998	62	126	14	78	142	30	94	158	46	110	174	2015	2044	2170	2006	1997	1939	2015	2096	1958	2020	2034	1967
304998	62	126	14	78	142	30	94	158	46	110	174	2000	2062	2206	1991	1985	1918	2007	2106	1933	2020	2051	1932
304998	62	126	14	78	142	30	94	158	46	110	174	1997	2051	2179	1998	1991	1948	2002	2091	1954	2020	2046	1981
304998	62	126	14	78	142	30	94	158	46	110	174	2024	2022	2116	2014	2003	1998	2018	2066	2014	2018	2020	2052
304998	62	126	14	78	142	30	94	158	46	110	174	2041	1997	2073	2037	2011	2032	2028	2052	2050	2020	1997	2085
304998	62	126	14	78	142	30	94	158	46	110	174	2051	2001	2084	2032	2022	2013	2044	2064	2035	2018	2000	2065
304998	62	126	14	78	142	30	94	158	46	110	174	2026	2027	2150	2017	2000	1973	2019	2075	1985	2019	2025	2008
304998	62	126	14	78	142	30	94	158	46	110	174	2003	2061	2198	1997	1989	1933	2008	2092	1938	2020	2049	1957
304998	62	126	14	78	142	30	94	158	46	110	174	1993	2065	2197	1988	1984	1925	1995	2097	1942	2017	2048	1950
304998	62	126	14	78	142	30	94	158	46	110	174	2015	2043	2141	2000	1998	1967	2028	2093	1981	2022	2029	1996
304998	62	126	14	78	142	30	94	158	46	110	174	2037	2002	2087	2027	2011	2012	2042	2059	2030	2016	2006	2065
304998	62	126	14	78	142	30	94	158	46	110	174	2042	1993	2078	2034	2022	2029	2033	2049	2042	2017	1997	2089
304998	62	126	14	78	142	30	94	158	46	110	174	2039	2005	2123	2027	2008	2003	2036	2061	2018	2020	2008	2048
304998	62	126	14	78	142	30	94	158	46	110	174	2009	2043	2175	2005	1999	1943	2018	2092	1965	2018	2029	1978
304998	62	126	14	78	142	30	94	158	46	110	174	2000	2069	2188	1988	1986	1918	2024	2104	1932	2020	2048	1938
304998	62	126	14	78	142	30	94	158	46	110	174	1997	2048	2174	1995	1984	1940	1998	2098	1951	2018	2049	1971
304998	62	126	14	78	142	30	94	158	46	110	174	2025	2022	2119	2008	2009	1991	2013	2074	2008	2020	2021	2039
304998	62	126	14	78	142	30	94	158	46	110	174	2033	1992	2097	2036	2011	2028	2025	2053	2049	2020	1992	2084
304998	62	126	14	78	142	30	94	158	46	110	174	2046	2001	2085	2036	2025	2016	2043	2055	2039	2022	1998	2068
304998	62	126	14	78	142	30	94	158	46	110	174	2033	2034	2132	2016	2009	1970	2029	2071	1986	2018	2019	2008
304998	62	126	14	78	142	30	94	158	46	110	174	2003	2059	2181	1997	1989	1933	2004	2091	1942	2018	2044	1962
304998	62	126	14	78	142	30	94	158	46	110	174	1999	2064	2194	1985	1993	1925	2002	2105	1943	2021	2049	1957
304998	62	126	14	78	142	30	94	158	46	110	174	2008	2041	2161	2003	1992	1961	2016	2089	1976	2018	2033	1996
304998	62	126	14	78	142	30	94	158	46	110	174	2033	2015	2096	2020	2012	2009	2040	2061	2022	2017	2006	2051
304998	62	126	14	78	142	30	94	158	46	110	174	2050	2000	2066	2037	2024	2030	2040	2051	2041	2022	1996	2085
304998	62	126	14	78	142	30	94	158	46	110	174	2042	2004	2101	2036	2010	2008	2035	2056	2024	2019	2002	2060
304998	62	126	14	78	142	30	94	158	46	110	174	2021	2041	2157	2005	2000	1948	2018	2090	1968	2021	2028	1987
304998	62	126	14	78	142	30	94	158	46	110	174	2000	2066	2199	1995	1968	1926	2011	2103	1936	2022	2047	1937
304998	62	126	14	78	142	30	94	158	46	110	174	1995	2061	2185	1988	1990	1929	1999	2096	1943	2021	2048	1967
304998	62	126	14	78	142	30	94	158	46	110	174	2022	2030	2124	2011	2009	1982	2025	2079	2003	2020	2024	2034
304998	62	126	14	78	142	30	94	158	46	110	174	2044	1999	2076	2030	2016	2025	2029	2053	2043	2019	1998	2079
304998	62	126	14	78	142	30	94	158	46	110	174	2051	1992	2081	2034	2020	2021	2054	2056	2041	2017	1989	2076
304998	62	126	14	78	142	30	94	158	46	110	174	2025	2017	2137	2027	1997	1983	2028	2065	1994	2018	2017	2020
304998	62	126	14	78	142	30	94	158	46	110	174	2008	2058	2183	2001	1994	1928	2013	2095	1947	2017	2046	1964
304998	62	126	14	78	142	30	94	158	46	110	174	1998	2071	2197	1991	1983	1926	2013	2104	1946	2017	2050	1950
304998	62	126	14	78	142	30	94	158	46	110	174	2010	2046	2152	1997	1995	1958	2014	2098	1971	2018	2032	1985
304998	62	126	14	78	142	30	94	158	46	110	174	2034	2008	2099	2020	2009	2003	2027	2067	2017	2021	2011	2045
304998	62	126	14	78	142	30	94	158	46	110	174	2045	1986	2084	2040	2017	2027	2035	2045	2043	2018	1999	2081
304998	62	126	14	78	142	30	94	158	46	110	174	2044	2005	2108	2037	2013	2008	2039	2059	2034	2022	2006	2062
304998	62	126	14	78	142	30	94	158	46	110	174	2022	2041	2152	2011	2004	1960	2018	2085	1976	2017	2021	1996
304998	62	126	14	78	142	30	94	158	46	110	174	2008	2066	2183	1995	1983	1930	2017	2104	1931	2017	2042	1945
304998	62	126	14	78	142	30	94	158	46	110	174	1987	2052	2194	1985	1990	1929	1999	2098	1944	2017	2050	1958
304998	62	126	14	78	142	30	94	158	46	110	174	2015	2029	2137	2007	2007	1974	2025	2079	1996	2016	2027	2018
304998	62	126	14	78	142	30	94	158	46	110	174	2042	1995	2108	2030	2020	2017	2045	2057	2044	2017	1998	2075
304998	62	126	14	78	142	30	94	158	46	110	174	2048	1998	2076	2032	2022	2026	2045	2052	2042	2017	1988	2075
304998	62	126	14	78	142	30	94	158	46	110	174	2040	2019	2113	2027	2005	1993	2031	2074	1999	2018	2013	2022
304998	62	126	14	78	142	30	94	158	46	110	174	2004	2041	2177	2002	1988	1935	2008	2086	1954	2020	2043	1973
304998	62	126	14	78	142	30	94	158	46	110	174	1999	2071	2202	1983	1987	1918	2013	2109	1939	2019	2047	1953
304998	62	126	14	78	142	30	94	158	46	110	174	2002	2052	2173	1992	1996	1949	2011	2099	1964	2020	2032	1984
304998	62	126	14	78	142	30	94	158	46	110	174	2029	2023	2108	2012	2011	1998	2037	2070	2013	2016	2013	2039
304998	62	126	14	78	142	30	94	158	46	110	174	2042	1995	2076	2036	2017	2030	2033	2049	2041	2016	1996	2078
304998	62	126	14	78	142	30	94	158	46	110	174	2046	1994	2091	2036	2009	2014	2035	2051	2033	2017	2004	2067
304998	62	126	14	78	142	30	94	158	46	110	174	2026	2029	2155	2013	2007	1963	2024	2082	1981	2019	2021	2008
304998	62	126	14	78	142	30	94	158	46	110	174	1999	2065	2198	1995	1981	1929	2012	2103	1939	2021	2042	1945
304998	62	126	14	78	142	30	94	158	46	110	174	1994	2074	2194	1983	1988	1926	2005	2100	1939	2017	2051	1955
304998	62	126	14	78	142	30	94	158	46	110	174	2015	2040	2128	2007	1984	1972	2020	2082	1984	2021	2028	2014
304998	62	126	14	78	142	30	94	158	46	110	174	2035	1994	2085	2031	2013	2009	2033	2057	2033	2018	2001	2072
304998	62	126	14	78	142	30	94	158	46	110	174	2049	1987	2077	2037	2017	2026	2049	2051	2043	2020	1988	2078
304998	62	126	14	78	142	30	94	158	46	110	174	2032	2005	2127	2032	2007	1998	2042	2063	2010	2022	2008	2030
304998	62	126	14	78	142	30	94	158	46	110	174	2018	2054	2168	2001	2000	1944	2028	2087	1960	2017	2039	1980
304998	62	126	14	78	142	30	94	158	46	110	174	2002	2071	2189	1991	1965	1928	2007	2112	1937	2021	2050	1957
304998	62	126	14	78	142	30	94	158	46	110	174	2001	2056	2163	1996	2000	1938	2000	2099	1955	2017	2040	1976
304998	62	126	14	78	142	30	94	158	46	110	174	2023	2011	2124	2016	1994	1998	2015	2074	2007	2017	2015	2023
304998	62	126	14	78	142	30	94	158	46	110	174	2036	1991	2088	2036	2021	2031	2037	2045	2046	2016	2002	2073
304998	62	126	14	78	142	30	94	158	46	110	174	2051	2003	2091	2033	2020	2016	2049	2051	2039	2020	1997	2075
304998	62	126	14	78	142	30	94	158	46	110	174	2023	2025	2133	2021	1993	1972	2029	2079	1988	2020	2019	2013
304998	62	126	14	78	142	30	94	158	46	110	174	2006	2058	2180	1995	1989	1925	2019	2105	1936	2017	2039	1952
304998	62	126	14	78	142	30	94	158	46	110	174	1997	2068	2198	1983	1988	1928	2003	2102	1934	2017	2048	1958
304998	62	126	14	78	142	30	94	158	46	110	174	2011	2041	2153	2001	1989	1971	2012	2089	1983	2021	2037	2004
304998	62	126	14	78	142	30	94	158	46	110	174	2031	2008	2100	2022	2013	2008	2033	2063	2032	2019	2004	2064
304998	62	126	14	78	142	30	94	158	46	110	174	2050	1989	2076	2039	2015	2032	2050	2051	2046	2020	1993	2075
304998	62	126	14	78	142	30	94	158	46	110	174	2040	1994	2118	2031	2019	1996	2042	2059	2014	2018	2007	2033
304998	62	126	14	78	142	30	94	158	46	110	174	2015	2041	2168	2008	1989	1951	2024	2083	1970	2018	2035	1986
304998	62	126	14	78	142	30	94	158	46	110	174	1995	2072	2201	1992	1970	1931	2006	2114	1939	2016	2049	1955
304998	62	126	14	78	142	30	94	158	46	110	174	1990	2063	2170	1991	1992	1941	2006	2101	1953	2017	2041	1973
304998	62	126	14	78	142	30	94	158	46	110	174	2028	2030	2118	2017	2004	1984	2022	2079	1998	2021	2018	2020
304998	62	126	14	78	142	30	94	158	46	110	174	2042	1988	2091	2032	2019	2026	2036	2048	2047	2017	2000	2071
304998	62	126	14	78	142	30	94	158	46	110	174	2048	1991	2091	2038	2020	2021	2046	2052	2041	2020	1996	2076
304998	62	126	14	78	142	30	94	158	46	110	174	2034	2020	2136	2024	2001	1983	2041	2073	1994	2017	2015	2022
304998	62	126	14	78	142	30	94	158	46	110	174	1999	2066	2178	1996	1996	1928	2020	2102	1942	2020	2037	1958
304998	62	126	14	78	142	30	94	158	46	110	174	2000	2073	2186	1988	1981	1930	2014	2103	1941	2021	2050	1949
304998	62	126	14	78	142	30	94	158	46	110	174	2003	2041	2160	1995	1996	1960	2011	2093	1978	2021	2038	2002
304998	62	126	14	78	142	30	94	158	46	110	174	2035	2010	2099	2019	2015	2010	2034	2067	2022	2021	2007	2059
304998	62	126	14	78	142	30	94	158	46	110	174	2046	1989	2097	2047	2010	2029	2041	2049	2040	2022	1990	2069
304998	62	126	14	78	142	30	94	158	46	110	174	2035	2005	2100	2034	2018	1996	2030	2050	2016	2021	2005	2042
304998	62	126	14	78	142	30	94	158	46	110	174	2016	2038	2158	2011	1994	1964	2014	2084	1976	2021	2034	1993
304998	62	126	14	78	142	30	94	158	46	110	174	1999	2067	2192	1986	1991	1927	2003	2109	1937	2016	2044	1965
304998	62	126	14	78	142	30	94	158	46	110	174	1999	2068	2180	1985	1988	1935	2015	2107	1946	2018	2045	1973
304998	62	126	14	78	142	30	94	158	46	110	174	2011	2033	2132	2013	2000	1973	2009	2076	1999	2017	2022	2011
304998	62	126	14	78	142	30	94	158	46	110	174	2040	2002	2084	2031	2022	2019	2047	2049	2046	2020	2007	2067
304998	62	126	14	78	142	30	94	158	46	110	174	2049	1987	2079	2044	2006	2033	2048	2047	2040	2016	1997	2072
304998	62	126	14	78	142	30	94	158	46	110	174	2038	2016	2125	2020	2014	1985	2044	2073	1998	2021	2007	2026
