304998	62	126	14	78	142	30	94	158	46	110	174	2048	1993	2110	2035	2018	2020	2057	2048	2033	2017	1998	2043
304998	62	126	14	78	142	30	94	158	46	110	174	2020	2039	2151	2014	1999	1960	2016	2082	1983	2018	2030	2003
304998	62	126	14	78	142	30	94	158	46	110	174	2000	2084	2177	1983	1991	1925	2009	2118	1940	2022	2052	1976
304998	62	126	14	78	142	30	94	158	46	110	174	1986	2073	2182	1983	1973	1940	1993	2114	1944	2021	2051	1975
304998	62	126	14	78	142	30	94	158	46	110	174	2008	2028	2134	1996	1997	1971	2006	2076	1992	2018	2023	2006
304998	62	126	14	78	142	30	94	158	46	110	174	2039	1997	2110	2026	2015	2020	2038	2049	2039	2021	1999	2047
304998	62	126	14	78	142	30	94	158	46	110	174	2047	1984	2091	2040	2023	2018	2041	2041	2039	2017	1992	2067
304998	62	126	14	78	142	30	94	158	46	110	174	2043	2014	2116	2030	2017	1990	2033	2066	2002	2020	2012	2031
304998	62	126	14	78	142	30	94	158	46	110	174	2014	2049	2159	2002	1986	1947	2008	2091	1960	2016	2034	1990
304998	62	126	14	78	142	30	94	158	46	110	174	1997	2078	2179	1980	1986	1921	1999	2109	1941	2016	2051	1966
304998	62	126	14	78	142	30	94	158	46	110	174	1998	2061	2173	1984	1983	1951	2004	2107	1965	2019	2047	1982
304998	62	126	14	78	142	30	94	158	46	110	174	2019	2020	2123	2017	1998	1996	2018	2071	2006	2021	2017	2037
304998	62	126	14	78	142	30	94	158	46	110	174	2048	1990	2082	2040	2022	2021	2051	2044	2041	2018	1993	2069
304998	62	126	14	78	142	30	94	158	46	110	174	2048	1987	2091	2046	2014	2021	2039	2039	2037	2020	1996	2048
304998	62	126	14	78	142	30	94	158	46	110	174	2025	2026	2142	2016	2003	1968	2020	2076	1987	2020	2023	2002
304998	62	126	14	78	142	30	94	158	46	110	174	1998	2066	2182	1984	1975	1933	2007	2106	1942	2020	2054	1973
304998	62	126	14	78	142	30	94	158	46	110	174	1991	2080	2183	1975	1986	1925	1998	2112	1938	2020	2051	1979
304998	62	126	14	78	142	30	94	158	46	110	174	2011	2055	2139	1995	2001	1968	2017	2093	1984	2016	2029	2009
304998	62	126	14	78	142	30	94	158	46	110	174	2038	1999	2095	2034	2004	2021	2020	2052	2037	2018	2003	2045
304998	62	126	14	78	142	30	94	158	46	110	174	2051	1980	2083	2045	2026	2030	2038	2042	2048	2020	1996	2069
304998	62	126	14	78	142	30	94	158	46	110	174	2046	2001	2123	2034	2003	2008	2035	2057	2011	2019	2008	2042
304998	62	126	14	78	142	30	94	158	46	110	174	2014	2051	2164	1999	1999	1947	2015	2097	1962	2018	2035	1994
304998	62	126	14	78	142	30	94	158	46	110	174	1991	2089	2177	1979	1984	1919	2001	2119	1947	2018	2048	1961
304998	62	126	14	78	142	30	94	158	46	110	174	2001	2069	2154	1985	1987	1942	1998	2112	1959	2017	2050	1977
304998	62	126	14	78	142	30	94	158	46	110	174	2020	2025	2120	2007	2002	1992	2018	2075	2004	2018	2020	2029
304998	62	126	14	78	142	30	94	158	46	110	174	2049	1983	2094	2041	2014	2025	2034	2045	2040	2018	1992	2064
304998	62	126	14	78	142	30	94	158	46	110	174	2049	1987	2100	2045	2023	2014	2047	2042	2045	2020	1988	2054
304998	62	126	14	78	142	30	94	158	46	110	174	2037	2026	2132	2021	2010	1974	2026	2073	2000	2017	2016	2006
304998	62	126	14	78	142	30	94	158	46	110	174	2004	2069	2168	1986	1986	1933	2005	2109	1943	2020	2050	1974
304998	62	126	14	78	142	30	94	158	46	110	174	1995	2079	2184	1972	1982	1926	1999	2118	1936	2022	2056	1978
304998	62	126	14	78	142	30	94	158	46	110	174	2004	2048	2152	1989	1997	1957	2017	2095	1975	2020	2037	1999
304998	62	126	14	78	142	30	94	158	46	110	174	2037	2010	2109	2025	2013	2008	2034	2061	2033	2017	2003	2036
304998	62	126	14	78	142	30	94	158	46	110	174	2050	1982	2085	2041	2026	2028	2037	2041	2045	2023	1997	2056
304998	62	126	14	78	142	30	94	158	46	110	174	2043	2002	2104	2033	2016	2010	2036	2051	2018	2020	2007	2042
304998	62	126	14	78	142	30	94	158	46	110	174	2018	2042	2154	2004	2000	1950	2018	2086	1971	2016	2029	2000
304998	62	126	14	78	142	30	94	158	46	110	174	2000	2081	2184	1981	1985	1923	2000	2112	1938	2018	2051	1969
304998	62	126	14	78	142	30	94	158	46	110	174	1994	2076	2177	1983	1983	1936	1999	2112	1955	2017	2050	1968
304998	62	126	14	78	142	30	94	158	46	110	174	2018	2037	2128	2008	2005	1982	2015	2081	1996	2019	2025	2019
304998	62	126	14	78	142	30	94	158	46	110	174	2049	1993	2085	2039	2017	2026	2042	2043	2038	2016	1998	2060
304998	62	126	14	78	142	30	94	158	46	110	174	2048	1974	2092	2044	2019	2021	2035	2038	2042	2020	1992	2053
304998	62	126	14	78	142	30	94	158	46	110	174	2038	2015	2129	2025	2007	1980	2027	2067	2004	2020	2008	2017
304998	62	126	14	78	142	30	94	158	46	110	174	2008	2063	2180	1995	1995	1929	2018	2104	1954	2020	2047	1976
304998	62	126	14	78	142	30	94	158	46	110	174	1991	2092	2184	1972	1985	1926	1999	2120	1931	2022	2061	1973
304998	62	126	14	78	142	30	94	158	46	110	174	2006	2063	2149	1986	1990	1955	2011	2103	1969	2017	2042	2002
304998	62	126	14	78	142	30	94	158	46	110	174	2034	2007	2112	2022	2003	2005	2026	2061	2025	2016	2006	2035
304998	62	126	14	78	142	30	94	158	46	110	174	2052	1972	2085	2040	2021	2023	2046	2039	2043	2021	1988	2055
304998	62	126	14	78	142	30	94	158	46	110	174	2048	1992	2111	2041	2013	2014	2043	2051	2020	2022	2004	2044
304998	62	126	14	78	142	30	94	158	46	110	174	2024	2039	2156	2012	2000	1962	2026	2084	1972	2017	2030	2007
304998	62	126	14	78	142	30	94	158	46	110	174	1997	2083	2175	1979	1984	1930	2011	2114	1944	2018	2049	1975
304998	62	126	14	78	142	30	94	158	46	110	174	1987	2071	2172	1982	1971	1936	1990	2115	1949	2021	2050	1969
304998	62	126	14	78	142	30	94	158	46	110	174	2014	2034	2130	2001	1998	1968	2015	2086	1991	2020	2030	2005
304998	62	126	14	78	142	30	94	158	46	110	174	2043	1987	2108	2034	2010	2022	2035	2043	2033	2018	2001	2056
304998	62	126	14	78	142	30	94	158	46	110	174	2055	1981	2096	2047	2027	2024	2049	2039	2042	2018	1992	2062
304998	62	126	14	78	142	30	94	158	46	110	174	2043	2016	2121	2029	2014	1991	2040	2062	2012	2019	2005	2029
304998	62	126	14	78	142	30	94	158	46	110	174	2010	2056	2159	2000	1978	1936	2005	2101	1957	2018	2040	1982
304998	62	126	14	78	142	30	94	158	46	110	174	1994	2083	2183	1975	1986	1919	2002	2117	1940	2021	2063	1966
304998	62	126	14	78	142	30	94	158	46	110	174	2006	2060	2163	1984	1983	1957	2000	2102	1961	2018	2047	1999
304998	62	126	14	78	142	30	94	158	46	110	174	2022	2013	2122	2017	2008	1997	2021	2061	2013	2022	2012	2043
304998	62	126	14	78	142	30	94	158	46	110	174	2047	1985	2088	2046	2019	2023	2036	2036	2046	2017	1988	2056
304998	62	126	14	78	142	30	94	158	46	110	174	2054	1991	2089	2048	2016	2015	2051	2048	2027	2017	1993	2039
304998	62	126	14	78	142	30	94	158	46	110	174	2029	2030	2135	2015	2002	1963	2030	2078	1980	2021	2027	2007
304998	62	126	14	78	142	30	94	158	46	110	174	2001	2074	2179	1983	1985	1923	2006	2114	1939	2018	2048	1980
304998	62	126	14	78	142	30	94	158	46	110	174	1995	2079	2186	1978	1983	1931	1992	2114	1951	2018	2053	1982
304998	62	126	14	78	142	30	94	158	46	110	174	2009	2049	2144	1999	1997	1971	2018	2091	1988	2022	2029	2003
304998	62	126	14	78	142	30	94	158	46	110	174	2045	1993	2095	2031	2021	2013	2031	2050	2029	2016	2006	2044
304998	62	126	14	78	142	30	94	158	46	110	174	2049	1974	2087	2045	2026	2026	2041	2028	2042	2017	1994	2060
304998	62	126	14	78	142	30	94	158	46	110	174	2044	1999	2120	2031	2016	1995	2035	2052	2019	2021	2001	2032
304998	62	126	14	78	142	30	94	158	46	110	174	2008	2051	2169	2003	1989	1952	2011	2100	1964	2018	2032	1985
304998	62	126	14	78	142	30	94	158	46	110	174	1994	2087	2190	1980	1977	1919	1999	2122	1941	2018	2051	1965
304998	62	126	14	78	142	30	94	158	46	110	174	1998	2076	2156	1983	1984	1942	1993	2107	1952	2021	2050	1988
304998	62	126	14	78	142	30	94	158	46	110	174	2026	2021	2117	2015	2002	1989	2024	2063	2013	2018	2018	2035
304998	62	126	14	78	142	30	94	158	46	110	174	2043	1972	2098	2041	2027	2024	2033	2036	2046	2020	1993	2054
304998	62	126	14	78	142	30	94	158	46	110	174	2055	1982	2103	2047	2019	2016	2050	2047	2029	2017	1987	2047
304998	62	126	14	78	142	30	94	158	46	110	174	2025	2025	2156	2026	1994	1973	2026	2073	1981	2020	2020	2007
304998	62	126	14	78	142	30	94	158	46	110	174	2004	2080	2169	1986	1988	1925	2001	2111	1943	2017	2054	1979
304998	62	126	14	78	142	30	94	158	46	110	174	1985	2080	2175	1978	1974	1935	1991	2117	1947	2016	2056	1984
304998	62	126	14	78	142	30	94	158	46	110	174	1999	2042	2150	1988	1999	1964	2003	2094	1987	2016	2029	2007
304998	62	126	14	78	142	30	94	158	46	110	174	2036	1997	2112	2025	2018	2017	2049	2056	2025	2016	2006	2041
304998	62	126	14	78	142	30	94	158	46	110	174	2046	1976	2096	2054	2017	2026	2038	2029	2043	2020	1996	2057
304998	62	126	14	78	142	30	94	158	46	110	174	2046	2003	2115	2040	2023	1997	2037	2048	2017	2020	2003	2043
304998	62	126	14	78	142	30	94	158	46	110	174	2019	2049	2154	2003	1999	1952	2008	2092	1973	2020	2032	2002
304998	62	126	14	78	142	30	94	158	46	110	174	1994	2083	2174	1977	1980	1926	1996	2117	1938	2021	2051	1967
304998	62	126	14	78	142	30	94	158	46	110	174	1994	2073	2173	1977	1986	1939	1999	2115	1951	2016	2045	1981
304998	62	126	14	78	142	30	94	158	46	110	174	2016	2028	2129	2007	2001	1984	2013	2073	1996	2021	2026	2023
304998	62	126	14	78	142	30	94	158	46	110	174	2049	1988	2093	2043	2025	2018	2056	2041	2049	2018	1993	2062
304998	62	126	14	78	142	30	94	158	46	110	174	2052	1977	2094	2051	2024	2019	2042	2039	2038	2020	1992	2055
304998	62	126	14	78	142	30	94	158	46	110	174	2038	2019	2127	2030	2003	1983	2023	2071	1991	2019	2008	2010
304998	62	126	14	78	142	30	94	158	46	110	174	2005	2065	2176	1991	1986	1935	2008	2105	1948	2020	2050	1976
304998	62	126	14	78	142	30	94	158	46	110	174	1984	2080	2191	1979	1970	1931	1988	2118	1942	2020	2061	1978
304998	62	126	14	78	142	30	94	158	46	110	174	1996	2060	2156	1989	1996	1955	1999	2101	1973	2021	2039	2004
304998	62	126	14	78	142	30	94	158	46	110	174	2031	2008	2107	2023	2009	2006	2027	2059	2021	2021	2004	2041
304998	62	126	14	78	142	30	94	158	46	110	174	2058	1975	2085	2050	2025	2029	2047	2029	2042	2021	1991	2045
304998	62	126	14	78	142	30	94	158	46	110	174	2047	1988	2107	2043	2016	2000	2039	2041	2020	2016	2004	2040
304998	62	126	14	78	142	30	94	158	46	110	174	2023	2041	2153	2012	1995	1953	2020	2086	1980	2016	2030	2009
304998	62	126	14	78	142	30	94	158	46	110	174	1991	2082	2183	1981	1984	1916	1999	2121	1940	2018	2050	1979
304998	62	126	14	78	142	30	94	158	46	110	174	1992	2083	2165	1975	1987	1933	1998	2117	1949	2021	2048	1979
304998	62	126	14	78	142	30	94	158	46	110	174	2014	2031	2131	2008	2002	1983	2017	2079	1995	2020	2026	2015
304998	62	126	14	78	142	30	94	158	46	110	174	2043	1977	2100	2037	2018	2019	2039	2034	2045	2020	1999	2048
304998	62	126	14	78	142	30	94	158	46	110	174	2051	1971	2101	2052	2021	2020	2046	2036	2039	2016	1989	2061
304998	62	126	14	78	142	30	94	158	46	110	174	2032	2016	2140	2033	2014	1983	2040	2066	2000	2022	2011	2019
304998	62	126	14	78	142	30	94	158	46	110	174	2001	2065	2167	1990	1988	1937	2008	2107	1952	2016	2038	1982
304998	62	126	14	78	142	30	94	158	46	110	174	1991	2093	2175	1970	1981	1924	1996	2121	1938	2020	2061	1974
304998	62	126	14	78	142	30	94	158	46	110	174	1998	2054	2164	1987	1988	1952	1996	2100	1979	2020	2046	2004
304998	62	126	14	78	142	30	94	158	46	110	174	2028	2006	2115	2021	2013	1996	2035	2065	2015	2020	2008	2041
304998	62	126	14	78	142	30	94	158	46	110	174	2044	1974	2101	2048	2018	2029	2044	2036	2039	2022	1984	2050
304998	62	126	14	78	142	30	94	158	46	110	174	2043	1988	2104	2045	2021	2013	2042	2038	2024	2022	2001	2033
304998	62	126	14	78	142	30	94	158	46	110	174	2027	2036	2134	2015	1998	1969	2028	2080	1981	2017	2028	2004
304998	62	126	14	78	142	30	94	158	46	110	174	1997	2077	2173	1979	1984	1924	1995	2120	1948	2018	2054	1983
304998	62	126	14	78	142	30	94	158	46	110	174	1993	2082	2174	1971	1985	1927	2000	2123	1949	2021	2051	1989
304998	62	126	14	78	142	30	94	158	46	110	174	2008	2040	2145	2002	1989	1972	2009	2084	1986	2020	2022	2006
304998	62	126	14	78	142	30	94	158	46	110	174	2041	1997	2099	2035	2023	2017	2034	2043	2030	2020	2000	2044
304998	62	126	14	78	142	30	94	158	46	110	174	2056	1974	2095	2054	2017	2032	2044	2033	2046	2022	1997	2053
304998	62	126	14	78	142	30	94	158	46	110	174	2042	2003	2122	2031	2013	1986	2032	2060	2008	2020	2008	2029
304998	62	126	14	78	142	30	94	158	46	110	174	2009	2058	2167	1992	1990	1936	2006	2103	1956	2017	2038	1992
304998	62	126	14	78	142	30	94	158	46	110	174	1984	2088	2188	1975	1980	1923	1986	2125	1939	2019	2058	1978
304998	62	126	14	78	142	30	94	158	46	110	174	1996	2076	2152	1979	1986	1949	2001	2105	1970	2019	2050	1995
304998	62	126	14	78	142	30	94	158	46	110	174	2028	2017	2116	2014	2005	1999	2019	2069	2009	2016	2016	2031
304998	62	126	14	78	142	30	94	158	46	110	174	2048	1972	2093	2045	2027	2023	2041	2033	2041	2022	1991	2048
304998	62	126	14	78	142	30	94	158	46	110	174	2057	1977	2108	2046	2025	2009	2051	2036	2028	2017	1989	2036
304998	62	126	14	78	142	30	94	158	46	110	174	2028	2027	2147	2019	1997	1975	2029	2071	1983	2022	2023	2007
304998	62	126	14	78	142	30	94	158	46	110	174	1998	2085	2174	1977	1987	1929	2002	2119	1955	2020	2058	1990
304998	62	126	14	78	142	30	94	158	46	110	174	1991	2090	2162	1970	1977	1927	2004	2128	1942	2018	2057	1990
304998	62	126	14	78	142	30	94	158	46	110	174	2003	2039	2142	1997	1992	1964	2001	2092	1983	2017	2028	2010
304998	62	126	14	78	142	30	94	158	46	110	174	2039	1994	2105	2033	2019	2011	2034	2046	2025	2020	2005	2034
304998	62	126	14	78	142	30	94	158	46	110	174	2055	1963	2108	2054	2024	2022	2044	2018	2049	2020	1996	2046
304998	62	126	14	78	142	30	94	158	46	110	174	2044	2003	2123	2040	2018	1997	2038	2054	2017	2017	2008	2036
304998	62	126	14	78	142	30	94	158	46	110	174	2018	2059	2150	2000	1997	1948	2015	2098	1968	2016	2031	2000
304998	62	126	14	78	142	30	94	158	46	110	174	1985	2087	2166	1979	1966	1917	1987	2126	1939	2020	2053	1981
304998	62	126	14	78	142	30	94	158	46	110	174	2000	2073	2157	1976	1987	1942	2000	2111	1958	2017	2053	1991
304998	62	126	14	78	142	30	94	158	46	110	174	2019	2020	2131	2015	1996	1997	2015	2068	2007	2018	2020	2024
304998	62	126	14	78	142	30	94	158	46	110	174	2051	1981	2100	2043	2030	2025	2058	2043	2037	2021	1994	2049
304998	62	126	14	78	142	30	94	158	46	110	174	2053	1980	2102	2054	2021	2016	2042	2031	2030	2020	1990	2040
304998	62	126	14	78	142	30	94	158	46	110	174	2035	2022	2128	2027	2002	1972	2026	2070	1990	2016	2016	2007
304998	62	126	14	78	142	30	94	158	46	110	174	2003	2072	2165	1982	1986	1924	2000	2105	1953	2017	2053	1992
304998	62	126	14	78	142	30	94	158	46	110	174	1991	2092	2173	1970	1974	1928	1985	2128	1950	2018	2058	1995
304998	62	126	14	78	142	30	94	158	46	110	174	2003	2062	2147	1987	1994	1965	2007	2100	1972	2021	2034	2011
304998	62	126	14	78	142	30	94	158	46	110	174	2035	2004	2105	2026	2011	2010	2031	2048	2022	2022	2000	2029
304998	62	126	14	78	142	30	94	158	46	110	174	2062	1969	2092	2056	2028	2022	2046	2022	2044	2021	1991	2039
304998	62	126	14	78	142	30	94	158	46	110	174	2048	1984	2114	2046	2020	1995	2038	2042	2027	2019	2007	2031
304998	62	126	14	78	142	30	94	158	46	110	174	2018	2046	2150	2000	2000	1953	2027	2097	1966	2016	2034	2011
304998	62	126	14	78	142	30	94	158	46	110	174	1991	2090	2175	1975	1979	1923	1994	2127	1942	2021	2054	1989
304998	62	126	14	78	142	30	94	158	46	110	174	1991	2088	2162	1968	1981	1938	1996	2117	1952	2016	2050	1991
304998	62	126	14	78	142	30	94	158	46	110	174	2019	2032	2124	2003	2004	1983	2020	2073	2004	2022	2025	2016
304998	62	126	14	78	142	30	94	158	46	110	174	2049	1978	2096	2046	2023	2020	2035	2033	2038	2020	1998	2046
304998	62	126	14	78	142	30	94	158	46	110	174	2056	1973	2106	2050	2027	2018	2054	2031	2038	2018	1990	2041
304998	62	126	14	78	142	30	94	158	46	110	174	2031	2010	2140	2031	2007	1981	2026	2064	1991	2020	2013	2015
304998	62	126	14	78	142	30	94	158	46	110	174	2004	2076	2164	1984	1987	1936	2005	2106	1956	2021	2044	1989
304998	62	126	14	78	142	30	94	158	46	110	174	1989	2097	2163	1966	1975	1928	1994	2126	1952	2021	2062	1991
304998	62	126	14	78	142	30	94	158	46	110	174	2005	2061	2144	1987	1992	1952	2004	2107	1969	2021	2040	2014
304998	62	126	14	78	142	30	94	158	46	110	174	2030	2000	2117	2021	2016	2000	2020	2057	2019	2021	2005	2027
304998	62	126	14	78	142	30	94	158	46	110	174	2054	1967	2103	2061	2017	2028	2050	2027	2039	2022	1985	2036
304998	62	126	14	78	142	30	94	158	46	110	174	2045	1988	2121	2047	2021	2003	2038	2037	2025	2020	2005	2022
304998	62	126	14	78	142	30	94	158	46	110	174	2023	2049	2139	2011	1996	1959	2021	2092	1983	2022	2036	2010
304998	62	126	14	78	142	30	94	158	46	110	174	2000	2090	2163	1974	1984	1925	2010	2125	1940	2016	2054	1995
304998	62	126	14	78	142	30	94	158	46	110	174	1988	2083	2160	1963	1983	1936	1991	2123	1949	2022	2047	1995
304998	62	126	14	78	142	30	94	158	46	110	174	2016	2038	2139	1998	2001	1985	2030	2088	1993	2016	2021	2011
304998	62	126	14	78	142	30	94	158	46	110	174	2043	1981	2124	2039	2019	2016	2033	2033	2038	2021	2003	2029
304998	62	126	14	78	142	30	94	158	46	110	174	2061	1976	2100	2054	2032	2018	2048	2031	2034	2022	1998	2045
304998	62	126	14	78	142	30	94	158	46	110	174	2043	2009	2120	2040	2009	1990	2051	2060	2001	2017	2004	2022
304998	62	126	14	78	142	30	94	158	46	110	174	2006	2065	2154	1988	1987	1942	2008	2109	1954	2020	2040	2000
