304998	62	126	14	78	142	30	94	158	46	110	174	2006	2060	2163	1984	1983	1957	2000	2102	1961	2018	2047	1999
304998	62	126	14	78	142	30	94	158	46	110	174	2022	2013	2122	2017	2008	1997	2021	2061	2013	2022	2012	2043
304998	62	126	14	78	142	30	94	158	46	110	174	2047	1985	2088	2046	2019	2023	2036	2036	2046	2017	1988	2056
304998	62	126	14	78	142	30	94	158	46	110	174	2054	1991	2089	2048	2016	2015	2051	2048	2027	2017	1993	2039
304998	62	126	14	78	142	30	94	158	46	110	174	2029	2030	2135	2015	2002	1963	2030	2078	1980	2021	2027	2007
304998	62	126	14	78	142	30	94	158	46	110	174	2001	2074	2179	1983	1985	1923	2006	2114	1939	2018	2048	1980
304998	62	126	14	78	142	30	94	158	46	110	174	1995	2079	2186	1978	1983	1931	1992	2114	1951	2018	2053	1982
304998	62	126	14	78	142	30	94	158	46	110	174	2009	2049	2144	1999	1997	1971	2018	2091	1988	2022	2029	2003
304998	62	126	14	78	142	30	94	158	46	110	174	2045	1993	2095	2031	2021	2013	2031	2050	2029	2016	2006	2044
304998	62	126	14	78	142	30	94	158	46	110	174	2049	1974	2087	2045	2026	2026	2041	2028	2042	2017	1994	2060
304998	62	126	14	78	142	30	94	158	46	110	174	2044	1999	2120	2031	2016	1995	2035	2052	2019	2021	2001	2032
304998	62	126	14	78	142	30	94	158	46	110	174	2008	2051	2169	2003	1989	1952	2011	2100	1964	2018	2032	1985
304998	62	126	14	78	142	30	94	158	46	110	174	1994	2087	2190	1980	1977	1919	1999	2122	1941	2018	2051	1965
304998	62	126	14	78	142	30	94	158	46	110	174	1998	2076	2156	1983	1984	1942	1993	2107	1952	2021	2050	1988
304998	62	126	14	78	142	30	94	158	46	110	174	2026	2021	2117	2015	2002	1989	2024	2063	2013	2018	2018	2035
304998	62	126	14	78	142	30	94	158	46	110	174	2043	1972	2098	2041	2027	2024	2033	2036	2046	2020	1993	2054
304998	62	126	14	78	142	30	94	158	46	110	174	2055	1982	2103	2047	2019	2016	2050	2047	2029	2017	1987	2047
304998	62	126	14	78	142	30	94	158	46	110	174	2025	2025	2156	2026	1994	1973	2026	2073	1981	2020	2020	2007
304998	62	126	14	78	142	30	94	158	46	110	174	2004	2080	2169	1986	1988	1925	2001	2111	1943	2017	2054	1979
304998	62	126	14	78	142	30	94	158	46	110	174	1985	2080	2175	1978	1974	1935	1991	2117	1947	2016	2056	1984
304998	62	126	14	78	142	30	94	158	46	110	174	1999	2042	2150	1988	1999	1964	2003	2094	1987	2016	2029	2007
304998	62	126	14	78	142	30	94	158	46	110	174	2036	1997	2112	2025	2018	2017	2049	2056	2025	2016	2006	2041
304998	62	126	14	78	142	30	94	158	46	110	174	2046	1976	2096	2054	2017	2026	2038	2029	2043	2020	1996	2057
304998	62	126	14	78	142	30	94	158	46	110	174	2046	2003	2115	2040	2023	1997	2037	2048	2017	2020	2003	2043
304998	62	126	14	78	142	30	94	158	46	110	174	2019	2049	2154	2003	1999	1952	2008	2092	1973	2020	2032	2002
304998	62	126	14	78	142	30	94	158	46	110	174	1994	2083	2174	1977	1980	1926	1996	2117	1938	2021	2051	1967
304998	62	126	14	78	142	30	94	158	46	110	174	1994	2073	2173	1977	1986	1939	1999	2115	1951	2016	2045	1981
304998	62	126	14	78	142	30	94	158	46	110	174	2016	2028	2129	2007	2001	1984	2013	2073	1996	2021	2026	2023
304998	62	126	14	78	142	30	94	158	46	110	174	2049	1988	2093	2043	2025	2018	2056	2041	2049	2018	1993	2062
304998	62	126	14	78	142	30	94	158	46	110	174	2052	1977	2094	2051	2024	2019	2042	2039	2038	2020	1992	2055
304998	62	126	14	78	142	30	94	158	46	110	174	2038	2019	2127	2030	2003	1983	2023	2071	1991	2019	2008	2010
304998	62	126	14	78	142	30	94	158	46	110	174	2005	2065	2176	1991	1986	1935	2008	2105	1948	2020	2050	1976
304998	62	126	14	78	142	30	94	158	46	110	174	1984	2080	2191	1979	1970	1931	1988	2118	1942	2020	2061	1978
304998	62	126	14	78	142	30	94	158	46	110	174	1996	2060	2156	1989	1996	1955	1999	2101	1973	2021	2039	2004
304998	62	126	14	78	142	30	94	158	46	110	174	2031	2008	2107	2023	2009	2006	2027	2059	2021	2021	2004	2041
304998	62	126	14	78	142	30	94	158	46	110	174	2058	1975	2085	2050	2025	2029	2047	2029	2042	2021	1991	2045
304998	62	126	14	78	142	30	94	158	46	110	174	2047	1988	2107	2043	2016	2000	2039	2041	2020	2016	2004	2040
304998	62	126	14	78	142	30	94	158	46	110	174	2023	2041	2153	2012	1995	1953	2020	2086	1980	2016	2030	2009
304998	62	126	14	78	142	30	94	158	46	110	174	1991	2082	2183	1981	1984	1916	1999	2121	1940	2018	2050	1979
304998	62	126	14	78	142	30	94	158	46	110	174	1992	2083	2165	1975	1987	1933	1998	2117	1949	2021	2048	1979
304998	62	126	14	78	142	30	94	158	46	110	174	2014	2031	2131	2008	2002	1983	2017	2079	1995	2020	2026	2015
304998	62	126	14	78	142	30	94	158	46	110	174	2043	1977	2100	2037	2018	2019	2039	2034	2045	2020	1999	2048
304998	62	126	14	78	142	30	94	158	46	110	174	2051	1971	2101	2052	2021	2020	2046	2036	2039	2016	1989	2061
304998	62	126	14	78	142	30	94	158	46	110	174	2032	2016	2140	2033	2014	1983	2040	2066	2000	2022	2011	2019
304998	62	126	14	78	142	30	94	158	46	110	174	2001	2065	2167	1990	1988	1937	2008	2107	1952	2016	2038	1982
304998	62	126	14	78	142	30	94	158	46	110	174	1991	2093	2175	1970	1981	1924	1996	2121	1938	2020	2061	1974
304998	62	126	14	78	142	30	94	158	46	110	174	1998	2054	2164	1987	1988	1952	1996	2100	1979	2020	2046	2004
304998	62	126	14	78	142	30	94	158	46	110	174	2028	2006	2115	2021	2013	1996	2035	2065	2015	2020	2008	2041
304998	62	126	14	78	142	30	94	158	46	110	174	2044	1974	2101	2048	2018	2029	2044	2036	2039	2022	1984	2050
304998	62	126	14	78	142	30	94	158	46	110	174	2043	1988	2104	2045	2021	2013	2042	2038	2024	2022	2001	2033
304998	62	126	14	78	142	30	94	158	46	110	174	2027	2036	2134	2015	1998	1969	2028	2080	1981	2017	2028	2004
304998	62	126	14	78	142	30	94	158	46	110	174	1997	2077	2173	1979	1984	1924	1995	2120	1948	2018	2054	1983
304998	62	126	14	78	142	30	94	158	46	110	174	1993	2082	2174	1971	1985	1927	2000	2123	1949	2021	2051	1989
304998	62	126	14	78	142	30	94	158	46	110	174	2008	2040	2145	2002	1989	1972	2009	2084	1986	2020	2022	2006
304998	62	126	14	78	142	30	94	158	46	110	174	2041	1997	2099	2035	2023	2017	2034	2043	2030	2020	2000	2044
304998	62	126	14	78	142	30	94	158	46	110	174	2056	1974	2095	2054	2017	2032	2044	2033	2046	2022	1997	2053
304998	62	126	14	78	142	30	94	158	46	110	174	2042	2003	2122	2031	2013	1986	2032	2060	2008	2020	2008	2029
304998	62	126	14	78	142	30	94	158	46	110	174	2009	2058	2167	1992	1990	1936	2006	2103	1956	2017	2038	1992
304998	62	126	14	78	142	30	94	158	46	110	174	1984	2088	2188	1975	1980	1923	1986	2125	1939	2019	2058	1978
304998	62	126	14	78	142	30	94	158	46	110	174	1996	2076	2152	1979	1986	1949	2001	2105	1970	2019	2050	1995
304998	62	126	14	78	142	30	94	158	46	110	174	2028	2017	2116	2014	2005	1999	2019	2069	2009	2016	2016	2031
304998	62	126	14	78	142	30	94	158	46	110	174	2048	1972	2093	2045	2027	2023	2041	2033	2041	2022	1991	2048
304998	62	126	14	78	142	30	94	158	46	110	174	2057	1977	2108	2046	2025	2009	2051	2036	2028	2017	1989	2036
304998	62	126	14	78	142	30	94	158	46	110	174	2028	2027	2147	2019	1997	1975	2029	2071	1983	2022	2023	2007
304998	62	126	14	78	142	30	94	158	46	110	174	1998	2085	2174	1977	1987	1929	2002	2119	1955	2020	2058	1990
304998	62	126	14	78	142	30	94	158	46	110	174	1991	2090	2162	1970	1977	1927	2004	2128	1942	2018	2057	1990
304998	62	126	14	78	142	30	94	158	46	110	174	2003	2039	2142	1997	1992	1964	2001	2092	1983	2017	2028	2010
304998	62	126	14	78	142	30	94	158	46	110	174	2039	1994	2105	2033	2019	2011	2034	2046	2025	2020	2005	2034
304998	62	126	14	78	142	30	94	158	46	110	174	2055	1963	2108	2054	2024	2022	2044	2018	2049	2020	1996	2046
304998	62	126	14	78	142	30	94	158	46	110	174	2044	2003	2123	2040	2018	1997	2038	2054	2017	2017	2008	2036
304998	62	126	14	78	142	30	94	158	46	110	174	2018	2059	2150	2000	1997	1948	2015	2098	1968	2016	2031	2000
304998	62	126	14	78	142	30	94	158	46	110	174	1985	2087	2166	1979	1966	1917	1987	2126	1939	2020	2053	1981
304998	62	126	14	78	142	30	94	158	46	110	174	2000	2073	2157	1976	1987	1942	2000	2111	1958	2017	2053	1991
304998	62	126	14	78	142	30	94	158	46	110	174	2019	2020	2131	2015	1996	1997	2015	2068	2007	2018	2020	2024
304998	62	126	14	78	142	30	94	158	46	110	174	2051	1981	2100	2043	2030	2025	2058	2043	2037	2021	1994	2049
304998	62	126	14	78	142	30	94	158	46	110	174	2053	1980	2102	2054	2021	2016	2042	2031	2030	2020	1990	2040
304998	62	126	14	78	142	30	94	158	46	110	174	2035	2022	2128	2027	2002	1972	2026	2070	1990	2016	2016	2007
304998	62	126	14	78	142	30	94	158	46	110	174	2003	2072	2165	1982	1986	1924	2000	2105	1953	2017	2053	1992
304998	62	126	14	78	142	30	94	158	46	110	174	1991	2092	2173	1970	1974	1928	1985	2128	1950	2018	2058	1995
304998	62	126	14	78	142	30	94	158	46	110	174	2003	2062	2147	1987	1994	1965	2007	2100	1972	2021	2034	2011
304998	62	126	14	78	142	30	94	158	46	110	174	2035	2004	2105	2026	2011	2010	2031	2048	2022	2022	2000	2029
304998	62	126	14	78	142	30	94	158	46	110	174	2062	1969	2092	2056	2028	2022	2046	2022	2044	2021	1991	2039
304998	62	126	14	78	142	30	94	158	46	110	174	2048	1984	2114	2046	2020	1995	2038	2042	2027	2019	2007	2031
304998	62	126	14	78	142	30	94	158	46	110	174	2018	2046	2150	2000	2000	1953	2027	2097	1966	2016	2034	2011
304998	62	126	14	78	142	30	94	158	46	110	174	1991	2090	2175	1975	1979	1923	1994	2127	1942	2021	2054	1989
304998	62	126	14	78	142	30	94	158	46	110	174	1991	2088	2162	1968	1981	1938	1996	2117	1952	2016	2050	1991
304998	62	126	14	78	142	30	94	158	46	110	174	2019	2032	2124	2003	2004	1983	2020	2073	2004	2022	2025	2016
304998	62	126	14	78	142	30	94	158	46	110	174	2049	1978	2096	2046	2023	2020	2035	2033	2038	2020	1998	2046
304998	62	126	14	78	142	30	94	158	46	110	174	2056	1973	2106	2050	2027	2018	2054	2031	2038	2018	1990	2041
304998	62	126	14	78	142	30	94	158	46	110	174	2031	2010	2140	2031	2007	1981	2026	2064	1991	2020	2013	2015
304998	62	126	14	78	142	30	94	158	46	110	174	2004	2076	2164	1984	1987	1936	2005	2106	1956	2021	2044	1989
304998	62	126	14	78	142	30	94	158	46	110	174	1989	2097	2163	1966	1975	1928	1994	2126	1952	2021	2062	1991
304998	62	126	14	78	142	30	94	158	46	110	174	2005	2061	2144	1987	1992	1952	2004	2107	1969	2021	2040	2014
304998	62	126	14	78	142	30	94	158	46	110	174	2030	2000	2117	2021	2016	2000	2020	2057	2019	2021	2005	2027
304998	62	126	14	78	142	30	94	158	46	110	174	2054	1967	2103	2061	2017	2028	2050	2027	2039	2022	1985	2036
304998	62	126	14	78	142	30	94	158	46	110	174	2045	1988	2121	2047	2021	2003	2038	2037	2025	2020	2005	2022
304998	62	126	14	78	142	30	94	158	46	110	174	2023	2049	2139	2011	1996	1959	2021	2092	1983	2022	2036	2010
304998	62	126	14	78	142	30	94	158	46	110	174	2000	2090	2163	1974	1984	1925	2010	2125	1940	2016	2054	1995
304998	62	126	14	78	142	30	94	158	46	110	174	1988	2083	2160	1963	1983	1936	1991	2123	1949	2022	2047	1995
304998	62	126	14	78	142	30	94	158	46	110	174	2016	2038	2139	1998	2001	1985	2030	2088	1993	2016	2021	2011
304998	62	126	14	78	142	30	94	158	46	110	174	2043	1981	2124	2039	2019	2016	2033	2033	2038	2021	2003	2029
304998	62	126	14	78	142	30	94	158	46	110	174	2061	1976	2100	2054	2032	2018	2048	2031	2034	2022	1998	2045
304998	62	126	14	78	142	30	94	158	46	110	174	2043	2009	2120	2040	2009	1990	2051	2060	2001	2017	2004	2022
304998	62	126	14	78	142	30	94	158	46	110	174	2006	2065	2154	1988	1987	1942	2008	2109	1954	2020	2040	2000
304998	62	126	14	78	142	30	94	158	46	110	174	1994	2089	2172	1963	1981	1929	2002	2133	1942	2016	2058	1985
304998	62	126	14	78	142	30	94	158	46	110	174	1994	2065	2165	1984	1984	1950	1996	2111	1976	2018	2046	2002
304998	62	126	14	78	142	30	94	158	46	110	174	2028	2017	2118	2018	2010	1994	2035	2064	2012	2020	2014	2030
304998	62	126	14	78	142	30	94	158	46	110	174	2053	1973	2096	2051	2025	2025	2041	2025	2036	2020	1993	2040
304998	62	126	14	78	142	30	94	158	46	110	174	2049	1983	2104	2055	2019	2013	2039	2029	2024	2021	1993	2031
304998	62	126	14	78	142	30	94	158	46	110	174	2028	2028	2141	2014	2003	1965	2031	2080	1992	2018	2025	2008
304998	62	126	14	78	142	30	94	158	46	110	174	1991	2080	2177	1984	1967	1935	1993	2129	1948	2022	2056	1996
304998	62	126	14	78	142	30	94	158	46	110	174	1993	2094	2164	1968	1982	1930	1999	2129	1950	2016	2054	1998
304998	62	126	14	78	142	30	94	158	46	110	174	2012	2048	2132	1999	2004	1972	2019	2092	1985	2021	2024	2014
304998	62	126	14	78	142	30	94	158	46	110	174	2045	1990	2103	2042	2020	2013	2041	2034	2036	2017	1997	2029
304998	62	126	14	78	142	30	94	158	46	110	174	2060	1964	2103	2056	2030	2025	2049	2029	2041	2020	1995	2029
304998	62	126	14	78	142	30	94	158	46	110	174	2045	1999	2128	2050	1988	2001	2057	2057	2009	2022	2008	2027
304998	62	126	14	78	142	30	94	158	46	110	174	2003	2057	2167	1998	1995	1942	2020	2103	1958	2020	2036	2005
304998	62	126	14	78	142	30	94	158	46	110	174	1991	2099	2165	1963	1978	1928	1997	2138	1940	2021	2049	1993
304998	62	126	14	78	142	30	94	158	46	110	174	1999	2074	2152	1979	1980	1948	1997	2114	1969	2017	2046	1997
304998	62	126	14	78	142	30	94	158	46	110	174	2028	2018	2121	2015	2012	1994	2039	2070	2007	2021	2022	2022
304998	62	126	14	78	142	30	94	158	46	110	174	2052	1966	2113	2054	2005	2028	2041	2025	2033	2018	1994	2042
304998	62	126	14	78	142	30	94	158	46	110	174	2051	1973	2115	2058	2015	2008	2044	2029	2027	2020	1993	2033
304998	62	126	14	78	142	30	94	158	46	110	174	2032	2028	2147	2020	2003	1974	2035	2066	1995	2022	2014	2005
304998	62	126	14	78	142	30	94	158	46	110	174	2002	2080	2158	1982	1985	1936	2002	2122	1954	2017	2048	1996
304998	62	126	14	78	142	30	94	158	46	110	174	1994	2092	2156	1962	1981	1930	1995	2131	1943	2017	2054	1999
304998	62	126	14	78	142	30	94	158	46	110	174	2006	2045	2151	1991	1990	1964	2007	2095	1981	2021	2028	2017
304998	62	126	14	78	142	30	94	158	46	110	174	2035	1991	2122	2038	2017	2010	2039	2043	2026	2016	2004	2028
304998	62	126	14	78	142	30	94	158	46	110	174	2055	1968	2109	2056	2033	2023	2060	2023	2039	2022	1989	2028
304998	62	126	14	78	142	30	94	158	46	110	174	2047	1999	2114	2046	2010	2004	2049	2051	2005	2020	2008	2021
304998	62	126	14	78	142	30	94	158	46	110	174	2016	2050	2150	2001	1996	1954	2016	2097	1966	2020	2032	2009
304998	62	126	14	78	142	30	94	158	46	110	174	1986	2085	2165	1967	1978	1928	1992	2127	1942	2017	2047	1998
304998	62	126	14	78	142	30	94	158	46	110	174	1996	2075	2164	1974	1986	1941	2008	2122	1969	2021	2041	1999
304998	62	126	14	78	142	30	94	158	46	110	174	2018	2021	2141	2011	2004	1985	2021	2076	2001	2016	2021	2015
304998	62	126	14	78	142	30	94	158	46	110	174	2049	1982	2101	2053	2015	2031	2044	2034	2027	2021	1999	2034
304998	62	126	14	78	142	30	94	158	46	110	174	2052	1972	2110	2062	2021	2018	2053	2028	2025	2021	1990	2036
304998	62	126	14	78	142	30	94	158	46	110	174	2029	2017	2137	2027	2006	1975	2037	2061	2002	2017	2015	2014
304998	62	126	14	78	142	30	94	158	46	110	174	2003	2074	2166	1984	1987	1934	2014	2122	1951	2021	2043	1993
304998	62	126	14	78	142	30	94	158	46	110	174	1985	2093	2175	1962	1983	1930	1994	2133	1942	2017	2057	1996
304998	62	126	14	78	142	30	94	158	46	110	174	2007	2065	2142	1985	1997	1960	2008	2109	1972	2022	2034	2012
304998	62	126	14	78	142	30	94	158	46	110	174	2042	2000	2115	2030	2015	2004	2046	2049	2020	2018	2005	2029
304998	62	126	14	78	142	30	94	158	46	110	174	2052	1965	2100	2061	2030	2019	2047	2021	2045	2017	1986	2026
304998	62	126	14	78	142	30	94	158	46	110	174	2051	1985	2121	2049	2010	2008	2052	2041	2012	2018	2003	2015
304998	62	126	14	78	142	30	94	158	46	110	174	2010	2041	2163	2010	1989	1960	2016	2091	1975	2017	2031	2015
304998	62	126	14	78	142	30	94	158	46	110	174	1999	2097	2159	1965	1982	1925	2002	2133	1942	2022	2051	2006
304998	62	126	14	78	142	30	94	158	46	110	174	1992	2082	2156	1968	1967	1940	1996	2127	1966	2020	2046	1997
304998	62	126	14	78	142	30	94	158	46	110	174	2021	2034	2126	2002	2005	1976	2010	2081	1996	2018	2019	2013
304998	62	126	14	78	142	30	94	158	46	110	174	2051	1979	2112	2050	2029	2014	2058	2035	2023	2018	2003	2026
304998	62	126	14	78	142	30	94	158	46	110	174	2051	1966	2119	2064	2020	2026	2048	2015	2028	2021	1995	2028
304998	62	126	14	78	142	30	94	158	46	110	174	2042	2020	2130	2030	2016	1983	2039	2060	1999	2020	2012	2021
304998	62	126	14	78	142	30	94	158	46	110	174	2000	2071	2149	1993	1968	1949	2000	2115	1963	2017	2037	1999
304998	62	126	14	78	142	30	94	158	46	110	174	1996	2091	2160	1962	1984	1925	2001	2135	1946	2022	2051	1994
304998	62	126	14	78	142	30	94	158	46	110	174	2002	2059	2153	1985	1986	1957	2006	2110	1970	2021	2042	2012
304998	62	126	14	78	142	30	94	158	46	110	174	2031	2008	2127	2031	2003	2007	2039	2053	2015	2017	2009	2027
304998	62	126	14	78	142	30	94	158	46	110	174	2054	1971	2112	2060	2030	2023	2056	2025	2036	2019	1993	2023
304998	62	126	14	78	142	30	94	158	46	110	174	2056	1985	2112	2056	2008	2010	2050	2036	2016	2017	1995	2017
304998	62	126	14	78	142	30	94	158	46	110	174	2025	2030	2145	2013	2007	1954	2026	2087	1978	2019	2029	2016
304998	62	126	14	78	142	30	94	158	46	110	174	1999	2086	2157	1974	1983	1929	2009	2129	1955	2020	2048	2005
304998	62	126	14	78	142	30	94	158	46	110	174	1988	2087	2164	1975	1967	1942	2001	2131	1958	2020	2043	2006
304998	62	126	14	78	142	30	94	158	46	110	174	2009	2042	2141	1999	2004	1972	2029	2092	1992	2020	2024	2013
304998	62	126	14	78	142	30	94	158	46	110	174	2045	1981	2119	2046	2016	2016	2049	2036	2021	2016	2002	2020
