304998	62	126	14	78	142	30	94	158	46	110	174	2035	2004	2105	2026	2011	2010	2031	2048	2022	2022	2000	2029
304998	62	126	14	78	142	30	94	158	46	110	174	2062	1969	2092	2056	2028	2022	2046	2022	2044	2021	1991	2039
304998	62	126	14	78	142	30	94	158	46	110	174	2048	1984	2114	2046	2020	1995	2038	2042	2027	2019	2007	2031
304998	62	126	14	78	142	30	94	158	46	110	174	2018	2046	2150	2000	2000	1953	2027	2097	1966	2016	2034	2011
304998	62	126	14	78	142	30	94	158	46	110	174	1991	2090	2175	1975	1979	1923	1994	2127	1942	2021	2054	1989
304998	62	126	14	78	142	30	94	158	46	110	174	1991	2088	2162	1968	1981	1938	1996	2117	1952	2016	2050	1991
304998	62	126	14	78	142	30	94	158	46	110	174	2019	2032	2124	2003	2004	1983	2020	2073	2004	2022	2025	2016
304998	62	126	14	78	142	30	94	158	46	110	174	2049	1978	2096	2046	2023	2020	2035	2033	2038	2020	1998	2046
304998	62	126	14	78	142	30	94	158	46	110	174	2056	1973	2106	2050	2027	2018	2054	2031	2038	2018	1990	2041
304998	62	126	14	78	142	30	94	158	46	110	174	2031	2010	2140	2031	2007	1981	2026	2064	1991	2020	2013	2015
304998	62	126	14	78	142	30	94	158	46	110	174	2004	2076	2164	1984	1987	1936	2005	2106	1956	2021	2044	1989
304998	62	126	14	78	142	30	94	158	46	110	174	1989	2097	2163	1966	1975	1928	1994	2126	1952	2021	2062	1991
304998	62	126	14	78	142	30	94	158	46	110	174	2005	2061	2144	1987	1992	1952	2004	2107	1969	2021	2040	2014
304998	62	126	14	78	142	30	94	158	46	110	174	2030	2000	2117	2021	2016	2000	2020	2057	2019	2021	2005	2027
304998	62	126	14	78	142	30	94	158	46	110	174	2054	1967	2103	2061	2017	2028	2050	2027	2039	2022	1985	2036
304998	62	126	14	78	142	30	94	158	46	110	174	2045	1988	2121	2047	2021	2003	2038	2037	2025	2020	2005	2022
304998	62	126	14	78	142	30	94	158	46	110	174	2023	2049	2139	2011	1996	1959	2021	2092	1983	2022	2036	2010
304998	62	126	14	78	142	30	94	158	46	110	174	2000	2090	2163	1974	1984	1925	2010	2125	1940	2016	2054	1995
304998	62	126	14	78	142	30	94	158	46	110	174	1988	2083	2160	1963	1983	1936	1991	2123	1949	2022	2047	1995
304998	62	126	14	78	142	30	94	158	46	110	174	2016	2038	2139	1998	2001	1985	2030	2088	1993	2016	2021	2011
304998	62	126	14	78	142	30	94	158	46	110	174	2043	1981	2124	2039	2019	2016	2033	2033	2038	2021	2003	2029
304998	62	126	14	78	142	30	94	158	46	110	174	2061	1976	2100	2054	2032	2018	2048	2031	2034	2022	1998	2045
304998	62	126	14	78	142	30	94	158	46	110	174	2043	2009	2120	2040	2009	1990	2051	2060	2001	2017	2004	2022
304998	62	126	14	78	142	30	94	158	46	110	174	2006	2065	2154	1988	1987	1942	2008	2109	1954	2020	2040	2000
304998	62	126	14	78	142	30	94	158	46	110	174	1994	2089	2172	1963	1981	1929	2002	2133	1942	2016	2058	1985
304998	62	126	14	78	142	30	94	158	46	110	174	1994	2065	2165	1984	1984	1950	1996	2111	1976	2018	2046	2002
304998	62	126	14	78	142	30	94	158	46	110	174	2028	2017	2118	2018	2010	1994	2035	2064	2012	2020	2014	2030
304998	62	126	14	78	142	30	94	158	46	110	174	2053	1973	2096	2051	2025	2025	2041	2025	2036	2020	1993	2040
304998	62	126	14	78	142	30	94	158	46	110	174	2049	1983	2104	2055	2019	2013	2039	2029	2024	2021	1993	2031
304998	62	126	14	78	142	30	94	158	46	110	174	2028	2028	2141	2014	2003	1965	2031	2080	1992	2018	2025	2008
304998	62	126	14	78	142	30	94	158	46	110	174	1991	2080	2177	1984	1967	1935	1993	2129	1948	2022	2056	1996
304998	62	126	14	78	142	30	94	158	46	110	174	1993	2094	2164	1968	1982	1930	1999	2129	1950	2016	2054	1998
304998	62	126	14	78	142	30	94	158	46	110	174	2012	2048	2132	1999	2004	1972	2019	2092	1985	2021	2024	2014
304998	62	126	14	78	142	30	94	158	46	110	174	2045	1990	2103	2042	2020	2013	2041	2034	2036	2017	1997	2029
304998	62	126	14	78	142	30	94	158	46	110	174	2060	1964	2103	2056	2030	2025	2049	2029	2041	2020	1995	2029
304998	62	126	14	78	142	30	94	158	46	110	174	2045	1999	2128	2050	1988	2001	2057	2057	2009	2022	2008	2027
304998	62	126	14	78	142	30	94	158	46	110	174	2003	2057	2167	1998	1995	1942	2020	2103	1958	2020	2036	2005
304998	62	126	14	78	142	30	94	158	46	110	174	1991	2099	2165	1963	1978	1928	1997	2138	1940	2021	2049	1993
304998	62	126	14	78	142	30	94	158	46	110	174	1999	2074	2152	1979	1980	1948	1997	2114	1969	2017	2046	1997
304998	62	126	14	78	142	30	94	158	46	110	174	2028	2018	2121	2015	2012	1994	2039	2070	2007	2021	2022	2022
304998	62	126	14	78	142	30	94	158	46	110	174	2052	1966	2113	2054	2005	2028	2041	2025	2033	2018	1994	2042
304998	62	126	14	78	142	30	94	158	46	110	174	2051	1973	2115	2058	2015	2008	2044	2029	2027	2020	1993	2033
304998	62	126	14	78	142	30	94	158	46	110	174	2032	2028	2147	2020	2003	1974	2035	2066	1995	2022	2014	2005
304998	62	126	14	78	142	30	94	158	46	110	174	2002	2080	2158	1982	1985	1936	2002	2122	1954	2017	2048	1996
304998	62	126	14	78	142	30	94	158	46	110	174	1994	2092	2156	1962	1981	1930	1995	2131	1943	2017	2054	1999
304998	62	126	14	78	142	30	94	158	46	110	174	2006	2045	2151	1991	1990	1964	2007	2095	1981	2021	2028	2017
304998	62	126	14	78	142	30	94	158	46	110	174	2035	1991	2122	2038	2017	2010	2039	2043	2026	2016	2004	2028
304998	62	126	14	78	142	30	94	158	46	110	174	2055	1968	2109	2056	2033	2023	2060	2023	2039	2022	1989	2028
304998	62	126	14	78	142	30	94	158	46	110	174	2047	1999	2114	2046	2010	2004	2049	2051	2005	2020	2008	2021
304998	62	126	14	78	142	30	94	158	46	110	174	2016	2050	2150	2001	1996	1954	2016	2097	1966	2020	2032	2009
304998	62	126	14	78	142	30	94	158	46	110	174	1986	2085	2165	1967	1978	1928	1992	2127	1942	2017	2047	1998
304998	62	126	14	78	142	30	94	158	46	110	174	1996	2075	2164	1974	1986	1941	2008	2122	1969	2021	2041	1999
304998	62	126	14	78	142	30	94	158	46	110	174	2018	2021	2141	2011	2004	1985	2021	2076	2001	2016	2021	2015
304998	62	126	14	78	142	30	94	158	46	110	174	2049	1982	2101	2053	2015	2031	2044	2034	2027	2021	1999	2034
304998	62	126	14	78	142	30	94	158	46	110	174	2052	1972	2110	2062	2021	2018	2053	2028	2025	2021	1990	2036
304998	62	126	14	78	142	30	94	158	46	110	174	2029	2017	2137	2027	2006	1975	2037	2061	2002	2017	2015	2014
304998	62	126	14	78	142	30	94	158	46	110	174	2003	2074	2166	1984	1987	1934	2014	2122	1951	2021	2043	1993
304998	62	126	14	78	142	30	94	158	46	110	174	1985	2093	2175	1962	1983	1930	1994	2133	1942	2017	2057	1996
304998	62	126	14	78	142	30	94	158	46	110	174	2007	2065	2142	1985	1997	1960	2008	2109	1972	2022	2034	2012
304998	62	126	14	78	142	30	94	158	46	110	174	2042	2000	2115	2030	2015	2004	2046	2049	2020	2018	2005	2029
304998	62	126	14	78	142	30	94	158	46	110	174	2052	1965	2100	2061	2030	2019	2047	2021	2045	2017	1986	2026
304998	62	126	14	78	142	30	94	158	46	110	174	2051	1985	2121	2049	2010	2008	2052	2041	2012	2018	2003	2015
304998	62	126	14	78	142	30	94	158	46	110	174	2010	2041	2163	2010	1989	1960	2016	2091	1975	2017	2031	2015
304998	62	126	14	78	142	30	94	158	46	110	174	1999	2097	2159	1965	1982	1925	2002	2133	1942	2022	2051	2006
304998	62	126	14	78	142	30	94	158	46	110	174	1992	2082	2156	1968	1967	1940	1996	2127	1966	2020	2046	1997
304998	62	126	14	78	142	30	94	158	46	110	174	2021	2034	2126	2002	2005	1976	2010	2081	1996	2018	2019	2013
304998	62	126	14	78	142	30	94	158	46	110	174	2051	1979	2112	2050	2029	2014	2058	2035	2023	2018	2003	2026
304998	62	126	14	78	142	30	94	158	46	110	174	2051	1966	2119	2064	2020	2026	2048	2015	2028	2021	1995	2028
304998	62	126	14	78	142	30	94	158	46	110	174	2042	2020	2130	2030	2016	1983	2039	2060	1999	2020	2012	2021
304998	62	126	14	78	142	30	94	158	46	110	174	2000	2071	2149	1993	1968	1949	2000	2115	1963	2017	2037	1999
304998	62	126	14	78	142	30	94	158	46	110	174	1996	2091	2160	1962	1984	1925	2001	2135	1946	2022	2051	1994
304998	62	126	14	78	142	30	94	158	46	110	174	2002	2059	2153	1985	1986	1957	2006	2110	1970	2021	2042	2012
304998	62	126	14	78	142	30	94	158	46	110	174	2031	2008	2127	2031	2003	2007	2039	2053	2015	2017	2009	2027
304998	62	126	14	78	142	30	94	158	46	110	174	2054	1971	2112	2060	2030	2023	2056	2025	2036	2019	1993	2023
304998	62	126	14	78	142	30	94	158	46	110	174	2056	1985	2112	2056	2008	2010	2050	2036	2016	2017	1995	2017
304998	62	126	14	78	142	30	94	158	46	110	174	2025	2030	2145	2013	2007	1954	2026	2087	1978	2019	2029	2016
304998	62	126	14	78	142	30	94	158	46	110	174	1999	2086	2157	1974	1983	1929	2009	2129	1955	2020	2048	2005
304998	62	126	14	78	142	30	94	158	46	110	174	1988	2087	2164	1975	1967	1942	2001	2131	1958	2020	2043	2006
304998	62	126	14	78	142	30	94	158	46	110	174	2009	2042	2141	1999	2004	1972	2029	2092	1992	2020	2024	2013
304998	62	126	14	78	142	30	94	158	46	110	174	2045	1981	2119	2046	2016	2016	2049	2036	2021	2016	2002	2020
304998	62	126	14	78	142	30	94	158	46	110	174	2055	1960	2115	2062	2032	2019	2055	2017	2030	2022	1992	2031
304998	62	126	14	78	142	30	94	158	46	110	174	2040	1996	2132	2040	2015	1988	2037	2051	2006	2022	2010	2025
304998	62	126	14	78	142	30	94	158	46	110	174	2007	2056	2159	1995	1981	1952	2009	2109	1965	2017	2031	2006
304998	62	126	14	78	142	30	94	158	46	110	174	1995	2099	2160	1968	1986	1924	2002	2135	1948	2022	2051	1993
304998	62	126	14	78	142	30	94	158	46	110	174	2000	2076	2142	1973	1990	1945	2001	2117	1966	2019	2045	2005
304998	62	126	14	78	142	30	94	158	46	110	174	2025	2004	2127	2024	2004	1998	2027	2063	2012	2017	2013	2028
304998	62	126	14	78	142	30	94	158	46	110	174	2046	1959	2112	2058	2032	2022	2043	2020	2031	2021	1989	2031
304998	62	126	14	78	142	30	94	158	46	110	174	2058	1971	2133	2055	2019	2013	2063	2031	2022	2021	1994	2014
304998	62	126	14	78	142	30	94	158	46	110	174	2026	2035	2142	2019	2003	1965	2031	2076	1985	2021	2022	2015
304998	62	126	14	78	142	30	94	158	46	110	174	2000	2085	2151	1981	1976	1933	2009	2125	1955	2021	2046	2010
304998	62	126	14	78	142	30	94	158	46	110	174	1984	2088	2156	1965	1979	1939	1989	2136	1951	2020	2046	2012
304998	62	126	14	78	142	30	94	158	46	110	174	2013	2046	2145	1990	2000	1969	2013	2096	1984	2016	2025	2014
304998	62	126	14	78	142	30	94	158	46	110	174	2034	1985	2138	2043	2007	2016	2028	2033	2017	2022	2005	2017
304998	62	126	14	78	142	30	94	158	46	110	174	2054	1971	2114	2065	2033	2016	2049	2016	2036	2021	1999	2023
304998	62	126	14	78	142	30	94	158	46	110	174	2048	2001	2122	2047	2016	1992	2041	2049	2006	2018	2002	2024
304998	62	126	14	78	142	30	94	158	46	110	174	2017	2055	2142	1998	1987	1951	2024	2105	1970	2022	2031	2012
304998	62	126	14	78	142	30	94	158	46	110	174	1996	2093	2157	1956	1980	1930	1998	2141	1949	2017	2044	1997
304998	62	126	14	78	142	30	94	158	46	110	174	1997	2078	2156	1966	1985	1945	2012	2119	1973	2018	2047	2005
304998	62	126	14	78	142	30	94	158	46	110	174	2029	2025	2128	2011	2012	1986	2030	2074	2003	2021	2017	2026
304998	62	126	14	78	142	30	94	158	46	110	174	2056	1979	2109	2050	2033	2018	2050	2027	2028	2020	1995	2028
304998	62	126	14	78	142	30	94	158	46	110	174	2057	1971	2117	2063	2015	2014	2049	2025	2013	2020	1990	2019
304998	62	126	14	78	142	30	94	158	46	110	174	2033	2019	2136	2023	2009	1974	2024	2063	1993	2016	2017	2009
304998	62	126	14	78	142	30	94	158	46	110	174	2000	2075	2175	1981	1983	1934	1995	2125	1965	2021	2043	2011
304998	62	126	14	78	142	30	94	158	46	110	174	1995	2101	2155	1957	1984	1933	1999	2140	1952	2018	2048	2017
304998	62	126	14	78	142	30	94	158	46	110	174	2006	2055	2136	1988	1997	1968	2004	2101	1978	2017	2027	2010
304998	62	126	14	78	142	30	94	158	46	110	174	2041	1992	2117	2034	2020	2003	2046	2041	2022	2017	2003	2009
304998	62	126	14	78	142	30	94	158	46	110	174	2060	1960	2121	2065	2034	2014	2055	2015	2030	2016	1992	2025
304998	62	126	14	78	142	30	94	158	46	110	174	2048	1990	2130	2053	2018	1993	2053	2042	2007	2018	2003	2022
304998	62	126	14	78	142	30	94	158	46	110	174	2011	2050	2154	2003	1998	1954	2011	2092	1973	2019	2029	2013
304998	62	126	14	78	142	30	94	158	46	110	174	1992	2092	2148	1961	1986	1931	1986	2131	1954	2019	2041	2005
304998	62	126	14	78	142	30	94	158	46	110	174	2000	2077	2157	1968	1982	1944	1997	2125	1972	2019	2050	2004
304998	62	126	14	78	142	30	94	158	46	110	174	2023	2028	2135	2005	2011	1979	2016	2081	1996	2017	2025	2019
304998	62	126	14	78	142	30	94	158	46	110	174	2051	1971	2123	2057	2023	2020	2048	2025	2022	2021	1996	2023
304998	62	126	14	78	142	30	94	158	46	110	174	2045	1971	2129	2067	2032	2016	2045	2013	2019	2017	1988	2015
304998	62	126	14	78	142	30	94	158	46	110	174	2043	2018	2130	2030	2012	1979	2050	2064	1998	2017	2014	2009
304998	62	126	14	78	142	30	94	158	46	110	174	2006	2076	2145	1984	1991	1938	2002	2117	1966	2022	2047	2011
304998	62	126	14	78	142	30	94	158	46	110	174	1995	2094	2150	1952	1983	1932	1998	2144	1949	2021	2048	2010
304998	62	126	14	78	142	30	94	158	46	110	174	2001	2053	2154	1981	1991	1959	2002	2103	1971	2018	2030	2014
304998	62	126	14	78	142	30	94	158	46	110	174	2037	2005	2124	2030	2020	1999	2036	2048	2012	2017	2007	2015
304998	62	126	14	78	142	30	94	158	46	110	174	2055	1971	2111	2060	2030	2018	2061	2020	2026	2018	1996	2016
304998	62	126	14	78	142	30	94	158	46	110	174	2055	1985	2120	2056	2021	1998	2046	2034	2009	2020	2003	2019
304998	62	126	14	78	142	30	94	158	46	110	174	2023	2038	2143	2008	2001	1954	2019	2089	1976	2020	2022	2018
304998	62	126	14	78	142	30	94	158	46	110	174	1997	2090	2158	1965	1982	1933	1990	2130	1961	2021	2044	2007
304998	62	126	14	78	142	30	94	158	46	110	174	1986	2090	2148	1956	1985	1942	1984	2135	1966	2019	2047	2009
304998	62	126	14	78	142	30	94	158	46	110	174	2018	2041	2128	1999	1994	1982	2019	2082	1993	2021	2026	2016
304998	62	126	14	78	142	30	94	158	46	110	174	2046	1973	2124	2047	2026	2009	2042	2029	2017	2017	1996	2020
304998	62	126	14	78	142	30	94	158	46	110	174	2057	1968	2122	2066	2034	2012	2056	2009	2022	2022	1989	2018
304998	62	126	14	78	142	30	94	158	46	110	174	2041	2006	2134	2042	2009	1985	2038	2056	2002	2018	2014	2011
304998	62	126	14	78	142	30	94	158	46	110	174	2010	2075	2147	1982	1992	1949	2005	2114	1966	2016	2038	2011
304998	62	126	14	78	142	30	94	158	46	110	174	1993	2101	2150	1955	1961	1942	1992	2143	1954	2020	2048	2017
304998	62	126	14	78	142	30	94	158	46	110	174	2006	2067	2132	1973	1990	1950	1999	2109	1976	2020	2034	2018
304998	62	126	14	78	142	30	94	158	46	110	174	2038	2006	2128	2018	2022	1990	2039	2054	2011	2021	2007	2010
304998	62	126	14	78	142	30	94	158	46	110	174	2049	1965	2127	2064	2030	2018	2046	2011	2025	2020	1997	2010
304998	62	126	14	78	142	30	94	158	46	110	174	2048	1985	2130	2060	2027	2002	2043	2028	2010	2018	2002	2022
304998	62	126	14	78	142	30	94	158	46	110	174	2026	2039	2137	2012	2004	1960	2026	2081	1983	2018	2020	2024
304998	62	126	14	78	142	30	94	158	46	110	174	2001	2092	2144	1964	1983	1932	2000	2130	1969	2020	2045	2012
304998	62	126	14	78	142	30	94	158	46	110	174	1995	2093	2147	1957	1983	1934	1992	2140	1966	2017	2050	2006
304998	62	126	14	78	142	30	94	158	46	110	174	2017	2038	2147	1991	2004	1976	2007	2092	1987	2022	2033	2016
304998	62	126	14	78	142	30	94	158	46	110	174	2042	1987	2129	2044	2025	2008	2037	2033	2010	2022	2001	2023
304998	62	126	14	78	142	30	94	158	46	110	174	2054	1974	2122	2069	2036	2013	2060	2011	2026	2017	1989	2014
304998	62	126	14	78	142	30	94	158	46	110	174	2040	1998	2125	2051	2003	1992	2038	2048	2008	2017	2004	2003
304998	62	126	14	78	142	30	94	158	46	110	174	2015	2059	2143	1993	1997	1948	2018	2108	1971	2018	2039	2020
304998	62	126	14	78	142	30	94	158	46	110	174	1995	2093	2152	1955	1973	1946	1996	2143	1957	2018	2048	2022
304998	62	126	14	78	142	30	94	158	46	110	174	2000	2079	2147	1964	1993	1954	2002	2123	1970	2020	2036	2015
304998	62	126	14	78	142	30	94	158	46	110	174	2021	2019	2137	2015	2006	1989	2017	2059	2008	2017	2013	2011
304998	62	126	14	78	142	30	94	158	46	110	174	2057	1972	2114	2065	2023	2014	2052	2016	2023	2020	1998	2011
304998	62	126	14	78	142	30	94	158	46	110	174	2060	1975	2131	2064	2031	2007	2052	2019	2014	2022	2004	2017
304998	62	126	14	78	142	30	94	158	46	110	174	2034	2027	2140	2020	2007	1967	2022	2078	1982	2020	2018	2019
304998	62	126	14	78	142	30	94	158	46	110	174	2000	2085	2150	1971	1981	1942	2011	2128	1973	2020	2038	2019
304998	62	126	14	78	142	30	94	158	46	110	174	1976	2090	2160	1955	1975	1938	1985	2143	1967	2021	2047	2007
304998	62	126	14	78	142	30	94	158	46	110	174	2010	2053	2131	1985	1994	1967	2016	2101	1986	2021	2031	2013
304998	62	126	14	78	142	30	94	158	46	110	174	2041	1985	2134	2042	2018	2004	2035	2034	2007	2022	2008	2019
304998	62	126	14	78	142	30	94	158	46	110	174	2061	1961	2126	2069	2029	2014	2053	2011	2026	2020	1994	2017
304998	62	126	14	78	142	30	94	158	46	110	174	2044	1995	2133	2049	2015	1996	2059	2047	2008	2022	2004	2008
304998	62	126	14	78	142	30	94	158	46	110	174	2015	2059	2143	1998	1990	1951	2027	2109	1976	2016	2036	2014
304998	62	126	14	78	142	30	94	158	46	110	174	1997	2098	2143	1965	1951	1941	1992	2147	1958	2017	2050	2022
304998	62	126	14	78	142	30	94	158	46	110	174	1999	2078	2143	1965	1975	1950	1991	2123	1971	2020	2042	2021
304998	62	126	14	78	142	30	94	158	46	110	174	2019	2018	2140	2011	2000	1989	2015	2072	2004	2018	2014	2015
304998	62	126	14	78	142	30	94	158	46	110	174	2049	1965	2135	2059	2024	2013	2042	2016	2015	2019	1998	2009
304998	62	126	14	78	142	30	94	158	46	110	174	2049	1973	2144	2069	2021	2002	2049	2016	2013	2020	2000	2011
