304998	62	126	14	78	142	30	94	158	46	110	174	2003	2074	2166	1984	1987	1934	2014	2122	1951	2021	2043	1993
304998	62	126	14	78	142	30	94	158	46	110	174	1985	2093	2175	1962	1983	1930	1994	2133	1942	2017	2057	1996
304998	62	126	14	78	142	30	94	158	46	110	174	2007	2065	2142	1985	1997	1960	2008	2109	1972	2022	2034	2012
304998	62	126	14	78	142	30	94	158	46	110	174	2042	2000	2115	2030	2015	2004	2046	2049	2020	2018	2005	2029
304998	62	126	14	78	142	30	94	158	46	110	174	2052	1965	2100	2061	2030	2019	2047	2021	2045	2017	1986	2026
304998	62	126	14	78	142	30	94	158	46	110	174	2051	1985	2121	2049	2010	2008	2052	2041	2012	2018	2003	2015
304998	62	126	14	78	142	30	94	158	46	110	174	2010	2041	2163	2010	1989	1960	2016	2091	1975	2017	2031	2015
304998	62	126	14	78	142	30	94	158	46	110	174	1999	2097	2159	1965	1982	1925	2002	2133	1942	2022	2051	2006
304998	62	126	14	78	142	30	94	158	46	110	174	1992	2082	2156	1968	1967	1940	1996	2127	1966	2020	2046	1997
304998	62	126	14	78	142	30	94	158	46	110	174	2021	2034	2126	2002	2005	1976	2010	2081	1996	2018	2019	2013
304998	62	126	14	78	142	30	94	158	46	110	174	2051	1979	2112	2050	2029	2014	2058	2035	2023	2018	2003	2026
304998	62	126	14	78	142	30	94	158	46	110	174	2051	1966	2119	2064	2020	2026	2048	2015	2028	2021	1995	2028
304998	62	126	14	78	142	30	94	158	46	110	174	2042	2020	2130	2030	2016	1983	2039	2060	1999	2020	2012	2021
304998	62	126	14	78	142	30	94	158	46	110	174	2000	2071	2149	1993	1968	1949	2000	2115	1963	2017	2037	1999
304998	62	126	14	78	142	30	94	158	46	110	174	1996	2091	2160	1962	1984	1925	2001	2135	1946	2022	2051	1994
304998	62	126	14	78	142	30	94	158	46	110	174	2002	2059	2153	1985	1986	1957	2006	2110	1970	2021	2042	2012
304998	62	126	14	78	142	30	94	158	46	110	174	2031	2008	2127	2031	2003	2007	2039	2053	2015	2017	2009	2027
304998	62	126	14	78	142	30	94	158	46	110	174	2054	1971	2112	2060	2030	2023	2056	2025	2036	2019	1993	2023
304998	62	126	14	78	142	30	94	158	46	110	174	2056	1985	2112	2056	2008	2010	2050	2036	2016	2017	1995	2017
304998	62	126	14	78	142	30	94	158	46	110	174	2025	2030	2145	2013	2007	1954	2026	2087	1978	2019	2029	2016
304998	62	126	14	78	142	30	94	158	46	110	174	1999	2086	2157	1974	1983	1929	2009	2129	1955	2020	2048	2005
304998	62	126	14	78	142	30	94	158	46	110	174	1988	2087	2164	1975	1967	1942	2001	2131	1958	2020	2043	2006
304998	62	126	14	78	142	30	94	158	46	110	174	2009	2042	2141	1999	2004	1972	2029	2092	1992	2020	2024	2013
304998	62	126	14	78	142	30	94	158	46	110	174	2045	1981	2119	2046	2016	2016	2049	2036	2021	2016	2002	2020
304998	62	126	14	78	142	30	94	158	46	110	174	2055	1960	2115	2062	2032	2019	2055	2017	2030	2022	1992	2031
304998	62	126	14	78	142	30	94	158	46	110	174	2040	1996	2132	2040	2015	1988	2037	2051	2006	2022	2010	2025
304998	62	126	14	78	142	30	94	158	46	110	174	2007	2056	2159	1995	1981	1952	2009	2109	1965	2017	2031	2006
304998	62	126	14	78	142	30	94	158	46	110	174	1995	2099	2160	1968	1986	1924	2002	2135	1948	2022	2051	1993
304998	62	126	14	78	142	30	94	158	46	110	174	2000	2076	2142	1973	1990	1945	2001	2117	1966	2019	2045	2005
304998	62	126	14	78	142	30	94	158	46	110	174	2025	2004	2127	2024	2004	1998	2027	2063	2012	2017	2013	2028
304998	62	126	14	78	142	30	94	158	46	110	174	2046	1959	2112	2058	2032	2022	2043	2020	2031	2021	1989	2031
304998	62	126	14	78	142	30	94	158	46	110	174	2058	1971	2133	2055	2019	2013	2063	2031	2022	2021	1994	2014
304998	62	126	14	78	142	30	94	158	46	110	174	2026	2035	2142	2019	2003	1965	2031	2076	1985	2021	2022	2015
304998	62	126	14	78	142	30	94	158	46	110	174	2000	2085	2151	1981	1976	1933	2009	2125	1955	2021	2046	2010
304998	62	126	14	78	142	30	94	158	46	110	174	1984	2088	2156	1965	1979	1939	1989	2136	1951	2020	2046	2012
304998	62	126	14	78	142	30	94	158	46	110	174	2013	2046	2145	1990	2000	1969	2013	2096	1984	2016	2025	2014
304998	62	126	14	78	142	30	94	158	46	110	174	2034	1985	2138	2043	2007	2016	2028	2033	2017	2022	2005	2017
304998	62	126	14	78	142	30	94	158	46	110	174	2054	1971	2114	2065	2033	2016	2049	2016	2036	2021	1999	2023
304998	62	126	14	78	142	30	94	158	46	110	174	2048	2001	2122	2047	2016	1992	2041	2049	2006	2018	2002	2024
304998	62	126	14	78	142	30	94	158	46	110	174	2017	2055	2142	1998	1987	1951	2024	2105	1970	2022	2031	2012
304998	62	126	14	78	142	30	94	158	46	110	174	1996	2093	2157	1956	1980	1930	1998	2141	1949	2017	2044	1997
304998	62	126	14	78	142	30	94	158	46	110	174	1997	2078	2156	1966	1985	1945	2012	2119	1973	2018	2047	2005
304998	62	126	14	78	142	30	94	158	46	110	174	2029	2025	2128	2011	2012	1986	2030	2074	2003	2021	2017	2026
304998	62	126	14	78	142	30	94	158	46	110	174	2056	1979	2109	2050	2033	2018	2050	2027	2028	2020	1995	2028
304998	62	126	14	78	142	30	94	158	46	110	174	2057	1971	2117	2063	2015	2014	2049	2025	2013	2020	1990	2019
304998	62	126	14	78	142	30	94	158	46	110	174	2033	2019	2136	2023	2009	1974	2024	2063	1993	2016	2017	2009
304998	62	126	14	78	142	30	94	158	46	110	174	2000	2075	2175	1981	1983	1934	1995	2125	1965	2021	2043	2011
304998	62	126	14	78	142	30	94	158	46	110	174	1995	2101	2155	1957	1984	1933	1999	2140	1952	2018	2048	2017
304998	62	126	14	78	142	30	94	158	46	110	174	2006	2055	2136	1988	1997	1968	2004	2101	1978	2017	2027	2010
304998	62	126	14	78	142	30	94	158	46	110	174	2041	1992	2117	2034	2020	2003	2046	2041	2022	2017	2003	2009
304998	62	126	14	78	142	30	94	158	46	110	174	2060	1960	2121	2065	2034	2014	2055	2015	2030	2016	1992	2025
304998	62	126	14	78	142	30	94	158	46	110	174	2048	1990	2130	2053	2018	1993	2053	2042	2007	2018	2003	2022
304998	62	126	14	78	142	30	94	158	46	110	174	2011	2050	2154	2003	1998	1954	2011	2092	1973	2019	2029	2013
304998	62	126	14	78	142	30	94	158	46	110	174	1992	2092	2148	1961	1986	1931	1986	2131	1954	2019	2041	2005
304998	62	126	14	78	142	30	94	158	46	110	174	2000	2077	2157	1968	1982	1944	1997	2125	1972	2019	2050	2004
304998	62	126	14	78	142	30	94	158	46	110	174	2023	2028	2135	2005	2011	1979	2016	2081	1996	2017	2025	2019
304998	62	126	14	78	142	30	94	158	46	110	174	2051	1971	2123	2057	2023	2020	2048	2025	2022	2021	1996	2023
304998	62	126	14	78	142	30	94	158	46	110	174	2045	1971	2129	2067	2032	2016	2045	2013	2019	2017	1988	2015
304998	62	126	14	78	142	30	94	158	46	110	174	2043	2018	2130	2030	2012	1979	2050	2064	1998	2017	2014	2009
304998	62	126	14	78	142	30	94	158	46	110	174	2006	2076	2145	1984	1991	1938	2002	2117	1966	2022	2047	2011
304998	62	126	14	78	142	30	94	158	46	110	174	1995	2094	2150	1952	1983	1932	1998	2144	1949	2021	2048	2010
304998	62	126	14	78	142	30	94	158	46	110	174	2001	2053	2154	1981	1991	1959	2002	2103	1971	2018	2030	2014
304998	62	126	14	78	142	30	94	158	46	110	174	2037	2005	2124	2030	2020	1999	2036	2048	2012	2017	2007	2015
304998	62	126	14	78	142	30	94	158	46	110	174	2055	1971	2111	2060	2030	2018	2061	2020	2026	2018	1996	2016
304998	62	126	14	78	142	30	94	158	46	110	174	2055	1985	2120	2056	2021	1998	2046	2034	2009	2020	2003	2019
304998	62	126	14	78	142	30	94	158	46	110	174	2023	2038	2143	2008	2001	1954	2019	2089	1976	2020	2022	2018
304998	62	126	14	78	142	30	94	158	46	110	174	1997	2090	2158	1965	1982	1933	1990	2130	1961	2021	2044	2007
304998	62	126	14	78	142	30	94	158	46	110	174	1986	2090	2148	1956	1985	1942	1984	2135	1966	2019	2047	2009
304998	62	126	14	78	142	30	94	158	46	110	174	2018	2041	2128	1999	1994	1982	2019	2082	1993	2021	2026	2016
304998	62	126	14	78	142	30	94	158	46	110	174	2046	1973	2124	2047	2026	2009	2042	2029	2017	2017	1996	2020
304998	62	126	14	78	142	30	94	158	46	110	174	2057	1968	2122	2066	2034	2012	2056	2009	2022	2022	1989	2018
304998	62	126	14	78	142	30	94	158	46	110	174	2041	2006	2134	2042	2009	1985	2038	2056	2002	2018	2014	2011
304998	62	126	14	78	142	30	94	158	46	110	174	2010	2075	2147	1982	1992	1949	2005	2114	1966	2016	2038	2011
304998	62	126	14	78	142	30	94	158	46	110	174	1993	2101	2150	1955	1961	1942	1992	2143	1954	2020	2048	2017
304998	62	126	14	78	142	30	94	158	46	110	174	2006	2067	2132	1973	1990	1950	1999	2109	1976	2020	2034	2018
304998	62	126	14	78	142	30	94	158	46	110	174	2038	2006	2128	2018	2022	1990	2039	2054	2011	2021	2007	2010
304998	62	126	14	78	142	30	94	158	46	110	174	2049	1965	2127	2064	2030	2018	2046	2011	2025	2020	1997	2010
304998	62	126	14	78	142	30	94	158	46	110	174	2048	1985	2130	2060	2027	2002	2043	2028	2010	2018	2002	2022
304998	62	126	14	78	142	30	94	158	46	110	174	2026	2039	2137	2012	2004	1960	2026	2081	1983	2018	2020	2024
304998	62	126	14	78	142	30	94	158	46	110	174	2001	2092	2144	1964	1983	1932	2000	2130	1969	2020	2045	2012
304998	62	126	14	78	142	30	94	158	46	110	174	1995	2093	2147	1957	1983	1934	1992	2140	1966	2017	2050	2006
304998	62	126	14	78	142	30	94	158	46	110	174	2017	2038	2147	1991	2004	1976	2007	2092	1987	2022	2033	2016
304998	62	126	14	78	142	30	94	158	46	110	174	2042	1987	2129	2044	2025	2008	2037	2033	2010	2022	2001	2023
304998	62	126	14	78	142	30	94	158	46	110	174	2054	1974	2122	2069	2036	2013	2060	2011	2026	2017	1989	2014
304998	62	126	14	78	142	30	94	158	46	110	174	2040	1998	2125	2051	2003	1992	2038	2048	2008	2017	2004	2003
304998	62	126	14	78	142	30	94	158	46	110	174	2015	2059	2143	1993	1997	1948	2018	2108	1971	2018	2039	2020
304998	62	126	14	78	142	30	94	158	46	110	174	1995	2093	2152	1955	1973	1946	1996	2143	1957	2018	2048	2022
304998	62	126	14	78	142	30	94	158	46	110	174	2000	2079	2147	1964	1993	1954	2002	2123	1970	2020	2036	2015
304998	62	126	14	78	142	30	94	158	46	110	174	2021	2019	2137	2015	2006	1989	2017	2059	2008	2017	2013	2011
304998	62	126	14	78	142	30	94	158	46	110	174	2057	1972	2114	2065	2023	2014	2052	2016	2023	2020	1998	2011
304998	62	126	14	78	142	30	94	158	46	110	174	2060	1975	2131	2064	2031	2007	2052	2019	2014	2022	2004	2017
304998	62	126	14	78	142	30	94	158	46	110	174	2034	2027	2140	2020	2007	1967	2022	2078	1982	2020	2018	2019
304998	62	126	14	78	142	30	94	158	46	110	174	2000	2085	2150	1971	1981	1942	2011	2128	1973	2020	2038	2019
304998	62	126	14	78	142	30	94	158	46	110	174	1976	2090	2160	1955	1975	1938	1985	2143	1967	2021	2047	2007
304998	62	126	14	78	142	30	94	158	46	110	174	2010	2053	2131	1985	1994	1967	2016	2101	1986	2021	2031	2013
304998	62	126	14	78	142	30	94	158	46	110	174	2041	1985	2134	2042	2018	2004	2035	2034	2007	2022	2008	2019
304998	62	126	14	78	142	30	94	158	46	110	174	2061	1961	2126	2069	2029	2014	2053	2011	2026	2020	1994	2017
304998	62	126	14	78	142	30	94	158	46	110	174	2044	1995	2133	2049	2015	1996	2059	2047	2008	2022	2004	2008
304998	62	126	14	78	142	30	94	158	46	110	174	2015	2059	2143	1998	1990	1951	2027	2109	1976	2016	2036	2014
304998	62	126	14	78	142	30	94	158	46	110	174	1997	2098	2143	1965	1951	1941	1992	2147	1958	2017	2050	2022
304998	62	126	14	78	142	30	94	158	46	110	174	1999	2078	2143	1965	1975	1950	1991	2123	1971	2020	2042	2021
304998	62	126	14	78	142	30	94	158	46	110	174	2019	2018	2140	2011	2000	1989	2015	2072	2004	2018	2014	2015
304998	62	126	14	78	142	30	94	158	46	110	174	2049	1965	2135	2059	2024	2013	2042	2016	2015	2019	1998	2009
304998	62	126	14	78	142	30	94	158	46	110	174	2049	1973	2144	2069	2021	2002	2049	2016	2013	2020	2000	2011
304998	62	126	14	78	142	30	94	158	46	110	174	2031	2023	2128	2033	2008	1971	2028	2066	1988	2018	2019	2020
304998	62	126	14	78	142	30	94	158	46	110	174	2006	2076	2136	1978	1973	1946	2004	2122	1970	2016	2040	2017
304998	62	126	14	78	142	30	94	158	46	110	174	1985	2089	2156	1948	1981	1939	1985	2147	1967	2017	2045	2012
304998	62	126	14	78	142	30	94	158	46	110	174	2004	2059	2142	1976	1991	1958	2008	2114	1977	2019	2037	2016
304998	62	126	14	78	142	30	94	158	46	110	174	2027	1994	2143	2043	2009	1995	2025	2041	2006	2021	2012	2018
304998	62	126	14	78	142	30	94	158	46	110	174	2055	1970	2120	2073	2038	2013	2052	2007	2020	2019	1995	2014
304998	62	126	14	78	142	30	94	158	46	110	174	2042	1982	2131	2062	2010	2006	2039	2030	2010	2016	2000	2009
304998	62	126	14	78	142	30	94	158	46	110	174	2023	2046	2137	2003	1997	1963	2018	2099	1977	2017	2030	2011
304998	62	126	14	78	142	30	94	158	46	110	174	1992	2088	2150	1964	1967	1938	1991	2144	1965	2017	2051	2017
304998	62	126	14	78	142	30	94	158	46	110	174	1982	2086	2147	1966	1983	1938	1987	2127	1970	2018	2047	2029
304998	62	126	14	78	142	30	94	158	46	110	174	2018	2029	2132	2005	1994	1984	2011	2073	1997	2019	2019	2020
304998	62	126	14	78	142	30	94	158	46	110	174	2042	1972	2126	2063	2010	2018	2039	2023	2016	2020	1998	2003
304998	62	126	14	78	142	30	94	158	46	110	174	2061	1966	2126	2067	2029	2007	2062	2018	2013	2020	2001	2006
304998	62	126	14	78	142	30	94	158	46	110	174	2035	2008	2142	2038	2011	1983	2040	2056	1993	2021	2020	2015
304998	62	126	14	78	142	30	94	158	46	110	174	2007	2073	2144	1982	1987	1944	2003	2119	1972	2021	2037	2020
304998	62	126	14	78	142	30	94	158	46	110	174	1986	2095	2147	1946	1974	1940	1981	2148	1970	2019	2045	2021
304998	62	126	14	78	142	30	94	158	46	110	174	2008	2067	2127	1978	1973	1969	2006	2119	1980	2022	2035	2011
304998	62	126	14	78	142	30	94	158	46	110	174	2026	1995	2138	2024	2014	1994	2028	2050	1999	2016	2017	2008
304998	62	126	14	78	142	30	94	158	46	110	174	2048	1963	2131	2069	2027	2020	2048	2002	2015	2019	2000	2013
304998	62	126	14	78	142	30	94	158	46	110	174	2050	1986	2134	2068	2020	1997	2043	2031	2012	2020	2000	2014
304998	62	126	14	78	142	30	94	158	46	110	174	2028	2042	2129	2013	2001	1967	2028	2087	1987	2017	2019	2014
304998	62	126	14	78	142	30	94	158	46	110	174	2000	2089	2129	1968	1961	1953	2001	2140	1967	2021	2049	2018
304998	62	126	14	78	142	30	94	158	46	110	174	1984	2082	2141	1954	1975	1940	1986	2137	1965	2018	2048	2025
304998	62	126	14	78	142	30	94	158	46	110	174	2013	2035	2139	1997	1998	1977	2011	2084	2000	2022	2025	2019
304998	62	126	14	78	142	30	94	158	46	110	174	2035	1979	2152	2050	2030	2004	2037	2025	2019	2020	1999	2013
304998	62	126	14	78	142	30	94	158	46	110	174	2057	1971	2124	2072	2034	2013	2073	2009	2011	2019	1999	1999
304998	62	126	14	78	142	30	94	158	46	110	174	2043	2004	2127	2043	2009	1984	2045	2052	1996	2018	2017	2014
304998	62	126	14	78	142	30	94	158	46	110	174	1999	2058	2135	1984	1985	1950	1996	2111	1974	2021	2039	2027
304998	62	126	14	78	142	30	94	158	46	110	174	1989	2089	2152	1951	1975	1938	1983	2145	1973	2016	2047	2025
304998	62	126	14	78	142	30	94	158	46	110	174	1994	2071	2143	1970	1978	1962	1995	2118	1976	2022	2037	2018
304998	62	126	14	78	142	30	94	158	46	110	174	2029	2018	2130	2019	2013	1994	2022	2058	1994	2020	2020	2005
304998	62	126	14	78	142	30	94	158	46	110	174	2046	1964	2125	2071	2030	2011	2045	2003	2016	2020	2003	2010
304998	62	126	14	78	142	30	94	158	46	110	174	2048	1969	2138	2072	2032	1992	2049	2018	2018	2020	2004	2017
304998	62	126	14	78	142	30	94	158	46	110	174	2027	2026	2142	2018	2004	1971	2020	2081	1986	2019	2019	2018
304998	62	126	14	78	142	30	94	158	46	110	174	1996	2083	2144	1967	1974	1945	1995	2136	1966	2020	2040	2013
304998	62	126	14	78	142	30	94	158	46	110	174	1987	2087	2138	1949	1972	1947	1984	2144	1969	2017	2047	2027
304998	62	126	14	78	142	30	94	158	46	110	174	2014	2045	2131	1991	1991	1972	2022	2088	1996	2020	2028	2019
304998	62	126	14	78	142	30	94	158	46	110	174	2039	1983	2133	2045	2029	1998	2033	2033	2007	2022	2003	2009
304998	62	126	14	78	142	30	94	158	46	110	174	2056	1964	2141	2073	2034	2010	2058	2010	2010	2020	1994	2005
304998	62	126	14	78	142	30	94	158	46	110	174	2035	1999	2146	2051	2019	1988	2038	2038	1994	2017	2015	2005
304998	62	126	14	78	142	30	94	158	46	110	174	2007	2060	2131	1988	1989	1958	2006	2100	1979	2021	2040	2020
304998	62	126	14	78	142	30	94	158	46	110	174	1995	2087	2140	1954	1961	1939	1982	2145	1976	2018	2046	2030
304998	62	126	14	78	142	30	94	158	46	110	174	1999	2074	2139	1960	1985	1953	1995	2129	1982	2021	2041	2021
304998	62	126	14	78	142	30	94	158	46	110	174	2021	2017	2143	2018	1994	1997	2017	2063	2000	2022	2016	2006
304998	62	126	14	78	142	30	94	158	46	110	174	2040	1973	2142	2064	2028	2008	2041	2008	2011	2021	2009	2003
304998	62	126	14	78	142	30	94	158	46	110	174	2052	1980	2130	2070	2033	2001	2060	2016	2019	2017	2005	2006
304998	62	126	14	78	142	30	94	158	46	110	174	2026	2016	2138	2038	1995	1979	2022	2071	1993	2021	2019	2016
304998	62	126	14	78	142	30	94	158	46	110	174	2002	2077	2135	1965	1982	1946	2006	2142	1965	2018	2043	2021
304998	62	126	14	78	142	30	94	158	46	110	174	1988	2086	2149	1952	1957	1950	1982	2145	1967	2021	2045	2018
304998	62	126	14	78	142	30	94	158	46	110	174	2005	2053	2138	1978	1987	1970	2010	2101	1986	2021	2041	2023
304998	62	126	14	78	142	30	94	158	46	110	174	2038	1996	2132	2040	2018	1993	2034	2036	2007	2019	2014	2014
304998	62	126	14	78	142	30	94	158	46	110	174	2052	1969	2130	2079	2034	2002	2046	2006	2012	2019	1995	2005
304998	62	126	14	78	142	30	94	158	46	110	174	2045	1991	2137	2058	2023	1994	2038	2031	1998	2021	2007	2004
304998	62	126	14	78	142	30	94	158	46	110	174	2016	2049	2142	2002	1989	1962	2015	2099	1981	2020	2035	2019
304998	62	126	14	78	142	30	94	158	46	110	174	1994	2096	2133	1952	1969	1942	1993	2146	1975	2020	2048	2031
304998	62	126	14	78	142	30	94	158	46	110	174	1996	2081	2128	1955	1975	1955	1996	2142	1986	2021	2042	2027
