304998	62	126	14	78	142	30	94	158	46	110	174	2008	2067	2127	1978	1973	1969	2006	2119	1980	2022	2035	2011
304998	62	126	14	78	142	30	94	158	46	110	174	2026	1995	2138	2024	2014	1994	2028	2050	1999	2016	2017	2008
304998	62	126	14	78	142	30	94	158	46	110	174	2048	1963	2131	2069	2027	2020	2048	2002	2015	2019	2000	2013
304998	62	126	14	78	142	30	94	158	46	110	174	2050	1986	2134	2068	2020	1997	2043	2031	2012	2020	2000	2014
304998	62	126	14	78	142	30	94	158	46	110	174	2028	2042	2129	2013	2001	1967	2028	2087	1987	2017	2019	2014
304998	62	126	14	78	142	30	94	158	46	110	174	2000	2089	2129	1968	1961	1953	2001	2140	1967	2021	2049	2018
304998	62	126	14	78	142	30	94	158	46	110	174	1984	2082	2141	1954	1975	1940	1986	2137	1965	2018	2048	2025
304998	62	126	14	78	142	30	94	158	46	110	174	2013	2035	2139	1997	1998	1977	2011	2084	2000	2022	2025	2019
304998	62	126	14	78	142	30	94	158	46	110	174	2035	1979	2152	2050	2030	2004	2037	2025	2019	2020	1999	2013
304998	62	126	14	78	142	30	94	158	46	110	174	2057	1971	2124	2072	2034	2013	2073	2009	2011	2019	1999	1999
304998	62	126	14	78	142	30	94	158	46	110	174	2043	2004	2127	2043	2009	1984	2045	2052	1996	2018	2017	2014
304998	62	126	14	78	142	30	94	158	46	110	174	1999	2058	2135	1984	1985	1950	1996	2111	1974	2021	2039	2027
304998	62	126	14	78	142	30	94	158	46	110	174	1989	2089	2152	1951	1975	1938	1983	2145	1973	2016	2047	2025
304998	62	126	14	78	142	30	94	158	46	110	174	1994	2071	2143	1970	1978	1962	1995	2118	1976	2022	2037	2018
304998	62	126	14	78	142	30	94	158	46	110	174	2029	2018	2130	2019	2013	1994	2022	2058	1994	2020	2020	2005
304998	62	126	14	78	142	30	94	158	46	110	174	2046	1964	2125	2071	2030	2011	2045	2003	2016	2020	2003	2010
304998	62	126	14	78	142	30	94	158	46	110	174	2048	1969	2138	2072	2032	1992	2049	2018	2018	2020	2004	2017
304998	62	126	14	78	142	30	94	158	46	110	174	2027	2026	2142	2018	2004	1971	2020	2081	1986	2019	2019	2018
304998	62	126	14	78	142	30	94	158	46	110	174	1996	2083	2144	1967	1974	1945	1995	2136	1966	2020	2040	2013
304998	62	126	14	78	142	30	94	158	46	110	174	1987	2087	2138	1949	1972	1947	1984	2144	1969	2017	2047	2027
304998	62	126	14	78	142	30	94	158	46	110	174	2014	2045	2131	1991	1991	1972	2022	2088	1996	2020	2028	2019
304998	62	126	14	78	142	30	94	158	46	110	174	2039	1983	2133	2045	2029	1998	2033	2033	2007	2022	2003	2009
304998	62	126	14	78	142	30	94	158	46	110	174	2056	1964	2141	2073	2034	2010	2058	2010	2010	2020	1994	2005
304998	62	126	14	78	142	30	94	158	46	110	174	2035	1999	2146	2051	2019	1988	2038	2038	1994	2017	2015	2005
304998	62	126	14	78	142	30	94	158	46	110	174	2007	2060	2131	1988	1989	1958	2006	2100	1979	2021	2040	2020
304998	62	126	14	78	142	30	94	158	46	110	174	1995	2087	2140	1954	1961	1939	1982	2145	1976	2018	2046	2030
304998	62	126	14	78	142	30	94	158	46	110	174	1999	2074	2139	1960	1985	1953	1995	2129	1982	2021	2041	2021
304998	62	126	14	78	142	30	94	158	46	110	174	2021	2017	2143	2018	1994	1997	2017	2063	2000	2022	2016	2006
304998	62	126	14	78	142	30	94	158	46	110	174	2040	1973	2142	2064	2028	2008	2041	2008	2011	2021	2009	2003
304998	62	126	14	78	142	30	94	158	46	110	174	2052	1980	2130	2070	2033	2001	2060	2016	2019	2017	2005	2006
304998	62	126	14	78	142	30	94	158	46	110	174	2026	2016	2138	2038	1995	1979	2022	2071	1993	2021	2019	2016
304998	62	126	14	78	142	30	94	158	46	110	174	2002	2077	2135	1965	1982	1946	2006	2142	1965	2018	2043	2021
304998	62	126	14	78	142	30	94	158	46	110	174	1988	2086	2149	1952	1957	1950	1982	2145	1967	2021	2045	2018
304998	62	126	14	78	142	30	94	158	46	110	174	2005	2053	2138	1978	1987	1970	2010	2101	1986	2021	2041	2023
304998	62	126	14	78	142	30	94	158	46	110	174	2038	1996	2132	2040	2018	1993	2034	2036	2007	2019	2014	2014
304998	62	126	14	78	142	30	94	158	46	110	174	2052	1969	2130	2079	2034	2002	2046	2006	2012	2019	1995	2005
304998	62	126	14	78	142	30	94	158	46	110	174	2045	1991	2137	2058	2023	1994	2038	2031	1998	2021	2007	2004
304998	62	126	14	78	142	30	94	158	46	110	174	2016	2049	2142	2002	1989	1962	2015	2099	1981	2020	2035	2019
304998	62	126	14	78	142	30	94	158	46	110	174	1994	2096	2133	1952	1969	1942	1993	2146	1975	2020	2048	2031
304998	62	126	14	78	142	30	94	158	46	110	174	1996	2081	2128	1955	1975	1955	1996	2142	1986	2021	2042	2027
304998	62	126	14	78	142	30	94	158	46	110	174	2020	2022	2129	2009	2008	1979	2024	2075	1994	2016	2020	2009
304998	62	126	14	78	142	30	94	158	46	110	174	2046	1970	2139	2064	2029	2004	2043	2014	2004	2021	2001	1997
304998	62	126	14	78	142	30	94	158	46	110	174	2050	1970	2141	2074	2032	2003	2048	2004	2012	2018	2009	2003
304998	62	126	14	78	142	30	94	158	46	110	174	2029	2021	2140	2034	2008	1972	2038	2061	1996	2017	2019	2021
304998	62	126	14	78	142	30	94	158	46	110	174	2004	2073	2126	1979	1978	1951	1999	2128	1970	2018	2040	2033
304998	62	126	14	78	142	30	94	158	46	110	174	1990	2087	2132	1946	1972	1939	1984	2149	1971	2020	2043	2020
304998	62	126	14	78	142	30	94	158	46	110	174	2001	2057	2143	1971	1989	1965	1998	2109	1982	2018	2034	2015
304998	62	126	14	78	142	30	94	158	46	110	174	2031	2000	2140	2034	2012	1996	2029	2041	2005	2022	2016	2011
304998	62	126	14	78	142	30	94	158	46	110	174	2048	1973	2139	2078	2031	2001	2052	2009	2009	2020	1995	2001
304998	62	126	14	78	142	30	94	158	46	110	174	2049	1989	2127	2066	2019	1991	2052	2028	2002	2017	2006	2005
304998	62	126	14	78	142	30	94	158	46	110	174	2019	2040	2132	2010	1990	1964	2023	2092	1981	2019	2029	2015
304998	62	126	14	78	142	30	94	158	46	110	174	2000	2084	2135	1955	1975	1942	1991	2138	1979	2020	2050	2028
304998	62	126	14	78	142	30	94	158	46	110	174	1995	2086	2140	1957	1975	1952	1982	2139	1985	2021	2046	2033
304998	62	126	14	78	142	30	94	158	46	110	174	2016	2038	2139	1999	2001	1977	2018	2083	1995	2018	2022	2018
304998	62	126	14	78	142	30	94	158	46	110	174	2043	1982	2130	2062	2019	2002	2042	2019	2001	2019	1999	1997
304998	62	126	14	78	142	30	94	158	46	110	174	2051	1966	2140	2077	2036	2003	2050	2006	2003	2020	2005	1993
304998	62	126	14	78	142	30	94	158	46	110	174	2036	2004	2136	2040	2016	1980	2033	2053	2002	2022	2019	2013
304998	62	126	14	78	142	30	94	158	46	110	174	2007	2070	2134	1980	1984	1954	2008	2127	1983	2016	2036	2034
304998	62	126	14	78	142	30	94	158	46	110	174	1993	2093	2137	1944	1969	1943	1989	2153	1975	2021	2042	2032
304998	62	126	14	78	142	30	94	158	46	110	174	2007	2065	2125	1969	1985	1963	2010	2122	1981	2021	2033	2017
304998	62	126	14	78	142	30	94	158	46	110	174	2032	2007	2133	2032	2006	1988	2038	2046	2004	2020	2020	2008
304998	62	126	14	78	142	30	94	158	46	110	174	2043	1966	2143	2073	2037	2008	2046	2010	2006	2017	2004	2004
304998	62	126	14	78	142	30	94	158	46	110	174	2048	1983	2143	2069	2014	1999	2049	2024	2001	2020	2003	2006
304998	62	126	14	78	142	30	94	158	46	110	174	2018	2039	2139	2015	1997	1966	2018	2080	1990	2022	2020	2015
304998	62	126	14	78	142	30	94	158	46	110	174	2001	2090	2127	1955	1978	1948	2013	2139	1981	2018	2043	2023
304998	62	126	14	78	142	30	94	158	46	110	174	1994	2082	2133	1949	1971	1956	1985	2144	1982	2021	2050	2031
304998	62	126	14	78	142	30	94	158	46	110	174	2009	2042	2134	1990	2001	1976	2004	2092	1986	2018	2028	2022
304998	62	126	14	78	142	30	94	158	46	110	174	2037	1982	2151	2050	2016	1997	2034	2027	2002	2022	2002	2003
304998	62	126	14	78	142	30	94	158	46	110	174	2051	1975	2144	2078	2032	1997	2049	1998	2003	2018	1996	1997
304998	62	126	14	78	142	30	94	158	46	110	174	2044	2011	2130	2048	2018	1982	2047	2047	1996	2022	2017	2007
304998	62	126	14	78	142	30	94	158	46	110	174	2011	2062	2129	1987	1988	1960	2003	2115	1985	2018	2037	2030
304998	62	126	14	78	142	30	94	158	46	110	174	1998	2090	2130	1941	1975	1950	1996	2155	1978	2018	2042	2036
304998	62	126	14	78	142	30	94	158	46	110	174	1994	2064	2146	1963	1969	1967	1991	2122	1985	2022	2032	2020
304998	62	126	14	78	142	30	94	158	46	110	174	2024	2017	2139	2018	2013	1986	2025	2055	1996	2019	2014	2005
304998	62	126	14	78	142	30	94	158	46	110	174	2049	1977	2135	2069	2031	2003	2049	2015	2005	2016	2008	1998
304998	62	126	14	78	142	30	94	158	46	110	174	2048	1977	2130	2077	2028	1998	2045	2018	1996	2017	2001	2009
304998	62	126	14	78	142	30	94	158	46	110	174	2031	2027	2136	2020	2003	1971	2037	2076	1984	2020	2019	2018
304998	62	126	14	78	142	30	94	158	46	110	174	2003	2078	2135	1965	1964	1954	1996	2134	1978	2021	2034	2023
304998	62	126	14	78	142	30	94	158	46	110	174	1994	2092	2135	1942	1973	1952	1982	2150	1987	2021	2047	2028
304998	62	126	14	78	142	30	94	158	46	110	174	2011	2052	2127	1986	1994	1971	2005	2101	1989	2022	2031	2021
304998	62	126	14	78	142	30	94	158	46	110	174	2039	1992	2135	2049	2020	2001	2050	2034	1996	2018	2008	2011
304998	62	126	14	78	142	30	94	158	46	110	174	2055	1970	2142	2081	2035	1999	2063	2005	1998	2017	1999	1999
304998	62	126	14	78	142	30	94	158	46	110	174	2040	1999	2144	2059	2009	1984	2043	2036	2000	2022	2006	1996
304998	62	126	14	78	142	30	94	158	46	110	174	2010	2053	2140	1994	1995	1958	2013	2106	1986	2016	2036	2020
304998	62	126	14	78	142	30	94	158	46	110	174	1992	2093	2123	1946	1973	1955	2004	2147	1980	2022	2045	2036
304998	62	126	14	78	142	30	94	158	46	110	174	1998	2071	2134	1955	1978	1965	1994	2133	1980	2023	2035	2031
304998	62	126	14	78	142	30	94	158	46	110	174	2028	2022	2137	2012	2008	1982	2021	2061	1997	2023	2019	2009
304998	62	126	14	78	142	30	94	158	46	110	174	2048	1969	2152	2075	2019	2007	2041	2010	2002	2021	2005	1988
304998	62	126	14	78	142	30	94	158	46	110	174	2047	1981	2144	2079	2031	1994	2048	2011	2000	2019	2010	2001
304998	62	126	14	78	142	30	94	158	46	110	174	2032	2028	2139	2031	2010	1976	2035	2066	1986	2020	2020	2018
304998	62	126	14	78	142	30	94	158	46	110	174	2008	2074	2126	1966	1983	1956	2003	2125	1985	2018	2032	2029
304998	62	126	14	78	142	30	94	158	46	110	174	1996	2087	2125	1942	1967	1958	1987	2150	1989	2022	2036	2030
304998	62	126	14	78	142	30	94	158	46	110	174	2007	2049	2142	1976	1996	1962	2008	2110	1989	2021	2033	2011
304998	62	126	14	78	142	30	94	158	46	110	174	2038	2000	2153	2042	2016	1989	2047	2036	1994	2020	2013	2006
304998	62	126	14	78	142	30	94	158	46	110	174	2052	1972	2142	2078	2040	1995	2054	2003	1996	2019	2000	2000
304998	62	126	14	78	142	30	94	158	46	110	174	2046	1994	2128	2066	2013	1995	2048	2030	1998	2021	2007	2004
304998	62	126	14	78	142	30	94	158	46	110	174	2016	2038	2133	2001	1995	1964	2018	2100	1992	2020	2030	2019
304998	62	126	14	78	142	30	94	158	46	110	174	1995	2080	2130	1948	1977	1949	1996	2144	1979	2022	2044	2027
304998	62	126	14	78	142	30	94	158	46	110	174	1998	2074	2138	1951	1978	1958	1994	2134	1981	2020	2044	2030
304998	62	126	14	78	142	30	94	158	46	110	174	2018	2034	2132	2001	2005	1980	2021	2078	1995	2021	2022	2015
304998	62	126	14	78	142	30	94	158	46	110	174	2043	1982	2139	2067	2018	2005	2041	2016	2002	2018	1998	1994
304998	62	126	14	78	142	30	94	158	46	110	174	2049	1970	2145	2081	2032	1992	2049	2005	1996	2019	2004	1997
304998	62	126	14	78	142	30	94	158	46	110	174	2038	2019	2138	2037	2012	1976	2037	2056	1989	2018	2020	2013
304998	62	126	14	78	142	30	94	158	46	110	174	2008	2069	2133	1977	1983	1958	2002	2122	1985	2018	2034	2035
304998	62	126	14	78	142	30	94	158	46	110	174	1996	2092	2126	1938	1979	1953	1994	2151	1993	2019	2040	2034
304998	62	126	14	78	142	30	94	158	46	110	174	2007	2065	2122	1968	1987	1969	2014	2119	1988	2019	2027	2016
304998	62	126	14	78	142	30	94	158	46	110	174	2035	2004	2137	2045	2003	1983	2033	2048	1991	2017	2015	2001
304998	62	126	14	78	142	30	94	158	46	110	174	2052	1969	2145	2078	2042	1996	2052	2009	1994	2018	2004	2000
304998	62	126	14	78	142	30	94	158	46	110	174	2049	1984	2146	2072	2012	2000	2053	2020	1998	2017	2006	2010
304998	62	126	14	78	142	30	94	158	46	110	174	2015	2041	2142	2010	2001	1967	2017	2089	1995	2021	2020	2015
304998	62	126	14	78	142	30	94	158	46	110	174	2006	2090	2120	1955	1979	1953	2000	2148	1981	2021	2036	2028
304998	62	126	14	78	142	30	94	158	46	110	174	1999	2074	2132	1950	1971	1954	1989	2140	1985	2017	2045	2028
304998	62	126	14	78	142	30	94	158	46	110	174	2023	2033	2134	1995	2007	1971	2012	2082	1995	2020	2020	2022
304998	62	126	14	78	142	30	94	158	46	110	174	2038	1981	2158	2062	2022	1995	2033	2020	1997	2017	2003	1996
304998	62	126	14	78	142	30	94	158	46	110	174	2049	1974	2150	2084	2034	1998	2046	2006	1994	2022	1997	1993
304998	62	126	14	78	142	30	94	158	46	110	174	2039	2012	2139	2044	2017	1976	2042	2052	1989	2018	2015	2005
304998	62	126	14	78	142	30	94	158	46	110	174	2009	2062	2122	1985	1984	1957	2004	2114	1985	2016	2038	2029
304998	62	126	14	78	142	30	94	158	46	110	174	2002	2084	2121	1940	1978	1958	2004	2149	1996	2019	2041	2040
304998	62	126	14	78	142	30	94	158	46	110	174	2003	2057	2139	1965	1986	1969	1995	2120	1988	2016	2027	2027
304998	62	126	14	78	142	30	94	158	46	110	174	2026	2014	2147	2024	2009	1986	2027	2058	1984	2016	2012	1998
304998	62	126	14	78	142	30	94	158	46	110	174	2049	1980	2147	2078	2032	1993	2048	2006	1994	2019	2005	1995
304998	62	126	14	78	142	30	94	158	46	110	174	2049	1981	2138	2076	2026	1988	2047	2016	2003	2018	2008	2007
304998	62	126	14	78	142	30	94	158	46	110	174	2024	2030	2136	2020	2008	1972	2020	2081	1992	2016	2021	2021
304998	62	126	14	78	142	30	94	158	46	110	174	2003	2080	2129	1960	1973	1962	2000	2136	1986	2022	2034	2031
304998	62	126	14	78	142	30	94	158	46	110	174	1997	2082	2130	1940	1968	1958	1994	2147	1985	2017	2036	2020
304998	62	126	14	78	142	30	94	158	46	110	174	2011	2043	2136	1988	1998	1974	2008	2091	1996	2021	2028	2016
304998	62	126	14	78	142	30	94	158	46	110	174	2041	1990	2137	2054	2017	1990	2039	2031	1997	2020	2009	2003
304998	62	126	14	78	142	30	94	158	46	110	174	2048	1968	2147	2082	2040	1994	2050	2008	1996	2021	1996	2005
304998	62	126	14	78	142	30	94	158	46	110	174	2039	2004	2147	2055	2020	1986	2043	2047	1986	2021	2011	2006
304998	62	126	14	78	142	30	94	158	46	110	174	2017	2060	2138	1991	1989	1963	2020	2105	1988	2020	2030	2020
304998	62	126	14	78	142	30	94	158	46	110	174	2001	2089	2120	1940	1975	1953	1997	2148	1996	2019	2046	2037
304998	62	126	14	78	142	30	94	158	46	110	174	2008	2068	2125	1955	1989	1963	2000	2135	1987	2018	2034	2029
304998	62	126	14	78	142	30	94	158	46	110	174	2022	2010	2147	2016	2011	1981	2023	2067	1991	2020	2015	2013
304998	62	126	14	78	142	30	94	158	46	110	174	2044	1972	2154	2072	2035	1993	2048	2009	1989	2018	1999	1990
304998	62	126	14	78	142	30	94	158	46	110	174	2046	1982	2159	2082	2020	1990	2070	2010	1999	2018	2008	1999
304998	62	126	14	78	142	30	94	158	46	110	174	2031	2031	2130	2027	2012	1970	2029	2078	1995	2022	2021	2018
304998	62	126	14	78	142	30	94	158	46	110	174	2010	2077	2119	1966	1972	1966	2004	2140	1987	2019	2035	2037
304998	62	126	14	78	142	30	94	158	46	110	174	1992	2076	2130	1940	1980	1958	1987	2141	1984	2020	2036	2033
304998	62	126	14	78	142	30	94	158	46	110	174	2014	2044	2131	1978	1997	1976	2017	2098	1998	2018	2024	2014
304998	62	126	14	78	142	30	94	158	46	110	174	2037	1990	2164	2045	2020	1983	2027	2035	2000	2021	2018	1992
304998	62	126	14	78	142	30	94	158	46	110	174	2039	1973	2161	2082	2043	1985	2045	2006	1991	2019	2004	2002
304998	62	126	14	78	142	30	94	158	46	110	174	2043	1997	2133	2064	2017	1986	2036	2036	1989	2020	2011	2009
304998	62	126	14	78	142	30	94	158	46	110	174	2012	2038	2124	1993	1993	1965	2010	2094	1991	2020	2023	2024
304998	62	126	14	78	142	30	94	158	46	110	174	2002	2079	2132	1942	1971	1961	2015	2149	1997	2020	2040	2029
304998	62	126	14	78	142	30	94	158	46	110	174	2000	2071	2135	1951	1984	1962	1999	2130	1993	2020	2036	2031
304998	62	126	14	78	142	30	94	158	46	110	174	2026	2033	2137	2008	2013	1978	2024	2073	1981	2020	2021	2016
304998	62	126	14	78	142	30	94	158	46	110	174	2043	1981	2146	2072	2028	1993	2042	2011	1988	2015	2002	1993
304998	62	126	14	78	142	30	94	158	46	110	174	2046	1976	2142	2080	2030	1989	2048	2012	1996	2022	2001	1996
304998	62	126	14	78	142	30	94	158	46	110	174	2033	2017	2143	2037	2004	1972	2039	2065	1992	2017	2019	2004
304998	62	126	14	78	142	30	94	158	46	110	174	2006	2069	2128	1968	1975	1968	2002	2128	1988	2021	2041	2034
304998	62	126	14	78	142	30	94	158	46	110	174	1996	2094	2121	1940	1984	1960	1993	2149	1990	2018	2038	2040
304998	62	126	14	78	142	30	94	158	46	110	174	2004	2053	2125	1970	1990	1974	2008	2104	1995	2021	2028	2019
304998	62	126	14	78	142	30	94	158	46	110	174	2035	1999	2136	2040	2023	1981	2032	2046	1994	2020	2011	1997
304998	62	126	14	78	142	30	94	158	46	110	174	2051	1972	2152	2083	2034	1984	2053	2012	1987	2016	2008	1993
304998	62	126	14	78	142	30	94	158	46	110	174	2044	1996	2148	2065	2022	1982	2046	2033	1987	2017	2014	2010
304998	62	126	14	78	142	30	94	158	46	110	174	2020	2047	2133	2005	2002	1967	2019	2092	1993	2021	2023	2026
304998	62	126	14	78	142	30	94	158	46	110	174	2005	2084	2117	1945	1980	1964	1998	2142	1998	2016	2034	2034
304998	62	126	14	78	142	30	94	158	46	110	174	2003	2075	2116	1946	1983	1965	1988	2142	1998	2018	2035	2021
304998	62	126	14	78	142	30	94	158	46	110	174	2023	2028	2139	1998	2005	1973	2015	2083	1989	2020	2026	2010
304998	62	126	14	78	142	30	94	158	46	110	174	2041	1988	2151	2066	2021	1985	2044	2023	1981	2020	2006	2003
