304998	62	126	14	78	142	30	94	158	46	110	174	2022	2025	2141	2025	2007	1970	2029	2074	1991	2021	2025	2015
304998	62	126	14	78	142	30	94	158	46	110	174	2009	2041	2145	2004	1989	1972	2013	2082	1990	2017	2040	2011
304998	62	126	14	78	142	30	94	158	46	110	174	2004	2039	2139	1999	1981	1981	1994	2085	1991	2017	2043	2006
304998	62	126	14	78	142	30	94	158	46	110	174	2010	2030	2137	2004	1994	1974	2005	2082	1996	2018	2027	2011
304998	62	126	14	78	142	30	94	158	46	110	174	2028	2016	2134	2018	2011	1974	2023	2071	1995	2017	2017	2015
304998	62	126	14	78	142	30	94	158	46	110	174	2038	2015	2133	2033	2024	1974	2043	2060	1991	2018	2015	2021
304998	62	126	14	78	142	30	94	158	46	110	174	2033	2023	2127	2032	2016	1979	2049	2063	1986	2018	2015	2024
304998	62	126	14	78	142	30	94	158	46	110	174	2019	2031	2137	2016	1989	1976	2021	2080	1995	2020	2024	2015
304998	62	126	14	78	142	30	94	158	46	110	174	2008	2034	2141	2001	1986	1968	1996	2096	1986	2018	2041	1999
304998	62	126	14	78	142	30	94	158	46	110	174	2004	2032	2154	1998	1986	1973	2000	2091	1994	2021	2041	2003
304998	62	126	14	78	142	30	94	158	46	110	174	2020	2027	2142	2014	2001	1972	2016	2071	1989	2022	2027	2018
304998	62	126	14	78	142	30	94	158	46	110	174	2038	2020	2124	2030	2015	1979	2042	2060	1996	2017	2008	2026
304998	62	126	14	78	142	30	94	158	46	110	174	2040	2009	2126	2037	2013	1977	2034	2053	1992	2020	2005	2018
304998	62	126	14	78	142	30	94	158	46	110	174	2026	2020	2134	2026	2010	1967	2021	2067	1989	2017	2019	2011
304998	62	126	14	78	142	30	94	158	46	110	174	2011	2031	2151	2009	1990	1970	2006	2084	1982	2017	2042	2009
304998	62	126	14	78	142	30	94	158	46	110	174	2005	2046	2146	1996	1984	1974	2004	2089	1996	2021	2040	2011
304998	62	126	14	78	142	30	94	158	46	110	174	2013	2039	2130	2005	1990	1975	2013	2085	1996	2017	2029	2006
304998	62	126	14	78	142	30	94	158	46	110	174	2024	2018	2128	2024	2006	1972	2024	2073	1984	2019	2016	2005
304998	62	126	14	78	142	30	94	158	46	110	174	2038	2008	2134	2033	2020	1975	2035	2057	1987	2022	2011	2021
304998	62	126	14	78	142	30	94	158	46	110	174	2028	2015	2144	2031	2013	1978	2035	2057	1994	2020	2017	2025
304998	62	126	14	78	142	30	94	158	46	110	174	2023	2038	2134	2016	2003	1973	2022	2076	1997	2019	2023	2015
304998	62	126	14	78	142	30	94	158	46	110	174	2013	2042	2137	2002	1980	1974	2012	2093	1991	2022	2035	2000
304998	62	126	14	78	142	30	94	158	46	110	174	2008	2034	2140	1998	1987	1969	1999	2092	1983	2020	2042	2005
304998	62	126	14	78	142	30	94	158	46	110	174	2017	2025	2140	2013	1997	1975	2013	2077	1986	2017	2029	2016
304998	62	126	14	78	142	30	94	158	46	110	174	2031	2021	2133	2031	2014	1978	2031	2060	1998	2020	2011	2023
304998	62	126	14	78	142	30	94	158	46	110	174	2039	2020	2125	2034	2023	1976	2046	2055	1992	2018	2004	2020
304998	62	126	14	78	142	30	94	158	46	110	174	2032	2019	2129	2028	2006	1974	2025	2065	1989	2019	2019	2009
304998	62	126	14	78	142	30	94	158	46	110	174	2019	2029	2142	2009	1996	1968	2012	2081	1988	2018	2037	2007
304998	62	126	14	78	142	30	94	158	46	110	174	2004	2036	2153	2007	1973	1978	1996	2086	1995	2020	2043	2009
304998	62	126	14	78	142	30	94	158	46	110	174	2007	2041	2144	2002	1991	1971	1998	2087	1995	2018	2031	2015
304998	62	126	14	78	142	30	94	158	46	110	174	2025	2031	2131	2015	2009	1977	2027	2068	1991	2016	2016	2008
304998	62	126	14	78	142	30	94	158	46	110	174	2040	2015	2124	2043	2020	1973	2037	2057	1989	2020	2013	2018
304998	62	126	14	78	142	30	94	158	46	110	174	2041	2013	2129	2034	2021	1969	2036	2059	1989	2017	2015	2023
304998	62	126	14	78	142	30	94	158	46	110	174	2022	2027	2146	2025	1988	1979	2016	2071	1994	2022	2023	2016
304998	62	126	14	78	142	30	94	158	46	110	174	2006	2043	2144	1999	1991	1971	2004	2088	1986	2018	2037	2004
304998	62	126	14	78	142	30	94	158	46	110	174	2009	2043	2140	1996	1980	1976	1997	2091	1984	2022	2043	2002
304998	62	126	14	78	142	30	94	158	46	110	174	2018	2031	2133	2011	2000	1972	2008	2077	1987	2022	2034	2013
304998	62	126	14	78	142	30	94	158	46	110	174	2035	2011	2134	2029	2013	1972	2034	2056	1994	2021	2015	2025
304998	62	126	14	78	142	30	94	158	46	110	174	2037	2015	2133	2038	2021	1974	2037	2058	1991	2021	2008	2026
304998	62	126	14	78	142	30	94	158	46	110	174	2036	2023	2132	2029	2010	1975	2033	2070	1988	2017	2013	2007
304998	62	126	14	78	142	30	94	158	46	110	174	2020	2033	2134	2015	1990	1974	2019	2080	1987	2019	2037	2007
304998	62	126	14	78	142	30	94	158	46	110	174	2011	2040	2138	2003	1987	1969	2006	2083	1992	2017	2047	2011
304998	62	126	14	78	142	30	94	158	46	110	174	2009	2033	2145	2006	1990	1971	1997	2084	1996	2022	2037	2011
304998	62	126	14	78	142	30	94	158	46	110	174	2019	2021	2142	2019	2003	1977	2013	2074	1993	2022	2019	2018
304998	62	126	14	78	142	30	94	158	46	110	174	2036	2017	2128	2033	2018	1971	2038	2058	1986	2018	2006	2013
304998	62	126	14	78	142	30	94	158	46	110	174	2041	2015	2126	2036	2018	1973	2036	2049	1987	2020	2014	2018
304998	62	126	14	78	142	30	94	158	46	110	174	2033	2023	2130	2023	2004	1974	2019	2065	1996	2016	2025	2021
304998	62	126	14	78	142	30	94	158	46	110	174	2012	2037	2144	2006	1990	1972	2003	2090	1994	2020	2034	2007
304998	62	126	14	78	142	30	94	158	46	110	174	2002	2038	2150	2001	1978	1976	1996	2087	1990	2020	2038	2000
304998	62	126	14	78	142	30	94	158	46	110	174	2009	2036	2143	2009	1984	1976	2006	2078	1987	2020	2032	2006
304998	62	126	14	78	142	30	94	158	46	110	174	2034	2020	2125	2027	2006	1977	2028	2057	1992	2016	2021	2020
304998	62	126	14	78	142	30	94	158	46	110	174	2041	2015	2122	2035	2028	1971	2046	2056	1996	2018	2008	2033
304998	62	126	14	78	142	30	94	158	46	110	174	2034	2016	2137	2030	2015	1974	2030	2064	1991	2017	2013	2015
304998	62	126	14	78	142	30	94	158	46	110	174	2018	2029	2145	2013	1994	1969	2014	2078	1985	2016	2029	2004
304998	62	126	14	78	142	30	94	158	46	110	174	2007	2043	2144	2002	1982	1972	1996	2084	1984	2018	2046	2000
304998	62	126	14	78	142	30	94	158	46	110	174	2007	2036	2132	2008	1979	1976	1994	2083	1997	2018	2043	2012
304998	62	126	14	78	142	30	94	158	46	110	174	2022	2021	2130	2012	2009	1974	2013	2072	1996	2021	2023	2022
304998	62	126	14	78	142	30	94	158	46	110	174	2036	2010	2128	2032	2018	1978	2030	2060	1991	2017	2011	2020
304998	62	126	14	78	142	30	94	158	46	110	174	2039	2016	2132	2042	2024	1972	2039	2057	1987	2019	2008	2013
304998	62	126	14	78	142	30	94	158	46	110	174	2025	2027	2136	2022	2006	1970	2026	2062	1990	2019	2022	2014
304998	62	126	14	78	142	30	94	158	46	110	174	2018	2039	2132	2013	1983	1979	2002	2084	1992	2020	2039	2013
304998	62	126	14	78	142	30	94	158	46	110	174	2006	2036	2141	1997	1987	1974	1995	2089	1992	2018	2036	2010
304998	62	126	14	78	142	30	94	158	46	110	174	2014	2027	2141	2009	1987	1985	2005	2083	1985	2020	2033	2006
304998	62	126	14	78	142	30	94	158	46	110	174	2024	2021	2134	2026	2013	1969	2033	2061	1988	2019	2018	2016
304998	62	126	14	78	142	30	94	158	46	110	174	2041	2018	2124	2038	2023	1970	2037	2048	1994	2018	2014	2020
304998	62	126	14	78	142	30	94	158	46	110	174	2040	2022	2123	2033	2011	1979	2027	2064	1993	2019	2011	2021
304998	62	126	14	78	142	30	94	158	46	110	174	2023	2026	2136	2016	2003	1974	2015	2075	1991	2019	2024	2011
304998	62	126	14	78	142	30	94	158	46	110	174	2007	2033	2147	2004	1983	1976	1995	2089	1987	2020	2036	2000
304998	62	126	14	78	142	30	94	158	46	110	174	2004	2036	2151	1998	1986	1966	1998	2081	1990	2019	2043	2002
304998	62	126	14	78	142	30	94	158	46	110	174	2019	2033	2139	2013	2003	1972	2010	2074	1996	2017	2030	2018
304998	62	126	14	78	142	30	94	158	46	110	174	2036	2017	2122	2031	2018	1979	2031	2062	1993	2017	2015	2028
304998	62	126	14	78	142	30	94	158	46	110	174	2038	2011	2123	2033	2022	1976	2038	2056	1989	2019	2007	2020
304998	62	126	14	78	142	30	94	158	46	110	174	2036	2019	2132	2027	2005	1975	2025	2065	1987	2018	2015	2009
304998	62	126	14	78	142	30	94	158	46	110	174	2015	2036	2148	2010	1991	1966	2006	2074	1996	2022	2040	2006
304998	62	126	14	78	142	30	94	158	46	110	174	2008	2043	2145	2001	1982	1976	1996	2092	1996	2021	2047	2008
304998	62	126	14	78	142	30	94	158	46	110	174	2011	2034	2129	2007	1993	1971	2003	2081	1992	2017	2035	2016
304998	62	126	14	78	142	30	94	158	46	110	174	2027	2020	2125	2019	2008	1977	2018	2065	1987	2021	2017	2017
304998	62	126	14	78	142	30	94	158	46	110	174	2042	2007	2125	2033	2023	1975	2038	2051	1984	2017	2007	2018
304998	62	126	14	78	142	30	94	158	46	110	174	2036	2017	2137	2033	2017	1969	2030	2052	1999	2018	2017	2014
304998	62	126	14	78	142	30	94	158	46	110	174	2026	2033	2140	2020	2001	1969	2016	2077	1996	2021	2029	2016
304998	62	126	14	78	142	30	94	158	46	110	174	2010	2040	2140	2004	1984	1973	2008	2084	1986	2017	2038	2013
304998	62	126	14	78	142	30	94	158	46	110	174	2009	2036	2139	1998	1984	1977	1994	2085	1982	2021	2038	2005
304998	62	126	14	78	142	30	94	158	46	110	174	2020	2023	2137	2009	1996	1967	2012	2071	1984	2017	2025	2007
304998	62	126	14	78	142	30	94	158	46	110	174	2032	2010	2132	2030	2015	1973	2020	2055	1996	2018	2021	2020
304998	62	126	14	78	142	30	94	158	46	110	174	2038	2013	2136	2039	2020	1974	2033	2056	1993	2020	2013	2022
304998	62	126	14	78	142	30	94	158	46	110	174	2033	2027	2137	2027	2011	1974	2026	2065	1987	2020	2018	2021
304998	62	126	14	78	142	30	94	158	46	110	174	2022	2034	2138	2015	1987	1978	2013	2081	1987	2020	2032	2011
304998	62	126	14	78	142	30	94	158	46	110	174	2006	2034	2136	2003	1984	1965	1998	2084	1988	2017	2040	1998
304998	62	126	14	78	142	30	94	158	46	110	174	2009	2028	2139	2005	1990	1967	2002	2080	1995	2016	2043	2005
304998	62	126	14	78	142	30	94	158	46	110	174	2023	2021	2143	2018	2003	1973	2012	2065	1993	2017	2030	2017
304998	62	126	14	78	142	30	94	158	46	110	174	2036	2016	2127	2032	2022	1978	2042	2054	1987	2017	2010	2026
304998	62	126	14	78	142	30	94	158	46	110	174	2041	2018	2124	2036	2013	1972	2033	2057	1983	2020	2010	2019
304998	62	126	14	78	142	30	94	158	46	110	174	2027	2027	2126	2022	2004	1971	2026	2066	1992	2019	2018	2007
304998	62	126	14	78	142	30	94	158	46	110	174	2012	2034	2140	2003	1989	1967	2003	2085	1996	2020	2041	2004
304998	62	126	14	78	142	30	94	158	46	110	174	2003	2039	2147	2004	1973	1976	1998	2089	1990	2018	2047	2012
304998	62	126	14	78	142	30	94	158	46	110	174	2012	2032	2141	2008	1999	1974	2009	2080	1987	2021	2031	2018
304998	62	126	14	78	142	30	94	158	46	110	174	2028	2023	2124	2029	2006	1974	2033	2061	1984	2020	2015	2019
304998	62	126	14	78	142	30	94	158	46	110	174	2042	2015	2123	2041	2024	1968	2038	2049	1994	2021	2002	2018
304998	62	126	14	78	142	30	94	158	46	110	174	2034	2018	2126	2030	2016	1970	2036	2061	1996	2020	2018	2010
304998	62	126	14	78	142	30	94	158	46	110	174	2019	2026	2144	2016	1993	1978	2009	2077	1989	2022	2033	2015
304998	62	126	14	78	142	30	94	158	46	110	174	2000	2035	2152	2001	1984	1975	2000	2085	1985	2021	2043	2012
304998	62	126	14	78	142	30	94	158	46	110	174	2006	2041	2143	2005	1986	1977	1996	2082	1988	2020	2036	2009
304998	62	126	14	78	142	30	94	158	46	110	174	2024	2031	2128	2024	1995	1977	2022	2064	1998	2016	2018	2013
304998	62	126	14	78	142	30	94	158	46	110	174	2033	2010	2125	2030	2023	1973	2028	2057	1992	2018	2012	2013
304998	62	126	14	78	142	30	94	158	46	110	174	2039	2008	2132	2034	2014	1984	2036	2059	1991	2018	2018	2019
304998	62	126	14	78	142	30	94	158	46	110	174	2026	2022	2144	2021	2007	1974	2026	2074	1984	2019	2024	2019
304998	62	126	14	78	142	30	94	158	46	110	174	2005	2035	2151	2004	1990	1968	2003	2080	1988	2021	2035	2006
304998	62	126	14	78	142	30	94	158	46	110	174	2006	2040	2142	2003	1980	1968	1999	2088	1996	2020	2037	2006
304998	62	126	14	78	142	30	94	158	46	110	174	2013	2030	2134	2010	1999	1975	2006	2083	1997	2019	2031	2009
304998	62	126	14	78	142	30	94	158	46	110	174	2031	2019	2126	2024	2011	1977	2029	2063	1984	2022	2022	2016
304998	62	126	14	78	142	30	94	158	46	110	174	2042	2007	2132	2044	2008	1982	2039	2056	1986	2020	2013	2031
304998	62	126	14	78	142	30	94	158	46	110	174	2027	2010	2144	2030	2009	1971	2029	2056	1985	2021	2014	2020
304998	62	126	14	78	142	30	94	158	46	110	174	2021	2035	2141	2017	1999	1972	2024	2072	1994	2021	2023	2008
304998	62	126	14	78	142	30	94	158	46	110	174	2008	2040	2147	2002	1984	1978	2000	2091	1994	2017	2041	2003
304998	62	126	14	78	142	30	94	158	46	110	174	2009	2032	2132	2002	1984	1973	2009	2088	1990	2019	2045	2008
304998	62	126	14	78	142	30	94	158	46	110	174	2020	2025	2137	2015	1988	1975	2015	2073	1987	2016	2028	2020
304998	62	126	14	78	142	30	94	158	46	110	174	2030	2014	2139	2033	2018	1973	2029	2051	1993	2022	2008	2023
304998	62	126	14	78	142	30	94	158	46	110	174	2036	2018	2130	2037	2021	1974	2040	2058	1995	2021	2006	2020
304998	62	126	14	78	142	30	94	158	46	110	174	2026	2027	2132	2023	2008	1977	2021	2066	1994	2018	2019	2009
304998	62	126	14	78	142	30	94	158	46	110	174	2014	2035	2138	2008	1994	1973	2013	2083	1987	2020	2040	2009
304998	62	126	14	78	142	30	94	158	46	110	174	2004	2039	2144	1998	1978	1976	1995	2085	1985	2020	2046	2013
304998	62	126	14	78	142	30	94	158	46	110	174	2005	2026	2145	2011	1987	1974	2003	2079	1998	2018	2032	2015
304998	62	126	14	78	142	30	94	158	46	110	174	2027	2027	2137	2022	2011	1978	2020	2071	1994	2016	2016	2016
304998	62	126	14	78	142	30	94	158	46	110	174	2035	2015	2133	2037	2018	1975	2041	2059	1986	2022	2011	2018
304998	62	126	14	78	142	30	94	158	46	110	174	2039	2017	2123	2029	2018	1973	2039	2063	1982	2016	2017	2017
304998	62	126	14	78	142	30	94	158	46	110	174	2019	2021	2136	2019	1996	1970	2017	2076	1992	2020	2029	2017
304998	62	126	14	78	142	30	94	158	46	110	174	2004	2034	2151	2008	1980	1970	2002	2085	1998	2017	2036	2012
304998	62	126	14	78	142	30	94	158	46	110	174	2001	2036	2147	1997	1985	1973	2003	2092	1995	2021	2043	2005
304998	62	126	14	78	142	30	94	158	46	110	174	2015	2031	2139	2014	1997	1979	2019	2078	1984	2016	2027	2006
304998	62	126	14	78	142	30	94	158	46	110	174	2030	2017	2128	2028	2014	1976	2029	2057	1983	2017	2019	2019
304998	62	126	14	78	142	30	94	158	46	110	174	2035	2006	2124	2043	2016	1967	2034	2052	1993	2016	2011	2031
304998	62	126	14	78	142	30	94	158	46	110	174	2028	2015	2137	2025	2011	1971	2031	2066	1996	2017	2018	2018
304998	62	126	14	78	142	30	94	158	46	110	174	2010	2029	2156	2018	1981	1979	2012	2081	1996	2022	2028	2007
304998	62	126	14	78	142	30	94	158	46	110	174	1998	2042	2146	1996	1986	1975	2007	2091	1990	2016	2047	1998
304998	62	126	14	78	142	30	94	158	46	110	174	2006	2034	2135	2006	1979	1976	2003	2085	1984	2019	2046	2011
304998	62	126	14	78	142	30	94	158	46	110	174	2023	2021	2126	2021	2005	1973	2020	2063	1995	2016	2019	2019
304998	62	126	14	78	142	30	94	158	46	110	174	2036	2010	2126	2033	2015	1976	2039	2058	1993	2021	2008	2025
304998	62	126	14	78	142	30	94	158	46	110	174	2033	2008	2139	2035	2014	1975	2043	2061	1991	2021	2010	2013
304998	62	126	14	78	142	30	94	158	46	110	174	2020	2031	2142	2016	2004	1975	2021	2076	1989	2022	2028	2013
304998	62	126	14	78	142	30	94	158	46	110	174	2009	2039	2138	2004	1983	1975	2006	2086	1990	2019	2044	2008
304998	62	126	14	78	142	30	94	158	46	110	174	2003	2036	2135	2002	1986	1971	2006	2089	2000	2019	2043	2018
304998	62	126	14	78	142	30	94	158	46	110	174	2014	2022	2135	2009	1992	1974	2009	2080	1992	2016	2026	2013
304998	62	126	14	78	142	30	94	158	46	110	174	2030	2014	2139	2029	2003	1982	2032	2065	1987	2018	2011	2015
304998	62	126	14	78	142	30	94	158	46	110	174	2029	2013	2140	2034	2022	1974	2048	2057	1982	2017	2013	2019
304998	62	126	14	78	142	30	94	158	46	110	174	2027	2025	2131	2029	2005	1979	2030	2058	1995	2019	2020	2020
304998	62	126	14	78	142	30	94	158	46	110	174	2017	2030	2139	2017	1994	1972	2017	2083	1996	2019	2029	2017
304998	62	126	14	78	142	30	94	158	46	110	174	2003	2038	2142	1997	1981	1980	1997	2091	1991	2016	2038	2002
304998	62	126	14	78	142	30	94	158	46	110	174	2006	2037	2144	2008	1977	1985	2001	2085	1986	2018	2036	2005
304998	62	126	14	78	142	30	94	158	46	110	174	2017	2023	2144	2014	2007	1970	2023	2074	1988	2018	2031	2017
304998	62	126	14	78	142	30	94	158	46	110	174	2032	2019	2123	2028	2018	1971	2031	2057	1995	2022	2011	2029
304998	62	126	14	78	142	30	94	158	46	110	174	2039	2015	2127	2036	2021	1970	2033	2060	1993	2016	2012	2022
304998	62	126	14	78	142	30	94	158	46	110	174	2025	2024	2134	2019	2006	1974	2025	2073	1992	2017	2021	2005
304998	62	126	14	78	142	30	94	158	46	110	174	2009	2035	2145	2007	1980	1981	2012	2093	1984	2018	2041	2006
304998	62	126	14	78	142	30	94	158	46	110	174	2001	2039	2149	1994	1977	1971	2000	2090	1994	2019	2050	2011
304998	62	126	14	78	142	30	94	158	46	110	174	2009	2038	2133	2008	1991	1975	2016	2081	1997	2022	2029	2019
304998	62	126	14	78	142	30	94	158	46	110	174	2028	2018	2127	2025	2013	1968	2022	2065	1982	2021	2015	2022
304998	62	126	14	78	142	30	94	158	46	110	174	2042	2015	2127	2033	2022	1969	2038	2062	1982	2021	2008	2014
304998	62	126	14	78	142	30	94	158	46	110	174	2033	2016	2133	2027	2016	1975	2042	2059	1986	2020	2020	2017
304998	62	126	14	78	142	30	94	158	46	110	174	2010	2032	2145	2015	1991	1970	2011	2077	1994	2020	2032	2017
304998	62	126	14	78	142	30	94	158	46	110	174	2003	2043	2141	1996	1982	1974	1996	2089	1994	2021	2042	2008
