304998	62	126	14	78	142	30	94	158	46	110	174	2032	2005	2162	2051	2013	1957	2028	2038	1966	2020	2017	1996
304998	62	126	14	78	142	30	94	158	46	110	174	2042	2004	2164	2072	2031	1948	2040	2031	1956	2022	2008	1997
304998	62	126	14	78	142	30	94	158	46	110	174	2035	2022	2141	2045	2013	1968	2038	2049	1985	2017	2013	2001
304998	62	126	14	78	142	30	94	158	46	110	174	2022	2047	2112	1983	1995	1994	2008	2103	2015	2019	2029	2025
304998	62	126	14	78	142	30	94	158	46	110	174	2009	2063	2108	1949	1978	2008	2004	2131	2020	2019	2040	2043
304998	62	126	14	78	142	30	94	158	46	110	174	2008	2048	2131	1964	1983	1987	2006	2110	2006	2022	2029	2036
304998	62	126	14	78	142	30	94	158	46	110	174	2019	2022	2147	2019	2004	1961	2024	2065	1978	2017	2014	2003
304998	62	126	14	78	142	30	94	158	46	110	174	2039	2005	2155	2064	2031	1947	2043	2033	1969	2017	2006	1979
304998	62	126	14	78	142	30	94	158	46	110	174	2037	2000	2152	2065	2027	1955	2036	2042	1971	2017	2020	1993
304998	62	126	14	78	142	30	94	158	46	110	174	2027	2028	2131	2017	2010	1980	2029	2075	1995	2020	2023	2024
304998	62	126	14	78	142	30	94	158	46	110	174	2004	2052	2121	1961	1982	1998	2004	2117	2016	2017	2029	2038
304998	62	126	14	78	142	30	94	158	46	110	174	2006	2067	2112	1952	1983	1992	2004	2123	2022	2018	2029	2040
304998	62	126	14	78	142	30	94	158	46	110	174	2020	2045	2125	1984	1998	1974	2015	2088	2000	2017	2028	2018
304998	62	126	14	78	142	30	94	158	46	110	174	2037	2011	2148	2045	2016	1953	2034	2048	1968	2020	2021	1993
304998	62	126	14	78	142	30	94	158	46	110	174	2044	1998	2157	2073	2030	1949	2045	2036	1954	2021	2005	1995
304998	62	126	14	78	142	30	94	158	46	110	174	2035	2015	2152	2048	2014	1964	2036	2051	1979	2017	2012	2010
304998	62	126	14	78	142	30	94	158	46	110	174	2016	2049	2125	1995	1994	1988	2016	2094	2012	2020	2023	2022
304998	62	126	14	78	142	30	94	158	46	110	174	2011	2072	2105	1956	1983	1999	1999	2124	2022	2023	2032	2044
304998	62	126	14	78	142	30	94	158	46	110	174	2018	2059	2110	1964	1983	1998	2004	2113	2003	2020	2029	2038
304998	62	126	14	78	142	30	94	158	46	110	174	2022	2023	2142	2009	2010	1970	2020	2069	1983	2020	2018	2009
304998	62	126	14	78	142	30	94	158	46	110	174	2036	2000	2165	2059	2027	1952	2034	2031	1970	2020	2010	1978
304998	62	126	14	78	142	30	94	158	46	110	174	2034	2006	2161	2070	2026	1948	2038	2044	1968	2020	2015	1991
304998	62	126	14	78	142	30	94	158	46	110	174	2031	2032	2134	2029	2005	1971	2021	2069	1988	2016	2023	2022
304998	62	126	14	78	142	30	94	158	46	110	174	2009	2054	2110	1972	1990	1998	2008	2109	2014	2020	2028	2042
304998	62	126	14	78	142	30	94	158	46	110	174	2013	2060	2105	1947	1985	2001	2008	2121	2017	2019	2030	2032
304998	62	126	14	78	142	30	94	158	46	110	174	2013	2037	2130	1978	1995	1980	2006	2093	2002	2017	2025	2017
304998	62	126	14	78	142	30	94	158	46	110	174	2028	2008	2168	2035	2012	1950	2025	2056	1969	2016	2018	1999
304998	62	126	14	78	142	30	94	158	46	110	174	2037	2002	2172	2071	2029	1940	2039	2030	1954	2018	2012	1993
304998	62	126	14	78	142	30	94	158	46	110	174	2034	2013	2148	2053	2018	1959	2028	2046	1973	2016	2013	2000
304998	62	126	14	78	142	30	94	158	46	110	174	2020	2035	2117	2004	1996	1993	2013	2086	2006	2022	2020	2026
304998	62	126	14	78	142	30	94	158	46	110	174	2012	2054	2113	1955	1985	2005	2009	2123	2024	2019	2033	2045
304998	62	126	14	78	142	30	94	158	46	110	174	2014	2057	2121	1965	1978	1999	2005	2118	2013	2022	2033	2038
304998	62	126	14	78	142	30	94	158	46	110	174	2022	2033	2143	2014	1987	1978	2023	2079	1982	2020	2016	2013
304998	62	126	14	78	142	30	94	158	46	110	174	2028	2004	2160	2055	2024	1946	2029	2035	1966	2018	2012	1987
304998	62	126	14	78	142	30	94	158	46	110	174	2045	2002	2159	2072	2025	1952	2037	2040	1970	2018	2015	1989
304998	62	126	14	78	142	30	94	158	46	110	174	2026	2017	2140	2032	2008	1974	2023	2067	1991	2020	2023	2019
304998	62	126	14	78	142	30	94	158	46	110	174	2010	2043	2123	1981	1979	1999	2010	2104	2009	2017	2028	2042
304998	62	126	14	78	142	30	94	158	46	110	174	2004	2061	2123	1955	1976	2006	1997	2118	2018	2021	2026	2038
304998	62	126	14	78	142	30	94	158	46	110	174	2018	2048	2125	1972	1993	1983	2017	2098	2007	2018	2024	2016
304998	62	126	14	78	142	30	94	158	46	110	174	2026	2019	2146	2026	2010	1959	2028	2063	1974	2018	2021	2001
304998	62	126	14	78	142	30	94	158	46	110	174	2042	2000	2158	2072	2023	1950	2052	2042	1954	2017	2011	1996
304998	62	126	14	78	142	30	94	158	46	110	174	2035	2005	2156	2053	2015	1956	2033	2046	1969	2020	2009	1996
304998	62	126	14	78	142	30	94	158	46	110	174	2020	2037	2136	2008	2001	1981	2017	2079	2004	2020	2020	2019
304998	62	126	14	78	142	30	94	158	46	110	174	2013	2063	2105	1963	1985	2004	2003	2113	2027	2020	2033	2039
304998	62	126	14	78	142	30	94	158	46	110	174	2018	2065	2101	1966	1979	2002	2017	2118	2015	2018	2029	2042
304998	62	126	14	78	142	30	94	158	46	110	174	2017	2021	2145	1998	2003	1973	2019	2079	1987	2020	2018	2014
304998	62	126	14	78	142	30	94	158	46	110	174	2034	2002	2159	2051	2015	1948	2046	2046	1958	2022	2009	1988
304998	62	126	14	78	142	30	94	158	46	110	174	2040	2001	2165	2072	2022	1948	2052	2033	1967	2016	2014	1984
304998	62	126	14	78	142	30	94	158	46	110	174	2035	2027	2144	2045	2013	1963	2029	2063	1988	2021	2019	2013
304998	62	126	14	78	142	30	94	158	46	110	174	2019	2052	2114	1982	1995	1994	2015	2101	2007	2016	2025	2038
304998	62	126	14	78	142	30	94	158	46	110	174	2017	2063	2099	1966	1962	2020	2009	2119	2014	2017	2030	2037
304998	62	126	14	78	142	30	94	158	46	110	174	2017	2041	2124	1975	1997	1989	2006	2094	2005	2017	2026	2018
304998	62	126	14	78	142	30	94	158	46	110	174	2031	2018	2154	2022	2014	1958	2038	2066	1982	2016	2021	1999
304998	62	126	14	78	142	30	94	158	46	110	174	2038	2002	2175	2071	2027	1942	2033	2037	1959	2018	2013	1992
304998	62	126	14	78	142	30	94	158	46	110	174	2041	2009	2148	2061	2019	1955	2039	2045	1966	2021	2011	2000
304998	62	126	14	78	142	30	94	158	46	110	174	2023	2029	2129	2024	1997	1991	2019	2076	1993	2020	2017	2015
304998	62	126	14	78	142	30	94	158	46	110	174	2017	2051	2112	1974	1983	2002	2007	2107	2022	2021	2033	2034
304998	62	126	14	78	142	30	94	158	46	110	174	2015	2053	2118	1962	1976	2002	2006	2116	2018	2017	2031	2040
304998	62	126	14	78	142	30	94	158	46	110	174	2023	2042	2137	1995	2002	1971	2023	2086	1994	2016	2021	2018
304998	62	126	14	78	142	30	94	158	46	110	174	2035	2014	2153	2048	2015	1955	2032	2049	1965	2017	2011	1989
304998	62	126	14	78	142	30	94	158	46	110	174	2043	2003	2154	2070	2014	1954	2042	2035	1957	2017	2015	1983
304998	62	126	14	78	142	30	94	158	46	110	174	2039	2011	2147	2047	2013	1961	2050	2060	1987	2021	2017	2005
304998	62	126	14	78	142	30	94	158	46	110	174	2027	2039	2123	1995	1994	1989	2010	2098	2004	2017	2025	2031
304998	62	126	14	78	142	30	94	158	46	110	174	2015	2061	2114	1966	1983	2007	2015	2121	2014	2016	2022	2042
304998	62	126	14	78	142	30	94	158	46	110	174	2008	2045	2126	1969	1998	1985	2008	2098	2006	2018	2022	2021
304998	62	126	14	78	142	30	94	158	46	110	174	2028	2023	2134	2020	2013	1966	2037	2065	1986	2018	2021	2006
304998	62	126	14	78	142	30	94	158	46	110	174	2039	1998	2170	2067	2014	1949	2028	2038	1962	2021	2016	1997
304998	62	126	14	78	142	30	94	158	46	110	174	2039	2003	2155	2066	2024	1948	2033	2041	1964	2017	2013	1999
304998	62	126	14	78	142	30	94	158	46	110	174	2027	2026	2141	2029	1995	1980	2036	2077	1991	2017	2015	2015
304998	62	126	14	78	142	30	94	158	46	110	174	2020	2058	2113	1977	1989	1998	2007	2101	2016	2021	2028	2028
304998	62	126	14	78	142	30	94	158	46	110	174	2018	2060	2107	1959	1984	1999	2008	2117	2019	2021	2029	2036
304998	62	126	14	78	142	30	94	158	46	110	174	2026	2035	2128	1993	1994	1980	2028	2088	1996	2022	2024	2027
304998	62	126	14	78	142	30	94	158	46	110	174	2038	2006	2154	2038	2019	1948	2034	2049	1966	2021	2011	1997
304998	62	126	14	78	142	30	94	158	46	110	174	2040	1997	2165	2074	2013	1948	2039	2030	1957	2018	2008	1982
304998	62	126	14	78	142	30	94	158	46	110	174	2035	2017	2150	2050	2014	1968	2031	2050	1987	2018	2016	1997
304998	62	126	14	78	142	30	94	158	46	110	174	2023	2045	2119	1999	1998	1990	2017	2089	2007	2022	2023	2024
304998	62	126	14	78	142	30	94	158	46	110	174	2021	2055	2103	1972	1975	1998	2009	2112	2013	2022	2029	2042
304998	62	126	14	78	142	30	94	158	46	110	174	2014	2039	2122	1972	1995	1988	2006	2104	2006	2021	2021	2025
304998	62	126	14	78	142	30	94	158	46	110	174	2020	2021	2152	2014	2014	1969	2020	2061	1984	2017	2015	2007
304998	62	126	14	78	142	30	94	158	46	110	174	2037	2004	2165	2064	2012	1945	2039	2042	1965	2017	2018	1987
304998	62	126	14	78	142	30	94	158	46	110	174	2038	2006	2156	2066	2022	1949	2037	2043	1966	2022	2014	1997
304998	62	126	14	78	142	30	94	158	46	110	174	2030	2028	2128	2033	2005	1972	2041	2067	1986	2021	2016	2017
304998	62	126	14	78	142	30	94	158	46	110	174	2019	2039	2118	1982	1993	1994	2009	2098	2010	2022	2022	2029
304998	62	126	14	78	142	30	94	158	46	110	174	2016	2048	2116	1962	1992	1998	2004	2112	2020	2021	2028	2029
304998	62	126	14	78	142	30	94	158	46	110	174	2015	2029	2142	1990	1986	1983	2009	2090	2002	2018	2027	2022
304998	62	126	14	78	142	30	94	158	46	110	174	2029	2015	2152	2041	2011	1955	2029	2052	1973	2018	2017	2000
304998	62	126	14	78	142	30	94	158	46	110	174	2039	2001	2159	2068	2025	1943	2033	2030	1960	2017	2010	1989
304998	62	126	14	78	142	30	94	158	46	110	174	2040	2009	2139	2059	2016	1958	2042	2041	1973	2017	2007	1994
304998	62	126	14	78	142	30	94	158	46	110	174	2025	2027	2124	2010	2004	1984	2018	2079	2004	2021	2024	2016
304998	62	126	14	78	142	30	94	158	46	110	174	2016	2048	2114	1971	1986	2003	2007	2114	2014	2021	2033	2041
304998	62	126	14	78	142	30	94	158	46	110	174	2012	2045	2124	1970	1989	1994	2014	2104	2010	2021	2028	2037
304998	62	126	14	78	142	30	94	158	46	110	174	2025	2034	2134	2007	2012	1972	2033	2073	1986	2017	2020	2008
304998	62	126	14	78	142	30	94	158	46	110	174	2039	2002	2151	2055	2023	1947	2038	2043	1967	2021	2009	1990
304998	62	126	14	78	142	30	94	158	46	110	174	2043	1995	2158	2069	2028	1948	2032	2035	1967	2021	2015	1986
304998	62	126	14	78	142	30	94	158	46	110	174	2034	2015	2139	2037	2007	1969	2032	2059	1984	2022	2019	2013
304998	62	126	14	78	142	30	94	158	46	110	174	2017	2039	2126	1993	1985	1993	2012	2095	2008	2021	2023	2031
304998	62	126	14	78	142	30	94	158	46	110	174	2010	2057	2117	1966	1994	1996	2009	2108	2023	2016	2020	2036
304998	62	126	14	78	142	30	94	158	46	110	174	2019	2043	2125	1987	1998	1987	2013	2092	2006	2021	2023	2015
304998	62	126	14	78	142	30	94	158	46	110	174	2027	2013	2144	2033	2014	1962	2022	2059	1970	2018	2021	2002
304998	62	126	14	78	142	30	94	158	46	110	174	2039	1994	2159	2064	2025	1941	2037	2037	1959	2018	2013	2000
304998	62	126	14	78	142	30	94	158	46	110	174	2037	2004	2155	2059	2018	1953	2044	2039	1971	2018	2011	2000
304998	62	126	14	78	142	30	94	158	46	110	174	2026	2033	2128	2020	2006	1984	2024	2073	2003	2019	2014	2018
304998	62	126	14	78	142	30	94	158	46	110	174	2007	2052	2111	1976	1984	2000	2006	2108	2017	2018	2029	2028
304998	62	126	14	78	142	30	94	158	46	110	174	2018	2048	2110	1969	1991	1996	2015	2108	2007	2021	2029	2034
304998	62	126	14	78	142	30	94	158	46	110	174	2018	2019	2145	2008	1998	1971	2015	2072	1984	2021	2018	2017
304998	62	126	14	78	142	30	94	158	46	110	174	2036	2003	2158	2051	2025	1948	2032	2041	1971	2021	2011	1997
304998	62	126	14	78	142	30	94	158	46	110	174	2034	1998	2169	2071	2019	1946	2036	2036	1967	2016	2008	1985
304998	62	126	14	78	142	30	94	158	46	110	174	2027	2018	2146	2040	2019	1967	2028	2059	1977	2017	2016	2003
304998	62	126	14	78	142	30	94	158	46	110	174	2021	2045	2117	1995	1992	1997	2017	2093	2004	2018	2023	2032
304998	62	126	14	78	142	30	94	158	46	110	174	2012	2048	2114	1970	1990	1999	2006	2106	2017	2018	2029	2037
304998	62	126	14	78	142	30	94	158	46	110	174	2016	2039	2128	1981	1998	1983	2009	2093	2009	2021	2019	2032
304998	62	126	14	78	142	30	94	158	46	110	174	2028	2017	2153	2026	2008	1959	2021	2065	1979	2018	2015	1994
304998	62	126	14	78	142	30	94	158	46	110	174	2037	2005	2165	2058	2026	1948	2040	2038	1958	2021	2020	1995
304998	62	126	14	78	142	30	94	158	46	110	174	2039	2010	2148	2058	2020	1950	2039	2045	1963	2018	2015	1998
304998	62	126	14	78	142	30	94	158	46	110	174	2028	2026	2127	2025	1995	1979	2025	2065	1994	2017	2016	2020
304998	62	126	14	78	142	30	94	158	46	110	174	2013	2039	2117	1978	1996	1997	2014	2104	2020	2020	2020	2028
304998	62	126	14	78	142	30	94	158	46	110	174	2015	2047	2121	1972	1991	1998	2011	2105	2007	2016	2030	2028
304998	62	126	14	78	142	30	94	158	46	110	174	2019	2036	2143	1996	2005	1977	2020	2083	1990	2020	2027	2022
304998	62	126	14	78	142	30	94	158	46	110	174	2032	2013	2153	2041	2018	1949	2033	2044	1969	2021	2015	1995
304998	62	126	14	78	142	30	94	158	46	110	174	2033	2000	2155	2067	2022	1942	2033	2031	1969	2022	2008	1992
304998	62	126	14	78	142	30	94	158	46	110	174	2032	2008	2147	2047	2016	1961	2026	2053	1979	2022	2014	1996
304998	62	126	14	78	142	30	94	158	46	110	174	2020	2028	2129	2003	2000	1989	2023	2089	2003	2021	2023	2024
304998	62	126	14	78	142	30	94	158	46	110	174	2009	2046	2122	1971	1984	2007	2005	2106	2016	2020	2028	2040
304998	62	126	14	78	142	30	94	158	46	110	174	2015	2046	2123	1981	1998	1986	2014	2091	2011	2016	2025	2030
304998	62	126	14	78	142	30	94	158	46	110	174	2026	2017	2140	2019	2007	1961	2018	2070	1984	2020	2015	2005
304998	62	126	14	78	142	30	94	158	46	110	174	2042	2000	2155	2056	2024	1946	2035	2044	1961	2022	2008	1986
304998	62	126	14	78	142	30	94	158	46	110	174	2037	2000	2161	2058	2018	1952	2037	2040	1965	2020	2018	1993
304998	62	126	14	78	142	30	94	158	46	110	174	2025	2022	2144	2032	1999	1979	2030	2066	1984	2019	2019	2024
304998	62	126	14	78	142	30	94	158	46	110	174	2012	2043	2125	1984	1992	1996	2007	2095	2019	2020	2024	2035
304998	62	126	14	78	142	30	94	158	46	110	174	2012	2048	2107	1970	1997	1997	2011	2110	2017	2022	2022	2037
304998	62	126	14	78	142	30	94	158	46	110	174	2029	2034	2129	1995	1994	1980	2020	2089	1996	2020	2024	2008
304998	62	126	14	78	142	30	94	158	46	110	174	2027	2006	2160	2034	2017	1957	2028	2053	1967	2017	2020	1999
304998	62	126	14	78	142	30	94	158	46	110	174	2040	2002	2166	2064	2018	1944	2059	2035	1962	2018	2014	1997
304998	62	126	14	78	142	30	94	158	46	110	174	2020	2010	2169	2048	2018	1954	2021	2050	1987	2016	2013	2005
304998	62	126	14	78	142	30	94	158	46	110	174	2012	2039	2120	2008	2005	1986	2015	2082	2003	2022	2020	2021
304998	62	126	14	78	142	30	94	158	46	110	174	2017	2045	2111	1971	1989	2002	2006	2105	2017	2018	2029	2028
304998	62	126	14	78	142	30	94	158	46	110	174	2013	2042	2129	1975	1999	1998	2006	2097	2005	2019	2026	2036
304998	62	126	14	78	142	30	94	158	46	110	174	2028	2024	2147	2009	2007	1962	2044	2072	1988	2017	2019	2013
304998	62	126	14	78	142	30	94	158	46	110	174	2020	2001	2170	2059	2011	1941	2026	2044	1966	2017	2013	1989
304998	62	126	14	78	142	30	94	158	46	110	174	2037	2005	2155	2063	2016	1951	2031	2042	1966	2021	2015	1992
304998	62	126	14	78	142	30	94	158	46	110	174	2028	2021	2129	2031	2008	1971	2029	2068	1987	2020	2022	2008
304998	62	126	14	78	142	30	94	158	46	110	174	2019	2040	2121	1988	1994	2002	2015	2089	2010	2020	2023	2040
304998	62	126	14	78	142	30	94	158	46	110	174	2013	2048	2117	1969	1994	1998	2025	2116	2027	2022	2026	2040
304998	62	126	14	78	142	30	94	158	46	110	174	2009	2040	2131	1997	1992	1981	2008	2087	1999	2021	2019	2013
304998	62	126	14	78	142	30	94	158	46	110	174	2030	2017	2146	2034	2016	1955	2025	2061	1968	2019	2018	1999
304998	62	126	14	78	142	30	94	158	46	110	174	2034	2001	2164	2057	2016	1947	2034	2036	1956	2018	2015	1996
304998	62	126	14	78	142	30	94	158	46	110	174	2033	2007	2152	2048	2017	1955	2047	2052	1976	2020	2012	2005
304998	62	126	14	78	142	30	94	158	46	110	174	2026	2032	2140	2012	2004	1985	2024	2091	2004	2017	2016	2026
304998	62	126	14	78	142	30	94	158	46	110	174	2013	2051	2116	1982	1988	2001	2007	2106	2016	2022	2027	2031
304998	62	126	14	78	142	30	94	158	46	110	174	2013	2049	2120	1978	1998	1997	2017	2102	2008	2022	2029	2034
304998	62	126	14	78	142	30	94	158	46	110	174	2028	2026	2132	2008	1996	1975	2018	2072	1986	2020	2021	2020
304998	62	126	14	78	142	30	94	158	46	110	174	2036	2004	2154	2047	2015	1950	2039	2051	1968	2021	2014	1996
304998	62	126	14	78	142	30	94	158	46	110	174	2030	2002	2164	2061	2019	1950	2034	2044	1961	2017	2010	1985
304998	62	126	14	78	142	30	94	158	46	110	174	2030	2019	2145	2038	2001	1971	2029	2064	1980	2020	2019	2006
304998	62	126	14	78	142	30	94	158	46	110	174	2021	2044	2116	1994	1998	1993	2019	2091	2007	2020	2029	2032
304998	62	126	14	78	142	30	94	158	46	110	174	2019	2049	2104	1975	1986	2006	2020	2104	2020	2017	2025	2043
304998	62	126	14	78	142	30	94	158	46	110	174	2022	2031	2123	1986	1989	1988	2006	2097	2008	2017	2020	2025
304998	62	126	14	78	142	30	94	158	46	110	174	2031	2016	2149	2024	2010	1958	2025	2064	1973	2021	2016	1994
304998	62	126	14	78	142	30	94	158	46	110	174	2031	2005	2173	2056	2023	1938	2044	2041	1956	2016	2016	1988
304998	62	126	14	78	142	30	94	158	46	110	174	2036	2015	2150	2053	2019	1954	2039	2046	1968	2023	2015	2009
