304998	62	126	14	78	142	30	94	158	46	110	174	2038	2006	2154	2038	2019	1948	2034	2049	1966	2021	2011	1997
304998	62	126	14	78	142	30	94	158	46	110	174	2040	1997	2165	2074	2013	1948	2039	2030	1957	2018	2008	1982
304998	62	126	14	78	142	30	94	158	46	110	174	2035	2017	2150	2050	2014	1968	2031	2050	1987	2018	2016	1997
304998	62	126	14	78	142	30	94	158	46	110	174	2023	2045	2119	1999	1998	1990	2017	2089	2007	2022	2023	2024
304998	62	126	14	78	142	30	94	158	46	110	174	2021	2055	2103	1972	1975	1998	2009	2112	2013	2022	2029	2042
304998	62	126	14	78	142	30	94	158	46	110	174	2014	2039	2122	1972	1995	1988	2006	2104	2006	2021	2021	2025
304998	62	126	14	78	142	30	94	158	46	110	174	2020	2021	2152	2014	2014	1969	2020	2061	1984	2017	2015	2007
304998	62	126	14	78	142	30	94	158	46	110	174	2037	2004	2165	2064	2012	1945	2039	2042	1965	2017	2018	1987
304998	62	126	14	78	142	30	94	158	46	110	174	2038	2006	2156	2066	2022	1949	2037	2043	1966	2022	2014	1997
304998	62	126	14	78	142	30	94	158	46	110	174	2030	2028	2128	2033	2005	1972	2041	2067	1986	2021	2016	2017
304998	62	126	14	78	142	30	94	158	46	110	174	2019	2039	2118	1982	1993	1994	2009	2098	2010	2022	2022	2029
304998	62	126	14	78	142	30	94	158	46	110	174	2016	2048	2116	1962	1992	1998	2004	2112	2020	2021	2028	2029
304998	62	126	14	78	142	30	94	158	46	110	174	2015	2029	2142	1990	1986	1983	2009	2090	2002	2018	2027	2022
304998	62	126	14	78	142	30	94	158	46	110	174	2029	2015	2152	2041	2011	1955	2029	2052	1973	2018	2017	2000
304998	62	126	14	78	142	30	94	158	46	110	174	2039	2001	2159	2068	2025	1943	2033	2030	1960	2017	2010	1989
304998	62	126	14	78	142	30	94	158	46	110	174	2040	2009	2139	2059	2016	1958	2042	2041	1973	2017	2007	1994
304998	62	126	14	78	142	30	94	158	46	110	174	2025	2027	2124	2010	2004	1984	2018	2079	2004	2021	2024	2016
304998	62	126	14	78	142	30	94	158	46	110	174	2016	2048	2114	1971	1986	2003	2007	2114	2014	2021	2033	2041
304998	62	126	14	78	142	30	94	158	46	110	174	2012	2045	2124	1970	1989	1994	2014	2104	2010	2021	2028	2037
304998	62	126	14	78	142	30	94	158	46	110	174	2025	2034	2134	2007	2012	1972	2033	2073	1986	2017	2020	2008
304998	62	126	14	78	142	30	94	158	46	110	174	2039	2002	2151	2055	2023	1947	2038	2043	1967	2021	2009	1990
304998	62	126	14	78	142	30	94	158	46	110	174	2043	1995	2158	2069	2028	1948	2032	2035	1967	2021	2015	1986
304998	62	126	14	78	142	30	94	158	46	110	174	2034	2015	2139	2037	2007	1969	2032	2059	1984	2022	2019	2013
304998	62	126	14	78	142	30	94	158	46	110	174	2017	2039	2126	1993	1985	1993	2012	2095	2008	2021	2023	2031
304998	62	126	14	78	142	30	94	158	46	110	174	2010	2057	2117	1966	1994	1996	2009	2108	2023	2016	2020	2036
304998	62	126	14	78	142	30	94	158	46	110	174	2019	2043	2125	1987	1998	1987	2013	2092	2006	2021	2023	2015
304998	62	126	14	78	142	30	94	158	46	110	174	2027	2013	2144	2033	2014	1962	2022	2059	1970	2018	2021	2002
304998	62	126	14	78	142	30	94	158	46	110	174	2039	1994	2159	2064	2025	1941	2037	2037	1959	2018	2013	2000
304998	62	126	14	78	142	30	94	158	46	110	174	2037	2004	2155	2059	2018	1953	2044	2039	1971	2018	2011	2000
304998	62	126	14	78	142	30	94	158	46	110	174	2026	2033	2128	2020	2006	1984	2024	2073	2003	2019	2014	2018
304998	62	126	14	78	142	30	94	158	46	110	174	2007	2052	2111	1976	1984	2000	2006	2108	2017	2018	2029	2028
304998	62	126	14	78	142	30	94	158	46	110	174	2018	2048	2110	1969	1991	1996	2015	2108	2007	2021	2029	2034
304998	62	126	14	78	142	30	94	158	46	110	174	2018	2019	2145	2008	1998	1971	2015	2072	1984	2021	2018	2017
304998	62	126	14	78	142	30	94	158	46	110	174	2036	2003	2158	2051	2025	1948	2032	2041	1971	2021	2011	1997
304998	62	126	14	78	142	30	94	158	46	110	174	2034	1998	2169	2071	2019	1946	2036	2036	1967	2016	2008	1985
304998	62	126	14	78	142	30	94	158	46	110	174	2027	2018	2146	2040	2019	1967	2028	2059	1977	2017	2016	2003
304998	62	126	14	78	142	30	94	158	46	110	174	2021	2045	2117	1995	1992	1997	2017	2093	2004	2018	2023	2032
304998	62	126	14	78	142	30	94	158	46	110	174	2012	2048	2114	1970	1990	1999	2006	2106	2017	2018	2029	2037
304998	62	126	14	78	142	30	94	158	46	110	174	2016	2039	2128	1981	1998	1983	2009	2093	2009	2021	2019	2032
304998	62	126	14	78	142	30	94	158	46	110	174	2028	2017	2153	2026	2008	1959	2021	2065	1979	2018	2015	1994
304998	62	126	14	78	142	30	94	158	46	110	174	2037	2005	2165	2058	2026	1948	2040	2038	1958	2021	2020	1995
304998	62	126	14	78	142	30	94	158	46	110	174	2039	2010	2148	2058	2020	1950	2039	2045	1963	2018	2015	1998
304998	62	126	14	78	142	30	94	158	46	110	174	2028	2026	2127	2025	1995	1979	2025	2065	1994	2017	2016	2020
304998	62	126	14	78	142	30	94	158	46	110	174	2013	2039	2117	1978	1996	1997	2014	2104	2020	2020	2020	2028
304998	62	126	14	78	142	30	94	158	46	110	174	2015	2047	2121	1972	1991	1998	2011	2105	2007	2016	2030	2028
304998	62	126	14	78	142	30	94	158	46	110	174	2019	2036	2143	1996	2005	1977	2020	2083	1990	2020	2027	2022
304998	62	126	14	78	142	30	94	158	46	110	174	2032	2013	2153	2041	2018	1949	2033	2044	1969	2021	2015	1995
304998	62	126	14	78	142	30	94	158	46	110	174	2033	2000	2155	2067	2022	1942	2033	2031	1969	2022	2008	1992
304998	62	126	14	78	142	30	94	158	46	110	174	2032	2008	2147	2047	2016	1961	2026	2053	1979	2022	2014	1996
304998	62	126	14	78	142	30	94	158	46	110	174	2020	2028	2129	2003	2000	1989	2023	2089	2003	2021	2023	2024
304998	62	126	14	78	142	30	94	158	46	110	174	2009	2046	2122	1971	1984	2007	2005	2106	2016	2020	2028	2040
304998	62	126	14	78	142	30	94	158	46	110	174	2015	2046	2123	1981	1998	1986	2014	2091	2011	2016	2025	2030
304998	62	126	14	78	142	30	94	158	46	110	174	2026	2017	2140	2019	2007	1961	2018	2070	1984	2020	2015	2005
304998	62	126	14	78	142	30	94	158	46	110	174	2042	2000	2155	2056	2024	1946	2035	2044	1961	2022	2008	1986
304998	62	126	14	78	142	30	94	158	46	110	174	2037	2000	2161	2058	2018	1952	2037	2040	1965	2020	2018	1993
304998	62	126	14	78	142	30	94	158	46	110	174	2025	2022	2144	2032	1999	1979	2030	2066	1984	2019	2019	2024
304998	62	126	14	78	142	30	94	158	46	110	174	2012	2043	2125	1984	1992	1996	2007	2095	2019	2020	2024	2035
304998	62	126	14	78	142	30	94	158	46	110	174	2012	2048	2107	1970	1997	1997	2011	2110	2017	2022	2022	2037
304998	62	126	14	78	142	30	94	158	46	110	174	2029	2034	2129	1995	1994	1980	2020	2089	1996	2020	2024	2008
304998	62	126	14	78	142	30	94	158	46	110	174	2027	2006	2160	2034	2017	1957	2028	2053	1967	2017	2020	1999
304998	62	126	14	78	142	30	94	158	46	110	174	2040	2002	2166	2064	2018	1944	2059	2035	1962	2018	2014	1997
304998	62	126	14	78	142	30	94	158	46	110	174	2020	2010	2169	2048	2018	1954	2021	2050	1987	2016	2013	2005
304998	62	126	14	78	142	30	94	158	46	110	174	2012	2039	2120	2008	2005	1986	2015	2082	2003	2022	2020	2021
304998	62	126	14	78	142	30	94	158	46	110	174	2017	2045	2111	1971	1989	2002	2006	2105	2017	2018	2029	2028
304998	62	126	14	78	142	30	94	158	46	110	174	2013	2042	2129	1975	1999	1998	2006	2097	2005	2019	2026	2036
304998	62	126	14	78	142	30	94	158	46	110	174	2028	2024	2147	2009	2007	1962	2044	2072	1988	2017	2019	2013
304998	62	126	14	78	142	30	94	158	46	110	174	2020	2001	2170	2059	2011	1941	2026	2044	1966	2017	2013	1989
304998	62	126	14	78	142	30	94	158	46	110	174	2037	2005	2155	2063	2016	1951	2031	2042	1966	2021	2015	1992
304998	62	126	14	78	142	30	94	158	46	110	174	2028	2021	2129	2031	2008	1971	2029	2068	1987	2020	2022	2008
304998	62	126	14	78	142	30	94	158	46	110	174	2019	2040	2121	1988	1994	2002	2015	2089	2010	2020	2023	2040
304998	62	126	14	78	142	30	94	158	46	110	174	2013	2048	2117	1969	1994	1998	2025	2116	2027	2022	2026	2040
304998	62	126	14	78	142	30	94	158	46	110	174	2009	2040	2131	1997	1992	1981	2008	2087	1999	2021	2019	2013
304998	62	126	14	78	142	30	94	158	46	110	174	2030	2017	2146	2034	2016	1955	2025	2061	1968	2019	2018	1999
304998	62	126	14	78	142	30	94	158	46	110	174	2034	2001	2164	2057	2016	1947	2034	2036	1956	2018	2015	1996
304998	62	126	14	78	142	30	94	158	46	110	174	2033	2007	2152	2048	2017	1955	2047	2052	1976	2020	2012	2005
304998	62	126	14	78	142	30	94	158	46	110	174	2026	2032	2140	2012	2004	1985	2024	2091	2004	2017	2016	2026
304998	62	126	14	78	142	30	94	158	46	110	174	2013	2051	2116	1982	1988	2001	2007	2106	2016	2022	2027	2031
304998	62	126	14	78	142	30	94	158	46	110	174	2013	2049	2120	1978	1998	1997	2017	2102	2008	2022	2029	2034
304998	62	126	14	78	142	30	94	158	46	110	174	2028	2026	2132	2008	1996	1975	2018	2072	1986	2020	2021	2020
304998	62	126	14	78	142	30	94	158	46	110	174	2036	2004	2154	2047	2015	1950	2039	2051	1968	2021	2014	1996
304998	62	126	14	78	142	30	94	158	46	110	174	2030	2002	2164	2061	2019	1950	2034	2044	1961	2017	2010	1985
304998	62	126	14	78	142	30	94	158	46	110	174	2030	2019	2145	2038	2001	1971	2029	2064	1980	2020	2019	2006
304998	62	126	14	78	142	30	94	158	46	110	174	2021	2044	2116	1994	1998	1993	2019	2091	2007	2020	2029	2032
304998	62	126	14	78	142	30	94	158	46	110	174	2019	2049	2104	1975	1986	2006	2020	2104	2020	2017	2025	2043
304998	62	126	14	78	142	30	94	158	46	110	174	2022	2031	2123	1986	1989	1988	2006	2097	2008	2017	2020	2025
304998	62	126	14	78	142	30	94	158	46	110	174	2031	2016	2149	2024	2010	1958	2025	2064	1973	2021	2016	1994
304998	62	126	14	78	142	30	94	158	46	110	174	2031	2005	2173	2056	2023	1938	2044	2041	1956	2016	2016	1988
304998	62	126	14	78	142	30	94	158	46	110	174	2036	2015	2150	2053	2019	1954	2039	2046	1968	2023	2015	2009
304998	62	126	14	78	142	30	94	158	46	110	174	2029	2028	2124	2016	2004	1983	2025	2082	1998	2023	2019	2020
304998	62	126	14	78	142	30	94	158	46	110	174	2015	2045	2113	1981	1989	2006	2013	2103	2019	2017	2023	2031
304998	62	126	14	78	142	30	94	158	46	110	174	2015	2049	2120	1977	1992	1997	2020	2104	2007	2020	2028	2030
304998	62	126	14	78	142	30	94	158	46	110	174	2016	2031	2145	2003	1998	1973	2019	2075	1982	2017	2025	2016
304998	62	126	14	78	142	30	94	158	46	110	174	2028	2015	2156	2042	2022	1947	2027	2046	1971	2019	2015	1997
304998	62	126	14	78	142	30	94	158	46	110	174	2032	2003	2153	2054	2022	1948	2037	2043	1966	2020	2008	1994
304998	62	126	14	78	142	30	94	158	46	110	174	2037	2017	2137	2043	2008	1965	2038	2065	1975	2020	2018	2001
304998	62	126	14	78	142	30	94	158	46	110	174	2017	2029	2137	2002	1997	1988	2015	2086	2005	2021	2030	2026
304998	62	126	14	78	142	30	94	158	46	110	174	2014	2048	2118	1979	1986	2005	2023	2104	2022	2018	2031	2039
304998	62	126	14	78	142	30	94	158	46	110	174	2008	2043	2133	1983	1999	1994	2007	2089	2006	2020	2019	2031
304998	62	126	14	78	142	30	94	158	46	110	174	2021	2019	2137	2020	2011	1966	2016	2067	1975	2017	2018	1997
304998	62	126	14	78	142	30	94	158	46	110	174	2038	2002	2159	2055	2018	1946	2042	2041	1957	2022	2015	1986
304998	62	126	14	78	142	30	94	158	46	110	174	2038	2007	2156	2053	2017	1947	2047	2049	1970	2022	2018	2006
304998	62	126	14	78	142	30	94	158	46	110	174	2029	2025	2143	2027	2000	1984	2031	2075	1998	2022	2018	2019
304998	62	126	14	78	142	30	94	158	46	110	174	2015	2049	2118	1987	1992	1998	2010	2104	2017	2018	2022	2028
304998	62	126	14	78	142	30	94	158	46	110	174	2019	2049	2112	1969	1993	2006	2015	2105	2017	2020	2023	2028
304998	62	126	14	78	142	30	94	158	46	110	174	2023	2028	2135	1999	1993	1981	2022	2079	1993	2020	2024	2017
304998	62	126	14	78	142	30	94	158	46	110	174	2037	2010	2153	2037	2018	1947	2037	2052	1971	2019	2016	2003
304998	62	126	14	78	142	30	94	158	46	110	174	2034	2003	2165	2058	2021	1940	2035	2046	1962	2023	2010	1995
304998	62	126	14	78	142	30	94	158	46	110	174	2031	2015	2148	2044	2013	1965	2025	2059	1973	2018	2013	1997
304998	62	126	14	78	142	30	94	158	46	110	174	2023	2036	2121	2005	1995	1995	2025	2082	2003	2019	2023	2019
304998	62	126	14	78	142	30	94	158	46	110	174	2013	2043	2117	1982	1987	2007	2008	2099	2016	2016	2030	2043
304998	62	126	14	78	142	30	94	158	46	110	174	2021	2037	2123	1983	1998	1988	2012	2097	2013	2021	2025	2031
304998	62	126	14	78	142	30	94	158	46	110	174	2024	2026	2150	2013	2013	1965	2028	2074	1985	2022	2018	2004
304998	62	126	14	78	142	30	94	158	46	110	174	2034	2013	2163	2051	2020	1946	2042	2047	1959	2019	2014	1988
304998	62	126	14	78	142	30	94	158	46	110	174	2036	2014	2150	2053	2013	1951	2033	2046	1960	2018	2017	1996
304998	62	126	14	78	142	30	94	158	46	110	174	2029	2023	2136	2029	2003	1975	2023	2070	1991	2019	2020	2020
304998	62	126	14	78	142	30	94	158	46	110	174	2020	2038	2122	1986	1998	1996	2017	2099	2015	2016	2019	2033
304998	62	126	14	78	142	30	94	158	46	110	174	2015	2046	2122	1975	1988	2004	2024	2104	2013	2020	2023	2029
304998	62	126	14	78	142	30	94	158	46	110	174	2017	2038	2137	1996	2005	1980	2016	2085	1993	2022	2030	2015
304998	62	126	14	78	142	30	94	158	46	110	174	2028	2020	2154	2029	2007	1957	2031	2055	1970	2018	2015	2005
304998	62	126	14	78	142	30	94	158	46	110	174	2032	2000	2164	2059	2013	1945	2026	2044	1964	2021	2011	1995
304998	62	126	14	78	142	30	94	158	46	110	174	2036	2015	2148	2043	2016	1954	2041	2057	1976	2018	2011	1995
304998	62	126	14	78	142	30	94	158	46	110	174	2025	2031	2139	2015	1996	1988	2023	2079	1998	2021	2022	2017
304998	62	126	14	78	142	30	94	158	46	110	174	2016	2048	2116	1981	1997	2005	2005	2103	2015	2017	2029	2036
304998	62	126	14	78	142	30	94	158	46	110	174	2017	2048	2125	1983	1983	2001	2006	2094	2018	2016	2027	2037
304998	62	126	14	78	142	30	94	158	46	110	174	2022	2022	2143	2014	2002	1968	2022	2077	1981	2018	2016	2006
304998	62	126	14	78	142	30	94	158	46	110	174	2035	2004	2157	2044	2017	1946	2036	2056	1960	2020	2009	1989
304998	62	126	14	78	142	30	94	158	46	110	174	2033	2003	2167	2058	2014	1952	2028	2047	1960	2017	2017	1992
304998	62	126	14	78	142	30	94	158	46	110	174	2031	2026	2143	2031	2010	1967	2038	2059	1986	2020	2020	2013
304998	62	126	14	78	142	30	94	158	46	110	174	2019	2044	2122	1995	1997	1994	2009	2090	2014	2019	2017	2034
304998	62	126	14	78	142	30	94	158	46	110	174	2018	2048	2111	1978	1987	2004	2012	2102	2013	2020	2020	2029
304998	62	126	14	78	142	30	94	158	46	110	174	2019	2033	2127	1991	1998	1983	2020	2088	1996	2016	2025	2017
304998	62	126	14	78	142	30	94	158	46	110	174	2023	2014	2155	2026	2006	1964	2025	2061	1971	2016	2019	2003
304998	62	126	14	78	142	30	94	158	46	110	174	2032	2003	2167	2061	2015	1943	2035	2049	1968	2022	2014	1997
304998	62	126	14	78	142	30	94	158	46	110	174	2030	2013	2151	2045	2018	1955	2031	2052	1971	2017	2012	1999
304998	62	126	14	78	142	30	94	158	46	110	174	2031	2028	2124	2022	1996	1980	2031	2080	2000	2023	2016	2016
304998	62	126	14	78	142	30	94	158	46	110	174	2014	2041	2112	1983	1992	1998	2013	2095	2010	2018	2033	2037
304998	62	126	14	78	142	30	94	158	46	110	174	2016	2043	2123	1982	1983	2005	2010	2098	2016	2016	2028	2039
304998	62	126	14	78	142	30	94	158	46	110	174	2017	2023	2151	2009	1999	1971	2019	2080	1992	2020	2018	2012
304998	62	126	14	78	142	30	94	158	46	110	174	2038	2013	2150	2044	2014	1949	2045	2054	1966	2017	2007	1990
304998	62	126	14	78	142	30	94	158	46	110	174	2037	2003	2158	2060	2017	1949	2040	2050	1955	2021	2016	1990
304998	62	126	14	78	142	30	94	158	46	110	174	2021	2015	2140	2036	2008	1971	2023	2063	1984	2020	2020	2007
304998	62	126	14	78	142	30	94	158	46	110	174	2019	2038	2127	2000	2000	1995	2026	2089	2011	2021	2023	2037
304998	62	126	14	78	142	30	94	158	46	110	174	2007	2046	2125	1978	1981	2006	2021	2103	2018	2017	2020	2037
304998	62	126	14	78	142	30	94	158	46	110	174	2023	2047	2123	1991	2001	1983	2025	2092	1997	2020	2022	2016
304998	62	126	14	78	142	30	94	158	46	110	174	2026	2019	2149	2024	2003	1961	2025	2063	1970	2017	2021	2003
304998	62	126	14	78	142	30	94	158	46	110	174	2034	1999	2164	2053	2020	1948	2035	2046	1971	2016	2012	2002
304998	62	126	14	78	142	30	94	158	46	110	174	2037	2006	2159	2049	2008	1957	2046	2053	1974	2019	2010	1999
304998	62	126	14	78	142	30	94	158	46	110	174	2019	2029	2146	2025	1995	1983	2030	2078	1993	2018	2015	2011
304998	62	126	14	78	142	30	94	158	46	110	174	2019	2046	2110	1982	1999	1998	2018	2099	2004	2016	2029	2036
304998	62	126	14	78	142	30	94	158	46	110	174	2020	2041	2118	1978	1987	2000	2016	2099	2020	2016	2027	2036
304998	62	126	14	78	142	30	94	158	46	110	174	2024	2026	2133	2002	2006	1975	2025	2083	1995	2018	2019	2020
304998	62	126	14	78	142	30	94	158	46	110	174	2033	2008	2161	2040	2007	1953	2045	2057	1964	2020	2013	1987
304998	62	126	14	78	142	30	94	158	46	110	174	2029	2005	2169	2058	2008	1942	2034	2045	1961	2016	2014	1983
304998	62	126	14	78	142	30	94	158	46	110	174	2034	2020	2146	2038	2016	1968	2033	2057	1986	2016	2018	2009
304998	62	126	14	78	142	30	94	158	46	110	174	2020	2037	2118	2008	1992	1993	2013	2087	2004	2018	2020	2035
304998	62	126	14	78	142	30	94	158	46	110	174	2021	2042	2112	1977	1994	1999	2026	2108	2011	2017	2022	2038
304998	62	126	14	78	142	30	94	158	46	110	174	2016	2034	2139	1989	1984	1995	2013	2089	2002	2017	2020	2021
304998	62	126	14	78	142	30	94	158	46	110	174	2022	2020	2147	2022	2005	1955	2029	2064	1983	2020	2020	2003
304998	62	126	14	78	142	30	94	158	46	110	174	2035	2008	2156	2046	2015	1953	2031	2049	1968	2017	2013	1998
304998	62	126	14	78	142	30	94	158	46	110	174	2032	2004	2148	2053	2015	1952	2034	2055	1967	2017	2011	2002
