304998	62	126	14	78	142	30	94	158	46	110	174	2029	2005	2169	2058	2008	1942	2034	2045	1961	2016	2014	1983
304998	62	126	14	78	142	30	94	158	46	110	174	2034	2020	2146	2038	2016	1968	2033	2057	1986	2016	2018	2009
304998	62	126	14	78	142	30	94	158	46	110	174	2020	2037	2118	2008	1992	1993	2013	2087	2004	2018	2020	2035
304998	62	126	14	78	142	30	94	158	46	110	174	2021	2042	2112	1977	1994	1999	2026	2108	2011	2017	2022	2038
304998	62	126	14	78	142	30	94	158	46	110	174	2016	2034	2139	1989	1984	1995	2013	2089	2002	2017	2020	2021
304998	62	126	14	78	142	30	94	158	46	110	174	2022	2020	2147	2022	2005	1955	2029	2064	1983	2020	2020	2003
304998	62	126	14	78	142	30	94	158	46	110	174	2035	2008	2156	2046	2015	1953	2031	2049	1968	2017	2013	1998
304998	62	126	14	78	142	30	94	158	46	110	174	2032	2004	2148	2053	2015	1952	2034	2055	1967	2017	2011	2002
304998	62	126	14	78	142	30	94	158	46	110	174	2024	2019	2140	2026	2001	1974	2025	2074	1991	2017	2017	2011
304998	62	126	14	78	142	30	94	158	46	110	174	2017	2042	2120	1994	1994	1994	2023	2098	2009	2017	2029	2026
304998	62	126	14	78	142	30	94	158	46	110	174	2010	2045	2123	1979	1994	1996	2012	2097	2018	2021	2029	2033
304998	62	126	14	78	142	30	94	158	46	110	174	2021	2038	2126	2003	1999	1980	2017	2085	1991	2016	2018	2026
304998	62	126	14	78	142	30	94	158	46	110	174	2031	2008	2154	2034	2015	1952	2031	2061	1963	2017	2011	1999
304998	62	126	14	78	142	30	94	158	46	110	174	2028	1996	2168	2053	2018	1941	2040	2045	1957	2019	2013	1986
304998	62	126	14	78	142	30	94	158	46	110	174	2025	2010	2158	2043	2012	1956	2044	2056	1983	2021	2020	2001
304998	62	126	14	78	142	30	94	158	46	110	174	2015	2038	2127	2010	2007	1986	2026	2085	2004	2019	2018	2032
304998	62	126	14	78	142	30	94	158	46	110	174	2017	2046	2112	1984	1988	2004	2021	2108	2010	2021	2021	2037
304998	62	126	14	78	142	30	94	158	46	110	174	2018	2032	2122	1984	1993	1989	2016	2092	2002	2017	2019	2023
304998	62	126	14	78	142	30	94	158	46	110	174	2026	2020	2147	2013	2011	1960	2027	2074	1983	2019	2020	2006
304998	62	126	14	78	142	30	94	158	46	110	174	2031	2003	2166	2050	2013	1949	2031	2048	1970	2019	2014	1997
304998	62	126	14	78	142	30	94	158	46	110	174	2037	2013	2157	2050	2020	1949	2035	2050	1964	2017	2012	2000
304998	62	126	14	78	142	30	94	158	46	110	174	2028	2024	2132	2028	2003	1981	2028	2072	1986	2016	2015	2012
304998	62	126	14	78	142	30	94	158	46	110	174	2023	2034	2112	1996	1992	1993	2027	2092	2008	2020	2022	2025
304998	62	126	14	78	142	30	94	158	46	110	174	2017	2039	2121	1978	1996	1996	2009	2100	2020	2016	2030	2033
304998	62	126	14	78	142	30	94	158	46	110	174	2019	2035	2136	1995	1997	1985	2015	2091	1993	2022	2018	2027
304998	62	126	14	78	142	30	94	158	46	110	174	2028	2019	2153	2029	2016	1955	2035	2060	1967	2017	2013	2000
304998	62	126	14	78	142	30	94	158	46	110	174	2037	2005	2152	2056	2014	1947	2049	2050	1960	2021	2011	1985
304998	62	126	14	78	142	30	94	158	46	110	174	2035	2005	2146	2047	2011	1954	2031	2051	1981	2020	2020	2001
304998	62	126	14	78	142	30	94	158	46	110	174	2031	2028	2131	2012	2008	1984	2020	2081	1997	2021	2017	2023
304998	62	126	14	78	142	30	94	158	46	110	174	2017	2043	2129	1991	1991	2005	2018	2099	2013	2020	2021	2034
304998	62	126	14	78	142	30	94	158	46	110	174	2020	2048	2118	1979	1999	1991	2019	2100	2003	2020	2022	2025
304998	62	126	14	78	142	30	94	158	46	110	174	2018	2021	2138	2018	1993	1974	2024	2073	1994	2017	2020	2011
304998	62	126	14	78	142	30	94	158	46	110	174	2022	1995	2154	2043	2013	1946	2025	2049	1968	2020	2014	1998
304998	62	126	14	78	142	30	94	158	46	110	174	2033	2006	2170	2050	2017	1951	2048	2047	1961	2020	2009	1997
304998	62	126	14	78	142	30	94	158	46	110	174	2021	2020	2153	2040	2002	1974	2028	2064	1983	2020	2012	2010
304998	62	126	14	78	142	30	94	158	46	110	174	2022	2042	2116	1993	1999	1996	2027	2089	2012	2020	2023	2022
304998	62	126	14	78	142	30	94	158	46	110	174	2009	2036	2118	1984	1982	2006	2010	2102	2020	2020	2029	2039
304998	62	126	14	78	142	30	94	158	46	110	174	2020	2032	2128	1995	1997	1987	2020	2092	1996	2017	2017	2035
304998	62	126	14	78	142	30	94	158	46	110	174	2033	2015	2159	2024	2008	1972	2036	2062	1974	2022	2015	2003
304998	62	126	14	78	142	30	94	158	46	110	174	2034	2013	2163	2050	2020	1942	2040	2046	1970	2022	2015	1988
304998	62	126	14	78	142	30	94	158	46	110	174	2031	2015	2150	2047	2008	1955	2031	2052	1977	2020	2016	2001
304998	62	126	14	78	142	30	94	158	46	110	174	2024	2025	2129	2021	1995	1975	2030	2078	1999	2021	2019	2024
304998	62	126	14	78	142	30	94	158	46	110	174	2021	2039	2121	1985	2000	2003	2020	2097	2007	2018	2018	2037
304998	62	126	14	78	142	30	94	158	46	110	174	2018	2043	2124	1984	1992	2003	2010	2097	2008	2020	2021	2026
304998	62	126	14	78	142	30	94	158	46	110	174	2017	2031	2144	2007	2005	1971	2018	2080	1994	2020	2021	2014
304998	62	126	14	78	142	30	94	158	46	110	174	2034	2017	2149	2040	2013	1946	2032	2059	1968	2020	2016	2001
304998	62	126	14	78	142	30	94	158	46	110	174	2037	2006	2158	2056	2016	1944	2046	2051	1963	2017	2011	1994
304998	62	126	14	78	142	30	94	158	46	110	174	2033	2018	2147	2033	2014	1967	2028	2063	1980	2020	2013	2005
304998	62	126	14	78	142	30	94	158	46	110	174	2024	2034	2130	2000	2004	1991	2025	2088	2010	2021	2028	2021
304998	62	126	14	78	142	30	94	158	46	110	174	2013	2048	2118	1979	1996	2003	2014	2102	2015	2019	2027	2038
304998	62	126	14	78	142	30	94	158	46	110	174	2027	2042	2117	1993	2006	1985	2020	2094	1996	2018	2019	2024
304998	62	126	14	78	142	30	94	158	46	110	174	2022	2017	2146	2018	2013	1961	2022	2064	1972	2017	2013	2003
304998	62	126	14	78	142	30	94	158	46	110	174	2034	2006	2160	2048	2020	1950	2033	2049	1971	2021	2011	1989
304998	62	126	14	78	142	30	94	158	46	110	174	2033	2011	2168	2048	2008	1954	2025	2054	1967	2018	2020	1999
304998	62	126	14	78	142	30	94	158	46	110	174	2031	2034	2131	2020	2005	1977	2042	2076	1988	2021	2018	2022
304998	62	126	14	78	142	30	94	158	46	110	174	2020	2043	2116	1987	1999	2002	2017	2092	2011	2020	2019	2026
304998	62	126	14	78	142	30	94	158	46	110	174	2016	2046	2114	1983	1999	1999	2011	2096	2016	2022	2021	2028
304998	62	126	14	78	142	30	94	158	46	110	174	2023	2024	2140	1999	2006	1979	2017	2086	1995	2017	2024	2017
304998	62	126	14	78	142	30	94	158	46	110	174	2031	2018	2156	2037	2005	1951	2036	2061	1964	2021	2015	2005
304998	62	126	14	78	142	30	94	158	46	110	174	2037	2014	2156	2048	2020	1940	2039	2046	1959	2016	2008	1995
304998	62	126	14	78	142	30	94	158	46	110	174	2035	2015	2142	2036	2018	1966	2035	2057	1982	2021	2011	1996
304998	62	126	14	78	142	30	94	158	46	110	174	2028	2028	2125	2000	2007	1988	2023	2084	2006	2020	2023	2022
304998	62	126	14	78	142	30	94	158	46	110	174	2022	2047	2117	1982	1989	2005	2026	2104	2011	2021	2032	2036
304998	62	126	14	78	142	30	94	158	46	110	174	2019	2043	2129	1985	1995	1992	2019	2091	2001	2020	2022	2029
304998	62	126	14	78	142	30	94	158	46	110	174	2027	2029	2142	2013	2015	1961	2026	2068	1978	2018	2016	2005
304998	62	126	14	78	142	30	94	158	46	110	174	2038	2009	2154	2045	2020	1942	2035	2048	1970	2021	2014	1985
304998	62	126	14	78	142	30	94	158	46	110	174	2038	2007	2153	2047	2022	1950	2039	2061	1968	2018	2017	2005
304998	62	126	14	78	142	30	94	158	46	110	174	2031	2021	2144	2027	1994	1979	2029	2078	1989	2019	2016	2021
304998	62	126	14	78	142	30	94	158	46	110	174	2015	2045	2126	1991	2002	1997	2022	2090	2006	2019	2018	2033
304998	62	126	14	78	142	30	94	158	46	110	174	2022	2049	2118	1982	1997	2005	2026	2094	2018	2021	2022	2026
304998	62	126	14	78	142	30	94	158	46	110	174	2019	2036	2129	1995	2004	1981	2013	2086	1996	2018	2022	2019
304998	62	126	14	78	142	30	94	158	46	110	174	2033	2015	2153	2032	2010	1954	2030	2063	1966	2017	2015	2006
304998	62	126	14	78	142	30	94	158	46	110	174	2031	2004	2173	2053	2013	1942	2027	2047	1956	2019	2010	1997
304998	62	126	14	78	142	30	94	158	46	110	174	2035	2018	2149	2041	2014	1954	2037	2059	1985	2017	2009	1995
304998	62	126	14	78	142	30	94	158	46	110	174	2026	2038	2124	2010	2000	1986	2030	2085	2004	2022	2022	2025
304998	62	126	14	78	142	30	94	158	46	110	174	2023	2049	2109	1985	1996	2010	2019	2098	2012	2020	2028	2039
304998	62	126	14	78	142	30	94	158	46	110	174	2023	2039	2119	1983	1995	1994	2015	2091	2007	2021	2022	2030
304998	62	126	14	78	142	30	94	158	46	110	174	2024	2023	2148	2015	2003	1970	2017	2067	1982	2016	2013	2001
304998	62	126	14	78	142	30	94	158	46	110	174	2033	2018	2165	2045	2021	1942	2035	2054	1969	2021	2014	1990
304998	62	126	14	78	142	30	94	158	46	110	174	2032	2014	2149	2047	2011	1949	2034	2049	1965	2022	2016	1998
304998	62	126	14	78	142	30	94	158	46	110	174	2031	2019	2133	2025	2011	1972	2028	2065	1988	2020	2016	2018
304998	62	126	14	78	142	30	94	158	46	110	174	2017	2033	2121	1998	1997	1995	2019	2085	2013	2020	2019	2028
304998	62	126	14	78	142	30	94	158	46	110	174	2017	2045	2121	1983	1989	1996	2015	2101	2019	2018	2020	2027
304998	62	126	14	78	142	30	94	158	46	110	174	2018	2039	2130	1994	2007	1981	2017	2091	2000	2021	2024	2019
304998	62	126	14	78	142	30	94	158	46	110	174	2035	2023	2144	2026	2008	1961	2037	2065	1972	2021	2017	2004
304998	62	126	14	78	142	30	94	158	46	110	174	2038	2007	2158	2047	2019	1942	2035	2049	1958	2022	2010	1990
304998	62	126	14	78	142	30	94	158	46	110	174	2036	2014	2151	2042	2014	1955	2026	2051	1982	2022	2008	1997
304998	62	126	14	78	142	30	94	158	46	110	174	2022	2030	2134	2011	2007	1984	2017	2083	1999	2022	2022	2020
304998	62	126	14	78	142	30	94	158	46	110	174	2017	2049	2121	1984	1994	2003	2015	2099	2014	2021	2029	2038
304998	62	126	14	78	142	30	94	158	46	110	174	2017	2049	2114	1981	2000	1996	2026	2099	2009	2023	2020	2036
304998	62	126	14	78	142	30	94	158	46	110	174	2031	2031	2135	2011	2002	1973	2026	2074	1988	2017	2016	2015
304998	62	126	14	78	142	30	94	158	46	110	174	2037	2010	2156	2041	2018	1941	2027	2057	1968	2016	2014	1988
304998	62	126	14	78	142	30	94	158	46	110	174	2036	2008	2164	2047	2017	1949	2042	2053	1962	2022	2015	1993
304998	62	126	14	78	142	30	94	158	46	110	174	2027	2019	2148	2030	2011	1968	2028	2065	1980	2020	2016	2015
304998	62	126	14	78	142	30	94	158	46	110	174	2025	2045	2110	1998	2000	1994	2033	2090	2009	2017	2018	2029
304998	62	126	14	78	142	30	94	158	46	110	174	2019	2041	2112	1987	1986	2003	2010	2099	2022	2018	2020	2027
304998	62	126	14	78	142	30	94	158	46	110	174	2025	2034	2124	1991	2006	1982	2019	2094	1996	2021	2021	2022
304998	62	126	14	78	142	30	94	158	46	110	174	2028	2019	2153	2019	2010	1963	2037	2065	1971	2016	2019	2009
304998	62	126	14	78	142	30	94	158	46	110	174	2033	2013	2162	2045	2020	1942	2045	2050	1958	2018	2013	1999
304998	62	126	14	78	142	30	94	158	46	110	174	2038	2020	2149	2042	2013	1952	2034	2056	1974	2022	2009	1995
304998	62	126	14	78	142	30	94	158	46	110	174	2026	2028	2126	2022	1993	1980	2015	2081	1998	2019	2021	2011
304998	62	126	14	78	142	30	94	158	46	110	174	2023	2039	2114	1993	1996	1999	2013	2099	2015	2021	2032	2035
304998	62	126	14	78	142	30	94	158	46	110	174	2021	2043	2121	1985	1990	2000	2017	2091	2011	2022	2025	2035
304998	62	126	14	78	142	30	94	158	46	110	174	2020	2034	2142	1999	2011	1974	2018	2076	1996	2020	2016	2016
304998	62	126	14	78	142	30	94	158	46	110	174	2034	2021	2149	2032	2014	1944	2028	2059	1968	2021	2008	1988
304998	62	126	14	78	142	30	94	158	46	110	174	2035	2009	2156	2051	2010	1943	2040	2052	1961	2017	2015	1989
304998	62	126	14	78	142	30	94	158	46	110	174	2034	2018	2141	2032	2016	1961	2039	2068	1975	2020	2019	2013
304998	62	126	14	78	142	30	94	158	46	110	174	2029	2033	2127	2002	2002	1996	2026	2083	2004	2019	2020	2033
304998	62	126	14	78	142	30	94	158	46	110	174	2015	2046	2123	1981	1994	2009	2011	2100	2021	2018	2022	2028
304998	62	126	14	78	142	30	94	158	46	110	174	2023	2045	2123	1988	2003	1991	2025	2097	2004	2021	2024	2021
304998	62	126	14	78	142	30	94	158	46	110	174	2025	2027	2146	2016	2007	1962	2026	2067	1978	2019	2022	2008
304998	62	126	14	78	142	30	94	158	46	110	174	2041	2009	2155	2040	2022	1938	2034	2048	1954	2022	2015	1998
304998	62	126	14	78	142	30	94	158	46	110	174	2029	2011	2163	2044	2013	1951	2025	2049	1976	2020	2010	1999
304998	62	126	14	78	142	30	94	158	46	110	174	2025	2031	2139	2023	2003	1984	2023	2074	1995	2021	2014	2006
304998	62	126	14	78	142	30	94	158	46	110	174	2019	2051	2117	1989	2000	2002	2027	2099	2010	2021	2029	2033
304998	62	126	14	78	142	30	94	158	46	110	174	2021	2048	2107	1984	1988	2007	2012	2094	2010	2023	2026	2043
304998	62	126	14	78	142	30	94	158	46	110	174	2023	2027	2136	2002	2009	1978	2013	2076	1996	2020	2017	2028
304998	62	126	14	78	142	30	94	158	46	110	174	2036	2018	2155	2031	2013	1947	2025	2062	1972	2020	2011	1997
304998	62	126	14	78	142	30	94	158	46	110	174	2033	2010	2167	2047	2016	1946	2054	2060	1961	2019	2014	1983
304998	62	126	14	78	142	30	94	158	46	110	174	2024	2022	2146	2036	2014	1955	2026	2060	1971	2018	2018	2008
304998	62	126	14	78	142	30	94	158	46	110	174	2031	2042	2117	2007	2002	1989	2024	2084	2001	2018	2022	2033
304998	62	126	14	78	142	30	94	158	46	110	174	2018	2038	2122	1987	1991	2006	2009	2098	2026	2022	2020	2038
304998	62	126	14	78	142	30	94	158	46	110	174	2013	2034	2130	1983	2004	1994	2015	2091	2008	2020	2018	2027
304998	62	126	14	78	142	30	94	158	46	110	174	2027	2024	2156	2016	2005	1966	2038	2081	1977	2021	2023	2004
304998	62	126	14	78	142	30	94	158	46	110	174	2026	2018	2162	2038	2017	1938	2025	2054	1955	2021	2015	1998
304998	62	126	14	78	142	30	94	158	46	110	174	2033	2017	2153	2046	2014	1944	2033	2047	1974	2022	2013	2001
304998	62	126	14	78	142	30	94	158	46	110	174	2023	2021	2136	2026	2007	1981	2021	2074	1993	2018	2015	2007
304998	62	126	14	78	142	30	94	158	46	110	174	2023	2036	2119	1994	2001	1999	2021	2093	2007	2018	2023	2022
304998	62	126	14	78	142	30	94	158	46	110	174	2017	2040	2121	1982	1995	2006	2015	2099	2014	2022	2030	2039
304998	62	126	14	78	142	30	94	158	46	110	174	2020	2037	2131	1997	2003	1980	2017	2083	2001	2020	2020	2028
304998	62	126	14	78	142	30	94	158	46	110	174	2027	2023	2150	2028	2011	1951	2027	2066	1974	2021	2014	1999
304998	62	126	14	78	142	30	94	158	46	110	174	2035	2015	2151	2048	2012	1945	2039	2056	1955	2017	2008	1989
304998	62	126	14	78	142	30	94	158	46	110	174	2031	2017	2148	2038	2016	1957	2030	2066	1967	2020	2019	1998
304998	62	126	14	78	142	30	94	158	46	110	174	2026	2033	2132	2010	1994	1992	2041	2085	1999	2017	2022	2029
304998	62	126	14	78	142	30	94	158	46	110	174	2016	2041	2122	1983	2001	2005	2016	2097	2025	2020	2021	2039
304998	62	126	14	78	142	30	94	158	46	110	174	2017	2049	2116	1987	1998	1997	2019	2102	2005	2020	2018	2027
304998	62	126	14	78	142	30	94	158	46	110	174	2028	2030	2132	2016	2000	1976	2026	2078	1981	2018	2020	2004
304998	62	126	14	78	142	30	94	158	46	110	174	2028	2005	2153	2037	2018	1946	2028	2052	1960	2020	2017	1999
304998	62	126	14	78	142	30	94	158	46	110	174	2033	2010	2167	2041	2015	1945	2047	2046	1971	2023	2012	2000
304998	62	126	14	78	142	30	94	158	46	110	174	2029	2024	2153	2027	2013	1965	2020	2069	1991	2021	2013	2014
304998	62	126	14	78	142	30	94	158	46	110	174	2025	2043	2114	1997	2004	1994	2021	2093	2008	2020	2018	2023
304998	62	126	14	78	142	30	94	158	46	110	174	2017	2043	2110	1981	1991	2011	2010	2096	2017	2016	2029	2037
304998	62	126	14	78	142	30	94	158	46	110	174	2020	2036	2126	1994	2003	1988	2021	2087	2002	2020	2025	2030
304998	62	126	14	78	142	30	94	158	46	110	174	2024	2015	2161	2022	2007	1957	2018	2064	1978	2018	2014	2005
304998	62	126	14	78	142	30	94	158	46	110	174	2029	2015	2166	2043	2018	1936	2030	2057	1954	2021	2011	1990
304998	62	126	14	78	142	30	94	158	46	110	174	2036	2023	2153	2036	2020	1951	2025	2056	1970	2017	2021	1996
304998	62	126	14	78	142	30	94	158	46	110	174	2023	2038	2123	2010	2000	1985	2019	2076	1995	2017	2024	2019
304998	62	126	14	78	142	30	94	158	46	110	174	2026	2038	2118	1985	1992	2009	2019	2090	2022	2021	2020	2039
304998	62	126	14	78	142	30	94	158	46	110	174	2017	2045	2120	1983	1991	2001	2012	2098	2015	2022	2019	2031
304998	62	126	14	78	142	30	94	158	46	110	174	2028	2037	2144	2008	2004	1969	2027	2086	1990	2017	2019	2007
304998	62	126	14	78	142	30	94	158	46	110	174	2028	2021	2154	2030	2017	1947	2029	2058	1962	2021	2016	1993
304998	62	126	14	78	142	30	94	158	46	110	174	2034	2019	2152	2043	2019	1944	2043	2051	1964	2022	2018	1997
304998	62	126	14	78	142	30	94	158	46	110	174	2030	2018	2148	2022	2012	1962	2022	2070	1985	2019	2013	2009
304998	62	126	14	78	142	30	94	158	46	110	174	2028	2037	2121	2001	2001	1992	2030	2091	2006	2022	2020	2021
304998	62	126	14	78	142	30	94	158	46	110	174	2018	2046	2122	1984	1996	2006	2018	2100	2020	2016	2028	2032
304998	62	126	14	78	142	30	94	158	46	110	174	2014	2041	2122	1991	2002	1991	2011	2082	2007	2018	2026	2028
304998	62	126	14	78	142	30	94	158	46	110	174	2028	2024	2143	2017	2006	1966	2028	2068	1983	2018	2015	2004
304998	62	126	14	78	142	30	94	158	46	110	174	2032	2006	2167	2041	2008	1940	2025	2056	1962	2020	2011	1986
304998	62	126	14	78	142	30	94	158	46	110	174	2039	2013	2151	2042	2018	1946	2043	2063	1967	2022	2014	1993
304998	62	126	14	78	142	30	94	158	46	110	174	2021	2025	2142	2018	2005	1978	2022	2072	1996	2020	2025	2021
