304998	62	126	14	78	142	30	94	158	46	110	174	2004	2039	2144	1998	1978	1976	1995	2085	1985	2020	2046	2013
304998	62	126	14	78	142	30	94	158	46	110	174	2005	2026	2145	2011	1987	1974	2003	2079	1998	2018	2032	2015
304998	62	126	14	78	142	30	94	158	46	110	174	2027	2027	2137	2022	2011	1978	2020	2071	1994	2016	2016	2016
304998	62	126	14	78	142	30	94	158	46	110	174	2035	2015	2133	2037	2018	1975	2041	2059	1986	2022	2011	2018
304998	62	126	14	78	142	30	94	158	46	110	174	2039	2017	2123	2029	2018	1973	2039	2063	1982	2016	2017	2017
304998	62	126	14	78	142	30	94	158	46	110	174	2019	2021	2136	2019	1996	1970	2017	2076	1992	2020	2029	2017
304998	62	126	14	78	142	30	94	158	46	110	174	2004	2034	2151	2008	1980	1970	2002	2085	1998	2017	2036	2012
304998	62	126	14	78	142	30	94	158	46	110	174	2001	2036	2147	1997	1985	1973	2003	2092	1995	2021	2043	2005
304998	62	126	14	78	142	30	94	158	46	110	174	2015	2031	2139	2014	1997	1979	2019	2078	1984	2016	2027	2006
304998	62	126	14	78	142	30	94	158	46	110	174	2030	2017	2128	2028	2014	1976	2029	2057	1983	2017	2019	2019
304998	62	126	14	78	142	30	94	158	46	110	174	2035	2006	2124	2043	2016	1967	2034	2052	1993	2016	2011	2031
304998	62	126	14	78	142	30	94	158	46	110	174	2028	2015	2137	2025	2011	1971	2031	2066	1996	2017	2018	2018
304998	62	126	14	78	142	30	94	158	46	110	174	2010	2029	2156	2018	1981	1979	2012	2081	1996	2022	2028	2007
304998	62	126	14	78	142	30	94	158	46	110	174	1998	2042	2146	1996	1986	1975	2007	2091	1990	2016	2047	1998
304998	62	126	14	78	142	30	94	158	46	110	174	2006	2034	2135	2006	1979	1976	2003	2085	1984	2019	2046	2011
304998	62	126	14	78	142	30	94	158	46	110	174	2023	2021	2126	2021	2005	1973	2020	2063	1995	2016	2019	2019
304998	62	126	14	78	142	30	94	158	46	110	174	2036	2010	2126	2033	2015	1976	2039	2058	1993	2021	2008	2025
304998	62	126	14	78	142	30	94	158	46	110	174	2033	2008	2139	2035	2014	1975	2043	2061	1991	2021	2010	2013
304998	62	126	14	78	142	30	94	158	46	110	174	2020	2031	2142	2016	2004	1975	2021	2076	1989	2022	2028	2013
304998	62	126	14	78	142	30	94	158	46	110	174	2009	2039	2138	2004	1983	1975	2006	2086	1990	2019	2044	2008
304998	62	126	14	78	142	30	94	158	46	110	174	2003	2036	2135	2002	1986	1971	2006	2089	2000	2019	2043	2018
304998	62	126	14	78	142	30	94	158	46	110	174	2014	2022	2135	2009	1992	1974	2009	2080	1992	2016	2026	2013
304998	62	126	14	78	142	30	94	158	46	110	174	2030	2014	2139	2029	2003	1982	2032	2065	1987	2018	2011	2015
304998	62	126	14	78	142	30	94	158	46	110	174	2029	2013	2140	2034	2022	1974	2048	2057	1982	2017	2013	2019
304998	62	126	14	78	142	30	94	158	46	110	174	2027	2025	2131	2029	2005	1979	2030	2058	1995	2019	2020	2020
304998	62	126	14	78	142	30	94	158	46	110	174	2017	2030	2139	2017	1994	1972	2017	2083	1996	2019	2029	2017
304998	62	126	14	78	142	30	94	158	46	110	174	2003	2038	2142	1997	1981	1980	1997	2091	1991	2016	2038	2002
304998	62	126	14	78	142	30	94	158	46	110	174	2006	2037	2144	2008	1977	1985	2001	2085	1986	2018	2036	2005
304998	62	126	14	78	142	30	94	158	46	110	174	2017	2023	2144	2014	2007	1970	2023	2074	1988	2018	2031	2017
304998	62	126	14	78	142	30	94	158	46	110	174	2032	2019	2123	2028	2018	1971	2031	2057	1995	2022	2011	2029
304998	62	126	14	78	142	30	94	158	46	110	174	2039	2015	2127	2036	2021	1970	2033	2060	1993	2016	2012	2022
304998	62	126	14	78	142	30	94	158	46	110	174	2025	2024	2134	2019	2006	1974	2025	2073	1992	2017	2021	2005
304998	62	126	14	78	142	30	94	158	46	110	174	2009	2035	2145	2007	1980	1981	2012	2093	1984	2018	2041	2006
304998	62	126	14	78	142	30	94	158	46	110	174	2001	2039	2149	1994	1977	1971	2000	2090	1994	2019	2050	2011
304998	62	126	14	78	142	30	94	158	46	110	174	2009	2038	2133	2008	1991	1975	2016	2081	1997	2022	2029	2019
304998	62	126	14	78	142	30	94	158	46	110	174	2028	2018	2127	2025	2013	1968	2022	2065	1982	2021	2015	2022
304998	62	126	14	78	142	30	94	158	46	110	174	2042	2015	2127	2033	2022	1969	2038	2062	1982	2021	2008	2014
304998	62	126	14	78	142	30	94	158	46	110	174	2033	2016	2133	2027	2016	1975	2042	2059	1986	2020	2020	2017
304998	62	126	14	78	142	30	94	158	46	110	174	2010	2032	2145	2015	1991	1970	2011	2077	1994	2020	2032	2017
304998	62	126	14	78	142	30	94	158	46	110	174	2003	2043	2141	1996	1982	1974	1996	2089	1994	2021	2042	2008
304998	62	126	14	78	142	30	94	158	46	110	174	2004	2034	2132	2004	1979	1981	2000	2086	1992	2016	2037	2007
304998	62	126	14	78	142	30	94	158	46	110	174	2021	2020	2129	2015	2005	1973	2017	2069	1984	2020	2031	2013
304998	62	126	14	78	142	30	94	158	46	110	174	2038	2014	2133	2031	2020	1973	2035	2059	1991	2020	2015	2021
304998	62	126	14	78	142	30	94	158	46	110	174	2036	2018	2134	2042	2019	1971	2036	2058	1995	2018	2010	2031
304998	62	126	14	78	142	30	94	158	46	110	174	2031	2027	2137	2022	2005	1969	2028	2073	1990	2022	2020	2017
304998	62	126	14	78	142	30	94	158	46	110	174	2015	2033	2131	2014	1974	1981	2006	2088	1991	2017	2037	2002
304998	62	126	14	78	142	30	94	158	46	110	174	2002	2034	2134	1998	1986	1979	2000	2087	1999	2022	2049	2008
304998	62	126	14	78	142	30	94	158	46	110	174	2007	2028	2137	2004	1989	1979	2003	2078	1996	2019	2041	2015
304998	62	126	14	78	142	30	94	158	46	110	174	2029	2021	2139	2017	2011	1963	2017	2065	1991	2021	2015	2020
304998	62	126	14	78	142	30	94	158	46	110	174	2038	2021	2128	2034	2019	1970	2040	2057	1985	2017	2005	2019
304998	62	126	14	78	142	30	94	158	46	110	174	2038	2021	2124	2033	2011	1974	2035	2059	1988	2021	2014	2014
304998	62	126	14	78	142	30	94	158	46	110	174	2017	2026	2131	2015	1999	1975	2009	2076	1996	2022	2034	2014
304998	62	126	14	78	142	30	94	158	46	110	174	2005	2037	2147	2003	1980	1981	2002	2089	2002	2022	2041	2012
304998	62	126	14	78	142	30	94	158	46	110	174	2000	2038	2148	2001	1983	1969	1998	2089	1994	2019	2036	2010
304998	62	126	14	78	142	30	94	158	46	110	174	2014	2033	2138	2010	2006	1973	2017	2082	1991	2018	2025	2012
304998	62	126	14	78	142	30	94	158	46	110	174	2033	2019	2124	2028	2017	1970	2040	2060	1990	2022	2015	2023
304998	62	126	14	78	142	30	94	158	46	110	174	2039	2012	2122	2036	2020	1972	2044	2060	1991	2016	2013	2022
304998	62	126	14	78	142	30	94	158	46	110	174	2029	2018	2140	2024	2007	1978	2027	2069	1996	2017	2016	2018
304998	62	126	14	78	142	30	94	158	46	110	174	2013	2038	2148	2009	1991	1976	2008	2084	1992	2022	2031	2009
304998	62	126	14	78	142	30	94	158	46	110	174	2001	2043	2143	1998	1985	1979	1996	2089	1990	2019	2047	2005
304998	62	126	14	78	142	30	94	158	46	110	174	2008	2038	2138	2003	1992	1977	1994	2078	1996	2017	2042	2019
304998	62	126	14	78	142	30	94	158	46	110	174	2026	2020	2125	2018	2008	1971	2022	2069	1996	2022	2017	2025
304998	62	126	14	78	142	30	94	158	46	110	174	2034	2007	2132	2032	2009	1977	2035	2053	1985	2017	2005	2019
304998	62	126	14	78	142	30	94	158	46	110	174	2036	2020	2137	2032	2015	1971	2040	2065	1982	2020	2011	2013
304998	62	126	14	78	142	30	94	158	46	110	174	2018	2032	2141	2019	2003	1974	2015	2074	1991	2017	2032	2017
304998	62	126	14	78	142	30	94	158	46	110	174	2004	2044	2134	1998	1978	1982	1996	2085	1996	2021	2046	2013
304998	62	126	14	78	142	30	94	158	46	110	174	2006	2035	2135	1999	1979	1974	1999	2096	2000	2018	2043	2012
304998	62	126	14	78	142	30	94	158	46	110	174	2020	2030	2135	2008	1997	1975	2018	2078	1986	2021	2028	2011
304998	62	126	14	78	142	30	94	158	46	110	174	2028	2019	2133	2030	2006	1974	2031	2066	1984	2020	2015	2013
304998	62	126	14	78	142	30	94	158	46	110	174	2033	2019	2137	2031	2024	1971	2032	2051	1994	2022	2015	2024
304998	62	126	14	78	142	30	94	158	46	110	174	2032	2029	2125	2032	2004	1984	2043	2067	1996	2018	2020	2024
304998	62	126	14	78	142	30	94	158	46	110	174	2016	2032	2139	2007	1991	1974	2008	2081	1992	2021	2031	2007
304998	62	126	14	78	142	30	94	158	46	110	174	2005	2042	2137	1996	1982	1977	2005	2098	1993	2017	2040	2006
304998	62	126	14	78	142	30	94	158	46	110	174	2008	2034	2142	2002	1990	1974	2016	2085	1993	2016	2042	2008
304998	62	126	14	78	142	30	94	158	46	110	174	2017	2027	2135	2015	2011	1972	2014	2068	1995	2019	2025	2024
304998	62	126	14	78	142	30	94	158	46	110	174	2034	2019	2128	2029	2015	1981	2036	2061	1993	2017	2008	2026
304998	62	126	14	78	142	30	94	158	46	110	174	2034	2015	2128	2036	2015	1970	2030	2054	1989	2016	2011	2017
304998	62	126	14	78	142	30	94	158	46	110	174	2028	2024	2132	2019	2002	1970	2025	2073	1985	2018	2028	2006
304998	62	126	14	78	142	30	94	158	46	110	174	2002	2033	2152	2007	1975	1976	1996	2080	1996	2020	2047	2015
304998	62	126	14	78	142	30	94	158	46	110	174	2000	2045	2144	1999	1975	1983	1992	2092	2000	2020	2046	2014
304998	62	126	14	78	142	30	94	158	46	110	174	2008	2039	2135	2007	1984	1979	2009	2081	1995	2022	2028	2014
304998	62	126	14	78	142	30	94	158	46	110	174	2028	2022	2127	2029	2009	1976	2022	2063	1983	2020	2013	2014
304998	62	126	14	78	142	30	94	158	46	110	174	2039	2009	2125	2032	2023	1972	2044	2055	1987	2021	2013	2016
304998	62	126	14	78	142	30	94	158	46	110	174	2033	2013	2140	2034	2006	1981	2028	2064	1995	2019	2020	2020
304998	62	126	14	78	142	30	94	158	46	110	174	2011	2033	2138	2008	1998	1975	2011	2081	1995	2022	2033	2017
304998	62	126	14	78	142	30	94	158	46	110	174	2000	2047	2140	2002	1966	1980	1992	2091	1995	2021	2043	2001
304998	62	126	14	78	142	30	94	158	46	110	174	2008	2037	2129	2002	1982	1978	1996	2086	1987	2018	2043	2007
304998	62	126	14	78	142	30	94	158	46	110	174	2018	2025	2133	2011	2007	1969	2016	2063	1992	2022	2029	2018
304998	62	126	14	78	142	30	94	158	46	110	174	2032	2013	2133	2030	2012	1978	2033	2056	1996	2022	2013	2025
304998	62	126	14	78	142	30	94	158	46	110	174	2032	2015	2137	2031	2020	1975	2037	2060	1987	2020	2010	2025
304998	62	126	14	78	142	30	94	158	46	110	174	2026	2027	2136	2020	2005	1972	2028	2071	1989	2021	2020	2008
304998	62	126	14	78	142	30	94	158	46	110	174	2012	2042	2128	2004	1980	1976	2016	2085	1991	2021	2043	2008
304998	62	126	14	78	142	30	94	158	46	110	174	2002	2036	2135	1999	1980	1977	1999	2089	2000	2018	2051	2016
304998	62	126	14	78	142	30	94	158	46	110	174	2007	2028	2140	2008	1988	1980	2004	2085	1996	2017	2029	2016
304998	62	126	14	78	142	30	94	158	46	110	174	2027	2021	2135	2022	2010	1978	2033	2065	1984	2020	2013	2016
304998	62	126	14	78	142	30	94	158	46	110	174	2036	2018	2129	2034	2019	1970	2033	2056	1980	2019	2006	2012
304998	62	126	14	78	142	30	94	158	46	110	174	2035	2019	2124	2032	2014	1971	2034	2059	1996	2020	2019	2017
304998	62	126	14	78	142	30	94	158	46	110	174	2015	2029	2134	2016	1995	1977	2007	2076	1997	2020	2029	2020
304998	62	126	14	78	142	30	94	158	46	110	174	2006	2035	2141	1999	1979	1984	1992	2094	1995	2020	2042	2013
304998	62	126	14	78	142	30	94	158	46	110	174	2000	2034	2148	2004	1968	1981	1995	2088	1993	2022	2039	2005
304998	62	126	14	78	142	30	94	158	46	110	174	2017	2031	2140	2012	1998	1970	2012	2074	1987	2019	2027	2008
304998	62	126	14	78	142	30	94	158	46	110	174	2033	2021	2124	2026	2020	1969	2026	2058	1994	2017	2015	2021
304998	62	126	14	78	142	30	94	158	46	110	174	2039	2017	2124	2037	2021	1972	2039	2059	1991	2018	2008	2027
304998	62	126	14	78	142	30	94	158	46	110	174	2027	2023	2133	2020	2005	1979	2026	2072	1989	2020	2020	2017
304998	62	126	14	78	142	30	94	158	46	110	174	2011	2034	2144	2013	1969	1984	2008	2085	1993	2020	2036	2004
304998	62	126	14	78	142	30	94	158	46	110	174	1999	2044	2145	1996	1981	1975	2003	2086	1996	2019	2049	2008
304998	62	126	14	78	142	30	94	158	46	110	174	2004	2034	2131	2006	1995	1981	1996	2079	1997	2018	2039	2014
304998	62	126	14	78	142	30	94	158	46	110	174	2029	2021	2124	2024	2006	1976	2025	2064	1993	2017	2018	2023
304998	62	126	14	78	142	30	94	158	46	110	174	2042	2007	2125	2033	2021	1973	2038	2060	1986	2021	2005	2018
304998	62	126	14	78	142	30	94	158	46	110	174	2034	2014	2133	2035	2008	1976	2034	2057	1986	2019	2016	2011
304998	62	126	14	78	142	30	94	158	46	110	174	2020	2034	2145	2018	1997	1969	2017	2072	1996	2017	2033	2017
304998	62	126	14	78	142	30	94	158	46	110	174	2004	2043	2135	2002	1986	1975	2003	2087	1993	2020	2043	2011
304998	62	126	14	78	142	30	94	158	46	110	174	2006	2037	2136	2003	1974	1981	1996	2086	1996	2017	2039	2012
304998	62	126	14	78	142	30	94	158	46	110	174	2015	2027	2131	2010	1999	1969	2016	2077	1988	2019	2023	2011
304998	62	126	14	78	142	30	94	158	46	110	174	2038	2010	2129	2025	2018	1968	2042	2057	1986	2020	2014	2018
304998	62	126	14	78	142	30	94	158	46	110	174	2039	2012	2131	2037	2018	1971	2032	2053	1994	2020	2014	2024
304998	62	126	14	78	142	30	94	158	46	110	174	2027	2025	2130	2023	2006	1973	2032	2075	1993	2017	2019	2017
304998	62	126	14	78	142	30	94	158	46	110	174	2012	2039	2141	2014	1983	1986	2009	2087	1991	2017	2034	2012
304998	62	126	14	78	142	30	94	158	46	110	174	2000	2037	2139	2001	1975	1981	1994	2085	1995	2019	2041	2001
304998	62	126	14	78	142	30	94	158	46	110	174	2009	2032	2139	2002	1990	1968	2003	2079	1999	2021	2041	2014
304998	62	126	14	78	142	30	94	158	46	110	174	2019	2019	2140	2020	1999	1976	2017	2069	1997	2021	2023	2022
304998	62	126	14	78	142	30	94	158	46	110	174	2030	2016	2134	2032	2020	1974	2030	2057	1984	2018	2008	2021
304998	62	126	14	78	142	30	94	158	46	110	174	2042	2020	2127	2038	2006	1979	2048	2062	1983	2022	2012	2017
304998	62	126	14	78	142	30	94	158	46	110	174	2023	2029	2129	2022	1992	1975	2017	2067	1993	2019	2028	2008
304998	62	126	14	78	142	30	94	158	46	110	174	2006	2031	2140	2004	1986	1973	1995	2085	1998	2022	2045	2014
304998	62	126	14	78	142	30	94	158	46	110	174	2002	2038	2144	2000	1975	1981	2001	2094	1999	2020	2045	2014
304998	62	126	14	78	142	30	94	158	46	110	174	2017	2034	2140	2009	1999	1973	2008	2079	1989	2021	2028	2016
304998	62	126	14	78	142	30	94	158	46	110	174	2034	2025	2127	2030	2014	1968	2033	2062	1984	2020	2014	2017
304998	62	126	14	78	142	30	94	158	46	110	174	2045	2015	2126	2038	2013	1968	2040	2052	1986	2017	2010	2015
304998	62	126	14	78	142	30	94	158	46	110	174	2033	2017	2127	2027	2010	1972	2024	2065	1996	2020	2018	2025
304998	62	126	14	78	142	30	94	158	46	110	174	2018	2029	2143	2012	1981	1982	2017	2082	1993	2017	2035	2015
304998	62	126	14	78	142	30	94	158	46	110	174	2002	2041	2150	1995	1980	1975	1994	2092	1995	2022	2039	2010
304998	62	126	14	78	142	30	94	158	46	110	174	2007	2041	2138	2003	1987	1975	2002	2079	1996	2019	2040	2008
304998	62	126	14	78	142	30	94	158	46	110	174	2024	2025	2127	2019	2000	1976	2018	2064	1998	2020	2029	2014
304998	62	126	14	78	142	30	94	158	46	110	174	2036	2011	2125	2030	2022	1970	2034	2057	1989	2021	2010	2033
304998	62	126	14	78	142	30	94	158	46	110	174	2036	2013	2135	2031	2013	1976	2035	2057	1984	2017	2011	2020
304998	62	126	14	78	142	30	94	158	46	110	174	2020	2025	2144	2024	1994	1978	2016	2074	1985	2017	2018	2011
304998	62	126	14	78	142	30	94	158	46	110	174	2003	2041	2143	2007	1985	1973	1996	2081	1996	2020	2042	2005
304998	62	126	14	78	142	30	94	158	46	110	174	1999	2039	2141	2001	1978	1983	1995	2090	2003	2019	2048	2011
304998	62	126	14	78	142	30	94	158	46	110	174	2011	2033	2131	2008	1994	1976	2004	2080	1993	2018	2031	2021
304998	62	126	14	78	142	30	94	158	46	110	174	2027	2018	2132	2023	2013	1972	2029	2065	1985	2017	2013	2020
304998	62	126	14	78	142	30	94	158	46	110	174	2034	2008	2139	2042	2010	1973	2040	2051	1985	2020	2006	2017
304998	62	126	14	78	142	30	94	158	46	110	174	2036	2020	2137	2028	2013	1965	2027	2060	1995	2021	2017	2015
304998	62	126	14	78	142	30	94	158	46	110	174	2016	2036	2131	2012	1992	1979	2016	2079	1996	2022	2035	2017
304998	62	126	14	78	142	30	94	158	46	110	174	2004	2035	2132	2007	1974	1984	1997	2091	1991	2017	2042	2013
304998	62	126	14	78	142	30	94	158	46	110	174	2001	2033	2143	2002	1985	1970	1994	2086	1991	2018	2043	2010
304998	62	126	14	78	142	30	94	158	46	110	174	2020	2018	2140	2022	1988	1977	2020	2070	1993	2022	2026	2010
304998	62	126	14	78	142	30	94	158	46	110	174	2035	2016	2137	2032	2016	1971	2028	2054	1996	2018	2015	2016
304998	62	126	14	78	142	30	94	158	46	110	174	2042	2018	2127	2038	2015	1973	2037	2059	1989	2017	2011	2024
304998	62	126	14	78	142	30	94	158	46	110	174	2027	2024	2129	2025	1997	1979	2026	2067	1983	2022	2020	2017
304998	62	126	14	78	142	30	94	158	46	110	174	2005	2027	2143	2006	1981	1974	1996	2079	1993	2020	2038	2002
304998	62	126	14	78	142	30	94	158	46	110	174	2002	2035	2144	1995	1983	1974	2004	2085	2001	2020	2049	2005
304998	62	126	14	78	142	30	94	158	46	110	174	2006	2028	2144	2010	1989	1978	1998	2079	1998	2016	2039	2015
304998	62	126	14	78	142	30	94	158	46	110	174	2028	2027	2129	2021	2015	1975	2025	2063	1987	2018	2016	2025
304998	62	126	14	78	142	30	94	158	46	110	174	2038	2010	2127	2034	2017	1968	2037	2057	1984	2017	2006	2019
304998	62	126	14	78	142	30	94	158	46	110	174	2033	2012	2127	2031	2009	1973	2031	2057	1988	2016	2011	2016
304998	62	126	14	78	142	30	94	158	46	110	174	2018	2020	2140	2015	1997	1979	2021	2073	1997	2018	2037	2012
304998	62	126	14	78	142	30	94	158	46	110	174	2001	2036	2148	2003	1979	1979	1991	2087	1996	2022	2047	2015
304998	62	126	14	78	142	30	94	158	46	110	174	2003	2043	2142	1997	1983	1980	2002	2087	1995	2020	2042	2013
304998	62	126	14	78	142	30	94	158	46	110	174	2015	2028	2129	2013	1995	1973	2008	2071	1986	2022	2023	2009
