304998	62	126	14	78	142	30	94	158	46	110	174	2014	2032	2131	2015	2001	1967	2017	2074	1987	2017	2029	2008
304998	62	126	14	78	142	30	94	158	46	110	174	2036	2016	2121	2028	2018	1973	2033	2057	1981	2020	2014	2024
304998	62	126	14	78	142	30	94	158	46	110	174	2044	2009	2123	2036	2022	1970	2042	2051	1996	2017	2008	2029
304998	62	126	14	78	142	30	94	158	46	110	174	2031	2019	2132	2029	1999	1971	2024	2067	1998	2021	2018	2020
304998	62	126	14	78	142	30	94	158	46	110	174	2011	2031	2146	2016	1975	1981	2007	2083	1996	2019	2042	2001
304998	62	126	14	78	142	30	94	158	46	110	174	2002	2043	2143	2006	1980	1976	1990	2085	1993	2022	2054	2007
304998	62	126	14	78	142	30	94	158	46	110	174	2003	2034	2136	2005	1978	1987	1994	2073	1993	2017	2043	2016
304998	62	126	14	78	142	30	94	158	46	110	174	2025	2018	2123	2032	1997	1981	2016	2063	1995	2021	2014	2016
304998	62	126	14	78	142	30	94	158	46	110	174	2039	2004	2129	2034	2023	1966	2035	2054	1987	2017	2004	2014
304998	62	126	14	78	142	30	94	158	46	110	174	2037	2014	2138	2032	2011	1968	2033	2060	1982	2018	2018	2021
304998	62	126	14	78	142	30	94	158	46	110	174	2018	2025	2140	2021	1990	1979	2017	2072	1989	2020	2031	2023
304998	62	126	14	78	142	30	94	158	46	110	174	2004	2042	2138	2006	1983	1981	1999	2085	1994	2018	2044	2013
304998	62	126	14	78	142	30	94	158	46	110	174	1997	2036	2130	2005	1972	1977	1991	2080	2001	2017	2042	2002
304998	62	126	14	78	142	30	94	158	46	110	174	2021	2022	2126	2013	1992	1972	2009	2075	1994	2017	2034	2011
304998	62	126	14	78	142	30	94	158	46	110	174	2031	2008	2129	2030	2017	1969	2028	2054	1986	2021	2015	2023
304998	62	126	14	78	142	30	94	158	46	110	174	2038	2012	2132	2034	2024	1973	2038	2059	1986	2022	2006	2026
304998	62	126	14	78	142	30	94	158	46	110	174	2030	2020	2140	2029	2003	1977	2023	2061	1989	2022	2014	2010
304998	62	126	14	78	142	30	94	158	46	110	174	2015	2034	2132	2018	1986	1974	2013	2079	2002	2018	2038	2004
304998	62	126	14	78	142	30	94	158	46	110	174	2004	2037	2136	2002	1971	1977	1990	2091	1996	2018	2054	2010
304998	62	126	14	78	142	30	94	158	46	110	174	2002	2028	2130	2009	1976	1974	1994	2077	1994	2020	2036	2017
304998	62	126	14	78	142	30	94	158	46	110	174	2025	2019	2138	2019	2004	1984	2018	2064	1985	2022	2017	2014
304998	62	126	14	78	142	30	94	158	46	110	174	2034	2014	2133	2032	2017	1971	2038	2049	1988	2022	2010	2016
304998	62	126	14	78	142	30	94	158	46	110	174	2036	2021	2132	2037	2018	1968	2034	2061	1991	2017	2014	2021
304998	62	126	14	78	142	30	94	158	46	110	174	2023	2027	2135	2024	1997	1981	2013	2072	1992	2015	2029	2017
304998	62	126	14	78	142	30	94	158	46	110	174	2008	2037	2138	2007	1982	1980	2004	2083	1996	2020	2045	2009
304998	62	126	14	78	142	30	94	158	46	110	174	1995	2035	2140	2001	1963	1980	1991	2085	1994	2017	2046	1998
304998	62	126	14	78	142	30	94	158	46	110	174	2009	2026	2145	2018	1988	1973	2008	2073	1995	2022	2035	2014
304998	62	126	14	78	142	30	94	158	46	110	174	2033	2020	2134	2029	2012	1974	2022	2057	1994	2017	2015	2024
304998	62	126	14	78	142	30	94	158	46	110	174	2042	2015	2127	2033	2025	1969	2038	2056	1988	2021	2004	2026
304998	62	126	14	78	142	30	94	158	46	110	174	2033	2019	2128	2028	2001	1981	2029	2067	1984	2016	2013	2011
304998	62	126	14	78	142	30	94	158	46	110	174	2015	2026	2134	2014	1990	1972	2006	2073	1991	2017	2042	2008
304998	62	126	14	78	142	30	94	158	46	110	174	2002	2036	2148	2003	1971	1977	1995	2081	2002	2020	2051	2014
304998	62	126	14	78	142	30	94	158	46	110	174	1997	2029	2150	2008	1973	1981	1998	2081	1998	2022	2039	2014
304998	62	126	14	78	142	30	94	158	46	110	174	2018	2026	2138	2018	2004	1982	2017	2070	1991	2022	2016	2013
304998	62	126	14	78	142	30	94	158	46	110	174	2037	2015	2124	2033	2011	1974	2035	2052	1985	2019	2013	2018
304998	62	126	14	78	142	30	94	158	46	110	174	2037	2009	2126	2036	2017	1970	2040	2053	1985	2022	2014	2026
304998	62	126	14	78	142	30	94	158	46	110	174	2023	2019	2134	2024	2002	1970	2020	2065	1996	2016	2023	2024
304998	62	126	14	78	142	30	94	158	46	110	174	2002	2033	2148	2006	1978	1979	1998	2083	2001	2022	2045	2011
304998	62	126	14	78	142	30	94	158	46	110	174	1996	2037	2149	2003	1969	1980	1992	2089	1996	2022	2051	2004
304998	62	126	14	78	142	30	94	158	46	110	174	2005	2034	2145	2011	1986	1977	1998	2077	1993	2018	2042	2017
304998	62	126	14	78	142	30	94	158	46	110	174	2026	2018	2128	2030	2005	1974	2025	2060	1987	2021	2018	2023
304998	62	126	14	78	142	30	94	158	46	110	174	2034	2005	2131	2041	2018	1970	2032	2047	1986	2017	2004	2015
304998	62	126	14	78	142	30	94	158	46	110	174	2028	2009	2135	2032	2011	1977	2027	2060	1994	2021	2018	2009
304998	62	126	14	78	142	30	94	158	46	110	174	2015	2026	2147	2020	1978	1979	2010	2080	1995	2022	2034	2013
304998	62	126	14	78	142	30	94	158	46	110	174	2004	2039	2139	2004	1980	1973	1995	2084	1995	2020	2048	2016
304998	62	126	14	78	142	30	94	158	46	110	174	1998	2037	2133	2002	1979	1980	1997	2081	1997	2017	2040	2008
304998	62	126	14	78	142	30	94	158	46	110	174	2016	2020	2130	2020	1997	1978	2005	2063	1992	2017	2028	2011
304998	62	126	14	78	142	30	94	158	46	110	174	2035	2008	2135	2030	2015	1972	2035	2060	1991	2021	2013	2025
304998	62	126	14	78	142	30	94	158	46	110	174	2038	2008	2141	2040	2015	1973	2037	2056	1982	2020	2006	2027
304998	62	126	14	78	142	30	94	158	46	110	174	2026	2023	2142	2025	2007	1971	2026	2067	1988	2022	2019	2017
304998	62	126	14	78	142	30	94	158	46	110	174	2003	2036	2145	2013	1978	1980	1999	2079	1997	2020	2041	2005
304998	62	126	14	78	142	30	94	158	46	110	174	2002	2038	2135	1998	1973	1980	1991	2079	2003	2016	2056	2008
304998	62	126	14	78	142	30	94	158	46	110	174	2007	2024	2137	2013	1986	1973	1996	2079	2002	2019	2040	2019
304998	62	126	14	78	142	30	94	158	46	110	174	2023	2018	2137	2025	2011	1970	2020	2067	1988	2016	2014	2016
304998	62	126	14	78	142	30	94	158	46	110	174	2038	2011	2134	2036	2014	1975	2036	2052	1987	2023	2004	2008
304998	62	126	14	78	142	30	94	158	46	110	174	2034	2022	2134	2029	2016	1972	2030	2059	1985	2021	2018	2015
304998	62	126	14	78	142	30	94	158	46	110	174	2017	2025	2131	2021	1985	1976	2013	2067	1997	2021	2031	2016
304998	62	126	14	78	142	30	94	158	46	110	174	2000	2030	2141	2004	1980	1976	1984	2085	2002	2018	2047	2013
304998	62	126	14	78	142	30	94	158	46	110	174	2002	2031	2144	2007	1975	1980	1988	2082	1993	2020	2047	2003
304998	62	126	14	78	142	30	94	158	46	110	174	2010	2024	2140	2018	1993	1976	2009	2070	1989	2021	2033	2014
304998	62	126	14	78	142	30	94	158	46	110	174	2033	2017	2128	2034	2014	1970	2025	2054	1980	2023	2016	2026
304998	62	126	14	78	142	30	94	158	46	110	174	2042	2013	2129	2041	2020	1966	2031	2047	1991	2020	2007	2024
304998	62	126	14	78	142	30	94	158	46	110	174	2031	2014	2131	2029	2004	1971	2024	2063	1996	2020	2021	2012
304998	62	126	14	78	142	30	94	158	46	110	174	2010	2025	2143	2010	1982	1977	1999	2079	1996	2018	2047	2016
304998	62	126	14	78	142	30	94	158	46	110	174	1994	2034	2148	2007	1967	1985	1987	2083	1991	2020	2053	2019
304998	62	126	14	78	142	30	94	158	46	110	174	2003	2034	2143	2009	1981	1975	1994	2073	1990	2016	2040	2015
304998	62	126	14	78	142	30	94	158	46	110	174	2022	2026	2127	2021	2005	1975	2015	2064	1991	2019	2019	2013
304998	62	126	14	78	142	30	94	158	46	110	174	2042	2011	2125	2040	2015	1971	2029	2054	1995	2020	2014	2017
304998	62	126	14	78	142	30	94	158	46	110	174	2037	2013	2133	2034	2019	1969	2033	2061	1986	2017	2015	2021
304998	62	126	14	78	142	30	94	158	46	110	174	2016	2022	2143	2021	1990	1976	2015	2076	1993	2021	2029	2018
304998	62	126	14	78	142	30	94	158	46	110	174	1998	2036	2152	2008	1978	1972	1990	2085	1995	2018	2044	2000
304998	62	126	14	78	142	30	94	158	46	110	174	1996	2039	2137	1998	1978	1980	1988	2081	1999	2022	2053	2003
304998	62	126	14	78	142	30	94	158	46	110	174	2007	2022	2130	2010	1994	1983	2001	2074	1999	2017	2036	2018
304998	62	126	14	78	142	30	94	158	46	110	174	2028	2007	2128	2025	2009	1970	2019	2059	1988	2016	2011	2022
304998	62	126	14	78	142	30	94	158	46	110	174	2038	2004	2139	2040	2020	1969	2030	2052	1986	2019	2002	2018
304998	62	126	14	78	142	30	94	158	46	110	174	2025	2016	2140	2029	2010	1971	2024	2061	1987	2019	2023	2014
304998	62	126	14	78	142	30	94	158	46	110	174	2004	2034	2144	2011	1985	1982	1999	2072	1994	2020	2044	2020
304998	62	126	14	78	142	30	94	158	46	110	174	2002	2041	2131	2002	1971	1986	1985	2080	2004	2022	2050	2016
304998	62	126	14	78	142	30	94	158	46	110	174	2003	2029	2130	2009	1978	1981	1995	2084	2001	2020	2043	2009
304998	62	126	14	78	142	30	94	158	46	110	174	2024	2017	2139	2022	2005	1973	2014	2064	1988	2021	2028	2014
304998	62	126	14	78	142	30	94	158	46	110	174	2037	2014	2136	2039	2018	1972	2031	2054	1980	2023	2011	2025
304998	62	126	14	78	142	30	94	158	46	110	174	2033	2016	2130	2031	2019	1974	2031	2051	1982	2020	2009	2022
304998	62	126	14	78	142	30	94	158	46	110	174	2024	2028	2127	2022	1989	1978	2014	2065	1998	2021	2026	2008
304998	62	126	14	78	142	30	94	158	46	110	174	2000	2028	2133	2011	1975	1975	1994	2082	2001	2020	2049	2007
304998	62	126	14	78	142	30	94	158	46	110	174	1999	2035	2142	2003	1976	1976	1988	2084	1996	2019	2056	2015
304998	62	126	14	78	142	30	94	158	46	110	174	2006	2027	2144	2016	1984	1982	1997	2074	1992	2016	2036	2022
304998	62	126	14	78	142	30	94	158	46	110	174	2026	2019	2134	2027	2014	1974	2022	2054	1986	2021	2012	2019
304998	62	126	14	78	142	30	94	158	46	110	174	2039	2015	2121	2041	2015	1971	2035	2047	1987	2016	2008	2017
304998	62	126	14	78	142	30	94	158	46	110	174	2033	2016	2128	2034	2008	1969	2023	2054	1998	2020	2021	2017
304998	62	126	14	78	142	30	94	158	46	110	174	2016	2028	2137	2017	1989	1973	2000	2072	1995	2018	2036	2020
304998	62	126	14	78	142	30	94	158	46	110	174	2000	2038	2145	2006	1972	1986	1990	2084	1996	2018	2050	2011
304998	62	126	14	78	142	30	94	158	46	110	174	2002	2035	2144	2013	1966	1979	1995	2078	1997	2019	2044	2000
304998	62	126	14	78	142	30	94	158	46	110	174	2017	2025	2128	2019	2002	1970	2007	2065	1991	2022	2032	2015
304998	62	126	14	78	142	30	94	158	46	110	174	2038	2013	2121	2036	2017	1968	2029	2048	1991	2017	2013	2024
304998	62	126	14	78	142	30	94	158	46	110	174	2042	2007	2127	2036	2018	1974	2028	2056	1994	2021	2006	2024
304998	62	126	14	78	142	30	94	158	46	110	174	2022	2019	2138	2026	1994	1984	2019	2068	1986	2017	2022	2009
304998	62	126	14	78	142	30	94	158	46	110	174	2003	2031	2150	2008	1974	1975	1998	2079	1999	2018	2048	2010
304998	62	126	14	78	142	30	94	158	46	110	174	1994	2039	2139	2003	1978	1976	1984	2078	1992	2017	2058	2015
304998	62	126	14	78	142	30	94	158	46	110	174	2007	2027	2128	2011	1983	1981	1996	2069	1998	2020	2037	2018
304998	62	126	14	78	142	30	94	158	46	110	174	2027	2012	2129	2023	2013	1977	2013	2061	1996	2021	2014	2007
304998	62	126	14	78	142	30	94	158	46	110	174	2042	2010	2136	2031	2019	1968	2030	2052	1987	2020	2012	2018
304998	62	126	14	78	142	30	94	158	46	110	174	2032	2015	2137	2035	2001	1972	2025	2054	1987	2021	2018	2023
304998	62	126	14	78	142	30	94	158	46	110	174	2014	2028	2141	2016	1996	1974	2004	2076	1992	2022	2034	2020
304998	62	126	14	78	142	30	94	158	46	110	174	2003	2036	2137	2008	1968	1985	1991	2079	1993	2017	2050	2005
304998	62	126	14	78	142	30	94	158	46	110	174	2003	2028	2133	2011	1966	1983	1987	2079	2000	2020	2050	2007
304998	62	126	14	78	142	30	94	158	46	110	174	2014	2019	2129	2019	1994	1971	2001	2068	1993	2022	2037	2020
304998	62	126	14	78	142	30	94	158	46	110	174	2037	2010	2130	2035	2014	1968	2031	2058	1981	2018	2010	2025
304998	62	126	14	78	142	30	94	158	46	110	174	2034	2012	2140	2038	2017	1976	2032	2049	1980	2016	2005	2025
304998	62	126	14	78	142	30	94	158	46	110	174	2031	2023	2131	2028	2007	1972	2028	2063	1984	2020	2024	2014
304998	62	126	14	78	142	30	94	158	46	110	174	2017	2030	2129	2018	1973	1982	2003	2073	2001	2016	2050	2016
304998	62	126	14	78	142	30	94	158	46	110	174	1996	2027	2135	2004	1973	1976	1985	2082	2004	2022	2054	2014
304998	62	126	14	78	142	30	94	158	46	110	174	2003	2024	2142	2013	1985	1983	1992	2076	1996	2018	2041	2013
304998	62	126	14	78	142	30	94	158	46	110	174	2023	2018	2137	2024	2005	1970	2020	2061	1985	2020	2016	2009
304998	62	126	14	78	142	30	94	158	46	110	174	2035	2018	2130	2039	2023	1972	2032	2053	1982	2018	2014	2022
304998	62	126	14	78	142	30	94	158	46	110	174	2035	2015	2124	2036	2005	1978	2030	2051	1987	2017	2018	2024
304998	62	126	14	78	142	30	94	158	46	110	174	2020	2019	2130	2025	1991	1974	2008	2067	2002	2018	2031	2018
304998	62	126	14	78	142	30	94	158	46	110	174	1999	2031	2139	2010	1972	1986	1989	2083	1996	2019	2047	2003
304998	62	126	14	78	142	30	94	158	46	110	174	1998	2033	2145	2007	1975	1979	1996	2085	1993	2016	2053	2006
304998	62	126	14	78	142	30	94	158	46	110	174	2015	2027	2133	2015	1996	1975	2012	2069	1991	2021	2036	2018
304998	62	126	14	78	142	30	94	158	46	110	174	2037	2018	2123	2029	2016	1967	2028	2054	1982	2021	2011	2023
304998	62	126	14	78	142	30	94	158	46	110	174	2042	2011	2123	2039	2020	1978	2040	2047	1985	2020	2001	2019
304998	62	126	14	78	142	30	94	158	46	110	174	2032	2015	2131	2031	2008	1974	2019	2061	1994	2020	2024	2010
304998	62	126	14	78	142	30	94	158	46	110	174	2008	2026	2141	2019	1977	1980	2004	2078	1991	2020	2047	2016
304998	62	126	14	78	142	30	94	158	46	110	174	1997	2038	2148	2008	1972	1978	1993	2083	1995	2021	2048	2013
304998	62	126	14	78	142	30	94	158	46	110	174	2004	2032	2139	2007	1988	1970	1998	2076	1993	2018	2034	2010
304998	62	126	14	78	142	30	94	158	46	110	174	2028	2021	2121	2022	2003	1974	2015	2059	1991	2019	2022	2015
304998	62	126	14	78	142	30	94	158	46	110	174	2039	2010	2123	2040	2020	1971	2029	2049	1998	2020	2010	2020
304998	62	126	14	78	142	30	94	158	46	110	174	2037	2008	2130	2040	2014	1969	2028	2057	1993	2020	2015	2024
304998	62	126	14	78	142	30	94	158	46	110	174	2018	2019	2141	2028	1990	1969	2015	2068	1993	2018	2028	2015
304998	62	126	14	78	142	30	94	158	46	110	174	2002	2038	2144	2010	1972	1974	1997	2082	1995	2018	2043	2004
304998	62	126	14	78	142	30	94	158	46	110	174	2002	2036	2132	2007	1978	1985	1984	2077	1992	2017	2057	2009
304998	62	126	14	78	142	30	94	158	46	110	174	2016	2025	2126	2016	1988	1974	2006	2067	1994	2018	2036	2022
304998	62	126	14	78	142	30	94	158	46	110	174	2034	2014	2128	2034	2006	1971	2025	2058	1995	2017	2012	2022
304998	62	126	14	78	142	30	94	158	46	110	174	2039	2008	2135	2041	2023	1971	2037	2054	1989	2017	2007	2011
304998	62	126	14	78	142	30	94	158	46	110	174	2028	2017	2140	2032	2011	1971	2024	2055	1989	2018	2019	2014
304998	62	126	14	78	142	30	94	158	46	110	174	2013	2034	2139	2015	1986	1981	2005	2074	1993	2016	2041	2018
304998	62	126	14	78	142	30	94	158	46	110	174	2001	2034	2130	2006	1962	1980	1992	2077	1995	2021	2051	2014
304998	62	126	14	78	142	30	94	158	46	110	174	2001	2028	2132	2010	1987	1970	1994	2075	2002	2020	2042	2010
304998	62	126	14	78	142	30	94	158	46	110	174	2019	2017	2131	2023	2001	1969	2016	2065	1994	2021	2022	2010
304998	62	126	14	78	142	30	94	158	46	110	174	2032	2009	2140	2040	2020	1972	2040	2057	1985	2022	2013	2023
304998	62	126	14	78	142	30	94	158	46	110	174	2038	2014	2137	2032	2022	1969	2036	2058	1985	2021	2011	2024
304998	62	126	14	78	142	30	94	158	46	110	174	2023	2023	2134	2025	1999	1974	2025	2063	1987	2020	2023	2015
304998	62	126	14	78	142	30	94	158	46	110	174	2006	2030	2139	2015	1977	1971	2004	2079	2002	2019	2044	1999
304998	62	126	14	78	142	30	94	158	46	110	174	1997	2024	2144	2005	1977	1975	1986	2084	2000	2020	2053	2009
304998	62	126	14	78	142	30	94	158	46	110	174	2011	2020	2142	2018	1983	1986	2004	2076	1989	2019	2036	2017
304998	62	126	14	78	142	30	94	158	46	110	174	2026	2015	2135	2029	2010	1971	2031	2058	1983	2022	2015	2015
304998	62	126	14	78	142	30	94	158	46	110	174	2035	2010	2129	2040	2022	1969	2039	2051	1980	2016	2006	2017
304998	62	126	14	78	142	30	94	158	46	110	174	2036	2017	2128	2036	2011	1975	2030	2053	1992	2022	2020	2016
304998	62	126	14	78	142	30	94	158	46	110	174	2013	2019	2142	2020	1993	1975	2009	2069	1994	2021	2042	2021
304998	62	126	14	78	142	30	94	158	46	110	174	2000	2027	2140	2004	1980	1974	1997	2086	1996	2020	2050	2014
304998	62	126	14	78	142	30	94	158	46	110	174	2003	2031	2150	2006	1978	1973	1991	2079	1996	2017	2041	2002
304998	62	126	14	78	142	30	94	158	46	110	174	2012	2027	2141	2019	2004	1969	2017	2070	1984	2021	2029	2013
304998	62	126	14	78	142	30	94	158	46	110	174	2034	2014	2127	2034	2017	1971	2036	2051	1987	2018	2015	2022
304998	62	126	14	78	142	30	94	158	46	110	174	2040	2012	2125	2043	2019	1978	2036	2056	1995	2017	2009	2025
304998	62	126	14	78	142	30	94	158	46	110	174	2026	2014	2133	2027	2005	1971	2019	2068	1993	2019	2020	2016
304998	62	126	14	78	142	30	94	158	46	110	174	2009	2026	2141	2018	1983	1970	2008	2076	1993	2021	2038	2006
304998	62	126	14	78	142	30	94	158	46	110	174	2000	2031	2153	2004	1976	1972	1993	2077	1993	2018	2053	2005
304998	62	126	14	78	142	30	94	158	46	110	174	2008	2033	2139	2013	1988	1974	2004	2070	1988	2020	2040	2015
304998	62	126	14	78	142	30	94	158	46	110	174	2031	2018	2126	2029	2014	1974	2030	2054	1997	2017	2016	2021
304998	62	126	14	78	142	30	94	158	46	110	174	2039	2006	2126	2042	2019	1966	2038	2051	1989	2021	2004	2019
