304998	62	126	14	78	142	30	94	158	46	110	174	2002	2036	2142	2009	1975	1974	1986	2086	1996	2017	2045	2011
304998	62	126	14	78	142	30	94	158	46	110	174	2005	2025	2140	2006	1980	1973	1999	2080	1991	2022	2038	2008
304998	62	126	14	78	142	30	94	158	46	110	174	2021	2016	2138	2024	2007	1969	2020	2068	1983	2017	2024	2008
304998	62	126	14	78	142	30	94	158	46	110	174	2036	2008	2136	2038	2022	1973	2041	2046	1984	2017	2013	2026
304998	62	126	14	78	142	30	94	158	46	110	174	2041	2015	2133	2045	2022	1971	2039	2049	1992	2020	2011	2025
304998	62	126	14	78	142	30	94	158	46	110	174	2026	2022	2126	2026	2004	1974	2025	2066	1994	2018	2020	2016
304998	62	126	14	78	142	30	94	158	46	110	174	2013	2026	2139	2011	1981	1969	2000	2080	1992	2018	2042	2000
304998	62	126	14	78	142	30	94	158	46	110	174	2005	2028	2147	2006	1982	1969	1998	2085	1986	2019	2050	1998
304998	62	126	14	78	142	30	94	158	46	110	174	2007	2019	2148	2015	1989	1971	2001	2073	1991	2022	2038	2014
304998	62	126	14	78	142	30	94	158	46	110	174	2025	2019	2132	2033	2014	1970	2026	2054	1995	2021	2013	2023
304998	62	126	14	78	142	30	94	158	46	110	174	2044	2010	2121	2040	2032	1978	2037	2051	1985	2016	2000	2017
304998	62	126	14	78	142	30	94	158	46	110	174	2038	2012	2126	2039	2013	1974	2040	2057	1984	2019	2015	2011
304998	62	126	14	78	142	30	94	158	46	110	174	2021	2021	2138	2019	1995	1968	2010	2073	1986	2022	2037	2013
304998	62	126	14	78	142	30	94	158	46	110	174	2000	2031	2149	2003	1979	1969	1998	2081	1994	2019	2048	2013
304998	62	126	14	78	142	30	94	158	46	110	174	2001	2033	2151	2006	1980	1974	1991	2081	2000	2018	2042	2009
304998	62	126	14	78	142	30	94	158	46	110	174	2018	2024	2129	2022	2001	1970	2017	2069	1990	2020	2022	2004
304998	62	126	14	78	142	30	94	158	46	110	174	2037	2010	2123	2034	2018	1969	2033	2053	1986	2016	2014	2018
304998	62	126	14	78	142	30	94	158	46	110	174	2037	2003	2127	2042	2026	1972	2045	2049	1986	2020	2011	2029
304998	62	126	14	78	142	30	94	158	46	110	174	2031	2014	2136	2032	2014	1970	2029	2060	1992	2021	2019	2016
304998	62	126	14	78	142	30	94	158	46	110	174	2010	2033	2149	2013	1986	1978	2005	2080	1995	2017	2036	2009
304998	62	126	14	78	142	30	94	158	46	110	174	2000	2041	2144	2002	1973	1972	1990	2087	1990	2023	2050	1998
304998	62	126	14	78	142	30	94	158	46	110	174	2008	2025	2133	2016	1984	1971	1997	2072	1986	2019	2046	2008
304998	62	126	14	78	142	30	94	158	46	110	174	2031	2012	2126	2030	2009	1969	2021	2057	1988	2019	2019	2022
304998	62	126	14	78	142	30	94	158	46	110	174	2044	2004	2136	2042	2027	1972	2044	2045	1992	2021	2001	2020
304998	62	126	14	78	142	30	94	158	46	110	174	2032	2010	2135	2036	2016	1976	2030	2058	1993	2017	2009	2015
304998	62	126	14	78	142	30	94	158	46	110	174	2020	2025	2143	2021	1998	1967	2021	2071	1992	2020	2030	2005
304998	62	126	14	78	142	30	94	158	46	110	174	2002	2033	2142	2009	1979	1968	1995	2082	1985	2020	2049	2010
304998	62	126	14	78	142	30	94	158	46	110	174	2005	2034	2134	2006	1983	1969	2000	2081	1994	2020	2042	2012
304998	62	126	14	78	142	30	94	158	46	110	174	2017	2019	2139	2016	2001	1974	2016	2068	1995	2016	2022	2016
304998	62	126	14	78	142	30	94	158	46	110	174	2040	2010	2134	2037	2012	1979	2034	2058	1993	2020	2009	2011
304998	62	126	14	78	142	30	94	158	46	110	174	2037	2007	2138	2040	2023	1969	2044	2049	1985	2020	2008	2020
304998	62	126	14	78	142	30	94	158	46	110	174	2029	2023	2134	2032	2010	1968	2030	2059	1986	2018	2022	2020
304998	62	126	14	78	142	30	94	158	46	110	174	2017	2033	2138	2014	1987	1973	2016	2073	1993	2021	2036	2010
304998	62	126	14	78	142	30	94	158	46	110	174	2000	2035	2140	2003	1982	1971	1986	2088	1999	2017	2042	2001
304998	62	126	14	78	142	30	94	158	46	110	174	2004	2023	2145	2009	1984	1971	2016	2080	1993	2021	2042	2003
304998	62	126	14	78	142	30	94	158	46	110	174	2022	2015	2137	2026	2008	1971	2018	2062	1988	2017	2021	2026
304998	62	126	14	78	142	30	94	158	46	110	174	2036	2015	2127	2037	2025	1966	2044	2046	1981	2018	2007	2031
304998	62	126	14	78	142	30	94	158	46	110	174	2041	2011	2125	2038	2025	1972	2042	2051	1993	2017	2005	2021
304998	62	126	14	78	142	30	94	158	46	110	174	2025	2019	2139	2023	1999	1973	2016	2072	1996	2017	2025	2005
304998	62	126	14	78	142	30	94	158	46	110	174	2006	2027	2146	2005	1983	1973	2003	2085	1991	2022	2051	2002
304998	62	126	14	78	142	30	94	158	46	110	174	1994	2031	2153	2008	1965	1974	1994	2082	1987	2020	2050	2009
304998	62	126	14	78	142	30	94	158	46	110	174	2011	2025	2142	2016	1995	1967	2012	2072	1987	2020	2026	2019
304998	62	126	14	78	142	30	94	158	46	110	174	2036	2014	2126	2037	2018	1975	2028	2055	1991	2017	2008	2018
304998	62	126	14	78	142	30	94	158	46	110	174	2049	2007	2122	2041	2026	1974	2045	2051	1991	2021	2005	2015
304998	62	126	14	78	142	30	94	158	46	110	174	2036	2017	2137	2035	2012	1970	2031	2059	1989	2018	2019	2022
304998	62	126	14	78	142	30	94	158	46	110	174	2010	2027	2150	2016	1985	1976	2010	2077	1991	2021	2037	2014
304998	62	126	14	78	142	30	94	158	46	110	174	2004	2038	2153	2003	1970	1974	1998	2085	1994	2021	2046	2009
304998	62	126	14	78	142	30	94	158	46	110	174	2005	2035	2141	2009	1985	1973	1993	2078	1996	2021	2037	2001
304998	62	126	14	78	142	30	94	158	46	110	174	2024	2017	2125	2027	1998	1976	2024	2063	1988	2017	2026	2011
304998	62	126	14	78	142	30	94	158	46	110	174	2041	2007	2123	2037	2028	1973	2036	2051	1984	2019	2009	2029
304998	62	126	14	78	142	30	94	158	46	110	174	2043	2008	2129	2041	2018	1970	2041	2051	1982	2019	2008	2024
304998	62	126	14	78	142	30	94	158	46	110	174	2022	2020	2141	2025	2008	1969	2020	2061	1995	2018	2021	2012
304998	62	126	14	78	142	30	94	158	46	110	174	2003	2037	2146	2006	1982	1969	1999	2086	1999	2021	2045	2003
304998	62	126	14	78	142	30	94	158	46	110	174	2005	2039	2139	2003	1978	1976	1998	2086	1989	2021	2051	2001
304998	62	126	14	78	142	30	94	158	46	110	174	2015	2025	2130	2011	1991	1974	2008	2077	1986	2022	2030	2017
304998	62	126	14	78	142	30	94	158	46	110	174	2031	2009	2137	2030	2017	1972	2030	2052	1983	2019	2011	2020
304998	62	126	14	78	142	30	94	158	46	110	174	2045	2012	2132	2042	2028	1970	2039	2050	1992	2021	2001	2016
304998	62	126	14	78	142	30	94	158	46	110	174	2032	2016	2134	2033	2018	1972	2033	2064	1991	2021	2018	2017
304998	62	126	14	78	142	30	94	158	46	110	174	2019	2034	2136	2015	1998	1971	2008	2077	1991	2018	2037	2011
304998	62	126	14	78	142	30	94	158	46	110	174	2006	2038	2137	2007	1966	1974	2001	2088	1990	2022	2045	2009
304998	62	126	14	78	142	30	94	158	46	110	174	2003	2031	2148	2007	1986	1973	1991	2082	1992	2022	2041	2007
304998	62	126	14	78	142	30	94	158	46	110	174	2023	2020	2137	2020	1999	1975	2013	2066	1994	2019	2019	2008
304998	62	126	14	78	142	30	94	158	46	110	174	2034	2015	2135	2034	2024	1971	2039	2055	1984	2023	2013	2022
304998	62	126	14	78	142	30	94	158	46	110	174	2044	2015	2127	2040	2025	1977	2039	2052	1986	2021	2011	2023
304998	62	126	14	78	142	30	94	158	46	110	174	2029	2020	2137	2026	2002	1971	2043	2068	1990	2017	2022	2020
304998	62	126	14	78	142	30	94	158	46	110	174	2010	2027	2141	2012	1981	1969	2000	2079	1997	2020	2035	2004
304998	62	126	14	78	142	30	94	158	46	110	174	2004	2035	2149	2006	1981	1973	1999	2092	1999	2018	2050	1995
304998	62	126	14	78	142	30	94	158	46	110	174	2009	2031	2146	2012	1988	1976	2012	2078	1988	2021	2040	2018
304998	62	126	14	78	142	30	94	158	46	110	174	2029	2019	2134	2028	2014	1972	2033	2061	1982	2017	2015	2024
304998	62	126	14	78	142	30	94	158	46	110	174	2040	2009	2129	2041	2024	1976	2050	2043	1983	2021	2002	2026
304998	62	126	14	78	142	30	94	158	46	110	174	2039	2009	2125	2037	2013	1968	2033	2052	1995	2016	2009	2014
304998	62	126	14	78	142	30	94	158	46	110	174	2017	2020	2142	2020	1996	1971	2010	2075	1996	2017	2030	2003
304998	62	126	14	78	142	30	94	158	46	110	174	1998	2032	2152	2009	1971	1979	1996	2086	1995	2020	2049	2011
304998	62	126	14	78	142	30	94	158	46	110	174	2003	2034	2148	2003	1974	1977	1991	2084	1991	2018	2041	2012
304998	62	126	14	78	142	30	94	158	46	110	174	2015	2023	2133	2019	1998	1973	2006	2062	1986	2020	2021	2015
304998	62	126	14	78	142	30	94	158	46	110	174	2042	2010	2121	2034	2017	1971	2032	2060	1994	2022	2011	2014
304998	62	126	14	78	142	30	94	158	46	110	174	2042	2001	2132	2042	2032	1966	2038	2048	1987	2016	2009	2019
304998	62	126	14	78	142	30	94	158	46	110	174	2031	2017	2142	2033	2010	1974	2030	2065	1982	2020	2020	2024
304998	62	126	14	78	142	30	94	158	46	110	174	2009	2034	2153	2015	1981	1974	2014	2080	1984	2020	2039	2011
304998	62	126	14	78	142	30	94	158	46	110	174	2000	2040	2142	2000	1978	1968	1996	2084	1998	2016	2041	1999
304998	62	126	14	78	142	30	94	158	46	110	174	2009	2031	2134	2012	1983	1973	1997	2081	1995	2018	2038	2003
304998	62	126	14	78	142	30	94	158	46	110	174	2027	2010	2130	2027	2013	1973	2028	2063	1986	2021	2020	2019
304998	62	126	14	78	142	30	94	158	46	110	174	2046	2006	2129	2040	2030	1979	2045	2051	1982	2018	2004	2033
304998	62	126	14	78	142	30	94	158	46	110	174	2039	2008	2139	2038	2018	1966	2047	2048	1984	2021	2007	2017
304998	62	126	14	78	142	30	94	158	46	110	174	2027	2030	2139	2022	1998	1967	2017	2074	1998	2016	2025	2008
304998	62	126	14	78	142	30	94	158	46	110	174	2006	2039	2137	2006	1983	1968	1992	2088	1993	2016	2049	2008
304998	62	126	14	78	142	30	94	158	46	110	174	2004	2032	2143	2002	1982	1976	1998	2085	1992	2021	2048	2010
304998	62	126	14	78	142	30	94	158	46	110	174	2016	2017	2143	2014	1997	1973	2005	2073	1987	2021	2025	2020
304998	62	126	14	78	142	30	94	158	46	110	174	2031	2005	2140	2038	2013	1973	2035	2051	1990	2017	2005	2016
304998	62	126	14	78	142	30	94	158	46	110	174	2042	2014	2133	2041	2020	1970	2038	2051	1992	2016	2005	2015
304998	62	126	14	78	142	30	94	158	46	110	174	2035	2016	2128	2030	2015	1970	2029	2064	1983	2018	2020	2021
304998	62	126	14	78	142	30	94	158	46	110	174	2013	2023	2137	2019	1982	1978	2011	2078	1988	2021	2041	2008
304998	62	126	14	78	142	30	94	158	46	110	174	2004	2036	2144	2001	1975	1974	1993	2086	1991	2021	2042	2011
304998	62	126	14	78	142	30	94	158	46	110	174	2006	2027	2150	2011	1976	1977	2001	2079	1998	2021	2033	2002
304998	62	126	14	78	142	30	94	158	46	110	174	2020	2022	2139	2026	2011	1965	2026	2067	1991	2017	2021	2016
304998	62	126	14	78	142	30	94	158	46	110	174	2043	2011	2123	2044	2033	1967	2042	2051	1988	2017	2009	2027
304998	62	126	14	78	142	30	94	158	46	110	174	2044	2012	2127	2044	2016	1974	2046	2052	1985	2021	2006	2021
304998	62	126	14	78	142	30	94	158	46	110	174	2025	2019	2134	2022	1999	1973	2023	2065	1987	2018	2021	2011
304998	62	126	14	78	142	30	94	158	46	110	174	2002	2028	2153	2012	1968	1974	1996	2082	1998	2020	2043	1997
304998	62	126	14	78	142	30	94	158	46	110	174	1994	2036	2153	2006	1977	1972	1995	2085	1990	2016	2050	2002
304998	62	126	14	78	142	30	94	158	46	110	174	2013	2030	2136	2015	1996	1970	2005	2071	1989	2018	2031	2023
304998	62	126	14	78	142	30	94	158	46	110	174	2034	2010	2125	2036	2018	1976	2030	2053	1982	2022	2006	2022
304998	62	126	14	78	142	30	94	158	46	110	174	2046	2004	2129	2042	2023	1972	2045	2043	1986	2018	1998	2016
304998	62	126	14	78	142	30	94	158	46	110	174	2033	2010	2137	2038	2012	1966	2033	2059	1993	2021	2016	2012
304998	62	126	14	78	142	30	94	158	46	110	174	2015	2029	2147	2018	1985	1973	2016	2079	1989	2020	2039	2012
304998	62	126	14	78	142	30	94	158	46	110	174	2001	2039	2143	2001	1975	1972	1996	2091	1986	2020	2048	2013
304998	62	126	14	78	142	30	94	158	46	110	174	2008	2038	2134	2002	1983	1975	2007	2079	1991	2021	2043	2008
304998	62	126	14	78	142	30	94	158	46	110	174	2020	2017	2136	2025	1999	1972	2019	2063	1999	2021	2020	2010
304998	62	126	14	78	142	30	94	158	46	110	174	2042	2004	2137	2040	2025	1965	2039	2052	1985	2016	2011	2025
304998	62	126	14	78	142	30	94	158	46	110	174	2040	2012	2135	2041	2020	1968	2045	2049	1989	2020	2010	2023
304998	62	126	14	78	142	30	94	158	46	110	174	2026	2024	2136	2027	2006	1975	2023	2065	1987	2017	2020	2020
304998	62	126	14	78	142	30	94	158	46	110	174	2009	2036	2139	2007	1975	1980	2003	2079	1996	2021	2041	2003
304998	62	126	14	78	142	30	94	158	46	110	174	2000	2030	2146	2007	1970	1974	1986	2084	1998	2016	2044	1997
304998	62	126	14	78	142	30	94	158	46	110	174	2008	2017	2144	2013	1986	1969	2002	2075	1992	2021	2038	2014
304998	62	126	14	78	142	30	94	158	46	110	174	2032	2013	2137	2033	2015	1972	2039	2054	1983	2016	2011	2020
304998	62	126	14	78	142	30	94	158	46	110	174	2041	2008	2136	2042	2025	1975	2040	2045	1981	2020	2000	2027
304998	62	126	14	78	142	30	94	158	46	110	174	2039	2015	2128	2037	2008	1975	2046	2056	1994	2022	2009	2008
304998	62	126	14	78	142	30	94	158	46	110	174	2021	2023	2130	2020	1989	1971	2018	2078	1992	2021	2034	2003
304998	62	126	14	78	142	30	94	158	46	110	174	2004	2028	2144	2006	1983	1969	1996	2091	1993	2019	2049	2008
304998	62	126	14	78	142	30	94	158	46	110	174	2004	2029	2152	2006	1985	1976	2011	2082	1984	2020	2039	2013
304998	62	126	14	78	142	30	94	158	46	110	174	2019	2025	2137	2022	2000	1975	2012	2061	1987	2017	2020	2018
304998	62	126	14	78	142	30	94	158	46	110	174	2038	2010	2127	2041	2018	1974	2039	2049	1996	2021	2006	2014
304998	62	126	14	78	142	30	94	158	46	110	174	2049	2005	2124	2047	2020	1971	2046	2054	1981	2019	2011	2019
304998	62	126	14	78	142	30	94	158	46	110	174	2031	2018	2133	2032	2008	1969	2023	2067	1989	2023	2022	2022
304998	62	126	14	78	142	30	94	158	46	110	174	2008	2026	2151	2007	1981	1978	2008	2080	1986	2021	2037	2009
304998	62	126	14	78	142	30	94	158	46	110	174	1999	2039	2148	2000	1975	1974	1992	2085	1995	2022	2041	2006
304998	62	126	14	78	142	30	94	158	46	110	174	2009	2034	2139	2011	1987	1970	2001	2077	1995	2021	2041	2005
304998	62	126	14	78	142	30	94	158	46	110	174	2034	2016	2127	2033	2008	1976	2024	2061	1987	2022	2020	2019
304998	62	126	14	78	142	30	94	158	46	110	174	2046	2003	2127	2045	2023	1970	2043	2050	1986	2017	2003	2026
304998	62	126	14	78	142	30	94	158	46	110	174	2038	2010	2139	2038	2013	1977	2040	2052	1989	2020	2006	2019
304998	62	126	14	78	142	30	94	158	46	110	174	2022	2027	2150	2020	1990	1978	2016	2075	1996	2017	2028	2003
304998	62	126	14	78	142	30	94	158	46	110	174	1997	2041	2155	1998	1978	1969	1992	2086	1998	2018	2051	1999
304998	62	126	14	78	142	30	94	158	46	110	174	1999	2034	2134	1998	1983	1971	1992	2088	1991	2019	2047	2014
304998	62	126	14	78	142	30	94	158	46	110	174	2019	2020	2132	2021	1996	1976	2012	2073	1982	2019	2024	2016
304998	62	126	14	78	142	30	94	158	46	110	174	2040	2005	2133	2033	2023	1966	2042	2047	1987	2021	2001	2019
304998	62	126	14	78	142	30	94	158	46	110	174	2045	2009	2137	2044	2023	1973	2041	2048	1987	2018	2004	2018
304998	62	126	14	78	142	30	94	158	46	110	174	2027	2021	2137	2033	2014	1973	2031	2059	1986	2022	2023	2012
304998	62	126	14	78	142	30	94	158	46	110	174	2012	2033	2136	2010	1982	1977	2013	2082	1985	2017	2038	2014
304998	62	126	14	78	142	30	94	158	46	110	174	2001	2035	2141	2002	1976	1974	1995	2085	1993	2021	2046	2007
304998	62	126	14	78	142	30	94	158	46	110	174	2013	2031	2142	2009	1993	1978	2009	2078	1995	2019	2032	2007
304998	62	126	14	78	142	30	94	158	46	110	174	2026	2011	2141	2027	2009	1970	2020	2064	1991	2017	2017	2014
304998	62	126	14	78	142	30	94	158	46	110	174	2042	2009	2128	2045	2030	1966	2039	2051	1981	2018	2006	2020
304998	62	126	14	78	142	30	94	158	46	110	174	2042	2016	2128	2042	2019	1974	2054	2054	1982	2019	2011	2026
304998	62	126	14	78	142	30	94	158	46	110	174	2023	2023	2131	2023	2002	1975	2023	2072	1984	2016	2022	2011
304998	62	126	14	78	142	30	94	158	46	110	174	2008	2035	2144	2005	1981	1981	2009	2089	2002	2020	2045	2000
304998	62	126	14	78	142	30	94	158	46	110	174	1996	2033	2152	1998	1971	1975	1988	2089	1994	2018	2048	2007
304998	62	126	14	78	142	30	94	158	46	110	174	2014	2026	2139	2017	1996	1972	2011	2073	1988	2019	2031	2014
304998	62	126	14	78	142	30	94	158	46	110	174	2034	2015	2129	2034	2021	1970	2040	2049	1986	2022	2005	2024
304998	62	126	14	78	142	30	94	158	46	110	174	2046	2008	2122	2048	2017	1975	2043	2044	1984	2017	2002	2020
304998	62	126	14	78	142	30	94	158	46	110	174	2038	2011	2130	2031	2012	1973	2032	2064	1991	2020	2014	2011
304998	62	126	14	78	142	30	94	158	46	110	174	2012	2021	2146	2019	1981	1975	2006	2080	1993	2017	2038	2013
304998	62	126	14	78	142	30	94	158	46	110	174	2002	2038	2151	2003	1975	1971	1997	2090	1991	2022	2049	2008
304998	62	126	14	78	142	30	94	158	46	110	174	2003	2037	2142	2002	1985	1975	2002	2079	1993	2017	2032	2013
304998	62	126	14	78	142	30	94	158	46	110	174	2026	2020	2130	2025	1999	1982	2021	2063	1993	2020	2016	2009
304998	62	126	14	78	142	30	94	158	46	110	174	2044	2006	2127	2038	2025	1971	2042	2052	1987	2021	2010	2017
304998	62	126	14	78	142	30	94	158	46	110	174	2041	2003	2130	2044	2020	1976	2046	2049	1985	2019	2009	2026
304998	62	126	14	78	142	30	94	158	46	110	174	2024	2020	2146	2027	2002	1968	2028	2064	1988	2017	2026	2014
304998	62	126	14	78	142	30	94	158	46	110	174	2004	2043	2146	2005	1984	1976	2000	2082	1996	2020	2036	2005
304998	62	126	14	78	142	30	94	158	46	110	174	2000	2039	2137	2001	1973	1979	2004	2090	1999	2017	2047	2001
304998	62	126	14	78	142	30	94	158	46	110	174	2010	2023	2137	2014	1988	1973	2004	2077	1984	2018	2037	2013
