304998	62	126	14	78	142	30	94	158	46	110	174	2038	2007	2130	2034	2017	1966	2039	2057	1980	2017	2011	2025
304998	62	126	14	78	142	30	94	158	46	110	174	2037	2006	2139	2047	2022	1970	2049	2046	1984	2019	2000	2024
304998	62	126	14	78	142	30	94	158	46	110	174	2042	2019	2132	2037	2019	1971	2033	2060	1991	2017	2011	2007
304998	62	126	14	78	142	30	94	158	46	110	174	2017	2031	2132	2013	1990	1982	2018	2084	1996	2022	2034	2009
304998	62	126	14	78	142	30	94	158	46	110	174	2000	2040	2144	1998	1974	1977	2000	2087	1997	2020	2048	2011
304998	62	126	14	78	142	30	94	158	46	110	174	2004	2031	2143	1998	1984	1971	1995	2086	1991	2021	2042	2013
304998	62	126	14	78	142	30	94	158	46	110	174	2018	2015	2144	2022	1998	1973	2016	2059	1993	2018	2019	2015
304998	62	126	14	78	142	30	94	158	46	110	174	2042	2007	2132	2042	2024	1971	2036	2052	1984	2016	2000	2016
304998	62	126	14	78	142	30	94	158	46	110	174	2042	2013	2125	2041	2027	1972	2042	2052	1982	2022	2011	2018
304998	62	126	14	78	142	30	94	158	46	110	174	2029	2019	2127	2033	2002	1971	2027	2066	1989	2023	2022	2023
304998	62	126	14	78	142	30	94	158	46	110	174	2012	2029	2142	2009	1982	1970	2004	2083	1991	2018	2040	2006
304998	62	126	14	78	142	30	94	158	46	110	174	1999	2038	2149	2003	1971	1985	1992	2088	1998	2019	2044	2002
304998	62	126	14	78	142	30	94	158	46	110	174	2008	2032	2144	2008	1989	1976	2007	2081	1993	2020	2037	2004
304998	62	126	14	78	142	30	94	158	46	110	174	2031	2019	2129	2029	2015	1972	2028	2059	1981	2022	2015	2018
304998	62	126	14	78	142	30	94	158	46	110	174	2042	2005	2124	2048	2024	1970	2042	2049	1983	2022	2000	2026
304998	62	126	14	78	142	30	94	158	46	110	174	2039	2010	2136	2036	2019	1966	2042	2048	1987	2021	2007	2014
304998	62	126	14	78	142	30	94	158	46	110	174	2021	2026	2143	2023	1990	1979	2009	2073	1996	2017	2027	2004
304998	62	126	14	78	142	30	94	158	46	110	174	2001	2036	2152	1998	1977	1980	1996	2092	1998	2018	2050	2005
304998	62	126	14	78	142	30	94	158	46	110	174	2003	2037	2142	2001	1976	1977	1998	2084	1988	2021	2047	2008
304998	62	126	14	78	142	30	94	158	46	110	174	2021	2022	2125	2024	2004	1969	2015	2073	1984	2018	2021	2018
304998	62	126	14	78	142	30	94	158	46	110	174	2042	2003	2126	2042	2022	1969	2039	2051	1993	2021	2006	2016
304998	62	126	14	78	142	30	94	158	46	110	174	2046	2006	2136	2040	2029	1965	2053	2052	1982	2020	2003	2013
304998	62	126	14	78	142	30	94	158	46	110	174	2027	2018	2142	2033	2000	1972	2033	2066	1981	2020	2022	2019
304998	62	126	14	78	142	30	94	158	46	110	174	2010	2036	2144	2009	1983	1972	2010	2081	1993	2020	2042	2015
304998	62	126	14	78	142	30	94	158	46	110	174	2002	2041	2138	1998	1971	1974	1999	2085	1995	2016	2044	2003
304998	62	126	14	78	142	30	94	158	46	110	174	2005	2026	2138	2011	1980	1979	1996	2077	2000	2020	2037	2007
304998	62	126	14	78	142	30	94	158	46	110	174	2030	2012	2138	2025	2017	1973	2029	2060	1987	2016	2020	2017
304998	62	126	14	78	142	30	94	158	46	110	174	2041	2007	2142	2050	2015	1973	2045	2051	1979	2017	2004	2028
304998	62	126	14	78	142	30	94	158	46	110	174	2035	2012	2139	2043	2024	1966	2039	2052	1982	2017	2010	2027
304998	62	126	14	78	142	30	94	158	46	110	174	2027	2030	2131	2025	1988	1972	2022	2070	1993	2017	2024	2008
304998	62	126	14	78	142	30	94	158	46	110	174	2003	2034	2139	2004	1975	1977	1998	2089	1997	2020	2048	1998
304998	62	126	14	78	142	30	94	158	46	110	174	1999	2033	2140	1997	1984	1976	1993	2091	1996	2019	2050	2008
304998	62	126	14	78	142	30	94	158	46	110	174	2017	2025	2143	2018	1997	1971	2023	2071	1987	2018	2027	2018
304998	62	126	14	78	142	30	94	158	46	110	174	2032	2011	2140	2037	2025	1963	2037	2049	1983	2016	2005	2023
304998	62	126	14	78	142	30	94	158	46	110	174	2048	2010	2122	2046	2026	1967	2046	2048	1991	2018	1999	2014
304998	62	126	14	78	142	30	94	158	46	110	174	2033	2015	2128	2035	2008	1973	2031	2063	1987	2021	2020	2012
304998	62	126	14	78	142	30	94	158	46	110	174	2007	2027	2140	2011	1989	1978	2006	2087	1994	2020	2040	2011
304998	62	126	14	78	142	30	94	158	46	110	174	1998	2035	2153	1998	1966	1986	1998	2088	1994	2020	2048	2005
304998	62	126	14	78	142	30	94	158	46	110	174	2006	2036	2143	2007	1987	1970	2003	2081	1995	2021	2037	2005
304998	62	126	14	78	142	30	94	158	46	110	174	2024	2021	2136	2028	2006	1968	2016	2064	1993	2022	2015	2010
304998	62	126	14	78	142	30	94	158	46	110	174	2042	2004	2121	2043	2030	1970	2043	2051	1985	2017	2006	2021
304998	62	126	14	78	142	30	94	158	46	110	174	2049	2005	2128	2043	2020	1972	2042	2052	1985	2021	2008	2021
304998	62	126	14	78	142	30	94	158	46	110	174	2020	2021	2144	2024	1996	1969	2018	2067	1991	2019	2023	2019
304998	62	126	14	78	142	30	94	158	46	110	174	2000	2036	2150	2004	1984	1975	1995	2084	2003	2019	2042	1997
304998	62	126	14	78	142	30	94	158	46	110	174	1998	2043	2143	1995	1977	1982	1990	2090	1995	2019	2048	2004
304998	62	126	14	78	142	30	94	158	46	110	174	2011	2022	2130	2015	1990	1978	2005	2072	1986	2022	2032	2015
304998	62	126	14	78	142	30	94	158	46	110	174	2034	2007	2129	2033	2019	1966	2035	2058	1983	2022	2006	2021
304998	62	126	14	78	142	30	94	158	46	110	174	2046	2003	2129	2045	2025	1968	2045	2046	1984	2016	1997	2019
304998	62	126	14	78	142	30	94	158	46	110	174	2033	2018	2140	2036	2011	1974	2045	2064	1993	2022	2014	2009
304998	62	126	14	78	142	30	94	158	46	110	174	2015	2036	2140	2012	1994	1975	2015	2079	1992	2020	2037	2008
304998	62	126	14	78	142	30	94	158	46	110	174	2004	2043	2138	1995	1975	1979	1997	2095	1995	2022	2048	2013
304998	62	126	14	78	142	30	94	158	46	110	174	2003	2034	2137	2001	1984	1972	2004	2080	1993	2020	2038	2011
304998	62	126	14	78	142	30	94	158	46	110	174	2028	2019	2135	2024	2003	1970	2025	2064	1992	2020	2016	2009
304998	62	126	14	78	142	30	94	158	46	110	174	2042	2007	2134	2044	2022	1966	2040	2051	1982	2018	2008	2018
304998	62	126	14	78	142	30	94	158	46	110	174	2043	2012	2127	2039	2030	1971	2046	2051	1986	2017	2011	2022
304998	62	126	14	78	142	30	94	158	46	110	174	2033	2019	2132	2027	2001	1976	2026	2065	1987	2020	2022	2022
304998	62	126	14	78	142	30	94	158	46	110	174	2009	2038	2139	2004	1983	1974	2000	2084	2001	2017	2038	2009
304998	62	126	14	78	142	30	94	158	46	110	174	2000	2036	2145	1997	1980	1974	2003	2087	2003	2020	2049	1996
304998	62	126	14	78	142	30	94	158	46	110	174	2007	2027	2144	2010	1991	1981	2010	2076	1984	2017	2036	2012
304998	62	126	14	78	142	30	94	158	46	110	174	2035	2019	2131	2030	2020	1969	2035	2059	1984	2021	2018	2023
304998	62	126	14	78	142	30	94	158	46	110	174	2048	2006	2123	2047	2023	1969	2051	2041	1981	2020	1999	2024
304998	62	126	14	78	142	30	94	158	46	110	174	2039	2010	2124	2042	2013	1966	2035	2052	1994	2017	2007	2013
304998	62	126	14	78	142	30	94	158	46	110	174	2022	2029	2141	2019	1999	1971	2016	2081	1995	2019	2032	2005
304998	62	126	14	78	142	30	94	158	46	110	174	1994	2036	2151	2002	1975	1985	1996	2091	1995	2021	2051	2010
304998	62	126	14	78	142	30	94	158	46	110	174	1997	2043	2149	2002	1981	1977	1992	2084	1987	2020	2045	2014
304998	62	126	14	78	142	30	94	158	46	110	174	2016	2020	2134	2019	1997	1972	2012	2057	1993	2016	2019	2013
304998	62	126	14	78	142	30	94	158	46	110	174	2041	2009	2122	2042	2025	1969	2043	2049	1990	2021	2000	2015
304998	62	126	14	78	142	30	94	158	46	110	174	2048	2003	2128	2045	2029	1966	2041	2047	1983	2017	2008	2016
304998	62	126	14	78	142	30	94	158	46	110	174	2034	2020	2142	2032	2006	1975	2031	2065	1984	2015	2022	2022
304998	62	126	14	78	142	30	94	158	46	110	174	2006	2033	2150	2010	1982	1976	2009	2081	1992	2021	2038	2014
304998	62	126	14	78	142	30	94	158	46	110	174	1995	2043	2142	2000	1973	1979	1984	2086	2002	2019	2043	2002
304998	62	126	14	78	142	30	94	158	46	110	174	2010	2035	2129	2008	1987	1975	2012	2085	1996	2018	2033	2008
304998	62	126	14	78	142	30	94	158	46	110	174	2034	2007	2129	2030	2013	1970	2026	2054	1980	2017	2017	2017
304998	62	126	14	78	142	30	94	158	46	110	174	2049	2003	2133	2043	2031	1968	2043	2049	1977	2020	2001	2028
304998	62	126	14	78	142	30	94	158	46	110	174	2039	2008	2139	2037	2018	1967	2046	2049	1989	2020	2007	2018
304998	62	126	14	78	142	30	94	158	46	110	174	2019	2034	2136	2020	1995	1972	2023	2073	1994	2020	2028	2010
304998	62	126	14	78	142	30	94	158	46	110	174	2002	2041	2132	2003	1978	1979	2000	2092	1996	2020	2048	2002
304998	62	126	14	78	142	30	94	158	46	110	174	2001	2037	2134	2004	1978	1981	2002	2088	1993	2020	2045	2008
304998	62	126	14	78	142	30	94	158	46	110	174	2019	2019	2139	2015	2001	1977	2018	2063	1988	2020	2022	2019
304998	62	126	14	78	142	30	94	158	46	110	174	2034	2006	2140	2042	2018	1966	2031	2046	1993	2018	2000	2018
304998	62	126	14	78	142	30	94	158	46	110	174	2046	2010	2130	2047	2032	1967	2049	2048	1988	2020	1998	2014
304998	62	126	14	78	142	30	94	158	46	110	174	2033	2018	2131	2031	2013	1970	2028	2063	1987	2017	2017	2013
304998	62	126	14	78	142	30	94	158	46	110	174	2014	2034	2135	2014	1984	1979	2002	2084	1991	2020	2042	2015
304998	62	126	14	78	142	30	94	158	46	110	174	2000	2036	2144	1993	1976	1977	1998	2087	2002	2021	2044	2014
304998	62	126	14	78	142	30	94	158	46	110	174	2009	2032	2146	2013	1978	1977	1999	2078	1992	2021	2033	2004
304998	62	126	14	78	142	30	94	158	46	110	174	2029	2018	2134	2030	2018	1965	2030	2065	1983	2020	2013	2015
304998	62	126	14	78	142	30	94	158	46	110	174	2045	2013	2125	2044	2034	1972	2049	2046	1979	2018	2002	2020
304998	62	126	14	78	142	30	94	158	46	110	174	2046	2011	2124	2048	2024	1971	2047	2051	1982	2017	2006	2022
304998	62	126	14	78	142	30	94	158	46	110	174	2021	2020	2143	2020	1995	1973	2014	2067	1998	2018	2025	2018
304998	62	126	14	78	142	30	94	158	46	110	174	2003	2039	2150	2011	1962	1984	1998	2089	2000	2018	2046	2000
304998	62	126	14	78	142	30	94	158	46	110	174	2002	2039	2154	1999	1977	1979	1997	2093	1993	2021	2049	2001
304998	62	126	14	78	142	30	94	158	46	110	174	2015	2035	2138	2010	1996	1974	2008	2071	1983	2017	2033	2013
304998	62	126	14	78	142	30	94	158	46	110	174	2041	2012	2124	2040	2019	1969	2047	2052	1987	2021	2010	2028
304998	62	126	14	78	142	30	94	158	46	110	174	2051	2000	2127	2044	2031	1968	2047	2046	1988	2017	1998	2016
304998	62	126	14	78	142	30	94	158	46	110	174	2040	2011	2137	2038	2014	1966	2037	2072	1980	2018	2013	2010
304998	62	126	14	78	142	30	94	158	46	110	174	2009	2028	2154	2010	1988	1977	2009	2080	1995	2022	2041	2006
304998	62	126	14	78	142	30	94	158	46	110	174	1998	2046	2146	1996	1978	1981	1998	2089	1996	2022	2051	2010
304998	62	126	14	78	142	30	94	158	46	110	174	2009	2036	2135	2007	1978	1981	1994	2081	1996	2017	2038	2013
304998	62	126	14	78	142	30	94	158	46	110	174	2029	2015	2135	2025	2005	1967	2020	2065	1989	2020	2011	2014
304998	62	126	14	78	142	30	94	158	46	110	174	2046	2001	2131	2044	2032	1965	2056	2049	1981	2017	2002	2014
304998	62	126	14	78	142	30	94	158	46	110	174	2042	2004	2135	2045	2021	1968	2044	2049	1980	2018	2010	2017
304998	62	126	14	78	142	30	94	158	46	110	174	2025	2026	2141	2026	2007	1976	2026	2065	1996	2021	2024	2020
304998	62	126	14	78	142	30	94	158	46	110	174	2001	2040	2146	2007	1971	1987	1994	2086	2003	2020	2044	2009
304998	62	126	14	78	142	30	94	158	46	110	174	2005	2041	2135	2002	1968	1976	2001	2092	1996	2021	2045	2002
304998	62	126	14	78	142	30	94	158	46	110	174	2015	2025	2136	2011	1999	1978	2007	2078	1989	2018	2032	2009
304998	62	126	14	78	142	30	94	158	46	110	174	2039	2006	2138	2036	2016	1974	2030	2049	1985	2017	2012	2023
304998	62	126	14	78	142	30	94	158	46	110	174	2041	2003	2137	2050	2025	1970	2049	2046	1987	2020	2000	2029
304998	62	126	14	78	142	30	94	158	46	110	174	2036	2018	2135	2039	2017	1967	2029	2056	1987	2020	2006	2014
304998	62	126	14	78	142	30	94	158	46	110	174	2016	2035	2136	2014	1990	1974	2025	2082	1993	2020	2030	2007
304998	62	126	14	78	142	30	94	158	46	110	174	1996	2034	2140	1995	1982	1977	1992	2090	1992	2021	2054	2001
304998	62	126	14	78	142	30	94	158	46	110	174	2004	2034	2144	1997	1980	1983	1993	2083	1998	2021	2043	2011
304998	62	126	14	78	142	30	94	158	46	110	174	2017	2012	2147	2024	2001	1971	2015	2067	1993	2019	2021	2019
304998	62	126	14	78	142	30	94	158	46	110	174	2039	2010	2129	2039	2028	1960	2048	2052	1984	2018	1997	2017
304998	62	126	14	78	142	30	94	158	46	110	174	2048	2013	2129	2050	2025	1966	2050	2049	1977	2021	2001	2011
304998	62	126	14	78	142	30	94	158	46	110	174	2028	2020	2136	2030	2013	1978	2024	2060	1989	2022	2023	2013
304998	62	126	14	78	142	30	94	158	46	110	174	2006	2036	2141	2006	1980	1985	2012	2090	2002	2018	2047	2019
304998	62	126	14	78	142	30	94	158	46	110	174	1994	2035	2154	1997	1968	1982	1990	2093	1998	2022	2047	2007
304998	62	126	14	78	142	30	94	158	46	110	174	2008	2029	2144	2011	1993	1969	2004	2077	1994	2020	2029	2008
304998	62	126	14	78	142	30	94	158	46	110	174	2034	2018	2135	2032	2020	1967	2031	2053	1980	2020	2017	2011
304998	62	126	14	78	142	30	94	158	46	110	174	2047	2003	2124	2047	2026	1965	2044	2040	1982	2020	2001	2021
304998	62	126	14	78	142	30	94	158	46	110	174	2041	2005	2135	2040	2016	1965	2032	2057	1987	2017	2008	2018
304998	62	126	14	78	142	30	94	158	46	110	174	2013	2023	2148	2020	1988	1975	2006	2074	1996	2021	2029	2011
304998	62	126	14	78	142	30	94	158	46	110	174	2001	2040	2145	1999	1980	1982	1998	2092	1996	2017	2047	2002
304998	62	126	14	78	142	30	94	158	46	110	174	2002	2041	2141	1997	1984	1980	1990	2082	1997	2022	2047	2004
304998	62	126	14	78	142	30	94	158	46	110	174	2024	2027	2125	2018	2006	1977	2020	2073	1998	2020	2030	2019
304998	62	126	14	78	142	30	94	158	46	110	174	2041	2004	2132	2037	2025	1965	2038	2051	1981	2018	2000	2021
304998	62	126	14	78	142	30	94	158	46	110	174	2049	2005	2139	2048	2026	1966	2043	2048	1979	2020	1998	2017
304998	62	126	14	78	142	30	94	158	46	110	174	2030	2020	2148	2028	2013	1969	2037	2061	1983	2017	2018	2006
304998	62	126	14	78	142	30	94	158	46	110	174	2005	2039	2137	2004	1983	1984	2001	2078	2002	2018	2046	2009
304998	62	126	14	78	142	30	94	158	46	110	174	2004	2045	2135	1993	1975	1982	1991	2098	2001	2017	2051	2016
304998	62	126	14	78	142	30	94	158	46	110	174	2006	2027	2142	2005	1987	1975	2003	2080	1994	2021	2037	2011
304998	62	126	14	78	142	30	94	158	46	110	174	2032	2012	2132	2029	2014	1965	2029	2056	1979	2018	2010	2015
304998	62	126	14	78	142	30	94	158	46	110	174	2050	2004	2141	2050	2033	1963	2047	2043	1981	2020	2002	2016
304998	62	126	14	78	142	30	94	158	46	110	174	2043	2016	2129	2040	2028	1969	2039	2051	1991	2022	2013	2018
304998	62	126	14	78	142	30	94	158	46	110	174	2029	2028	2129	2019	1990	1977	2022	2078	1995	2018	2029	2017
304998	62	126	14	78	142	30	94	158	46	110	174	2002	2037	2140	1998	1981	1978	1989	2092	1996	2020	2043	2011
304998	62	126	14	78	142	30	94	158	46	110	174	1996	2033	2143	1994	1979	1981	2003	2088	1996	2019	2044	2004
304998	62	126	14	78	142	30	94	158	46	110	174	2010	2020	2152	2013	2003	1974	2011	2066	1992	2021	2028	2007
304998	62	126	14	78	142	30	94	158	46	110	174	2039	2015	2131	2042	2022	1970	2036	2057	1984	2017	2008	2023
304998	62	126	14	78	142	30	94	158	46	110	174	2045	2004	2125	2045	2022	1965	2045	2049	1981	2017	1999	2020
304998	62	126	14	78	142	30	94	158	46	110	174	2033	2015	2128	2032	2006	1968	2027	2060	1984	2016	2013	2012
304998	62	126	14	78	142	30	94	158	46	110	174	2013	2028	2141	2008	1990	1979	2009	2078	1994	2017	2038	1998
304998	62	126	14	78	142	30	94	158	46	110	174	1994	2039	2146	1995	1969	1983	1992	2092	2009	2020	2054	2005
304998	62	126	14	78	142	30	94	158	46	110	174	2003	2037	2140	2002	1985	1976	2002	2091	1992	2022	2042	2016
304998	62	126	14	78	142	30	94	158	46	110	174	2027	2023	2130	2022	2010	1966	2022	2064	1986	2017	2013	2018
304998	62	126	14	78	142	30	94	158	46	110	174	2041	2004	2124	2047	2022	1954	2042	2045	1972	2018	1994	2015
304998	62	126	14	78	142	30	94	158	46	110	174	2046	2004	2132	2041	2022	1965	2042	2052	1984	2017	2006	2010
304998	62	126	14	78	142	30	94	158	46	110	174	2023	2025	2144	2026	1995	1982	2020	2074	1997	2021	2031	2015
304998	62	126	14	78	142	30	94	158	46	110	174	1999	2044	2144	2000	1979	1986	2011	2096	1999	2017	2049	2018
304998	62	126	14	78	142	30	94	158	46	110	174	1992	2048	2140	1993	1972	1981	1989	2087	1997	2016	2047	2010
304998	62	126	14	78	142	30	94	158	46	110	174	2013	2025	2129	2018	1996	1965	2011	2073	1991	2023	2029	2014
304998	62	126	14	78	142	30	94	158	46	110	174	2034	2003	2133	2032	2020	1965	2030	2049	1987	2017	2014	2016
304998	62	126	14	78	142	30	94	158	46	110	174	2048	2002	2139	2047	2023	1967	2046	2050	1978	2017	2005	2024
304998	62	126	14	78	142	30	94	158	46	110	174	2034	2013	2143	2032	2014	1973	2040	2064	1989	2018	2014	2021
304998	62	126	14	78	142	30	94	158	46	110	174	2008	2039	2139	2009	1988	1981	2006	2081	1993	2022	2032	2005
304998	62	126	14	78	142	30	94	158	46	110	174	1995	2041	2138	1994	1976	1981	1991	2091	2003	2021	2051	2004
304998	62	126	14	78	142	30	94	158	46	110	174	2002	2032	2136	1998	1985	1983	1997	2085	2003	2018	2050	2013
304998	62	126	14	78	142	30	94	158	46	110	174	2028	2017	2133	2018	2008	1975	2032	2071	1984	2021	2021	2022
304998	62	126	14	78	142	30	94	158	46	110	174	2043	2007	2140	2036	2029	1962	2041	2051	1974	2016	1995	2018
304998	62	126	14	78	142	30	94	158	46	110	174	2041	2011	2138	2042	2021	1963	2044	2049	1983	2021	1997	2010
