304998	62	126	14	78	142	30	94	158	46	110	174	1998	2049	2127	2003	1987	1993	2005	2092	2015	2017	2054	2019
304998	62	126	14	78	142	30	94	158	46	110	174	1993	2053	2124	1995	1975	2002	1986	2097	2014	2018	2059	2028
304998	62	126	14	78	142	30	94	158	46	110	174	2008	2036	2124	2006	1989	1980	2010	2085	1993	2019	2036	2020
304998	62	126	14	78	142	30	94	158	46	110	174	2035	2013	2146	2027	2009	1957	2025	2061	1970	2019	2007	2002
304998	62	126	14	78	142	30	94	158	46	110	174	2048	2003	2153	2039	2020	1947	2036	2048	1968	2018	1996	2002
304998	62	126	14	78	142	30	94	158	46	110	174	2043	2016	2142	2036	2015	1958	2034	2065	1984	2023	2012	2014
304998	62	126	14	78	142	30	94	158	46	110	174	2017	2036	2126	2014	1990	1987	2013	2082	2002	2018	2033	2022
304998	62	126	14	78	142	30	94	158	46	110	174	1993	2050	2123	1997	1979	2002	1993	2089	2011	2020	2054	2022
304998	62	126	14	78	142	30	94	158	46	110	174	1994	2043	2130	1996	1977	1986	2004	2087	2013	2022	2047	2014
304998	62	126	14	78	142	30	94	158	46	110	174	2017	2024	2141	2017	1997	1973	2015	2074	1988	2016	2029	2010
304998	62	126	14	78	142	30	94	158	46	110	174	2040	2010	2149	2033	2025	1947	2037	2063	1965	2017	2003	2007
304998	62	126	14	78	142	30	94	158	46	110	174	2052	2012	2143	2040	2024	1955	2047	2056	1971	2017	1994	2012
304998	62	126	14	78	142	30	94	158	46	110	174	2038	2019	2127	2027	2010	1970	2022	2064	1983	2016	2016	2014
304998	62	126	14	78	142	30	94	158	46	110	174	2005	2039	2128	2006	1984	1997	1999	2085	2016	2020	2050	2015
304998	62	126	14	78	142	30	94	158	46	110	174	1987	2047	2132	1994	1975	1997	1996	2098	2016	2019	2061	2024
304998	62	126	14	78	142	30	94	158	46	110	174	2001	2040	2137	2008	1992	1982	2005	2084	1998	2022	2039	2019
304998	62	126	14	78	142	30	94	158	46	110	174	2030	2019	2137	2023	2011	1963	2017	2061	1969	2016	2011	2015
304998	62	126	14	78	142	30	94	158	46	110	174	2052	2004	2134	2038	2021	1951	2041	2049	1970	2018	1994	1999
304998	62	126	14	78	142	30	94	158	46	110	174	2045	2005	2143	2034	2015	1959	2031	2060	1985	2020	2011	2003
304998	62	126	14	78	142	30	94	158	46	110	174	2019	2028	2134	2015	1994	1982	2014	2081	2001	2022	2036	2020
304998	62	126	14	78	142	30	94	158	46	110	174	1992	2049	2134	2002	1972	1995	2000	2095	2013	2020	2053	2031
304998	62	126	14	78	142	30	94	158	46	110	174	1986	2053	2126	1993	1983	1990	1993	2091	2007	2016	2051	2024
304998	62	126	14	78	142	30	94	158	46	110	174	2015	2031	2132	2013	1990	1975	2014	2072	1994	2017	2028	2006
304998	62	126	14	78	142	30	94	158	46	110	174	2039	2002	2145	2032	2018	1948	2030	2059	1974	2016	2008	2010
304998	62	126	14	78	142	30	94	158	46	110	174	2054	2004	2145	2040	2029	1949	2041	2057	1962	2022	1999	2010
304998	62	126	14	78	142	30	94	158	46	110	174	2033	2015	2147	2028	2011	1965	2038	2073	1983	2020	2012	2017
304998	62	126	14	78	142	30	94	158	46	110	174	2005	2042	2127	2005	1991	1996	2015	2079	2009	2020	2042	2018
304998	62	126	14	78	142	30	94	158	46	110	174	1995	2054	2119	1994	1966	2003	1988	2093	2020	2020	2058	2016
304998	62	126	14	78	142	30	94	158	46	110	174	1999	2036	2128	2003	1984	1985	1998	2082	2003	2016	2048	2020
304998	62	126	14	78	142	30	94	158	46	110	174	2027	2013	2144	2019	2011	1961	2028	2064	1972	2019	2015	2014
304998	62	126	14	78	142	30	94	158	46	110	174	2048	1999	2153	2041	2019	1949	2034	2048	1963	2020	1995	2011
304998	62	126	14	78	142	30	94	158	46	110	174	2045	2011	2145	2036	2016	1957	2036	2049	1982	2020	1999	2002
304998	62	126	14	78	142	30	94	158	46	110	174	2024	2028	2127	2021	1997	1980	2012	2075	2001	2017	2034	2015
304998	62	126	14	78	142	30	94	158	46	110	174	1993	2042	2122	1998	1974	2001	1992	2094	2014	2017	2054	2028
304998	62	126	14	78	142	30	94	158	46	110	174	1994	2040	2128	1996	1981	1995	1997	2091	2007	2021	2057	2029
304998	62	126	14	78	142	30	94	158	46	110	174	2007	2026	2146	2009	1991	1984	2009	2073	1996	2017	2033	2013
304998	62	126	14	78	142	30	94	158	46	110	174	2043	2015	2147	2031	2017	1956	2036	2056	1977	2018	2001	2000
304998	62	126	14	78	142	30	94	158	46	110	174	2049	2004	2139	2043	2021	1950	2042	2058	1964	2022	1998	2002
304998	62	126	14	78	142	30	94	158	46	110	174	2037	2013	2135	2031	2009	1967	2022	2062	1986	2020	2020	2016
304998	62	126	14	78	142	30	94	158	46	110	174	2011	2033	2131	2013	1990	1991	2010	2081	2006	2020	2038	2032
304998	62	126	14	78	142	30	94	158	46	110	174	1985	2046	2132	1995	1975	2004	1986	2086	2020	2019	2051	2019
304998	62	126	14	78	142	30	94	158	46	110	174	1995	2043	2137	1999	1978	1995	1996	2090	2011	2017	2045	2015
304998	62	126	14	78	142	30	94	158	46	110	174	2019	2023	2142	2020	2007	1960	2012	2064	1979	2018	2024	2011
304998	62	126	14	78	142	30	94	158	46	110	174	2049	2002	2139	2044	2015	1946	2031	2052	1963	2018	2000	2013
304998	62	126	14	78	142	30	94	158	46	110	174	2048	1998	2147	2040	2025	1950	2041	2048	1968	2017	1999	2009
304998	62	126	14	78	142	30	94	158	46	110	174	2027	2019	2143	2020	2002	1979	2019	2067	1995	2019	2021	2014
304998	62	126	14	78	142	30	94	158	46	110	174	1997	2051	2128	2000	1984	2001	2013	2093	2017	2020	2051	2018
304998	62	126	14	78	142	30	94	158	46	110	174	1981	2052	2125	1994	1976	1995	1993	2096	2012	2020	2058	2026
304998	62	126	14	78	142	30	94	158	46	110	174	2008	2033	2125	2008	1993	1977	2006	2077	1993	2016	2038	2021
304998	62	126	14	78	142	30	94	158	46	110	174	2038	2002	2148	2026	2016	1955	2025	2054	1973	2018	2004	2005
304998	62	126	14	78	142	30	94	158	46	110	174	2052	1996	2150	2039	2026	1950	2039	2054	1971	2021	1996	2001
304998	62	126	14	78	142	30	94	158	46	110	174	2040	2015	2148	2029	2011	1968	2042	2067	1980	2021	2013	2005
304998	62	126	14	78	142	30	94	158	46	110	174	2010	2040	2129	2009	1989	1987	2006	2080	2002	2016	2043	2025
304998	62	126	14	78	142	30	94	158	46	110	174	1993	2051	2123	1995	1971	1994	1994	2093	2015	2021	2055	2030
304998	62	126	14	78	142	30	94	158	46	110	174	1994	2037	2129	1999	1985	1994	1993	2083	2013	2022	2047	2016
304998	62	126	14	78	142	30	94	158	46	110	174	2021	2021	2145	2013	2005	1966	2013	2073	1982	2018	2025	2004
304998	62	126	14	78	142	30	94	158	46	110	174	2046	2004	2155	2037	2020	1951	2044	2060	1968	2017	2001	2003
304998	62	126	14	78	142	30	94	158	46	110	174	2046	2014	2139	2042	2021	1948	2037	2055	1966	2018	2001	2013
304998	62	126	14	78	142	30	94	158	46	110	174	2034	2024	2128	2024	2004	1976	2023	2063	1991	2019	2019	2017
304998	62	126	14	78	142	30	94	158	46	110	174	1998	2037	2127	2005	1981	1999	1997	2083	2016	2017	2046	2020
304998	62	126	14	78	142	30	94	158	46	110	174	1984	2049	2127	1992	1981	2003	1991	2096	2015	2018	2060	2020
304998	62	126	14	78	142	30	94	158	46	110	174	2000	2037	2145	2001	1992	1983	2014	2080	1997	2018	2043	2017
304998	62	126	14	78	142	30	94	158	46	110	174	2032	2016	2142	2029	2015	1957	2025	2060	1970	2020	2012	2015
304998	62	126	14	78	142	30	94	158	46	110	174	2052	2002	2139	2042	2029	1944	2043	2046	1970	2021	1994	2000
304998	62	126	14	78	142	30	94	158	46	110	174	2040	2006	2144	2038	2015	1960	2026	2060	1979	2016	2004	2001
304998	62	126	14	78	142	30	94	158	46	110	174	2013	2030	2136	2015	1996	1987	2012	2079	2003	2021	2045	2016
304998	62	126	14	78	142	30	94	158	46	110	174	1988	2049	2137	1999	1969	2005	2001	2091	2016	2017	2060	2030
304998	62	126	14	78	142	30	94	158	46	110	174	1986	2049	2125	1994	1986	1988	1998	2084	2006	2021	2051	2023
304998	62	126	14	78	142	30	94	158	46	110	174	2014	2024	2129	2017	1997	1968	2017	2065	1996	2016	2023	2011
304998	62	126	14	78	142	30	94	158	46	110	174	2043	2002	2145	2037	2021	1945	2029	2059	1971	2018	1999	1999
304998	62	126	14	78	142	30	94	158	46	110	174	2052	2001	2148	2042	2023	1953	2039	2058	1963	2020	2002	2004
304998	62	126	14	78	142	30	94	158	46	110	174	2032	2020	2144	2027	2001	1970	2035	2070	1986	2018	2021	2020
304998	62	126	14	78	142	30	94	158	46	110	174	2001	2048	2127	2004	1989	1990	2004	2080	2009	2019	2045	2026
304998	62	126	14	78	142	30	94	158	46	110	174	1990	2055	2118	1994	1972	2006	2002	2087	2022	2022	2058	2019
304998	62	126	14	78	142	30	94	158	46	110	174	1997	2034	2129	2004	1982	1990	1995	2084	2004	2019	2044	2018
304998	62	126	14	78	142	30	94	158	46	110	174	2031	2013	2144	2022	2007	1966	2022	2067	1971	2022	2018	2009
304998	62	126	14	78	142	30	94	158	46	110	174	2051	2002	2155	2041	2020	1944	2038	2049	1959	2020	1992	2011
304998	62	126	14	78	142	30	94	158	46	110	174	2046	2009	2147	2036	2021	1948	2033	2049	1973	2022	2002	2004
304998	62	126	14	78	142	30	94	158	46	110	174	2025	2031	2127	2018	1996	1981	2017	2072	2003	2017	2032	2015
304998	62	126	14	78	142	30	94	158	46	110	174	1993	2040	2123	1995	1978	2000	1996	2089	2015	2021	2055	2022
304998	62	126	14	78	142	30	94	158	46	110	174	1987	2048	2125	1992	1978	1997	1996	2091	2012	2022	2058	2030
304998	62	126	14	78	142	30	94	158	46	110	174	2011	2026	2140	2017	1991	1974	2009	2070	1986	2018	2033	2019
304998	62	126	14	78	142	30	94	158	46	110	174	2041	2010	2149	2035	2019	1947	2035	2056	1977	2022	1999	1998
304998	62	126	14	78	142	30	94	158	46	110	174	2058	2002	2142	2044	2020	1949	2049	2057	1969	2018	1990	1999
304998	62	126	14	78	142	30	94	158	46	110	174	2039	2015	2132	2032	2006	1974	2026	2067	1983	2020	2019	2008
304998	62	126	14	78	142	30	94	158	46	110	174	2008	2035	2128	2008	1989	1992	2021	2085	2007	2016	2046	2030
304998	62	126	14	78	142	30	94	158	46	110	174	1981	2046	2135	1995	1967	2004	1993	2088	2017	2022	2055	2026
304998	62	126	14	78	142	30	94	158	46	110	174	1996	2046	2127	2005	1985	1986	2001	2083	2009	2018	2045	2013
304998	62	126	14	78	142	30	94	158	46	110	174	2025	2022	2136	2019	2008	1958	2021	2073	1980	2020	2019	2006
304998	62	126	14	78	142	30	94	158	46	110	174	2049	2001	2145	2037	2021	1947	2034	2052	1964	2016	1999	2003
304998	62	126	14	78	142	30	94	158	46	110	174	2049	2002	2143	2034	2019	1956	2045	2057	1968	2020	1999	2014
304998	62	126	14	78	142	30	94	158	46	110	174	2017	2020	2145	2023	1993	1981	2014	2071	1998	2019	2023	2016
304998	62	126	14	78	142	30	94	158	46	110	174	1990	2048	2125	2002	1972	2003	2001	2093	2019	2019	2051	2016
304998	62	126	14	78	142	30	94	158	46	110	174	1986	2050	2123	1995	1983	1999	2002	2091	2014	2017	2061	2027
304998	62	126	14	78	142	30	94	158	46	110	174	2009	2029	2128	2007	1993	1980	2005	2080	1991	2020	2037	2020
304998	62	126	14	78	142	30	94	158	46	110	174	2040	2005	2145	2029	2019	1952	2039	2058	1970	2020	2001	2011
304998	62	126	14	78	142	30	94	158	46	110	174	2049	1994	2155	2039	2020	1942	2036	2049	1969	2018	1989	1995
304998	62	126	14	78	142	30	94	158	46	110	174	2040	2019	2150	2036	2006	1963	2031	2066	1981	2022	2014	2002
304998	62	126	14	78	142	30	94	158	46	110	174	2009	2041	2125	2008	1991	1997	2010	2078	2006	2018	2044	2022
304998	62	126	14	78	142	30	94	158	46	110	174	1988	2046	2120	1999	1967	2008	1996	2094	2017	2021	2059	2031
304998	62	126	14	78	142	30	94	158	46	110	174	1990	2036	2132	1997	1984	1990	2002	2084	2013	2018	2044	2025
304998	62	126	14	78	142	30	94	158	46	110	174	2020	2018	2145	2022	1996	1962	2013	2072	1985	2017	2020	2005
304998	62	126	14	78	142	30	94	158	46	110	174	2050	2006	2151	2036	2022	1939	2042	2056	1968	2020	2003	1994
304998	62	126	14	78	142	30	94	158	46	110	174	2052	2009	2140	2038	2016	1955	2049	2056	1964	2016	1999	2012
304998	62	126	14	78	142	30	94	158	46	110	174	2031	2018	2127	2022	2002	1976	2024	2070	1991	2020	2021	2019
304998	62	126	14	78	142	30	94	158	46	110	174	1998	2041	2129	1999	1983	1998	2003	2084	2022	2020	2048	2018
304998	62	126	14	78	142	30	94	158	46	110	174	1986	2051	2126	1997	1974	2003	1996	2098	2020	2020	2060	2020
304998	62	126	14	78	142	30	94	158	46	110	174	2000	2034	2140	2008	1992	1978	2009	2077	1996	2021	2044	2014
304998	62	126	14	78	142	30	94	158	46	110	174	2037	2015	2140	2027	2013	1954	2034	2061	1968	2020	2007	2010
304998	62	126	14	78	142	30	94	158	46	110	174	2057	1996	2145	2042	2023	1947	2035	2047	1961	2021	1989	2004
304998	62	126	14	78	142	30	94	158	46	110	174	2041	2004	2142	2037	2005	1964	2027	2059	1982	2021	2005	2000
304998	62	126	14	78	142	30	94	158	46	110	174	2014	2034	2136	2015	1993	1983	2014	2082	2004	2017	2038	2017
304998	62	126	14	78	142	30	94	158	46	110	174	1987	2051	2128	1993	1979	2004	1993	2090	2021	2018	2062	2034
304998	62	126	14	78	142	30	94	158	46	110	174	1994	2049	2119	1995	1986	1995	2006	2086	2010	2020	2050	2029
304998	62	126	14	78	142	30	94	158	46	110	174	2014	2021	2139	2017	1995	1975	2013	2063	1982	2020	2021	2011
304998	62	126	14	78	142	30	94	158	46	110	174	2046	1999	2147	2036	2017	1946	2034	2060	1970	2017	1998	1999
304998	62	126	14	78	142	30	94	158	46	110	174	2053	1996	2152	2042	2019	1949	2044	2056	1966	2020	2001	2001
304998	62	126	14	78	142	30	94	158	46	110	174	2025	2019	2142	2026	2005	1972	2023	2074	1984	2022	2021	2020
304998	62	126	14	78	142	30	94	158	46	110	174	1997	2046	2122	2003	1988	1999	2006	2083	2016	2022	2047	2027
304998	62	126	14	78	142	30	94	158	46	110	174	1987	2048	2119	1996	1971	2005	1997	2093	2024	2020	2055	2021
304998	62	126	14	78	142	30	94	158	46	110	174	1999	2035	2137	2006	1983	1983	2000	2084	2002	2020	2045	2016
304998	62	126	14	78	142	30	94	158	46	110	174	2029	2008	2150	2023	2008	1954	2025	2066	1972	2018	2013	2009
304998	62	126	14	78	142	30	94	158	46	110	174	2051	2002	2152	2044	2021	1949	2044	2056	1953	2020	1990	2003
304998	62	126	14	78	142	30	94	158	46	110	174	2045	2017	2144	2034	2018	1954	2033	2053	1975	2022	2000	2003
304998	62	126	14	78	142	30	94	158	46	110	174	2018	2038	2126	2016	1989	1994	2028	2078	2008	2020	2030	2013
304998	62	126	14	78	142	30	94	158	46	110	174	1992	2043	2124	1999	1983	2002	1998	2087	2016	2021	2058	2026
304998	62	126	14	78	142	30	94	158	46	110	174	1991	2045	2131	1997	1976	1999	2001	2092	2009	2018	2056	2030
304998	62	126	14	78	142	30	94	158	46	110	174	2008	2023	2152	2017	1999	1970	2015	2072	1988	2016	2023	2013
304998	62	126	14	78	142	30	94	158	46	110	174	2041	2008	2146	2034	2022	1948	2031	2056	1970	2017	1999	1993
304998	62	126	14	78	142	30	94	158	46	110	174	2062	2003	2144	2038	2022	1946	2050	2062	1967	2020	1998	1997
304998	62	126	14	78	142	30	94	158	46	110	174	2032	2017	2137	2030	2007	1963	2032	2064	1985	2021	2023	2015
304998	62	126	14	78	142	30	94	158	46	110	174	2004	2041	2125	2009	1989	1996	2008	2087	2005	2022	2044	2027
304998	62	126	14	78	142	30	94	158	46	110	174	1980	2048	2132	1993	1975	2009	1991	2085	2022	2022	2057	2030
304998	62	126	14	78	142	30	94	158	46	110	174	1996	2042	2126	2002	1984	1993	1997	2084	2008	2020	2046	2015
304998	62	126	14	78	142	30	94	158	46	110	174	2034	2019	2141	2022	2006	1963	2018	2063	1974	2020	2017	2009
304998	62	126	14	78	142	30	94	158	46	110	174	2053	1999	2149	2043	2019	1939	2033	2051	1957	2020	1997	2008
304998	62	126	14	78	142	30	94	158	46	110	174	2051	2008	2147	2041	2024	1947	2045	2059	1968	2017	1999	2011
304998	62	126	14	78	142	30	94	158	46	110	174	2017	2025	2137	2019	1993	1983	2012	2072	2003	2021	2029	2013
304998	62	126	14	78	142	30	94	158	46	110	174	1994	2052	2119	2000	1981	2004	2005	2095	2023	2020	2061	2026
304998	62	126	14	78	142	30	94	158	46	110	174	1991	2048	2117	1990	1969	2005	1998	2087	2017	2020	2061	2031
304998	62	126	14	78	142	30	94	158	46	110	174	2011	2023	2130	2011	1999	1971	2010	2078	1987	2018	2027	2020
304998	62	126	14	78	142	30	94	158	46	110	174	2043	2005	2149	2034	2019	1946	2038	2055	1968	2018	1995	2008
304998	62	126	14	78	142	30	94	158	46	110	174	2055	2003	2153	2046	2021	1946	2039	2051	1969	2021	1991	1991
304998	62	126	14	78	142	30	94	158	46	110	174	2035	2018	2137	2030	2011	1966	2027	2067	1987	2017	2020	2010
304998	62	126	14	78	142	30	94	158	46	110	174	2008	2041	2120	2008	1983	1996	2013	2078	2009	2020	2045	2027
304998	62	126	14	78	142	30	94	158	46	110	174	1985	2046	2120	1996	1972	2006	1993	2088	2015	2018	2060	2029
304998	62	126	14	78	142	30	94	158	46	110	174	1994	2042	2134	2001	1993	1990	1999	2085	2014	2018	2043	2024
304998	62	126	14	78	142	30	94	158	46	110	174	2020	2021	2150	2019	2004	1962	2023	2073	1979	2017	2021	2007
304998	62	126	14	78	142	30	94	158	46	110	174	2051	2008	2153	2036	2024	1946	2039	2055	1956	2019	1994	2004
304998	62	126	14	78	142	30	94	158	46	110	174	2051	2005	2145	2042	2014	1950	2039	2056	1968	2017	1993	2007
304998	62	126	14	78	142	30	94	158	46	110	174	2026	2019	2129	2023	2001	1973	2027	2064	2000	2021	2022	2020
304998	62	126	14	78	142	30	94	158	46	110	174	1997	2044	2125	2000	1981	2002	1995	2091	2020	2020	2053	2021
304998	62	126	14	78	142	30	94	158	46	110	174	1986	2046	2128	1995	1978	2009	1991	2088	2018	2020	2061	2031
304998	62	126	14	78	142	30	94	158	46	110	174	2004	2034	2137	2011	1991	1981	2012	2079	1995	2018	2040	2026
304998	62	126	14	78	142	30	94	158	46	110	174	2034	2007	2148	2032	2018	1952	2028	2057	1969	2017	2004	2005
304998	62	126	14	78	142	30	94	158	46	110	174	2061	1994	2143	2044	2020	1943	2041	2050	1969	2023	1990	1997
304998	62	126	14	78	142	30	94	158	46	110	174	2042	2009	2146	2032	2014	1963	2033	2064	1981	2020	2013	2007
304998	62	126	14	78	142	30	94	158	46	110	174	2006	2033	2138	2013	1989	1995	2007	2080	2008	2016	2041	2022
304998	62	126	14	78	142	30	94	158	46	110	174	1983	2052	2125	1993	1977	2008	1995	2091	2017	2022	2057	2037
304998	62	126	14	78	142	30	94	158	46	110	174	1987	2044	2123	2000	1981	1995	1999	2082	2009	2021	2048	2027
