304998	62	126	14	78	142	30	94	158	46	110	174	1986	2046	2128	1995	1978	2009	1991	2088	2018	2020	2061	2031
304998	62	126	14	78	142	30	94	158	46	110	174	2004	2034	2137	2011	1991	1981	2012	2079	1995	2018	2040	2026
304998	62	126	14	78	142	30	94	158	46	110	174	2034	2007	2148	2032	2018	1952	2028	2057	1969	2017	2004	2005
304998	62	126	14	78	142	30	94	158	46	110	174	2061	1994	2143	2044	2020	1943	2041	2050	1969	2023	1990	1997
304998	62	126	14	78	142	30	94	158	46	110	174	2042	2009	2146	2032	2014	1963	2033	2064	1981	2020	2013	2007
304998	62	126	14	78	142	30	94	158	46	110	174	2006	2033	2138	2013	1989	1995	2007	2080	2008	2016	2041	2022
304998	62	126	14	78	142	30	94	158	46	110	174	1983	2052	2125	1993	1977	2008	1995	2091	2017	2022	2057	2037
304998	62	126	14	78	142	30	94	158	46	110	174	1987	2044	2123	2000	1981	1995	1999	2082	2009	2021	2048	2027
304998	62	126	14	78	142	30	94	158	46	110	174	2022	2020	2129	2019	1998	1963	2019	2069	1985	2021	2018	2003
304998	62	126	14	78	142	30	94	158	46	110	174	2046	1999	2153	2039	2022	1944	2033	2056	1963	2016	1998	2003
304998	62	126	14	78	142	30	94	158	46	110	174	2054	2002	2151	2036	2017	1952	2047	2057	1960	2022	1995	2008
304998	62	126	14	78	142	30	94	158	46	110	174	2023	2023	2144	2023	1998	1977	2017	2063	1989	2022	2018	2018
304998	62	126	14	78	142	30	94	158	46	110	174	1994	2042	2121	2002	1984	1998	2000	2084	2022	2022	2048	2022
304998	62	126	14	78	142	30	94	158	46	110	174	1990	2051	2116	1996	1973	2005	2001	2092	2022	2019	2062	2022
304998	62	126	14	78	142	30	94	158	46	110	174	2001	2034	2131	2005	1996	1981	2002	2077	1998	2022	2044	2020
304998	62	126	14	78	142	30	94	158	46	110	174	2035	2009	2154	2025	2008	1954	2039	2065	1969	2020	2005	2010
304998	62	126	14	78	142	30	94	158	46	110	174	2050	2001	2157	2040	2024	1940	2035	2046	1958	2021	1988	1997
304998	62	126	14	78	142	30	94	158	46	110	174	2050	2013	2138	2035	2016	1955	2034	2062	1985	2020	2000	1998
304998	62	126	14	78	142	30	94	158	46	110	174	2018	2034	2128	2015	1997	1986	2020	2074	2000	2017	2042	2020
304998	62	126	14	78	142	30	94	158	46	110	174	1988	2046	2116	1997	1982	2005	1992	2089	2018	2017	2065	2031
304998	62	126	14	78	142	30	94	158	46	110	174	1989	2047	2130	1998	1983	1999	2003	2091	2009	2020	2054	2029
304998	62	126	14	78	142	30	94	158	46	110	174	2015	2026	2146	2014	1997	1963	2010	2065	1988	2020	2020	2008
304998	62	126	14	78	142	30	94	158	46	110	174	2051	2005	2144	2034	2023	1939	2035	2064	1964	2017	1995	1992
304998	62	126	14	78	142	30	94	158	46	110	174	2055	2000	2147	2042	2019	1946	2039	2052	1964	2020	1999	2005
304998	62	126	14	78	142	30	94	158	46	110	174	2034	2017	2134	2029	2009	1975	2022	2067	1980	2022	2019	2017
304998	62	126	14	78	142	30	94	158	46	110	174	1999	2042	2127	2004	1979	2003	2002	2080	2015	2020	2047	2025
304998	62	126	14	78	142	30	94	158	46	110	174	1984	2052	2126	1996	1972	2011	1990	2086	2026	2020	2059	2024
304998	62	126	14	78	142	30	94	158	46	110	174	2003	2041	2127	2003	1987	1983	2001	2086	2003	2022	2047	2017
304998	62	126	14	78	142	30	94	158	46	110	174	2029	2013	2135	2026	2011	1953	2028	2064	1971	2017	2012	2013
304998	62	126	14	78	142	30	94	158	46	110	174	2055	1992	2149	2039	2025	1939	2041	2052	1954	2016	1989	2010
304998	62	126	14	78	142	30	94	158	46	110	174	2045	2006	2148	2036	2017	1958	2039	2058	1975	2018	1999	1999
304998	62	126	14	78	142	30	94	158	46	110	174	2020	2034	2133	2019	1995	1982	2018	2077	2007	2017	2030	2018
304998	62	126	14	78	142	30	94	158	46	110	174	1992	2050	2114	1999	1978	2002	1998	2088	2017	2019	2065	2033
304998	62	126	14	78	142	30	94	158	46	110	174	1985	2044	2119	1999	1976	2003	1994	2089	2015	2021	2059	2031
304998	62	126	14	78	142	30	94	158	46	110	174	2009	2027	2137	2011	2002	1973	2016	2068	1986	2016	2027	2020
304998	62	126	14	78	142	30	94	158	46	110	174	2042	2003	2154	2034	2014	1946	2025	2057	1968	2018	1992	1996
304998	62	126	14	78	142	30	94	158	46	110	174	2052	1998	2156	2040	2021	1934	2038	2056	1963	2020	1995	1995
304998	62	126	14	78	142	30	94	158	46	110	174	2038	2018	2137	2029	2007	1970	2026	2065	1985	2022	2018	2014
304998	62	126	14	78	142	30	94	158	46	110	174	2003	2042	2122	2011	1980	2000	2003	2084	2009	2017	2047	2033
304998	62	126	14	78	142	30	94	158	46	110	174	1986	2051	2117	1994	1979	2010	1996	2084	2022	2022	2056	2034
304998	62	126	14	78	142	30	94	158	46	110	174	1996	2037	2133	1999	1980	1993	2001	2084	2008	2018	2048	2013
304998	62	126	14	78	142	30	94	158	46	110	174	2020	2022	2147	2021	2010	1954	2020	2064	1976	2020	2018	2007
304998	62	126	14	78	142	30	94	158	46	110	174	2054	2004	2148	2042	2020	1938	2041	2052	1951	2017	2002	2004
304998	62	126	14	78	142	30	94	158	46	110	174	2048	2002	2145	2034	2021	1950	2035	2052	1966	2016	1995	2004
304998	62	126	14	78	142	30	94	158	46	110	174	2030	2025	2125	2020	1997	1986	2022	2073	1999	2021	2023	2017
304998	62	126	14	78	142	30	94	158	46	110	174	1993	2045	2125	1999	1982	2005	1995	2092	2023	2016	2056	2021
304998	62	126	14	78	142	30	94	158	46	110	174	1983	2049	2125	1996	1974	2002	1993	2089	2021	2022	2064	2036
304998	62	126	14	78	142	30	94	158	46	110	174	2004	2036	2132	2011	1999	1972	2004	2076	1991	2021	2036	2018
304998	62	126	14	78	142	30	94	158	46	110	174	2041	2006	2148	2031	2014	1949	2023	2051	1963	2018	2000	2002
304998	62	126	14	78	142	30	94	158	46	110	174	2062	1994	2150	2042	2023	1944	2041	2050	1961	2021	1992	1995
304998	62	126	14	78	142	30	94	158	46	110	174	2037	2007	2149	2030	2010	1964	2025	2067	1987	2016	2016	2004
304998	62	126	14	78	142	30	94	158	46	110	174	2007	2038	2128	2013	1989	1991	2013	2083	2008	2019	2044	2033
304998	62	126	14	78	142	30	94	158	46	110	174	1982	2054	2120	1999	1977	2010	1992	2089	2019	2020	2056	2034
304998	62	126	14	78	142	30	94	158	46	110	174	1987	2040	2120	1997	1984	1993	1996	2080	2009	2017	2050	2023
304998	62	126	14	78	142	30	94	158	46	110	174	2028	2015	2137	2018	1999	1968	2019	2071	1981	2020	2020	2002
304998	62	126	14	78	142	30	94	158	46	110	174	2047	1994	2158	2041	2017	1938	2028	2056	1955	2022	1999	1997
304998	62	126	14	78	142	30	94	158	46	110	174	2054	2005	2151	2041	2021	1947	2044	2056	1955	2020	1998	2008
304998	62	126	14	78	142	30	94	158	46	110	174	2021	2025	2144	2026	2005	1978	2015	2070	1987	2020	2022	2018
304998	62	126	14	78	142	30	94	158	46	110	174	1997	2047	2112	2005	1975	2009	2006	2083	2026	2018	2051	2025
304998	62	126	14	78	142	30	94	158	46	110	174	1986	2049	2113	1994	1979	2006	1994	2094	2020	2019	2063	2026
304998	62	126	14	78	142	30	94	158	46	110	174	1998	2032	2132	2008	1992	1978	2005	2080	1997	2022	2042	2017
304998	62	126	14	78	142	30	94	158	46	110	174	2036	2011	2151	2029	2017	1947	2038	2066	1961	2022	2006	2010
304998	62	126	14	78	142	30	94	158	46	110	174	2051	1995	2159	2037	2025	1939	2035	2046	1953	2016	1990	1996
304998	62	126	14	78	142	30	94	158	46	110	174	2051	2013	2133	2033	2011	1958	2036	2060	1982	2021	2001	1998
304998	62	126	14	78	142	30	94	158	46	110	174	2015	2033	2126	2010	1993	1989	2012	2080	2009	2018	2045	2024
304998	62	126	14	78	142	30	94	158	46	110	174	1986	2051	2119	1996	1977	2007	1996	2090	2022	2022	2064	2038
304998	62	126	14	78	142	30	94	158	46	110	174	1989	2046	2128	1996	1980	1999	2009	2090	2008	2020	2049	2033
304998	62	126	14	78	142	30	94	158	46	110	174	2017	2029	2143	2018	2002	1963	2012	2070	1986	2017	2018	2009
304998	62	126	14	78	142	30	94	158	46	110	174	2052	2005	2151	2032	2021	1940	2045	2058	1966	2017	1997	1993
304998	62	126	14	78	142	30	94	158	46	110	174	2056	1996	2150	2042	2016	1943	2036	2055	1963	2016	1995	1998
304998	62	126	14	78	142	30	94	158	46	110	174	2032	2017	2138	2024	2002	1969	2026	2074	1986	2021	2019	2020
304998	62	126	14	78	142	30	94	158	46	110	174	1996	2042	2129	2006	1982	2002	2004	2084	2016	2016	2051	2029
304998	62	126	14	78	142	30	94	158	46	110	174	1981	2059	2122	1997	1971	2015	1988	2089	2031	2017	2060	2030
304998	62	126	14	78	142	30	94	158	46	110	174	2001	2037	2129	2008	1987	1986	2006	2084	2004	2020	2046	2015
304998	62	126	14	78	142	30	94	158	46	110	174	2033	2011	2148	2028	1999	1954	2023	2064	1967	2017	2011	2004
304998	62	126	14	78	142	30	94	158	46	110	174	2054	1995	2156	2040	2027	1935	2036	2052	1950	2021	1995	1997
304998	62	126	14	78	142	30	94	158	46	110	174	2045	2008	2153	2032	2014	1954	2041	2056	1971	2022	2002	1999
304998	62	126	14	78	142	30	94	158	46	110	174	2014	2041	2132	2015	1992	1987	2009	2077	2005	2020	2036	2019
304998	62	126	14	78	142	30	94	158	46	110	174	1991	2054	2113	1999	1980	2010	2004	2094	2026	2020	2066	2031
304998	62	126	14	78	142	30	94	158	46	110	174	1982	2047	2123	1995	1977	2000	1996	2091	2015	2018	2059	2030
304998	62	126	14	78	142	30	94	158	46	110	174	2011	2020	2144	2013	1999	1968	2009	2068	1981	2017	2027	2016
304998	62	126	14	78	142	30	94	158	46	110	174	2043	2002	2158	2034	2018	1940	2040	2054	1967	2020	1994	1991
304998	62	126	14	78	142	30	94	158	46	110	174	2052	2004	2154	2041	2026	1940	2040	2054	1961	2020	1993	1996
304998	62	126	14	78	142	30	94	158	46	110	174	2037	2018	2134	2025	2006	1973	2023	2065	1984	2022	2020	2016
304998	62	126	14	78	142	30	94	158	46	110	174	2003	2039	2121	2009	1983	1999	2006	2084	2012	2021	2051	2034
304998	62	126	14	78	142	30	94	158	46	110	174	1981	2046	2119	1994	1980	2006	1994	2086	2028	2022	2060	2037
304998	62	126	14	78	142	30	94	158	46	110	174	1994	2039	2134	2006	1983	1995	2008	2083	2010	2020	2045	2015
304998	62	126	14	78	142	30	94	158	46	110	174	2026	2022	2148	2022	2015	1950	2026	2063	1975	2017	2016	2005
304998	62	126	14	78	142	30	94	158	46	110	174	2058	2002	2148	2040	2019	1940	2040	2057	1949	2021	1994	1999
304998	62	126	14	78	142	30	94	158	46	110	174	2045	1999	2149	2037	2014	1950	2034	2058	1964	2016	1999	2002
304998	62	126	14	78	142	30	94	158	46	110	174	2020	2026	2128	2016	2000	1984	2021	2074	2004	2018	2030	2021
304998	62	126	14	78	142	30	94	158	46	110	174	1989	2051	2126	2001	1978	2008	1997	2093	2031	2019	2065	2028
304998	62	126	14	78	142	30	94	158	46	110	174	1982	2056	2119	1995	1979	2004	1994	2087	2017	2018	2064	2034
304998	62	126	14	78	142	30	94	158	46	110	174	2010	2036	2126	2010	1994	1972	2022	2078	1982	2018	2035	2018
304998	62	126	14	78	142	30	94	158	46	110	174	2039	1996	2152	2035	2018	1939	2025	2051	1961	2021	1996	1998
304998	62	126	14	78	142	30	94	158	46	110	174	2059	1995	2151	2041	2024	1936	2038	2049	1965	2020	1990	1994
304998	62	126	14	78	142	30	94	158	46	110	174	2039	2011	2148	2030	2008	1963	2032	2063	1982	2022	2015	2004
304998	62	126	14	78	142	30	94	158	46	110	174	2004	2043	2123	2012	1986	2001	2009	2085	2008	2017	2047	2035
304998	62	126	14	78	142	30	94	158	46	110	174	1982	2056	2109	1995	1973	2012	2002	2092	2021	2020	2063	2040
304998	62	126	14	78	142	30	94	158	46	110	174	1994	2037	2125	2002	1985	1996	1993	2079	2011	2017	2047	2018
304998	62	126	14	78	142	30	94	158	46	110	174	2025	2009	2148	2020	2008	1954	2017	2073	1980	2018	2017	2004
304998	62	126	14	78	142	30	94	158	46	110	174	2052	1996	2159	2035	2020	1938	2037	2052	1955	2021	1996	1998
304998	62	126	14	78	142	30	94	158	46	110	174	2055	2006	2151	2035	2019	1950	2041	2057	1961	2016	1997	2005
304998	62	126	14	78	142	30	94	158	46	110	174	2026	2027	2128	2022	1995	1977	2013	2067	1998	2021	2025	2020
304998	62	126	14	78	142	30	94	158	46	110	174	1994	2043	2110	2004	1975	2004	1993	2085	2029	2021	2054	2026
304998	62	126	14	78	142	30	94	158	46	110	174	1985	2047	2120	1998	1979	2005	1996	2095	2023	2020	2063	2029
304998	62	126	14	78	142	30	94	158	46	110	174	2004	2028	2140	2011	1997	1979	2005	2079	1998	2017	2040	2018
304998	62	126	14	78	142	30	94	158	46	110	174	2040	2010	2151	2028	2017	1949	2042	2060	1959	2017	2005	2005
304998	62	126	14	78	142	30	94	158	46	110	174	2059	1999	2149	2043	2020	1937	2038	2051	1958	2018	1987	1997
304998	62	126	14	78	142	30	94	158	46	110	174	2043	2011	2138	2034	2009	1956	2033	2063	1987	2018	2007	2000
304998	62	126	14	78	142	30	94	158	46	110	174	2011	2034	2126	2012	1993	1993	2021	2083	2007	2017	2046	2029
304998	62	126	14	78	142	30	94	158	46	110	174	1984	2052	2122	1996	1974	2017	1994	2093	2020	2021	2062	2042
304998	62	126	14	78	142	30	94	158	46	110	174	1984	2051	2126	1994	1983	1998	2011	2085	2018	2022	2050	2027
304998	62	126	14	78	142	30	94	158	46	110	174	2019	2023	2139	2017	2006	1961	2012	2068	1988	2019	2016	2003
304998	62	126	14	78	142	30	94	158	46	110	174	2052	1996	2148	2040	2018	1932	2028	2058	1959	2018	1993	1989
304998	62	126	14	78	142	30	94	158	46	110	174	2060	2000	2153	2040	2022	1937	2040	2054	1959	2021	2001	2000
304998	62	126	14	78	142	30	94	158	46	110	174	2028	2021	2140	2024	2002	1977	2029	2072	1987	2021	2022	2019
304998	62	126	14	78	142	30	94	158	46	110	174	1998	2050	2120	1999	1983	2008	2007	2086	2022	2019	2050	2031
304998	62	126	14	78	142	30	94	158	46	110	174	1981	2056	2113	1995	1975	2010	1995	2088	2034	2021	2062	2029
304998	62	126	14	78	142	30	94	158	46	110	174	2003	2032	2124	2010	1991	1981	2012	2084	1994	2020	2045	2017
304998	62	126	14	78	142	30	94	158	46	110	174	2038	2003	2151	2031	2006	1952	2025	2065	1965	2016	2005	2000
304998	62	126	14	78	142	30	94	158	46	110	174	2057	1995	2159	2043	2025	1937	2044	2052	1954	2018	1990	2000
304998	62	126	14	78	142	30	94	158	46	110	174	2046	2009	2151	2036	2015	1954	2039	2063	1971	2018	2001	2003
304998	62	126	14	78	142	30	94	158	46	110	174	2015	2036	2126	2014	1995	1987	2008	2080	2008	2020	2037	2018
304998	62	126	14	78	142	30	94	158	46	110	174	1986	2052	2107	1997	1977	2011	2005	2091	2028	2022	2066	2041
304998	62	126	14	78	142	30	94	158	46	110	174	1986	2044	2121	1998	1986	2001	1995	2085	2010	2019	2057	2031
304998	62	126	14	78	142	30	94	158	46	110	174	2016	2020	2149	2017	2001	1970	2015	2065	1987	2016	2021	2016
304998	62	126	14	78	142	30	94	158	46	110	174	2048	1999	2162	2036	2013	1937	2034	2060	1962	2016	1994	1991
304998	62	126	14	78	142	30	94	158	46	110	174	2060	2005	2150	2043	2023	1938	2041	2056	1953	2018	1995	1995
304998	62	126	14	78	142	30	94	158	46	110	174	2039	2020	2129	2028	2002	1971	2024	2074	1981	2018	2022	2018
304998	62	126	14	78	142	30	94	158	46	110	174	2003	2042	2119	2005	1990	2001	2004	2082	2017	2021	2047	2031
304998	62	126	14	78	142	30	94	158	46	110	174	1983	2049	2119	1997	1981	2012	2000	2089	2028	2023	2063	2034
304998	62	126	14	78	142	30	94	158	46	110	174	1994	2042	2135	2007	1987	1988	2001	2083	2004	2022	2046	2013
304998	62	126	14	78	142	30	94	158	46	110	174	2033	2019	2145	2022	2014	1947	2029	2063	1971	2018	2015	1997
304998	62	126	14	78	142	30	94	158	46	110	174	2060	1999	2153	2041	2018	1935	2044	2053	1950	2022	1988	1999
304998	62	126	14	78	142	30	94	158	46	110	174	2049	1996	2146	2033	2018	1948	2030	2053	1967	2017	1997	2002
304998	62	126	14	78	142	30	94	158	46	110	174	2017	2025	2134	2018	1993	1995	2015	2073	2008	2017	2028	2020
304998	62	126	14	78	142	30	94	158	46	110	174	1986	2051	2127	2001	1975	2011	2004	2090	2024	2020	2066	2030
304998	62	126	14	78	142	30	94	158	46	110	174	1985	2057	2114	1999	1983	2001	1995	2091	2016	2020	2068	2031
304998	62	126	14	78	142	30	94	158	46	110	174	2015	2027	2127	2013	1998	1971	2023	2070	1986	2021	2028	2018
304998	62	126	14	78	142	30	94	158	46	110	174	2049	2000	2152	2030	2018	1939	2034	2054	1966	2020	1996	1995
304998	62	126	14	78	142	30	94	158	46	110	174	2063	1996	2160	2040	2023	1941	2036	2058	1953	2020	1985	1990
304998	62	126	14	78	142	30	94	158	46	110	174	2035	2013	2147	2028	2008	1968	2039	2064	1983	2021	2019	2010
304998	62	126	14	78	142	30	94	158	46	110	174	2005	2046	2115	2008	1989	1997	2022	2086	2010	2016	2049	2029
304998	62	126	14	78	142	30	94	158	46	110	174	1985	2057	2105	1996	1974	2014	2000	2090	2027	2017	2059	2041
304998	62	126	14	78	142	30	94	158	46	110	174	1992	2037	2127	1998	1991	1992	1999	2084	2012	2017	2044	2022
304998	62	126	14	78	142	30	94	158	46	110	174	2029	2015	2146	2020	2013	1955	2029	2070	1973	2020	2018	1998
304998	62	126	14	78	142	30	94	158	46	110	174	2052	1997	2165	2044	2018	1936	2038	2049	1951	2021	1994	1998
304998	62	126	14	78	142	30	94	158	46	110	174	2055	2005	2152	2036	2016	1944	2038	2056	1965	2020	1999	2005
304998	62	126	14	78	142	30	94	158	46	110	174	2025	2025	2127	2020	1999	1987	2018	2073	2005	2017	2025	2017
304998	62	126	14	78	142	30	94	158	46	110	174	1985	2049	2114	2003	1979	2014	1991	2089	2025	2019	2058	2029
304998	62	126	14	78	142	30	94	158	46	110	174	1980	2050	2124	1997	1980	2008	1995	2091	2019	2017	2064	2026
304998	62	126	14	78	142	30	94	158	46	110	174	2000	2027	2149	2014	1990	1981	2011	2076	1992	2017	2036	2021
304998	62	126	14	78	142	30	94	158	46	110	174	2045	2008	2156	2034	2014	1936	2033	2056	1967	2018	1995	1999
304998	62	126	14	78	142	30	94	158	46	110	174	2057	1999	2152	2041	2025	1938	2039	2056	1955	2020	1987	1991
304998	62	126	14	78	142	30	94	158	46	110	174	2047	2009	2139	2029	2014	1961	2032	2064	1973	2017	2010	2000
304998	62	126	14	78	142	30	94	158	46	110	174	2008	2037	2126	2008	1993	1999	2013	2083	2008	2016	2048	2025
304998	62	126	14	78	142	30	94	158	46	110	174	1979	2050	2122	2002	1968	2018	1995	2088	2025	2021	2066	2042
304998	62	126	14	78	142	30	94	158	46	110	174	1987	2049	2123	2002	1988	1990	1999	2085	2016	2021	2048	2031
304998	62	126	14	78	142	30	94	158	46	110	174	2025	2021	2142	2022	2004	1963	2020	2064	1977	2020	2013	2005
