304998	62	126	14	78	142	30	94	158	46	110	174	2057	1996	2153	2040	2021	1936	2039	2052	1951	2022	1995	1989
304998	62	126	14	78	142	30	94	158	46	110	174	2055	1999	2153	2040	2020	1940	2039	2052	1957	2021	1993	1997
304998	62	126	14	78	142	30	94	158	46	110	174	2030	2023	2139	2023	1999	1978	2030	2069	2001	2022	2021	2022
304998	62	126	14	78	142	30	94	158	46	110	174	1992	2052	2115	2005	1984	2006	2004	2094	2022	2022	2054	2033
304998	62	126	14	78	142	30	94	158	46	110	174	1985	2057	2114	1996	1983	2011	1993	2089	2020	2022	2055	2023
304998	62	126	14	78	142	30	94	158	46	110	174	2006	2031	2129	2008	1996	1979	2010	2080	1996	2016	2041	2019
304998	62	126	14	78	142	30	94	158	46	110	174	2041	2003	2153	2023	2016	1944	2037	2057	1963	2021	2008	1998
304998	62	126	14	78	142	30	94	158	46	110	174	2059	1994	2166	2044	2018	1934	2036	2052	1951	2018	1983	1995
304998	62	126	14	78	142	30	94	158	46	110	174	2048	2011	2149	2034	2014	1957	2040	2064	1975	2018	2002	2003
304998	62	126	14	78	142	30	94	158	46	110	174	2014	2036	2123	2017	1989	1998	2015	2077	2006	2019	2042	2018
304998	62	126	14	78	142	30	94	158	46	110	174	1984	2048	2113	1997	1979	2018	1996	2091	2026	2022	2069	2042
304998	62	126	14	78	142	30	94	158	46	110	174	1987	2042	2122	1999	1982	1997	2001	2085	2020	2018	2057	2033
304998	62	126	14	78	142	30	94	158	46	110	174	2016	2018	2146	2020	1999	1965	2013	2071	1982	2018	2020	2007
304998	62	126	14	78	142	30	94	158	46	110	174	2055	2001	2159	2038	2023	1929	2039	2057	1950	2022	1989	1991
304998	62	126	14	78	142	30	94	158	46	110	174	2058	2002	2149	2039	2020	1939	2043	2058	1953	2016	1999	1990
304998	62	126	14	78	142	30	94	158	46	110	174	2038	2017	2128	2024	2009	1975	2033	2064	1991	2017	2024	2016
304998	62	126	14	78	142	30	94	158	46	110	174	1996	2045	2117	2005	1985	2004	2006	2086	2024	2019	2053	2037
304998	62	126	14	78	142	30	94	158	46	110	174	1982	2049	2118	1997	1979	2010	1996	2090	2027	2021	2055	2032
304998	62	126	14	78	142	30	94	158	46	110	174	2001	2035	2146	2008	1990	1981	2015	2077	1997	2020	2041	2016
304998	62	126	14	78	142	30	94	158	46	110	174	2031	2015	2151	2028	2011	1949	2023	2059	1965	2021	2012	1999
304998	62	126	14	78	142	30	94	158	46	110	174	2062	1994	2155	2046	2020	1938	2033	2048	1955	2017	1990	1996
304998	62	126	14	78	142	30	94	158	46	110	174	2046	1997	2156	2033	2014	1954	2025	2063	1971	2020	1997	2005
304998	62	126	14	78	142	30	94	158	46	110	174	2016	2030	2128	2015	1992	1991	2018	2079	2005	2020	2034	2014
304998	62	126	14	78	142	30	94	158	46	110	174	1981	2053	2123	2000	1979	2011	1999	2085	2028	2019	2067	2034
304998	62	126	14	78	142	30	94	158	46	110	174	1987	2057	2109	1995	1985	2004	2004	2084	2022	2019	2067	2035
304998	62	126	14	78	142	30	94	158	46	110	174	2022	2027	2130	2018	1997	1972	2019	2075	1986	2017	2023	2015
304998	62	126	14	78	142	30	94	158	46	110	174	2048	1995	2159	2039	2021	1935	2025	2056	1955	2018	1992	1994
304998	62	126	14	78	142	30	94	158	46	110	174	2061	1995	2163	2043	2016	1938	2041	2056	1957	2020	1989	1983
304998	62	126	14	78	142	30	94	158	46	110	174	2030	2014	2153	2028	2005	1967	2027	2061	1981	2019	2018	2012
304998	62	126	14	78	142	30	94	158	46	110	174	2002	2050	2113	2006	1987	2008	2002	2087	2022	2022	2049	2041
304998	62	126	14	78	142	30	94	158	46	110	174	1980	2055	2107	1992	1973	2015	2002	2091	2030	2021	2061	2034
304998	62	126	14	78	142	30	94	158	46	110	174	1989	2034	2126	2004	1989	1991	1998	2078	2004	2022	2042	2018
304998	62	126	14	78	142	30	94	158	46	110	174	2034	2008	2153	2027	2008	1951	2022	2064	1966	2017	2014	1993
304998	62	126	14	78	142	30	94	158	46	110	174	2052	1997	2166	2039	2020	1935	2040	2048	1955	2017	1991	1994
304998	62	126	14	78	142	30	94	158	46	110	174	2059	2008	2145	2040	2021	1944	2043	2059	1969	2022	1997	2005
304998	62	126	14	78	142	30	94	158	46	110	174	2024	2031	2123	2020	1992	1990	2012	2077	2002	2021	2030	2019
304998	62	126	14	78	142	30	94	158	46	110	174	1985	2046	2112	1999	1977	2008	1997	2089	2025	2021	2058	2029
304998	62	126	14	78	142	30	94	158	46	110	174	1987	2049	2123	2000	1984	2002	1998	2085	2018	2018	2066	2032
304998	62	126	14	78	142	30	94	158	46	110	174	2009	2031	2142	2017	1996	1978	2008	2074	1994	2022	2036	2017
304998	62	126	14	78	142	30	94	158	46	110	174	2050	2004	2149	2029	2022	1939	2037	2059	1957	2017	1997	2001
304998	62	126	14	78	142	30	94	158	46	110	174	2064	1994	2151	2040	2018	1936	2044	2057	1950	2016	1984	1988
304998	62	126	14	78	142	30	94	158	46	110	174	2040	2010	2142	2030	2013	1961	2031	2066	1970	2021	2011	2001
304998	62	126	14	78	142	30	94	158	46	110	174	2003	2039	2126	2011	1989	1995	2012	2080	2018	2017	2050	2033
304998	62	126	14	78	142	30	94	158	46	110	174	1977	2056	2119	1997	1977	2018	1992	2094	2037	2020	2066	2044
304998	62	126	14	78	142	30	94	158	46	110	174	1992	2051	2121	1997	1989	1993	1999	2086	2006	2018	2046	2028
304998	62	126	14	78	142	30	94	158	46	110	174	2029	2015	2139	2021	2005	1957	2027	2067	1972	2021	2013	1995
304998	62	126	14	78	142	30	94	158	46	110	174	2059	1995	2163	2038	2025	1928	2037	2051	1947	2018	1989	1989
304998	62	126	14	78	142	30	94	158	46	110	174	2059	2001	2156	2042	2024	1938	2036	2055	1966	2022	2000	2004
304998	62	126	14	78	142	30	94	158	46	110	174	2022	2027	2134	2023	1999	1984	2021	2074	1999	2021	2025	2022
304998	62	126	14	78	142	30	94	158	46	110	174	1993	2053	2108	2002	1986	2016	2008	2087	2024	2018	2051	2033
304998	62	126	14	78	142	30	94	158	46	110	174	1983	2049	2114	1997	1977	2011	1994	2088	2021	2018	2067	2029
304998	62	126	14	78	142	30	94	158	46	110	174	2006	2024	2140	2009	1997	1973	2016	2072	1995	2020	2040	2015
304998	62	126	14	78	142	30	94	158	46	110	174	2043	2001	2159	2031	2015	1938	2033	2056	1963	2021	1998	2003
304998	62	126	14	78	142	30	94	158	46	110	174	2061	1992	2169	2046	2020	1934	2038	2052	1951	2020	1986	1992
304998	62	126	14	78	142	30	94	158	46	110	174	2047	2015	2142	2033	2014	1960	2031	2063	1973	2022	2003	1997
304998	62	126	14	78	142	30	94	158	46	110	174	2005	2038	2120	2010	1986	1997	2008	2076	2013	2021	2047	2024
304998	62	126	14	78	142	30	94	158	46	110	174	1984	2049	2111	1994	1979	2018	1995	2085	2038	2016	2070	2044
304998	62	126	14	78	142	30	94	158	46	110	174	1988	2042	2124	1999	1984	1995	2004	2091	2016	2020	2050	2037
304998	62	126	14	78	142	30	94	158	46	110	174	2018	2019	2149	2018	2004	1959	2020	2065	1975	2021	2015	2004
304998	62	126	14	78	142	30	94	158	46	110	174	2059	2003	2155	2037	2022	1933	2039	2053	1943	2020	1984	1979
304998	62	126	14	78	142	30	94	158	46	110	174	2063	1998	2150	2042	2016	1941	2040	2047	1961	2017	1995	1994
304998	62	126	14	78	142	30	94	158	46	110	174	2033	2018	2129	2024	2004	1971	2025	2065	2000	2021	2025	2020
304998	62	126	14	78	142	30	94	158	46	110	174	1994	2046	2123	2003	1985	2009	2006	2092	2018	2018	2054	2038
304998	62	126	14	78	142	30	94	158	46	110	174	1974	2056	2119	1995	1982	2015	1996	2090	2023	2022	2064	2036
304998	62	126	14	78	142	30	94	158	46	110	174	2003	2042	2128	2006	1996	1986	2012	2076	1995	2016	2041	2014
304998	62	126	14	78	142	30	94	158	46	110	174	2036	2002	2156	2031	2009	1947	2027	2054	1970	2017	2010	2001
304998	62	126	14	78	142	30	94	158	46	110	174	2063	1990	2159	2041	2021	1926	2038	2051	1949	2020	1983	1995
304998	62	126	14	78	142	30	94	158	46	110	174	2049	2006	2154	2034	2019	1956	2047	2060	1968	2021	1995	1999
304998	62	126	14	78	142	30	94	158	46	110	174	2011	2040	2128	2016	1992	1998	2009	2080	2002	2020	2038	2025
304998	62	126	14	78	142	30	94	158	46	110	174	1985	2063	2106	1994	1982	2015	2007	2088	2033	2022	2068	2035
304998	62	126	14	78	142	30	94	158	46	110	174	1985	2045	2113	2004	1980	2007	1996	2082	2025	2017	2062	2039
304998	62	126	14	78	142	30	94	158	46	110	174	2022	2019	2138	2018	2000	1962	2014	2073	1980	2021	2023	2009
304998	62	126	14	78	142	30	94	158	46	110	174	2055	1990	2168	2037	2024	1932	2042	2054	1950	2021	1987	1989
304998	62	126	14	78	142	30	94	158	46	110	174	2057	1994	2166	2042	2018	1941	2038	2048	1953	2018	1987	1986
304998	62	126	14	78	142	30	94	158	46	110	174	2032	2023	2137	2025	2010	1971	2021	2063	1996	2021	2023	2013
304998	62	126	14	78	142	30	94	158	46	110	174	1999	2045	2114	2011	1973	2014	1997	2086	2022	2017	2054	2042
304998	62	126	14	78	142	30	94	158	46	110	174	1981	2052	2109	1996	1986	2013	1994	2088	2027	2017	2061	2040
304998	62	126	14	78	142	30	94	158	46	110	174	1998	2039	2131	2003	1988	1992	2003	2080	1999	2021	2039	2014
304998	62	126	14	78	142	30	94	158	46	110	174	2035	2014	2157	2024	2013	1947	2029	2059	1968	2016	2013	1992
304998	62	126	14	78	142	30	94	158	46	110	174	2061	2002	2163	2039	2023	1930	2039	2051	1954	2020	1991	1993
304998	62	126	14	78	142	30	94	158	46	110	174	2057	2003	2151	2040	2014	1949	2030	2063	1969	2017	1996	2008
304998	62	126	14	78	142	30	94	158	46	110	174	2018	2026	2126	2016	1997	1985	2024	2077	2007	2019	2029	2023
304998	62	126	14	78	142	30	94	158	46	110	174	1983	2048	2118	2000	1979	2017	2000	2086	2028	2018	2064	2030
304998	62	126	14	78	142	30	94	158	46	110	174	1977	2048	2122	2001	1982	2014	1996	2085	2027	2020	2064	2036
304998	62	126	14	78	142	30	94	158	46	110	174	2016	2034	2139	2013	1999	1970	2017	2071	1986	2017	2029	2018
304998	62	126	14	78	142	30	94	158	46	110	174	2049	1998	2153	2037	2017	1930	2031	2059	1954	2020	1994	1995
304998	62	126	14	78	142	30	94	158	46	110	174	2066	1987	2157	2043	2024	1928	2044	2052	1951	2021	1981	1985
304998	62	126	14	78	142	30	94	158	46	110	174	2040	2009	2147	2030	2012	1967	2030	2059	1984	2019	2014	1999
304998	62	126	14	78	142	30	94	158	46	110	174	1996	2039	2126	2015	1980	2011	2003	2078	2025	2020	2053	2036
304998	62	126	14	78	142	30	94	158	46	110	174	1978	2059	2106	1992	1980	2017	1995	2090	2033	2022	2066	2049
304998	62	126	14	78	142	30	94	158	46	110	174	1996	2044	2116	2004	1987	1994	2010	2081	2006	2019	2045	2029
304998	62	126	14	78	142	30	94	158	46	110	174	2028	2008	2149	2026	2008	1946	2023	2063	1965	2020	2008	1991
304998	62	126	14	78	142	30	94	158	46	110	174	2060	1989	2167	2039	2022	1927	2044	2049	1951	2017	1993	1985
304998	62	126	14	78	142	30	94	158	46	110	174	2054	1999	2165	2041	2011	1950	2034	2059	1964	2020	1997	1999
304998	62	126	14	78	142	30	94	158	46	110	174	2022	2034	2134	2021	1998	1983	2021	2074	1996	2018	2031	2022
304998	62	126	14	78	142	30	94	158	46	110	174	1987	2056	2106	2005	1976	2015	1998	2087	2025	2019	2056	2040
304998	62	126	14	78	142	30	94	158	46	110	174	1981	2045	2112	1999	1982	2006	1996	2084	2023	2020	2064	2029
304998	62	126	14	78	142	30	94	158	46	110	174	2009	2025	2140	2014	1999	1978	2007	2074	1997	2021	2041	2015
304998	62	126	14	78	142	30	94	158	46	110	174	2045	2000	2166	2036	2008	1944	2038	2056	1955	2020	2000	2000
304998	62	126	14	78	142	30	94	158	46	110	174	2062	1996	2165	2043	2021	1931	2038	2049	1946	2018	1982	1991
304998	62	126	14	78	142	30	94	158	46	110	174	2046	2013	2138	2034	2011	1959	2031	2060	1974	2020	2007	2001
304998	62	126	14	78	142	30	94	158	46	110	174	2007	2035	2115	2013	1992	1997	2011	2074	2022	2019	2049	2028
304998	62	126	14	78	142	30	94	158	46	110	174	1980	2056	2109	1993	1984	2023	1995	2090	2035	2019	2072	2044
304998	62	126	14	78	142	30	94	158	46	110	174	1990	2046	2126	2005	1978	2003	2004	2086	2012	2021	2052	2038
304998	62	126	14	78	142	30	94	158	46	110	174	2021	2020	2152	2021	2008	1955	2019	2068	1967	2017	2011	2001
304998	62	126	14	78	142	30	94	158	46	110	174	2058	1998	2156	2038	2019	1927	2038	2049	1945	2018	1983	1983
304998	62	126	14	78	142	30	94	158	46	110	174	2055	1990	2157	2039	2022	1938	2035	2051	1966	2019	1998	1995
304998	62	126	14	78	142	30	94	158	46	110	174	2032	2023	2136	2020	2006	1978	2032	2074	1998	2017	2028	2020
304998	62	126	14	78	142	30	94	158	46	110	174	1995	2052	2122	2004	1979	2017	2006	2092	2025	2019	2057	2044
304998	62	126	14	78	142	30	94	158	46	110	174	1975	2060	2114	1999	1983	2012	1996	2088	2025	2021	2063	2040
304998	62	126	14	78	142	30	94	158	46	110	174	2001	2033	2128	2011	1992	1978	2008	2073	2001	2020	2040	2014
304998	62	126	14	78	142	30	94	158	46	110	174	2041	1996	2159	2033	2013	1941	2021	2054	1960	2020	2007	1995
304998	62	126	14	78	142	30	94	158	46	110	174	2070	1992	2169	2039	2024	1926	2044	2056	1949	2018	1984	1990
304998	62	126	14	78	142	30	94	158	46	110	174	2049	2004	2155	2036	2010	1955	2039	2063	1969	2021	2001	2007
304998	62	126	14	78	142	30	94	158	46	110	174	2007	2040	2126	2015	1987	1997	2009	2074	2007	2017	2041	2022
304998	62	126	14	78	142	30	94	158	46	110	174	1982	2062	2100	1995	1982	2017	1996	2092	2042	2020	2071	2039
304998	62	126	14	78	142	30	94	158	46	110	174	1985	2043	2120	2003	1977	2007	1996	2083	2016	2018	2061	2036
304998	62	126	14	78	142	30	94	158	46	110	174	2024	2017	2146	2017	2007	1965	2019	2071	1973	2022	2016	2009
304998	62	126	14	78	142	30	94	158	46	110	174	2052	1992	2174	2042	2018	1931	2038	2051	1951	2020	1983	1984
304998	62	126	14	78	142	30	94	158	46	110	174	2065	1997	2156	2039	2021	1932	2042	2052	1959	2020	1989	1988
304998	62	126	14	78	142	30	94	158	46	110	174	2035	2022	2133	2028	1999	1973	2021	2074	1993	2021	2024	2013
304998	62	126	14	78	142	30	94	158	46	110	174	1992	2041	2113	2007	1987	2013	2001	2086	2028	2020	2056	2044
304998	62	126	14	78	142	30	94	158	46	110	174	1978	2053	2110	1997	1981	2018	2003	2092	2025	2020	2062	2047
304998	62	126	14	78	142	30	94	158	46	110	174	1996	2038	2132	2007	1993	1988	2004	2078	2001	2018	2040	2020
304998	62	126	14	78	142	30	94	158	46	110	174	2038	2009	2151	2031	2018	1937	2031	2061	1970	2021	2007	1988
304998	62	126	14	78	142	30	94	158	46	110	174	2067	1993	2156	2042	2021	1924	2043	2058	1943	2022	1988	1987
304998	62	126	14	78	142	30	94	158	46	110	174	2054	2001	2152	2038	2011	1951	2031	2063	1967	2019	1999	2005
304998	62	126	14	78	142	30	94	158	46	110	174	2014	2027	2127	2014	1990	2001	2015	2076	2006	2022	2031	2025
304998	62	126	14	78	142	30	94	158	46	110	174	1975	2054	2116	2002	1972	2022	1995	2086	2038	2018	2061	2039
304998	62	126	14	78	142	30	94	158	46	110	174	1977	2057	2115	1999	1986	2002	1992	2091	2023	2020	2066	2039
304998	62	126	14	78	142	30	94	158	46	110	174	2019	2024	2132	2019	2000	1968	2019	2074	1981	2017	2029	2014
304998	62	126	14	78	142	30	94	158	46	110	174	2052	1994	2165	2038	2023	1930	2032	2056	1946	2021	1993	1993
304998	62	126	14	78	142	30	94	158	46	110	174	2064	1993	2169	2042	2023	1936	2033	2053	1951	2018	1983	1987
304998	62	126	14	78	142	30	94	158	46	110	174	2033	2017	2147	2028	2005	1971	2027	2064	1988	2018	2016	2000
304998	62	126	14	78	142	30	94	158	46	110	174	1994	2047	2110	2006	1987	2002	2006	2084	2019	2017	2054	2043
304998	62	126	14	78	142	30	94	158	46	110	174	1982	2063	2099	1998	1977	2020	2001	2096	2030	2017	2068	2051
304998	62	126	14	78	142	30	94	158	46	110	174	1993	2037	2123	2005	1996	1991	2003	2079	2005	2018	2045	2027
304998	62	126	14	78	142	30	94	158	46	110	174	2035	2009	2156	2028	2004	1950	2031	2056	1965	2017	2004	1988
304998	62	126	14	78	142	30	94	158	46	110	174	2061	1988	2176	2039	2020	1927	2036	2052	1948	2016	1990	1980
304998	62	126	14	78	142	30	94	158	46	110	174	2061	2004	2154	2039	2016	1947	2038	2054	1963	2017	1999	2001
304998	62	126	14	78	142	30	94	158	46	110	174	2027	2028	2125	2020	1997	1992	2018	2074	1998	2020	2033	2028
304998	62	126	14	78	142	30	94	158	46	110	174	1986	2050	2102	2003	1983	2017	1997	2081	2031	2020	2061	2047
304998	62	126	14	78	142	30	94	158	46	110	174	1980	2052	2117	1994	1981	2013	2006	2090	2031	2022	2061	2029
304998	62	126	14	78	142	30	94	158	46	110	174	2005	2030	2147	2018	1992	1975	2009	2077	1989	2018	2034	2013
304998	62	126	14	78	142	30	94	158	46	110	174	2051	2002	2160	2035	2017	1930	2032	2060	1952	2018	1998	1999
304998	62	126	14	78	142	30	94	158	46	110	174	2071	1993	2164	2042	2021	1933	2046	2049	1942	2017	1980	1984
304998	62	126	14	78	142	30	94	158	46	110	174	2044	2007	2142	2031	2011	1965	2031	2060	1984	2021	2007	2003
304998	62	126	14	78	142	30	94	158	46	110	174	2004	2044	2122	2009	1988	2009	2009	2084	2021	2022	2048	2028
304998	62	126	14	78	142	30	94	158	46	110	174	1967	2059	2108	2002	1974	2022	1992	2089	2032	2021	2074	2051
304998	62	126	14	78	142	30	94	158	46	110	174	1992	2045	2121	2005	1983	1992	2014	2083	2008	2022	2051	2039
304998	62	126	14	78	142	30	94	158	46	110	174	2027	2011	2151	2026	2007	1951	2018	2057	1971	2020	2008	1998
304998	62	126	14	78	142	30	94	158	46	110	174	2062	1984	2165	2038	2022	1924	2036	2054	1948	2021	1983	1976
304998	62	126	14	78	142	30	94	158	46	110	174	2060	1996	2164	2038	2015	1939	2042	2060	1957	2018	1997	1989
304998	62	126	14	78	142	30	94	158	46	110	174	2025	2025	2130	2021	1996	1982	2020	2070	1998	2019	2033	2026
304998	62	126	14	78	142	30	94	158	46	110	174	1991	2057	2101	2003	1985	2015	2010	2092	2026	2017	2060	2047
304998	62	126	14	78	142	30	94	158	46	110	174	1975	2052	2104	1995	1985	2015	1997	2082	2036	2020	2058	2038
304998	62	126	14	78	142	30	94	158	46	110	174	2008	2028	2131	2008	1999	1979	2014	2078	1994	2016	2035	2013
304998	62	126	14	78	142	30	94	158	46	110	174	2045	1999	2168	2034	2017	1937	2030	2064	1949	2022	2007	1990
304998	62	126	14	78	142	30	94	158	46	110	174	2063	1994	2173	2044	2019	1925	2040	2049	1945	2017	1983	1989
304998	62	126	14	78	142	30	94	158	46	110	174	2045	2013	2144	2033	2010	1956	2033	2058	1972	2022	2008	2003
