304998	62	126	14	78	142	30	94	158	46	110	174	2021	2020	2152	2021	2008	1955	2019	2068	1967	2017	2011	2001
304998	62	126	14	78	142	30	94	158	46	110	174	2058	1998	2156	2038	2019	1927	2038	2049	1945	2018	1983	1983
304998	62	126	14	78	142	30	94	158	46	110	174	2055	1990	2157	2039	2022	1938	2035	2051	1966	2019	1998	1995
304998	62	126	14	78	142	30	94	158	46	110	174	2032	2023	2136	2020	2006	1978	2032	2074	1998	2017	2028	2020
304998	62	126	14	78	142	30	94	158	46	110	174	1995	2052	2122	2004	1979	2017	2006	2092	2025	2019	2057	2044
304998	62	126	14	78	142	30	94	158	46	110	174	1975	2060	2114	1999	1983	2012	1996	2088	2025	2021	2063	2040
304998	62	126	14	78	142	30	94	158	46	110	174	2001	2033	2128	2011	1992	1978	2008	2073	2001	2020	2040	2014
304998	62	126	14	78	142	30	94	158	46	110	174	2041	1996	2159	2033	2013	1941	2021	2054	1960	2020	2007	1995
304998	62	126	14	78	142	30	94	158	46	110	174	2070	1992	2169	2039	2024	1926	2044	2056	1949	2018	1984	1990
304998	62	126	14	78	142	30	94	158	46	110	174	2049	2004	2155	2036	2010	1955	2039	2063	1969	2021	2001	2007
304998	62	126	14	78	142	30	94	158	46	110	174	2007	2040	2126	2015	1987	1997	2009	2074	2007	2017	2041	2022
304998	62	126	14	78	142	30	94	158	46	110	174	1982	2062	2100	1995	1982	2017	1996	2092	2042	2020	2071	2039
304998	62	126	14	78	142	30	94	158	46	110	174	1985	2043	2120	2003	1977	2007	1996	2083	2016	2018	2061	2036
304998	62	126	14	78	142	30	94	158	46	110	174	2024	2017	2146	2017	2007	1965	2019	2071	1973	2022	2016	2009
304998	62	126	14	78	142	30	94	158	46	110	174	2052	1992	2174	2042	2018	1931	2038	2051	1951	2020	1983	1984
304998	62	126	14	78	142	30	94	158	46	110	174	2065	1997	2156	2039	2021	1932	2042	2052	1959	2020	1989	1988
304998	62	126	14	78	142	30	94	158	46	110	174	2035	2022	2133	2028	1999	1973	2021	2074	1993	2021	2024	2013
304998	62	126	14	78	142	30	94	158	46	110	174	1992	2041	2113	2007	1987	2013	2001	2086	2028	2020	2056	2044
304998	62	126	14	78	142	30	94	158	46	110	174	1978	2053	2110	1997	1981	2018	2003	2092	2025	2020	2062	2047
304998	62	126	14	78	142	30	94	158	46	110	174	1996	2038	2132	2007	1993	1988	2004	2078	2001	2018	2040	2020
304998	62	126	14	78	142	30	94	158	46	110	174	2038	2009	2151	2031	2018	1937	2031	2061	1970	2021	2007	1988
304998	62	126	14	78	142	30	94	158	46	110	174	2067	1993	2156	2042	2021	1924	2043	2058	1943	2022	1988	1987
304998	62	126	14	78	142	30	94	158	46	110	174	2054	2001	2152	2038	2011	1951	2031	2063	1967	2019	1999	2005
304998	62	126	14	78	142	30	94	158	46	110	174	2014	2027	2127	2014	1990	2001	2015	2076	2006	2022	2031	2025
304998	62	126	14	78	142	30	94	158	46	110	174	1975	2054	2116	2002	1972	2022	1995	2086	2038	2018	2061	2039
304998	62	126	14	78	142	30	94	158	46	110	174	1977	2057	2115	1999	1986	2002	1992	2091	2023	2020	2066	2039
304998	62	126	14	78	142	30	94	158	46	110	174	2019	2024	2132	2019	2000	1968	2019	2074	1981	2017	2029	2014
304998	62	126	14	78	142	30	94	158	46	110	174	2052	1994	2165	2038	2023	1930	2032	2056	1946	2021	1993	1993
304998	62	126	14	78	142	30	94	158	46	110	174	2064	1993	2169	2042	2023	1936	2033	2053	1951	2018	1983	1987
304998	62	126	14	78	142	30	94	158	46	110	174	2033	2017	2147	2028	2005	1971	2027	2064	1988	2018	2016	2000
304998	62	126	14	78	142	30	94	158	46	110	174	1994	2047	2110	2006	1987	2002	2006	2084	2019	2017	2054	2043
304998	62	126	14	78	142	30	94	158	46	110	174	1982	2063	2099	1998	1977	2020	2001	2096	2030	2017	2068	2051
304998	62	126	14	78	142	30	94	158	46	110	174	1993	2037	2123	2005	1996	1991	2003	2079	2005	2018	2045	2027
304998	62	126	14	78	142	30	94	158	46	110	174	2035	2009	2156	2028	2004	1950	2031	2056	1965	2017	2004	1988
304998	62	126	14	78	142	30	94	158	46	110	174	2061	1988	2176	2039	2020	1927	2036	2052	1948	2016	1990	1980
304998	62	126	14	78	142	30	94	158	46	110	174	2061	2004	2154	2039	2016	1947	2038	2054	1963	2017	1999	2001
304998	62	126	14	78	142	30	94	158	46	110	174	2027	2028	2125	2020	1997	1992	2018	2074	1998	2020	2033	2028
304998	62	126	14	78	142	30	94	158	46	110	174	1986	2050	2102	2003	1983	2017	1997	2081	2031	2020	2061	2047
304998	62	126	14	78	142	30	94	158	46	110	174	1980	2052	2117	1994	1981	2013	2006	2090	2031	2022	2061	2029
304998	62	126	14	78	142	30	94	158	46	110	174	2005	2030	2147	2018	1992	1975	2009	2077	1989	2018	2034	2013
304998	62	126	14	78	142	30	94	158	46	110	174	2051	2002	2160	2035	2017	1930	2032	2060	1952	2018	1998	1999
304998	62	126	14	78	142	30	94	158	46	110	174	2071	1993	2164	2042	2021	1933	2046	2049	1942	2017	1980	1984
304998	62	126	14	78	142	30	94	158	46	110	174	2044	2007	2142	2031	2011	1965	2031	2060	1984	2021	2007	2003
304998	62	126	14	78	142	30	94	158	46	110	174	2004	2044	2122	2009	1988	2009	2009	2084	2021	2022	2048	2028
304998	62	126	14	78	142	30	94	158	46	110	174	1967	2059	2108	2002	1974	2022	1992	2089	2032	2021	2074	2051
304998	62	126	14	78	142	30	94	158	46	110	174	1992	2045	2121	2005	1983	1992	2014	2083	2008	2022	2051	2039
304998	62	126	14	78	142	30	94	158	46	110	174	2027	2011	2151	2026	2007	1951	2018	2057	1971	2020	2008	1998
304998	62	126	14	78	142	30	94	158	46	110	174	2062	1984	2165	2038	2022	1924	2036	2054	1948	2021	1983	1976
304998	62	126	14	78	142	30	94	158	46	110	174	2060	1996	2164	2038	2015	1939	2042	2060	1957	2018	1997	1989
304998	62	126	14	78	142	30	94	158	46	110	174	2025	2025	2130	2021	1996	1982	2020	2070	1998	2019	2033	2026
304998	62	126	14	78	142	30	94	158	46	110	174	1991	2057	2101	2003	1985	2015	2010	2092	2026	2017	2060	2047
304998	62	126	14	78	142	30	94	158	46	110	174	1975	2052	2104	1995	1985	2015	1997	2082	2036	2020	2058	2038
304998	62	126	14	78	142	30	94	158	46	110	174	2008	2028	2131	2008	1999	1979	2014	2078	1994	2016	2035	2013
304998	62	126	14	78	142	30	94	158	46	110	174	2045	1999	2168	2034	2017	1937	2030	2064	1949	2022	2007	1990
304998	62	126	14	78	142	30	94	158	46	110	174	2063	1994	2173	2044	2019	1925	2040	2049	1945	2017	1983	1989
304998	62	126	14	78	142	30	94	158	46	110	174	2045	2013	2144	2033	2010	1956	2033	2058	1972	2022	2008	2003
304998	62	126	14	78	142	30	94	158	46	110	174	2008	2034	2110	2015	1990	2003	2007	2078	2022	2017	2042	2026
304998	62	126	14	78	142	30	94	158	46	110	174	1978	2052	2108	1997	1985	2025	1996	2092	2038	2018	2073	2046
304998	62	126	14	78	142	30	94	158	46	110	174	1983	2045	2122	2002	1981	2004	2011	2083	2016	2019	2058	2036
304998	62	126	14	78	142	30	94	158	46	110	174	2022	2020	2153	2020	2009	1954	2020	2065	1970	2020	2019	2011
304998	62	126	14	78	142	30	94	158	46	110	174	2061	1996	2165	2042	2016	1930	2037	2052	1954	2021	1981	1982
304998	62	126	14	78	142	30	94	158	46	110	174	2068	1992	2155	2039	2018	1931	2043	2059	1958	2021	1989	1977
304998	62	126	14	78	142	30	94	158	46	110	174	2034	2015	2132	2022	2008	1976	2026	2073	1986	2022	2024	2019
304998	62	126	14	78	142	30	94	158	46	110	174	1986	2046	2115	2007	1974	2016	2004	2086	2027	2022	2063	2046
304998	62	126	14	78	142	30	94	158	46	110	174	1970	2064	2109	2004	1981	2018	1995	2085	2034	2016	2062	2051
304998	62	126	14	78	142	30	94	158	46	110	174	2001	2035	2128	2012	1993	1982	2004	2077	2006	2017	2031	2019
304998	62	126	14	78	142	30	94	158	46	110	174	2045	2004	2153	2029	2014	1940	2026	2063	1953	2018	2002	1982
304998	62	126	14	78	142	30	94	158	46	110	174	2067	1983	2169	2042	2024	1929	2041	2054	1939	2019	1990	1985
304998	62	126	14	78	142	30	94	158	46	110	174	2048	2003	2158	2032	2010	1949	2034	2059	1966	2016	2003	2005
304998	62	126	14	78	142	30	94	158	46	110	174	2014	2042	2122	2015	1995	1989	2013	2077	2015	2021	2036	2038
304998	62	126	14	78	142	30	94	158	46	110	174	1981	2064	2100	2002	1983	2025	2000	2091	2039	2022	2064	2041
304998	62	126	14	78	142	30	94	158	46	110	174	1987	2047	2107	2001	1985	2005	2004	2085	2017	2020	2059	2030
304998	62	126	14	78	142	30	94	158	46	110	174	2018	2018	2148	2017	2001	1970	2019	2074	1976	2020	2026	2011
304998	62	126	14	78	142	30	94	158	46	110	174	2056	1990	2182	2040	2013	1927	2029	2051	1950	2020	1992	1987
304998	62	126	14	78	142	30	94	158	46	110	174	2065	1999	2174	2041	2020	1926	2044	2055	1953	2022	1985	1986
304998	62	126	14	78	142	30	94	158	46	110	174	2034	2018	2132	2026	2002	1973	2026	2070	1988	2017	2016	2002
304998	62	126	14	78	142	30	94	158	46	110	174	1994	2041	2110	2007	1984	2020	2003	2083	2024	2022	2061	2039
304998	62	126	14	78	142	30	94	158	46	110	174	1975	2058	2105	1998	1983	2023	2005	2085	2033	2021	2067	2048
304998	62	126	14	78	142	30	94	158	46	110	174	1996	2036	2139	2007	1988	1988	2011	2077	2006	2018	2042	2026
304998	62	126	14	78	142	30	94	158	46	110	174	2039	2015	2158	2031	2013	1937	2029	2070	1960	2018	2002	1993
304998	62	126	14	78	142	30	94	158	46	110	174	2070	1995	2169	2042	2021	1918	2040	2055	1943	2018	1985	1971
304998	62	126	14	78	142	30	94	158	46	110	174	2050	1995	2151	2040	2012	1950	2033	2059	1963	2022	2000	1996
304998	62	126	14	78	142	30	94	158	46	110	174	2015	2028	2124	2014	1993	1994	2018	2072	2012	2021	2034	2028
304998	62	126	14	78	142	30	94	158	46	110	174	1977	2053	2115	1998	1976	2024	1996	2093	2040	2017	2064	2052
304998	62	126	14	78	142	30	94	158	46	110	174	1981	2062	2111	1998	1982	2008	2006	2089	2024	2019	2055	2033
304998	62	126	14	78	142	30	94	158	46	110	174	2017	2028	2133	2016	1999	1971	2015	2071	1982	2020	2026	2006
304998	62	126	14	78	142	30	94	158	46	110	174	2050	1994	2163	2041	2017	1928	2026	2052	1947	2021	1993	1985
304998	62	126	14	78	142	30	94	158	46	110	174	2067	1984	2171	2040	2023	1927	2038	2049	1957	2020	1986	1986
304998	62	126	14	78	142	30	94	158	46	110	174	2040	2010	2148	2033	2004	1965	2031	2068	1983	2021	2008	2008
304998	62	126	14	78	142	30	94	158	46	110	174	1998	2051	2111	2012	1989	2006	2017	2087	2018	2023	2048	2031
304998	62	126	14	78	142	30	94	158	46	110	174	1975	2061	2098	1997	1982	2023	2001	2085	2035	2017	2072	2048
304998	62	126	14	78	142	30	94	158	46	110	174	1992	2040	2116	2009	1987	1998	2005	2079	2018	2020	2051	2031
304998	62	126	14	78	142	30	94	158	46	110	174	2028	2004	2159	2023	2006	1944	2019	2065	1965	2019	2009	2003
304998	62	126	14	78	142	30	94	158	46	110	174	2061	1983	2180	2043	2018	1919	2038	2054	1942	2016	1983	1972
304998	62	126	14	78	142	30	94	158	46	110	174	2059	1997	2162	2040	2017	1942	2040	2058	1955	2022	1992	1981
304998	62	126	14	78	142	30	94	158	46	110	174	2022	2034	2122	2021	2003	1992	2018	2067	2004	2021	2034	2023
304998	62	126	14	78	142	30	94	158	46	110	174	1986	2048	2098	2004	1983	2025	2002	2084	2041	2022	2064	2054
304998	62	126	14	78	142	30	94	158	46	110	174	1977	2048	2105	1997	1987	2015	1999	2092	2028	2020	2061	2045
304998	62	126	14	78	142	30	94	158	46	110	174	2007	2030	2143	2012	1997	1970	2017	2074	1990	2021	2026	2007
304998	62	126	14	78	142	30	94	158	46	110	174	2045	2000	2169	2033	2017	1924	2028	2052	1949	2020	1998	1980
304998	62	126	14	78	142	30	94	158	46	110	174	2072	1993	2164	2042	2024	1927	2038	2049	1950	2020	1985	1979
304998	62	126	14	78	142	30	94	158	46	110	174	2048	2006	2140	2034	2007	1960	2034	2065	1979	2020	2011	2008
304998	62	126	14	78	142	30	94	158	46	110	174	2004	2036	2119	2009	1991	2003	2013	2079	2016	2017	2045	2034
304998	62	126	14	78	142	30	94	158	46	110	174	1974	2061	2106	2002	1973	2024	2001	2088	2028	2022	2067	2047
304998	62	126	14	78	142	30	94	158	46	110	174	1988	2048	2121	2004	1990	2001	2004	2077	2016	2020	2056	2028
304998	62	126	14	78	142	30	94	158	46	110	174	2032	2015	2143	2024	2001	1957	2021	2067	1979	2020	2016	2005
304998	62	126	14	78	142	30	94	158	46	110	174	2060	1985	2174	2036	2018	1925	2034	2052	1941	2018	1983	1978
304998	62	126	14	78	142	30	94	158	46	110	174	2060	1993	2167	2039	2017	1933	2035	2059	1952	2016	1985	1984
304998	62	126	14	78	142	30	94	158	46	110	174	2025	2025	2140	2021	2000	1978	2026	2064	1996	2021	2027	2013
304998	62	126	14	78	142	30	94	158	46	110	174	1985	2057	2106	2000	1992	2024	1998	2085	2038	2020	2063	2050
304998	62	126	14	78	142	30	94	158	46	110	174	1981	2060	2097	1995	1981	2019	1998	2087	2034	2022	2068	2055
304998	62	126	14	78	142	30	94	158	46	110	174	1999	2025	2136	2011	1995	1984	2007	2076	1996	2020	2034	2017
304998	62	126	14	78	142	30	94	158	46	110	174	2039	1996	2170	2032	2013	1929	2029	2062	1952	2017	1991	1982
304998	62	126	14	78	142	30	94	158	46	110	174	2068	1991	2183	2047	2018	1925	2038	2049	1943	2018	1986	1975
304998	62	126	14	78	142	30	94	158	46	110	174	2046	2011	2148	2032	2013	1950	2027	2064	1971	2019	2011	2002
304998	62	126	14	78	142	30	94	158	46	110	174	2012	2041	2111	2012	1994	2005	2022	2085	2016	2017	2042	2042
304998	62	126	14	78	142	30	94	158	46	110	174	1975	2052	2100	1997	1983	2024	2001	2090	2037	2017	2066	2051
304998	62	126	14	78	142	30	94	158	46	110	174	1985	2044	2118	2003	1986	2002	1998	2082	2018	2016	2052	2030
304998	62	126	14	78	142	30	94	158	46	110	174	2019	2016	2160	2019	2005	1960	2022	2063	1980	2018	2023	1998
304998	62	126	14	78	142	30	94	158	46	110	174	2060	1997	2172	2041	2018	1928	2033	2056	1943	2018	1991	1980
304998	62	126	14	78	142	30	94	158	46	110	174	2069	1994	2159	2039	2012	1933	2037	2056	1944	2022	1985	1983
304998	62	126	14	78	142	30	94	158	46	110	174	2029	2010	2139	2028	1995	1973	2019	2063	1991	2018	2017	2015
304998	62	126	14	78	142	30	94	158	46	110	174	1993	2046	2102	2010	1988	2013	2012	2082	2035	2022	2058	2040
304998	62	126	14	78	142	30	94	158	46	110	174	1973	2061	2107	1999	1979	2025	2002	2092	2036	2017	2072	2052
304998	62	126	14	78	142	30	94	158	46	110	174	1999	2042	2124	2008	1995	1989	2012	2080	1999	2017	2045	2025
304998	62	126	14	78	142	30	94	158	46	110	174	2045	2006	2154	2028	2007	1937	2032	2059	1951	2020	2001	1994
304998	62	126	14	78	142	30	94	158	46	110	174	2060	1981	2183	2041	2018	1919	2029	2046	1944	2021	1979	1967
304998	62	126	14	78	142	30	94	158	46	110	174	2057	1995	2160	2038	2012	1945	2029	2060	1967	2020	1999	1991
304998	62	126	14	78	142	30	94	158	46	110	174	2008	2038	2125	2018	1993	1996	2021	2074	2009	2020	2041	2027
304998	62	126	14	78	142	30	94	158	46	110	174	1980	2059	2090	2001	1982	2032	2015	2088	2034	2020	2068	2060
304998	62	126	14	78	142	30	94	158	46	110	174	1984	2048	2102	2003	1979	2011	2003	2082	2019	2021	2061	2043
304998	62	126	14	78	142	30	94	158	46	110	174	2017	2013	2143	2018	1998	1963	2014	2069	1982	2020	2019	2005
304998	62	126	14	78	142	30	94	158	46	110	174	2056	1994	2181	2041	2017	1924	2044	2062	1952	2022	1995	1972
304998	62	126	14	78	142	30	94	158	46	110	174	2063	1996	2177	2043	2017	1930	2036	2058	1943	2022	1988	1985
304998	62	126	14	78	142	30	94	158	46	110	174	2037	2019	2132	2030	2002	1970	2027	2067	1985	2020	2016	2017
304998	62	126	14	78	142	30	94	158	46	110	174	1996	2043	2103	2010	1985	2016	2008	2074	2030	2016	2048	2047
304998	62	126	14	78	142	30	94	158	46	110	174	1969	2051	2094	1998	1980	2022	1994	2085	2042	2017	2066	2049
304998	62	126	14	78	142	30	94	158	46	110	174	1994	2040	2128	2010	1991	1994	2007	2084	2004	2020	2050	2023
304998	62	126	14	78	142	30	94	158	46	110	174	2032	2013	2165	2029	2010	1943	2025	2063	1963	2020	2010	1995
304998	62	126	14	78	142	30	94	158	46	110	174	2064	1993	2175	2041	2022	1923	2045	2051	1941	2020	1984	1977
304998	62	126	14	78	142	30	94	158	46	110	174	2060	1996	2158	2039	2006	1937	2024	2058	1970	2021	1995	1989
304998	62	126	14	78	142	30	94	158	46	110	174	2019	2026	2124	2019	2004	1987	2017	2075	2009	2021	2033	2021
304998	62	126	14	78	142	30	94	158	46	110	174	1984	2056	2102	2003	1981	2026	2011	2085	2033	2021	2068	2052
304998	62	126	14	78	142	30	94	158	46	110	174	1976	2060	2106	1994	1991	2016	2004	2083	2026	2020	2065	2051
304998	62	126	14	78	142	30	94	158	46	110	174	2013	2031	2128	2017	1997	1972	2013	2074	1991	2018	2024	2014
304998	62	126	14	78	142	30	94	158	46	110	174	2050	1995	2168	2035	2009	1924	2023	2057	1952	2017	1991	1975
304998	62	126	14	78	142	30	94	158	46	110	174	2069	1987	2178	2039	2019	1919	2028	2057	1942	2020	1985	1970
304998	62	126	14	78	142	30	94	158	46	110	174	2040	2009	2152	2035	2003	1965	2023	2065	1975	2021	2016	2004
304998	62	126	14	78	142	30	94	158	46	110	174	2001	2046	2107	2012	1989	2014	2008	2077	2022	2022	2050	2050
304998	62	126	14	78	142	30	94	158	46	110	174	1978	2063	2086	1995	1983	2027	2011	2086	2045	2020	2067	2060
304998	62	126	14	78	142	30	94	158	46	110	174	1987	2039	2112	2009	1990	1998	1999	2084	2010	2017	2047	2029
304998	62	126	14	78	142	30	94	158	46	110	174	2031	2011	2158	2020	2012	1946	2028	2067	1968	2016	2020	1990
304998	62	126	14	78	142	30	94	158	46	110	174	2059	1992	2189	2040	2015	1922	2034	2051	1940	2018	1988	1968
304998	62	126	14	78	142	30	94	158	46	110	174	2064	2001	2166	2037	2012	1940	2034	2051	1957	2017	1995	1989
304998	62	126	14	78	142	30	94	158	46	110	174	2027	2034	2124	2019	2001	1984	2016	2072	2005	2016	2027	2023
304998	62	126	14	78	142	30	94	158	46	110	174	1982	2049	2093	2007	1985	2020	1998	2085	2034	2020	2058	2050
304998	62	126	14	78	142	30	94	158	46	110	174	1979	2058	2096	1999	1987	2019	2002	2085	2027	2018	2071	2047
304998	62	126	14	78	142	30	94	158	46	110	174	2001	2032	2147	2013	1998	1980	2010	2072	1993	2020	2040	2020
304998	62	126	14	78	142	30	94	158	46	110	174	2048	2006	2168	2029	2013	1932	2031	2060	1953	2017	1997	1980
304998	62	126	14	78	142	30	94	158	46	110	174	2070	1994	2176	2040	2016	1923	2040	2060	1941	2020	1978	1974
