304998	62	126	14	78	142	30	94	158	46	110	174	2013	2031	2128	2017	1997	1972	2013	2074	1991	2018	2024	2014
304998	62	126	14	78	142	30	94	158	46	110	174	2050	1995	2168	2035	2009	1924	2023	2057	1952	2017	1991	1975
304998	62	126	14	78	142	30	94	158	46	110	174	2069	1987	2178	2039	2019	1919	2028	2057	1942	2020	1985	1970
304998	62	126	14	78	142	30	94	158	46	110	174	2040	2009	2152	2035	2003	1965	2023	2065	1975	2021	2016	2004
304998	62	126	14	78	142	30	94	158	46	110	174	2001	2046	2107	2012	1989	2014	2008	2077	2022	2022	2050	2050
304998	62	126	14	78	142	30	94	158	46	110	174	1978	2063	2086	1995	1983	2027	2011	2086	2045	2020	2067	2060
304998	62	126	14	78	142	30	94	158	46	110	174	1987	2039	2112	2009	1990	1998	1999	2084	2010	2017	2047	2029
304998	62	126	14	78	142	30	94	158	46	110	174	2031	2011	2158	2020	2012	1946	2028	2067	1968	2016	2020	1990
304998	62	126	14	78	142	30	94	158	46	110	174	2059	1992	2189	2040	2015	1922	2034	2051	1940	2018	1988	1968
304998	62	126	14	78	142	30	94	158	46	110	174	2064	2001	2166	2037	2012	1940	2034	2051	1957	2017	1995	1989
304998	62	126	14	78	142	30	94	158	46	110	174	2027	2034	2124	2019	2001	1984	2016	2072	2005	2016	2027	2023
304998	62	126	14	78	142	30	94	158	46	110	174	1982	2049	2093	2007	1985	2020	1998	2085	2034	2020	2058	2050
304998	62	126	14	78	142	30	94	158	46	110	174	1979	2058	2096	1999	1987	2019	2002	2085	2027	2018	2071	2047
304998	62	126	14	78	142	30	94	158	46	110	174	2001	2032	2147	2013	1998	1980	2010	2072	1993	2020	2040	2020
304998	62	126	14	78	142	30	94	158	46	110	174	2048	2006	2168	2029	2013	1932	2031	2060	1953	2017	1997	1980
304998	62	126	14	78	142	30	94	158	46	110	174	2070	1994	2176	2040	2016	1923	2040	2060	1941	2020	1978	1974
304998	62	126	14	78	142	30	94	158	46	110	174	2048	2006	2144	2033	2007	1955	2026	2064	1974	2019	2006	1988
304998	62	126	14	78	142	30	94	158	46	110	174	2008	2041	2109	2009	1995	2001	2017	2078	2014	2017	2048	2043
304998	62	126	14	78	142	30	94	158	46	110	174	1972	2059	2093	2003	1983	2031	1998	2083	2044	2019	2069	2061
304998	62	126	14	78	142	30	94	158	46	110	174	1989	2052	2104	1999	1993	2004	2003	2081	2027	2020	2050	2043
304998	62	126	14	78	142	30	94	158	46	110	174	2025	2014	2148	2020	2001	1953	2017	2061	1971	2021	2014	1994
304998	62	126	14	78	142	30	94	158	46	110	174	2062	1991	2177	2036	2019	1912	2029	2058	1934	2018	1990	1965
304998	62	126	14	78	142	30	94	158	46	110	174	2065	1994	2172	2041	2019	1926	2028	2051	1952	2022	1998	1975
304998	62	126	14	78	142	30	94	158	46	110	174	2026	2028	2138	2024	1999	1977	2018	2067	2002	2017	2024	2024
304998	62	126	14	78	142	30	94	158	46	110	174	1992	2058	2092	2007	1989	2022	2007	2085	2035	2016	2054	2054
304998	62	126	14	78	142	30	94	158	46	110	174	1977	2059	2082	2003	1980	2022	2004	2086	2036	2022	2064	2053
304998	62	126	14	78	142	30	94	158	46	110	174	2002	2033	2122	2013	1997	1980	2010	2077	1994	2018	2039	2015
304998	62	126	14	78	142	30	94	158	46	110	174	2040	2001	2174	2028	2016	1932	2021	2057	1957	2016	2005	1981
304998	62	126	14	78	142	30	94	158	46	110	174	2063	1987	2190	2042	2015	1921	2031	2052	1946	2022	1985	1971
304998	62	126	14	78	142	30	94	158	46	110	174	2051	2008	2152	2030	2011	1951	2026	2063	1971	2022	2000	1997
304998	62	126	14	78	142	30	94	158	46	110	174	2012	2039	2108	2017	1989	2000	2009	2075	2012	2016	2037	2029
304998	62	126	14	78	142	30	94	158	46	110	174	1981	2056	2083	2002	1987	2025	2008	2082	2039	2018	2072	2053
304998	62	126	14	78	142	30	94	158	46	110	174	1983	2046	2112	2003	1989	2008	1999	2081	2031	2020	2060	2047
304998	62	126	14	78	142	30	94	158	46	110	174	2016	2024	2150	2021	2003	1965	2018	2077	1979	2021	2020	2008
304998	62	126	14	78	142	30	94	158	46	110	174	2057	2000	2176	2031	2018	1922	2028	2062	1943	2020	1987	1974
304998	62	126	14	78	142	30	94	158	46	110	174	2063	1994	2172	2040	2009	1927	2035	2057	1945	2018	1983	1970
304998	62	126	14	78	142	30	94	158	46	110	174	2036	2017	2133	2026	2004	1967	2028	2062	1988	2019	2022	2012
304998	62	126	14	78	142	30	94	158	46	110	174	1991	2042	2102	2010	1992	2020	2002	2082	2040	2021	2060	2055
304998	62	126	14	78	142	30	94	158	46	110	174	1973	2057	2096	2000	1979	2029	2001	2089	2038	2018	2066	2067
304998	62	126	14	78	142	30	94	158	46	110	174	1999	2044	2123	2008	1995	1986	2007	2078	2002	2018	2039	2023
304998	62	126	14	78	142	30	94	158	46	110	174	2038	2007	2161	2030	2001	1940	2022	2067	1960	2019	2005	1978
304998	62	126	14	78	142	30	94	158	46	110	174	2067	1987	2183	2035	2019	1917	2034	2049	1943	2018	1990	1961
304998	62	126	14	78	142	30	94	158	46	110	174	2054	2003	2165	2031	2012	1948	2021	2064	1964	2022	2005	1989
304998	62	126	14	78	142	30	94	158	46	110	174	2014	2038	2120	2023	1999	1999	2020	2079	2010	2017	2036	2041
304998	62	126	14	78	142	30	94	158	46	110	174	1978	2060	2086	1997	1990	2029	2004	2086	2037	2021	2065	2065
304998	62	126	14	78	142	30	94	158	46	110	174	1981	2054	2090	2004	1982	2015	2003	2080	2026	2021	2061	2047
304998	62	126	14	78	142	30	94	158	46	110	174	2015	2020	2142	2016	2000	1961	2019	2070	1994	2020	2030	2008
304998	62	126	14	78	142	30	94	158	46	110	174	2049	1994	2182	2032	2011	1928	2024	2059	1942	2021	1992	1978
304998	62	126	14	78	142	30	94	158	46	110	174	2063	1987	2189	2040	2010	1932	2038	2058	1942	2018	1985	1971
304998	62	126	14	78	142	30	94	158	46	110	174	2033	2018	2146	2022	2006	1965	2024	2063	1980	2020	2008	2004
304998	62	126	14	78	142	30	94	158	46	110	174	1997	2046	2092	2011	1987	2015	2009	2081	2028	2019	2051	2047
304998	62	126	14	78	142	30	94	158	46	110	174	1975	2054	2084	2000	1983	2026	2003	2088	2044	2016	2071	2064
304998	62	126	14	78	142	30	94	158	46	110	174	1993	2041	2120	2006	1994	1995	2010	2085	2007	2018	2051	2041
304998	62	126	14	78	142	30	94	158	46	110	174	2026	2012	2176	2024	2002	1950	2017	2064	1960	2020	2010	1988
304998	62	126	14	78	142	30	94	158	46	110	174	2059	1999	2187	2032	2015	1913	2039	2056	1935	2019	1984	1957
304998	62	126	14	78	142	30	94	158	46	110	174	2059	2003	2165	2034	2013	1937	2029	2064	1960	2017	1995	1977
304998	62	126	14	78	142	30	94	158	46	110	174	2021	2027	2114	2019	1999	1991	2020	2079	2010	2020	2035	2025
304998	62	126	14	78	142	30	94	158	46	110	174	1985	2052	2089	2005	1985	2025	2020	2086	2038	2019	2060	2073
304998	62	126	14	78	142	30	94	158	46	110	174	1971	2052	2101	2002	1980	2026	2003	2085	2026	2020	2063	2059
304998	62	126	14	78	142	30	94	158	46	110	174	2007	2034	2142	2012	1998	1974	2015	2074	1993	2022	2029	2015
304998	62	126	14	78	142	30	94	158	46	110	174	2049	2002	2179	2034	2010	1926	2030	2061	1954	2018	1995	1963
304998	62	126	14	78	142	30	94	158	46	110	174	2061	1984	2183	2039	2015	1916	2028	2060	1939	2017	1988	1972
304998	62	126	14	78	142	30	94	158	46	110	174	2045	2009	2150	2027	2010	1964	2030	2070	1973	2022	2013	2007
304998	62	126	14	78	142	30	94	158	46	110	174	2000	2039	2114	2014	1988	2014	2010	2071	2025	2017	2049	2051
304998	62	126	14	78	142	30	94	158	46	110	174	1973	2062	2087	2001	1980	2032	2003	2084	2046	2020	2063	2059
304998	62	126	14	78	142	30	94	158	46	110	174	1987	2043	2104	2008	1993	2000	2003	2084	2019	2018	2054	2035
304998	62	126	14	78	142	30	94	158	46	110	174	2027	2013	2155	2022	2006	1952	2022	2073	1966	2016	2019	1997
304998	62	126	14	78	142	30	94	158	46	110	174	2065	1991	2189	2037	2016	1917	2028	2061	1929	2021	1989	1971
304998	62	126	14	78	142	30	94	158	46	110	174	2058	1994	2183	2037	2005	1940	2029	2058	1953	2021	1992	1971
304998	62	126	14	78	142	30	94	158	46	110	174	2024	2028	2129	2018	1997	1983	2021	2075	2004	2020	2025	2020
304998	62	126	14	78	142	30	94	158	46	110	174	1989	2059	2081	2006	1990	2022	2004	2084	2036	2020	2064	2059
304998	62	126	14	78	142	30	94	158	46	110	174	1980	2052	2080	2003	1988	2026	2004	2085	2036	2018	2070	2069
304998	62	126	14	78	142	30	94	158	46	110	174	2004	2025	2132	2008	2001	1981	2008	2072	1993	2017	2038	2022
304998	62	126	14	78	142	30	94	158	46	110	174	2042	1999	2186	2034	2004	1935	2018	2060	1953	2016	1997	1975
304998	62	126	14	78	142	30	94	158	46	110	174	2064	1996	2193	2035	2013	1919	2030	2056	1940	2022	1983	1957
304998	62	126	14	78	142	30	94	158	46	110	174	2046	2009	2152	2029	2003	1951	2027	2063	1971	2021	2008	1993
304998	62	126	14	78	142	30	94	158	46	110	174	2006	2040	2101	2015	1991	2008	2010	2079	2014	2022	2046	2051
304998	62	126	14	78	142	30	94	158	46	110	174	1980	2055	2080	2000	1990	2033	2004	2082	2049	2017	2064	2076
304998	62	126	14	78	142	30	94	158	46	110	174	1985	2049	2105	2006	1983	2011	2005	2082	2026	2021	2049	2047
304998	62	126	14	78	142	30	94	158	46	110	174	2021	2026	2154	2019	2000	1957	2014	2075	1973	2017	2020	1992
304998	62	126	14	78	142	30	94	158	46	110	174	2062	2000	2180	2033	2013	1914	2033	2063	1936	2022	1994	1962
304998	62	126	14	78	142	30	94	158	46	110	174	2065	1995	2173	2034	2009	1932	2034	2057	1943	2017	1990	1975
304998	62	126	14	78	142	30	94	158	46	110	174	2027	2017	2138	2022	2001	1974	2015	2068	1997	2021	2022	2018
304998	62	126	14	78	142	30	94	158	46	110	174	1994	2049	2091	2007	1987	2032	2013	2085	2039	2018	2057	2052
304998	62	126	14	78	142	30	94	158	46	110	174	1971	2065	2086	2008	1987	2023	2003	2085	2042	2016	2072	2068
304998	62	126	14	78	142	30	94	158	46	110	174	2003	2042	2115	2011	1995	1983	2014	2078	2000	2016	2041	2028
304998	62	126	14	78	142	30	94	158	46	110	174	2040	2005	2167	2029	2003	1938	2030	2058	1956	2021	2004	1987
304998	62	126	14	78	142	30	94	158	46	110	174	2060	1989	2195	2033	2019	1915	2020	2057	1944	2019	1984	1957
304998	62	126	14	78	142	30	94	158	46	110	174	2049	2006	2171	2026	2001	1955	2033	2066	1969	2021	2001	1981
304998	62	126	14	78	142	30	94	158	46	110	174	2012	2038	2113	2018	1995	1995	2016	2072	2010	2021	2043	2034
304998	62	126	14	78	142	30	94	158	46	110	174	1985	2062	2070	2001	1990	2027	2007	2085	2043	2018	2069	2079
304998	62	126	14	78	142	30	94	158	46	110	174	1985	2046	2090	2006	1985	2018	2009	2084	2038	2020	2057	2062
304998	62	126	14	78	142	30	94	158	46	110	174	2013	2022	2146	2014	2006	1967	2012	2074	1977	2020	2020	2006
304998	62	126	14	78	142	30	94	158	46	110	174	2052	1996	2200	2034	2003	1925	2028	2067	1938	2020	1990	1950
304998	62	126	14	78	142	30	94	158	46	110	174	2053	1994	2193	2031	2013	1926	2035	2062	1944	2017	1994	1966
304998	62	126	14	78	142	30	94	158	46	110	174	2038	2023	2138	2024	2002	1965	2025	2069	1987	2020	2022	2013
304998	62	126	14	78	142	30	94	158	46	110	174	1994	2043	2088	2012	1989	2020	2005	2081	2036	2022	2051	2064
304998	62	126	14	78	142	30	94	158	46	110	174	1975	2052	2078	2002	1989	2031	2002	2085	2045	2020	2067	2072
304998	62	126	14	78	142	30	94	158	46	110	174	1992	2039	2127	2004	1991	1998	2011	2081	2003	2020	2047	2028
304998	62	126	14	78	142	30	94	158	46	110	174	2028	2010	2175	2025	2004	1936	2020	2067	1954	2021	2015	1981
304998	62	126	14	78	142	30	94	158	46	110	174	2064	1997	2192	2031	2013	1912	2041	2056	1944	2021	1988	1965
304998	62	126	14	78	142	30	94	158	46	110	174	2055	2005	2164	2030	2008	1940	2030	2067	1961	2022	1996	1982
304998	62	126	14	78	142	30	94	158	46	110	174	2019	2034	2117	2016	1991	1996	2019	2077	2006	2022	2030	2029
304998	62	126	14	78	142	30	94	158	46	110	174	1983	2055	2080	2008	1975	2036	2014	2084	2042	2022	2069	2071
304998	62	126	14	78	142	30	94	158	46	110	174	1974	2057	2088	2004	1983	2021	2006	2076	2035	2018	2066	2060
304998	62	126	14	78	142	30	94	158	46	110	174	2012	2031	2135	2015	1999	1969	2010	2074	1993	2022	2031	2017
304998	62	126	14	78	142	30	94	158	46	110	174	2042	1996	2185	2032	2008	1923	2020	2065	1944	2021	1995	1961
304998	62	126	14	78	142	30	94	158	46	110	174	2063	1990	2201	2030	2010	1917	2026	2057	1938	2022	1987	1954
304998	62	126	14	78	142	30	94	158	46	110	174	2035	2007	2162	2023	1995	1966	2016	2065	1973	2017	2018	1999
304998	62	126	14	78	142	30	94	158	46	110	174	1998	2046	2094	2015	1988	2014	2007	2072	2033	2020	2054	2063
304998	62	126	14	78	142	30	94	158	46	110	174	1983	2062	2074	1999	1991	2034	2009	2087	2047	2019	2066	2077
304998	62	126	14	78	142	30	94	158	46	110	174	1986	2043	2102	2010	1995	2001	2004	2080	2014	2019	2047	2042
304998	62	126	14	78	142	30	94	158	46	110	174	2030	2011	2167	2018	2003	1947	2031	2071	1961	2016	2013	1978
304998	62	126	14	78	142	30	94	158	46	110	174	2055	1990	2208	2030	2008	1913	2021	2057	1934	2022	1994	1952
304998	62	126	14	78	142	30	94	158	46	110	174	2058	2007	2177	2033	2006	1933	2024	2067	1960	2016	1998	1982
304998	62	126	14	78	142	30	94	158	46	110	174	2024	2033	2120	2018	1998	1986	2025	2075	1999	2022	2030	2030
304998	62	126	14	78	142	30	94	158	46	110	174	1985	2045	2070	2007	1983	2032	2005	2080	2040	2021	2056	2070
304998	62	126	14	78	142	30	94	158	46	110	174	1979	2050	2086	2000	1997	2025	2008	2084	2038	2020	2066	2064
304998	62	126	14	78	142	30	94	158	46	110	174	2001	2029	2141	2020	1992	1978	2011	2073	2002	2020	2038	2019
304998	62	126	14	78	142	30	94	158	46	110	174	2042	2007	2184	2025	2002	1922	2018	2068	1949	2020	2001	1971
304998	62	126	14	78	142	30	94	158	46	110	174	2067	1990	2195	2032	2007	1920	2043	2066	1939	2022	1983	1954
304998	62	126	14	78	142	30	94	158	46	110	174	2042	2006	2159	2024	2005	1958	2021	2066	1973	2021	2007	1985
304998	62	126	14	78	142	30	94	158	46	110	174	2008	2037	2095	2007	1996	2008	2018	2082	2022	2018	2048	2051
304998	62	126	14	78	142	30	94	158	46	110	174	1971	2055	2077	2006	1985	2036	2003	2084	2051	2019	2073	2085
304998	62	126	14	78	142	30	94	158	46	110	174	1985	2052	2094	2007	1996	2002	2009	2084	2018	2016	2054	2053
304998	62	126	14	78	142	30	94	158	46	110	174	2022	2015	2154	2017	2001	1953	2012	2073	1970	2021	2016	1987
304998	62	126	14	78	142	30	94	158	46	110	174	2056	1994	2202	2030	2007	1923	2028	2064	1930	2021	1991	1941
304998	62	126	14	78	142	30	94	158	46	110	174	2063	1998	2185	2029	2011	1932	2025	2059	1953	2021	1999	1967
304998	62	126	14	78	142	30	94	158	46	110	174	2023	2027	2130	2017	2001	1978	2015	2075	2003	2016	2033	2023
304998	62	126	14	78	142	30	94	158	46	110	174	1995	2060	2073	2006	1997	2023	2016	2084	2039	2022	2058	2075
304998	62	126	14	78	142	30	94	158	46	110	174	1978	2055	2069	2006	1983	2032	2004	2083	2038	2016	2063	2072
304998	62	126	14	78	142	30	94	158	46	110	174	2003	2033	2126	2010	1997	1987	2012	2073	2002	2017	2040	2019
304998	62	126	14	78	142	30	94	158	46	110	174	2041	2007	2187	2020	2009	1925	2030	2064	1956	2019	2007	1971
304998	62	126	14	78	142	30	94	158	46	110	174	2060	1996	2209	2033	2012	1908	2020	2065	1938	2022	1992	1952
304998	62	126	14	78	142	30	94	158	46	110	174	2051	2014	2163	2026	2008	1942	2033	2067	1966	2020	2003	1991
304998	62	126	14	78	142	30	94	158	46	110	174	2010	2036	2100	2017	1989	2006	2005	2076	2014	2020	2039	2039
304998	62	126	14	78	142	30	94	158	46	110	174	1978	2049	2068	2007	1986	2041	2002	2081	2048	2018	2071	2082
304998	62	126	14	78	142	30	94	158	46	110	174	1986	2046	2099	2006	1992	2013	2009	2080	2035	2020	2058	2062
304998	62	126	14	78	142	30	94	158	46	110	174	2016	2023	2157	2020	2004	1953	2012	2074	1972	2018	2023	2005
304998	62	126	14	78	142	30	94	158	46	110	174	2056	2003	2196	2028	2014	1913	2030	2070	1931	2019	1990	1950
304998	62	126	14	78	142	30	94	158	46	110	174	2061	1999	2189	2028	2008	1927	2031	2061	1941	2022	1989	1953
304998	62	126	14	78	142	30	94	158	46	110	174	2033	2015	2136	2018	2000	1979	2018	2067	1998	2020	2027	2010
304998	62	126	14	78	142	30	94	158	46	110	174	1989	2046	2085	2006	1994	2025	2012	2086	2043	2019	2058	2078
304998	62	126	14	78	142	30	94	158	46	110	174	1972	2059	2073	2002	1986	2030	2012	2081	2041	2021	2064	2083
304998	62	126	14	78	142	30	94	158	46	110	174	1998	2047	2112	2010	1998	1987	2012	2078	2001	2018	2043	2028
304998	62	126	14	78	142	30	94	158	46	110	174	2038	2008	2171	2020	2003	1936	2018	2063	1957	2022	2013	1965
304998	62	126	14	78	142	30	94	158	46	110	174	2061	1991	2206	2026	2006	1917	2021	2063	1937	2022	1994	1950
304998	62	126	14	78	142	30	94	158	46	110	174	2048	2006	2175	2027	2002	1942	2019	2068	1963	2020	2005	1986
304998	62	126	14	78	142	30	94	158	46	110	174	2015	2036	2112	2020	1997	1997	2021	2077	2010	2016	2035	2040
304998	62	126	14	78	142	30	94	158	46	110	174	1985	2061	2059	2006	1995	2033	2015	2078	2043	2020	2055	2074
304998	62	126	14	78	142	30	94	158	46	110	174	1985	2049	2076	2005	1996	2019	2003	2081	2040	2019	2063	2070
304998	62	126	14	78	142	30	94	158	46	110	174	2017	2024	2144	2014	2001	1968	2020	2074	1986	2021	2029	2008
304998	62	126	14	78	142	30	94	158	46	110	174	2048	1998	2204	2024	2003	1920	2026	2068	1938	2022	1995	1955
304998	62	126	14	78	142	30	94	158	46	110	174	2062	2002	2204	2030	2006	1916	2022	2066	1935	2017	1987	1949
304998	62	126	14	78	142	30	94	158	46	110	174	2038	2023	2138	2020	2007	1967	2024	2066	1989	2020	2016	1995
304998	62	126	14	78	142	30	94	158	46	110	174	1999	2042	2077	2010	1996	2024	2006	2079	2038	2020	2059	2069
304998	62	126	14	78	142	30	94	158	46	110	174	1973	2051	2059	2006	1987	2033	2000	2086	2044	2021	2066	2090
304998	62	126	14	78	142	30	94	158	46	110	174	1992	2039	2112	2006	1988	1997	2012	2077	2016	2019	2044	2048
304998	62	126	14	78	142	30	94	158	46	110	174	2028	2018	2175	2020	2000	1936	2021	2065	1958	2021	2006	1973
304998	62	126	14	78	142	30	94	158	46	110	174	2060	2006	2206	2024	2012	1911	2032	2065	1941	2021	1993	1937
