304998	62	126	14	78	142	30	94	158	46	110	174	2037	2013	2163	2017	2008	1958	2015	2074	1970	2020	2016	1992
304998	62	126	14	78	142	30	94	158	46	110	174	2002	2038	2076	2015	1993	2025	2013	2074	2039	2021	2044	2081
304998	62	126	14	78	142	30	94	158	46	110	174	1987	2050	2049	2009	1992	2039	2021	2081	2057	2020	2056	2110
304998	62	126	14	78	142	30	94	158	46	110	174	1995	2043	2084	2013	1994	2007	2010	2072	2019	2021	2041	2061
304998	62	126	14	78	142	30	94	158	46	110	174	2035	2017	2172	2022	2008	1940	2030	2076	1958	2022	2015	1963
304998	62	126	14	78	142	30	94	158	46	110	174	2049	1995	2237	2021	2012	1900	2023	2063	1931	2022	1999	1916
304998	62	126	14	78	142	30	94	158	46	110	174	2048	2005	2204	2022	2008	1932	2016	2072	1951	2019	1997	1958
304998	62	126	14	78	142	30	94	158	46	110	174	2026	2025	2129	2018	1999	1985	2023	2072	2005	2021	2026	2033
304998	62	126	14	78	142	30	94	158	46	110	174	1993	2048	2045	2012	1995	2034	2019	2076	2047	2020	2049	2092
304998	62	126	14	78	142	30	94	158	46	110	174	1991	2051	2048	2014	1992	2031	2017	2078	2038	2021	2060	2091
304998	62	126	14	78	142	30	94	158	46	110	174	2004	2024	2131	2015	1995	1978	2010	2074	2000	2017	2037	2026
304998	62	126	14	78	142	30	94	158	46	110	174	2045	2011	2213	2019	2008	1927	2027	2074	1942	2021	2006	1947
304998	62	126	14	78	142	30	94	158	46	110	174	2056	2000	2242	2018	2002	1909	2028	2073	1928	2017	1988	1917
304998	62	126	14	78	142	30	94	158	46	110	174	2037	2016	2175	2020	2005	1951	2017	2065	1967	2020	2008	1973
304998	62	126	14	78	142	30	94	158	46	110	174	2015	2038	2066	2014	2003	2012	2019	2073	2028	2017	2045	2073
304998	62	126	14	78	142	30	94	158	46	110	174	1987	2041	2034	2015	1991	2045	2007	2072	2055	2020	2058	2113
304998	62	126	14	78	142	30	94	158	46	110	174	1995	2037	2081	2011	1998	2013	2008	2078	2022	2022	2044	2074
304998	62	126	14	78	142	30	94	158	46	110	174	2018	2021	2179	2017	1992	1954	2014	2073	1967	2022	2015	1975
304998	62	126	14	78	142	30	94	158	46	110	174	2051	2009	2235	2023	2005	1901	2025	2065	1928	2016	2001	1919
304998	62	126	14	78	142	30	94	158	46	110	174	2058	2008	2202	2022	2007	1916	2022	2074	1944	2016	2003	1945
304998	62	126	14	78	142	30	94	158	46	110	174	2031	2022	2122	2022	1999	1976	2020	2073	1996	2020	2020	2028
304998	62	126	14	78	142	30	94	158	46	110	174	1997	2037	2048	2013	2000	2033	2021	2081	2038	2017	2044	2093
304998	62	126	14	78	142	30	94	158	46	110	174	1986	2047	2052	2010	1990	2040	2010	2074	2046	2021	2060	2091
304998	62	126	14	78	142	30	94	158	46	110	174	2002	2035	2129	2015	2004	1982	2015	2064	2002	2022	2043	2041
304998	62	126	14	78	142	30	94	158	46	110	174	2039	2017	2195	2020	2011	1927	2025	2071	1951	2017	2008	1953
304998	62	126	14	78	142	30	94	158	46	110	174	2053	2002	2228	2026	2000	1907	2018	2074	1927	2017	1996	1918
304998	62	126	14	78	142	30	94	158	46	110	174	2046	2010	2180	2018	2006	1942	2023	2076	1958	2016	2006	1967
304998	62	126	14	78	142	30	94	158	46	110	174	2008	2027	2097	2016	1997	2006	2011	2073	2020	2020	2043	2062
304998	62	126	14	78	142	30	94	158	46	110	174	1980	2045	2041	2012	1998	2037	2006	2067	2064	2016	2060	2114
304998	62	126	14	78	142	30	94	158	46	110	174	1995	2046	2069	2013	2000	2017	2018	2077	2037	2020	2044	2080
304998	62	126	14	78	142	30	94	158	46	110	174	2019	2024	2152	2016	1996	1966	2013	2071	1973	2021	2018	1989
304998	62	126	14	78	142	30	94	158	46	110	174	2048	2002	2227	2021	2006	1908	2026	2076	1931	2020	2001	1917
304998	62	126	14	78	142	30	94	158	46	110	174	2046	2001	2229	2024	1997	1915	2017	2063	1933	2018	2002	1936
304998	62	126	14	78	142	30	94	158	46	110	174	2026	2021	2145	2021	1995	1971	2009	2069	1995	2019	2019	2017
304998	62	126	14	78	142	30	94	158	46	110	174	2001	2045	2055	2011	2001	2029	2027	2081	2040	2022	2044	2097
304998	62	126	14	78	142	30	94	158	46	110	174	1993	2048	2034	2014	1997	2039	2021	2078	2043	2020	2054	2099
304998	62	126	14	78	142	30	94	158	46	110	174	2009	2032	2103	2018	2000	1997	2017	2076	2007	2022	2041	2045
304998	62	126	14	78	142	30	94	158	46	110	174	2028	2014	2205	2020	2001	1929	2015	2066	1956	2022	2014	1968
304998	62	126	14	78	142	30	94	158	46	110	174	2049	2004	2242	2024	2001	1901	2020	2074	1929	2017	1998	1917
304998	62	126	14	78	142	30	94	158	46	110	174	2042	2016	2197	2019	2008	1934	2023	2074	1953	2020	2002	1953
304998	62	126	14	78	142	30	94	158	46	110	174	2022	2037	2093	2015	2005	1995	2022	2073	2007	2022	2037	2050
304998	62	126	14	78	142	30	94	158	46	110	174	1994	2045	2031	2017	1991	2048	2011	2074	2049	2020	2055	2113
304998	62	126	14	78	142	30	94	158	46	110	174	1993	2039	2057	2012	1995	2023	2011	2074	2042	2020	2051	2094
304998	62	126	14	78	142	30	94	158	46	110	174	2016	2025	2153	2016	1999	1965	2023	2075	1981	2018	2023	2002
304998	62	126	14	78	142	30	94	158	46	110	174	2043	2014	2232	2018	2003	1911	2016	2071	1933	2020	2002	1925
304998	62	126	14	78	142	30	94	158	46	110	174	2052	2013	2228	2018	2008	1910	2019	2066	1929	2020	2008	1930
304998	62	126	14	78	142	30	94	158	46	110	174	2038	2021	2144	2020	1996	1972	2029	2071	1985	2021	2017	2006
304998	62	126	14	78	142	30	94	158	46	110	174	2004	2029	2060	2011	1999	2024	2013	2077	2040	2020	2042	2084
304998	62	126	14	78	142	30	94	158	46	110	174	1989	2044	2037	2013	1989	2045	2006	2079	2052	2021	2051	2105
304998	62	126	14	78	142	30	94	158	46	110	174	1999	2038	2100	2015	1997	1997	2021	2072	2014	2022	2044	2054
304998	62	126	14	78	142	30	94	158	46	110	174	2026	2023	2190	2017	2007	1934	2018	2065	1957	2022	2019	1965
304998	62	126	14	78	142	30	94	158	46	110	174	2052	2012	2227	2024	1997	1909	2031	2075	1932	2021	1999	1916
304998	62	126	14	78	142	30	94	158	46	110	174	2046	2008	2202	2020	2008	1928	2023	2072	1951	2022	2007	1947
304998	62	126	14	78	142	30	94	158	46	110	174	2020	2026	2111	2018	2001	1988	2017	2077	2002	2021	2029	2033
304998	62	126	14	78	142	30	94	158	46	110	174	1994	2043	2043	2013	2003	2037	2026	2074	2048	2016	2053	2114
304998	62	126	14	78	142	30	94	158	46	110	174	1989	2046	2049	2011	2005	2032	2017	2074	2046	2017	2048	2104
304998	62	126	14	78	142	30	94	158	46	110	174	2015	2035	2134	2018	2005	1976	2010	2077	1994	2017	2027	2013
304998	62	126	14	78	142	30	94	158	46	110	174	2039	2007	2220	2020	2000	1914	2021	2073	1940	2017	2009	1930
304998	62	126	14	78	142	30	94	158	46	110	174	2053	2007	2230	2020	2003	1902	2028	2072	1926	2021	2007	1918
304998	62	126	14	78	142	30	94	158	46	110	174	2035	2018	2167	2016	2006	1955	2025	2070	1973	2022	2015	1988
304998	62	126	14	78	142	30	94	158	46	110	174	2012	2039	2073	2017	2003	2018	2021	2075	2039	2019	2037	2082
304998	62	126	14	78	142	30	94	158	46	110	174	1993	2049	2027	2013	2002	2042	2015	2078	2052	2020	2048	2113
304998	62	126	14	78	142	30	94	158	46	110	174	2002	2037	2077	2013	1995	2013	2019	2074	2019	2016	2050	2068
304998	62	126	14	78	142	30	94	158	46	110	174	2023	2015	2177	2016	2006	1940	2017	2070	1965	2022	2021	1976
304998	62	126	14	78	142	30	94	158	46	110	174	2049	2006	2241	2021	2009	1901	2038	2070	1935	2019	1998	1916
304998	62	126	14	78	142	30	94	158	46	110	174	2046	2011	2215	2024	1994	1930	2017	2072	1944	2018	2000	1936
304998	62	126	14	78	142	30	94	158	46	110	174	2023	2029	2119	2015	2001	1985	2015	2074	1997	2022	2029	2026
304998	62	126	14	78	142	30	94	158	46	110	174	1998	2040	2036	2015	1988	2045	2018	2072	2044	2017	2048	2108
304998	62	126	14	78	142	30	94	158	46	110	174	1993	2038	2038	2015	1994	2035	2007	2067	2049	2021	2048	2110
304998	62	126	14	78	142	30	94	158	46	110	174	2013	2026	2126	2015	2001	1978	2011	2073	2004	2020	2027	2025
304998	62	126	14	78	142	30	94	158	46	110	174	2036	2015	2223	2023	1996	1925	2015	2073	1943	2016	2013	1934
304998	62	126	14	78	142	30	94	158	46	110	174	2051	2016	2242	2019	2010	1908	2015	2071	1925	2021	2009	1912
304998	62	126	14	78	142	30	94	158	46	110	174	2046	2023	2171	2018	2000	1950	2017	2074	1961	2022	2017	1979
304998	62	126	14	78	142	30	94	158	46	110	174	2017	2033	2069	2014	1999	2009	2026	2069	2029	2020	2031	2073
304998	62	126	14	78	142	30	94	158	46	110	174	1994	2039	2025	2015	2002	2041	2018	2074	2059	2017	2047	2117
304998	62	126	14	78	142	30	94	158	46	110	174	2001	2038	2074	2011	2003	2017	2014	2075	2027	2022	2047	2077
304998	62	126	14	78	142	30	94	158	46	110	174	2021	2026	2171	2016	2001	1954	2029	2077	1974	2016	2021	1989
304998	62	126	14	78	142	30	94	158	46	110	174	2044	2018	2236	2017	2006	1905	2022	2072	1927	2020	2003	1919
304998	62	126	14	78	142	30	94	158	46	110	174	2051	2017	2212	2026	1995	1920	2016	2070	1945	2016	1999	1924
304998	62	126	14	78	142	30	94	158	46	110	174	2033	2020	2128	2018	2003	1971	2022	2075	1996	2020	2025	2010
304998	62	126	14	78	142	30	94	158	46	110	174	2000	2036	2047	2015	1989	2042	2017	2074	2041	2021	2048	2104
304998	62	126	14	78	142	30	94	158	46	110	174	1997	2043	2039	2014	2001	2040	2017	2073	2044	2017	2045	2116
304998	62	126	14	78	142	30	94	158	46	110	174	1995	2029	2120	2013	1996	1996	2014	2066	2009	2021	2030	2036
304998	62	126	14	78	142	30	94	158	46	110	174	2027	2018	2201	2021	1995	1930	2009	2074	1949	2019	2012	1939
304998	62	126	14	78	142	30	94	158	46	110	174	2051	2010	2241	2021	2002	1901	2024	2070	1926	2018	2006	1911
304998	62	126	14	78	142	30	94	158	46	110	174	2042	2010	2185	2019	2005	1938	2023	2073	1959	2017	2010	1969
304998	62	126	14	78	142	30	94	158	46	110	174	2019	2033	2093	2014	2005	2004	2024	2069	2021	2018	2026	2066
304998	62	126	14	78	142	30	94	158	46	110	174	1993	2039	2036	2015	1996	2043	2011	2073	2059	2020	2047	2111
304998	62	126	14	78	142	30	94	158	46	110	174	2000	2040	2052	2014	1996	2019	2021	2078	2033	2018	2048	2084
304998	62	126	14	78	142	30	94	158	46	110	174	2020	2024	2151	2017	1998	1961	2012	2068	1978	2016	2026	1997
304998	62	126	14	78	142	30	94	158	46	110	174	2045	2008	2234	2015	2008	1913	2015	2074	1928	2016	2002	1928
304998	62	126	14	78	142	30	94	158	46	110	174	2045	2013	2235	2018	1999	1915	2025	2070	1938	2018	1998	1917
304998	62	126	14	78	142	30	94	158	46	110	174	2032	2025	2147	2016	1995	1967	2022	2073	1986	2021	2022	2001
304998	62	126	14	78	142	30	94	158	46	110	174	2005	2039	2048	2015	1998	2026	2016	2077	2038	2021	2047	2095
304998	62	126	14	78	142	30	94	158	46	110	174	1994	2044	2023	2020	1994	2042	2019	2074	2050	2020	2049	2122
304998	62	126	14	78	142	30	94	158	46	110	174	2010	2035	2088	2015	2001	1996	2020	2068	2013	2018	2031	2054
304998	62	126	14	78	142	30	94	158	46	110	174	2034	2019	2197	2017	2004	1933	2014	2075	1955	2021	2017	1948
304998	62	126	14	78	142	30	94	158	46	110	174	2049	2007	2249	2023	1997	1908	2019	2071	1928	2018	2010	1908
304998	62	126	14	78	142	30	94	158	46	110	174	2042	2019	2204	2020	2003	1929	2020	2072	1950	2016	2013	1956
304998	62	126	14	78	142	30	94	158	46	110	174	2020	2033	2097	2023	1999	1998	2011	2068	2008	2017	2030	2049
304998	62	126	14	78	142	30	94	158	46	110	174	2000	2037	2020	2015	1996	2047	2009	2070	2060	2022	2038	2110
304998	62	126	14	78	142	30	94	158	46	110	174	2000	2031	2045	2013	1999	2026	2013	2073	2045	2017	2048	2093
304998	62	126	14	78	142	30	94	158	46	110	174	2020	2027	2148	2015	2001	1976	2014	2069	1986	2021	2032	2014
304998	62	126	14	78	142	30	94	158	46	110	174	2042	2014	2239	2018	2005	1908	2015	2072	1929	2022	2010	1931
304998	62	126	14	78	142	30	94	158	46	110	174	2047	2013	2242	2020	2004	1904	2018	2068	1928	2020	2005	1911
304998	62	126	14	78	142	30	94	158	46	110	174	2033	2023	2151	2020	1997	1957	2014	2074	1987	2020	2019	1985
304998	62	126	14	78	142	30	94	158	46	110	174	2012	2037	2049	2016	2004	2018	2019	2074	2033	2020	2041	2090
304998	62	126	14	78	142	30	94	158	46	110	174	2002	2037	2028	2014	1996	2049	2012	2072	2051	2018	2045	2124
304998	62	126	14	78	142	30	94	158	46	110	174	2004	2029	2088	2025	1994	2004	2017	2072	2015	2018	2037	2066
304998	62	126	14	78	142	30	94	158	46	110	174	2023	2019	2192	2019	2006	1935	2018	2064	1964	2022	2015	1960
304998	62	126	14	78	142	30	94	158	46	110	174	2041	2016	2244	2022	2002	1904	2007	2072	1925	2017	2013	1908
304998	62	126	14	78	142	30	94	158	46	110	174	2045	2017	2201	2024	1995	1926	2024	2076	1946	2016	2014	1947
304998	62	126	14	78	142	30	94	158	46	110	174	2021	2020	2104	2017	2003	1990	2012	2075	2003	2018	2024	2042
304998	62	126	14	78	142	30	94	158	46	110	174	2002	2035	2030	2018	1999	2041	2017	2069	2052	2018	2038	2110
304998	62	126	14	78	142	30	94	158	46	110	174	2000	2040	2045	2014	2004	2029	2021	2072	2049	2021	2048	2100
304998	62	126	14	78	142	30	94	158	46	110	174	2006	2030	2132	2017	2004	1978	2008	2074	1997	2020	2037	2025
304998	62	126	14	78	142	30	94	158	46	110	174	2038	2017	2223	2018	2000	1921	2018	2072	1937	2017	2012	1936
304998	62	126	14	78	142	30	94	158	46	110	174	2041	2007	2242	2019	1998	1907	2012	2074	1928	2022	2002	1911
304998	62	126	14	78	142	30	94	158	46	110	174	2034	2016	2165	2019	1997	1948	2014	2067	1972	2019	2015	1972
304998	62	126	14	78	142	30	94	158	46	110	174	2013	2027	2071	2022	1997	2015	2013	2074	2031	2022	2041	2078
304998	62	126	14	78	142	30	94	158	46	110	174	1996	2043	2024	2017	2002	2042	2013	2072	2054	2016	2051	2126
304998	62	126	14	78	142	30	94	158	46	110	174	2005	2042	2077	2014	2002	2012	2017	2075	2025	2022	2040	2081
304998	62	126	14	78	142	30	94	158	46	110	174	2025	2027	2169	2018	1992	1954	2015	2074	1965	2019	2016	1975
304998	62	126	14	78	142	30	94	158	46	110	174	2033	2005	2248	2019	1999	1902	2009	2065	1931	2019	2013	1902
304998	62	126	14	78	142	30	94	158	46	110	174	2045	2009	2217	2020	2000	1918	2018	2070	1944	2017	2014	1936
304998	62	126	14	78	142	30	94	158	46	110	174	2026	2019	2136	2021	2003	1978	2021	2071	1997	2021	2029	2032
304998	62	126	14	78	142	30	94	158	46	110	174	2005	2036	2041	2015	2005	2033	2023	2072	2041	2020	2039	2107
304998	62	126	14	78	142	30	94	158	46	110	174	2001	2045	2024	2016	2004	2040	2015	2071	2049	2016	2039	2115
304998	62	126	14	78	142	30	94	158	46	110	174	2013	2031	2111	2020	1993	1986	2011	2067	2006	2019	2040	2035
304998	62	126	14	78	142	30	94	158	46	110	174	2032	2015	2214	2020	2000	1915	2014	2074	1943	2021	2020	1936
304998	62	126	14	78	142	30	94	158	46	110	174	2039	2004	2260	2023	1995	1906	2014	2066	1926	2019	2007	1911
304998	62	126	14	78	142	30	94	158	46	110	174	2031	2015	2195	2025	1997	1943	2016	2074	1957	2021	2013	1965
304998	62	126	14	78	142	30	94	158	46	110	174	2012	2031	2085	2017	2000	2015	2016	2069	2027	2019	2034	2063
304998	62	126	14	78	142	30	94	158	46	110	174	2000	2040	2017	2018	1990	2048	2011	2068	2063	2018	2050	2125
304998	62	126	14	78	142	30	94	158	46	110	174	2005	2031	2052	2020	1999	2016	2012	2074	2035	2020	2042	2098
304998	62	126	14	78	142	30	94	158	46	110	174	2017	2015	2171	2021	1993	1954	2013	2065	1970	2020	2022	1988
304998	62	126	14	78	142	30	94	158	46	110	174	2035	2008	2251	2027	1995	1907	2012	2069	1925	2022	2014	1905
304998	62	126	14	78	142	30	94	158	46	110	174	2030	2010	2243	2020	2003	1914	2020	2066	1942	2018	2019	1919
304998	62	126	14	78	142	30	94	158	46	110	174	2022	2028	2132	2022	1999	1976	2012	2074	1991	2021	2031	2014
304998	62	126	14	78	142	30	94	158	46	110	174	2009	2034	2031	2019	2003	2033	2023	2074	2041	2022	2036	2106
304998	62	126	14	78	142	30	94	158	46	110	174	2008	2034	2020	2017	2004	2039	2022	2075	2047	2017	2036	2116
304998	62	126	14	78	142	30	94	158	46	110	174	2007	2023	2106	2018	2002	1991	2012	2066	2007	2017	2035	2038
304998	62	126	14	78	142	30	94	158	46	110	174	2026	2017	2215	2021	1992	1933	2020	2065	1955	2021	2025	1949
304998	62	126	14	78	142	30	94	158	46	110	174	2035	2014	2257	2019	1995	1903	2012	2070	1929	2017	2015	1909
304998	62	126	14	78	142	30	94	158	46	110	174	2033	2017	2193	2022	1995	1933	2015	2067	1957	2017	2015	1952
304998	62	126	14	78	142	30	94	158	46	110	174	2015	2019	2090	2019	2000	2001	2012	2074	2009	2017	2029	2051
304998	62	126	14	78	142	30	94	158	46	110	174	2004	2027	2019	2017	2002	2047	2016	2065	2054	2019	2047	2127
304998	62	126	14	78	142	30	94	158	46	110	174	2005	2029	2056	2023	1992	2028	2020	2069	2047	2020	2043	2105
304998	62	126	14	78	142	30	94	158	46	110	174	2012	2024	2158	2017	1992	1966	2010	2071	1983	2017	2027	2004
304998	62	126	14	78	142	30	94	158	46	110	174	2033	2016	2238	2023	1985	1912	2022	2071	1932	2022	2015	1911
304998	62	126	14	78	142	30	94	158	46	110	174	2027	2010	2244	2023	1993	1904	2005	2072	1928	2020	2020	1911
304998	62	126	14	78	142	30	94	158	46	110	174	2021	2018	2147	2018	1997	1968	2015	2065	1985	2016	2027	1999
304998	62	126	14	78	142	30	94	158	46	110	174	2015	2031	2052	2020	1996	2032	2018	2076	2041	2018	2036	2104
304998	62	126	14	78	142	30	94	158	46	110	174	2003	2032	2029	2018	2005	2043	2021	2072	2054	2019	2041	2130
304998	62	126	14	78	142	30	94	158	46	110	174	2010	2034	2082	2018	2002	2000	2023	2075	2014	2016	2031	2050
304998	62	126	14	78	142	30	94	158	46	110	174	2020	2021	2191	2022	1995	1934	2015	2070	1958	2019	2027	1959
304998	62	126	14	78	142	30	94	158	46	110	174	2025	2011	2258	2023	1998	1899	2010	2065	1929	2019	2019	1913
304998	62	126	14	78	142	30	94	158	46	110	174	2024	2013	2215	2019	1994	1934	2005	2072	1951	2020	2018	1944
304998	62	126	14	78	142	30	94	158	46	110	174	2011	2021	2109	2019	1997	1995	2016	2074	2009	2017	2025	2042
304998	62	126	14	78	142	30	94	158	46	110	174	2005	2035	2025	2017	1998	2042	2015	2070	2050	2018	2040	2119
