304998	62	126	14	78	142	30	94	158	46	110	174	2017	2027	2242	2022	1994	1923	2006	2075	1940	2020	2023	1914
304998	62	126	14	78	142	30	94	158	46	110	174	2013	2028	2268	2018	1990	1894	2015	2075	1922	2017	2027	1875
304998	62	126	14	78	142	30	94	158	46	110	174	2018	2031	2180	2020	1998	1942	2016	2074	1963	2017	2030	1970
304998	62	126	14	78	142	30	94	158	46	110	174	2033	2028	2052	2025	2003	2016	2019	2065	2030	2017	2026	2091
304998	62	126	14	78	142	30	94	158	46	110	174	2032	2013	1999	2020	2017	2048	2027	2072	2064	2020	2016	2147
304998	62	126	14	78	142	30	94	158	46	110	174	2035	2018	2059	2019	2013	2016	2036	2073	2033	2017	2017	2089
304998	62	126	14	78	142	30	94	158	46	110	174	2020	2023	2188	2019	2000	1947	2017	2073	1965	2022	2028	1967
304998	62	126	14	78	142	30	94	158	46	110	174	2013	2037	2265	2016	1997	1891	2016	2073	1915	2022	2033	1895
304998	62	126	14	78	142	30	94	158	46	110	174	2013	2033	2231	2020	1991	1910	2025	2074	1940	2020	2031	1920
304998	62	126	14	78	142	30	94	158	46	110	174	2028	2027	2118	2018	2003	1975	2024	2072	1989	2018	2021	2026
304998	62	126	14	78	142	30	94	158	46	110	174	2030	2015	2018	2022	2015	2035	2029	2070	2043	2017	2015	2121
304998	62	126	14	78	142	30	94	158	46	110	174	2037	2018	2018	2022	2013	2044	2038	2067	2048	2021	2022	2124
304998	62	126	14	78	142	30	94	158	46	110	174	2021	2020	2115	2027	1994	1987	2019	2061	2008	2020	2025	2044
304998	62	126	14	78	142	30	94	158	46	110	174	2020	2034	2226	2018	1999	1913	2021	2076	1940	2022	2025	1928
304998	62	126	14	78	142	30	94	158	46	110	174	2018	2030	2260	2018	1994	1898	2007	2072	1921	2016	2024	1879
304998	62	126	14	78	142	30	94	158	46	110	174	2019	2027	2192	2021	1996	1938	2014	2067	1956	2017	2027	1950
304998	62	126	14	78	142	30	94	158	46	110	174	2025	2016	2072	2020	2004	2013	2018	2063	2023	2021	2028	2074
304998	62	126	14	78	142	30	94	158	46	110	174	2029	2017	2012	2026	2005	2054	2018	2063	2065	2018	2020	2146
304998	62	126	14	78	142	30	94	158	46	110	174	2031	2019	2053	2023	2012	2021	2025	2068	2037	2021	2016	2100
304998	62	126	14	78	142	30	94	158	46	110	174	2024	2031	2161	2019	2006	1952	2022	2073	1968	2016	2020	1978
304998	62	126	14	78	142	30	94	158	46	110	174	2022	2025	2251	2021	1992	1904	2020	2071	1926	2018	2034	1894
304998	62	126	14	78	142	30	94	158	46	110	174	2017	2023	2248	2017	1993	1910	2014	2073	1932	2020	2032	1907
304998	62	126	14	78	142	30	94	158	46	110	174	2020	2021	2145	2018	2003	1972	2012	2072	1985	2021	2022	2010
304998	62	126	14	78	142	30	94	158	46	110	174	2033	2018	2039	2024	2010	2032	2028	2070	2041	2021	2015	2113
304998	62	126	14	78	142	30	94	158	46	110	174	2033	2020	2006	2024	2018	2039	2037	2063	2052	2018	2013	2129
304998	62	126	14	78	142	30	94	158	46	110	174	2032	2021	2090	2025	2011	1996	2026	2062	2014	2021	2025	2058
304998	62	126	14	78	142	30	94	158	46	110	174	2021	2025	2209	2021	2005	1931	2013	2075	1951	2020	2028	1939
304998	62	126	14	78	142	30	94	158	46	110	174	2015	2025	2264	2017	1992	1898	2022	2072	1921	2021	2028	1888
304998	62	126	14	78	142	30	94	158	46	110	174	2013	2024	2214	2019	1993	1927	2020	2076	1945	2021	2024	1938
304998	62	126	14	78	142	30	94	158	46	110	174	2023	2020	2093	2022	2007	1997	2018	2065	2009	2020	2022	2051
304998	62	126	14	78	142	30	94	158	46	110	174	2038	2017	2010	2022	2015	2044	2021	2064	2065	2020	2020	2139
304998	62	126	14	78	142	30	94	158	46	110	174	2037	2020	2026	2033	2009	2034	2028	2067	2043	2022	2017	2115
304998	62	126	14	78	142	30	94	158	46	110	174	2026	2015	2150	2019	2005	1970	2019	2067	1978	2019	2018	1999
304998	62	126	14	78	142	30	94	158	46	110	174	2014	2019	2255	2020	1996	1901	2012	2072	1924	2016	2025	1890
304998	62	126	14	78	142	30	94	158	46	110	174	2015	2027	2260	2025	1995	1898	2020	2075	1934	2017	2034	1893
304998	62	126	14	78	142	30	94	158	46	110	174	2021	2031	2165	2021	2004	1956	2031	2073	1977	2018	2028	1996
304998	62	126	14	78	142	30	94	158	46	110	174	2029	2023	2036	2020	2008	2031	2022	2064	2036	2020	2018	2107
304998	62	126	14	78	142	30	94	158	46	110	174	2036	2013	2006	2024	2017	2047	2025	2060	2054	2022	2013	2138
304998	62	126	14	78	142	30	94	158	46	110	174	2031	2009	2084	2021	2008	2001	2019	2061	2023	2017	2017	2058
304998	62	126	14	78	142	30	94	158	46	110	174	2020	2022	2208	2022	1996	1933	2020	2072	1960	2017	2033	1948
304998	62	126	14	78	142	30	94	158	46	110	174	2015	2030	2274	2019	1990	1897	2008	2073	1914	2021	2031	1889
304998	62	126	14	78	142	30	94	158	46	110	174	2013	2034	2220	2017	1998	1918	2015	2072	1939	2022	2028	1936
304998	62	126	14	78	142	30	94	158	46	110	174	2025	2024	2094	2023	2000	1997	2042	2067	2003	2018	2015	2043
304998	62	126	14	78	142	30	94	158	46	110	174	2039	2015	2002	2025	2006	2044	2045	2064	2061	2018	2016	2125
304998	62	126	14	78	142	30	94	158	46	110	174	2038	2008	2030	2024	2016	2032	2028	2069	2046	2017	2022	2118
304998	62	126	14	78	142	30	94	158	46	110	174	2029	2016	2145	2021	2005	1965	2028	2069	1992	2019	2023	2019
304998	62	126	14	78	142	30	94	158	46	110	174	2014	2028	2252	2018	1999	1905	2020	2074	1928	2019	2026	1911
304998	62	126	14	78	142	30	94	158	46	110	174	2013	2033	2258	2016	1991	1905	2028	2070	1925	2018	2024	1884
304998	62	126	14	78	142	30	94	158	46	110	174	2016	2029	2167	2018	1995	1951	2008	2074	1969	2022	2028	1974
304998	62	126	14	78	142	30	94	158	46	110	174	2026	2016	2048	2023	2006	2017	2019	2064	2028	2022	2020	2093
304998	62	126	14	78	142	30	94	158	46	110	174	2039	2009	2008	2026	2015	2045	2045	2064	2057	2017	2014	2146
304998	62	126	14	78	142	30	94	158	46	110	174	2035	2012	2081	2029	2008	2012	2026	2061	2026	2017	2014	2082
304998	62	126	14	78	142	30	94	158	46	110	174	2024	2032	2191	2020	2008	1941	2020	2073	1964	2019	2022	1960
304998	62	126	14	78	142	30	94	158	46	110	174	2017	2037	2257	2018	1998	1900	2015	2078	1916	2017	2036	1886
304998	62	126	14	78	142	30	94	158	46	110	174	2014	2033	2229	2019	1996	1916	2018	2072	1935	2018	2032	1923
304998	62	126	14	78	142	30	94	158	46	110	174	2025	2016	2113	2021	2008	1979	2024	2069	1997	2020	2021	2030
304998	62	126	14	78	142	30	94	158	46	110	174	2038	2010	2026	2029	2006	2043	2023	2056	2059	2017	2010	2125
304998	62	126	14	78	142	30	94	158	46	110	174	2039	2014	2030	2028	2017	2040	2026	2064	2051	2017	2014	2117
304998	62	126	14	78	142	30	94	158	46	110	174	2032	2027	2127	2022	2010	1990	2027	2071	1996	2021	2021	2029
304998	62	126	14	78	142	30	94	158	46	110	174	2016	2031	2225	2018	1996	1915	2016	2074	1931	2020	2034	1929
304998	62	126	14	78	142	30	94	158	46	110	174	2010	2031	2257	2018	1990	1898	2018	2072	1928	2022	2029	1889
304998	62	126	14	78	142	30	94	158	46	110	174	2013	2027	2187	2020	1999	1939	2012	2072	1965	2021	2024	1962
304998	62	126	14	78	142	30	94	158	46	110	174	2031	2020	2072	2023	2014	2011	2027	2069	2023	2018	2019	2071
304998	62	126	14	78	142	30	94	158	46	110	174	2039	2012	2014	2025	2020	2050	2038	2065	2059	2016	2018	2150
304998	62	126	14	78	142	30	94	158	46	110	174	2041	2020	2055	2022	2018	2020	2037	2057	2033	2022	2014	2093
304998	62	126	14	78	142	30	94	158	46	110	174	2026	2026	2168	2020	2006	1949	2022	2073	1972	2020	2022	1980
304998	62	126	14	78	142	30	94	158	46	110	174	2015	2031	2255	2019	1999	1894	2016	2077	1921	2019	2030	1887
304998	62	126	14	78	142	30	94	158	46	110	174	2009	2032	2241	2018	1995	1910	2017	2077	1930	2017	2037	1903
304998	62	126	14	78	142	30	94	158	46	110	174	2015	2023	2143	2021	2001	1976	2023	2064	1994	2016	2029	2015
304998	62	126	14	78	142	30	94	158	46	110	174	2034	2016	2032	2021	2016	2041	2039	2066	2053	2017	2013	2124
304998	62	126	14	78	142	30	94	158	46	110	174	2038	2009	2019	2024	2014	2042	2027	2063	2054	2022	2005	2134
304998	62	126	14	78	142	30	94	158	46	110	174	2036	2015	2105	2028	2000	1986	2024	2064	2004	2019	2013	2038
304998	62	126	14	78	142	30	94	158	46	110	174	2010	2028	2216	2017	2000	1925	2012	2071	1936	2017	2041	1931
304998	62	126	14	78	142	30	94	158	46	110	174	2004	2033	2266	2016	1989	1901	2027	2071	1927	2020	2043	1897
304998	62	126	14	78	142	30	94	158	46	110	174	2008	2031	2208	2017	2003	1933	2020	2074	1957	2017	2029	1955
304998	62	126	14	78	142	30	94	158	46	110	174	2023	2021	2082	2019	2011	2004	2028	2073	2013	2020	2011	2065
304998	62	126	14	78	142	30	94	158	46	110	174	2046	2013	2007	2023	2013	2051	2032	2068	2050	2019	2010	2130
304998	62	126	14	78	142	30	94	158	46	110	174	2045	2008	2049	2027	2018	2022	2026	2061	2042	2021	2012	2106
304998	62	126	14	78	142	30	94	158	46	110	174	2025	2020	2156	2019	2008	1961	2022	2073	1982	2022	2024	1999
304998	62	126	14	78	142	30	94	158	46	110	174	2006	2035	2258	2016	1989	1908	2025	2080	1931	2021	2034	1902
304998	62	126	14	78	142	30	94	158	46	110	174	1999	2042	2250	2014	1992	1905	2022	2077	1927	2020	2033	1901
304998	62	126	14	78	142	30	94	158	46	110	174	2008	2030	2143	2018	1998	1964	2013	2063	1984	2022	2030	1998
304998	62	126	14	78	142	30	94	158	46	110	174	2038	2012	2044	2021	2014	2027	2019	2065	2049	2021	2016	2110
304998	62	126	14	78	142	30	94	158	46	110	174	2044	2000	2023	2031	2015	2043	2030	2058	2058	2021	2008	2142
304998	62	126	14	78	142	30	94	158	46	110	174	2039	2010	2094	2023	2014	1996	2041	2069	2014	2018	2012	2063
304998	62	126	14	78	142	30	94	158	46	110	174	2013	2029	2213	2017	1991	1935	2018	2071	1950	2017	2029	1940
304998	62	126	14	78	142	30	94	158	46	110	174	1996	2045	2268	2015	1991	1897	2007	2073	1926	2020	2050	1889
304998	62	126	14	78	142	30	94	158	46	110	174	2005	2039	2204	2015	1997	1926	2007	2081	1947	2019	2042	1941
304998	62	126	14	78	142	30	94	158	46	110	174	2025	2020	2092	2021	2005	1992	2030	2074	2006	2020	2018	2059
304998	62	126	14	78	142	30	94	158	46	110	174	2043	2003	2019	2025	2018	2042	2031	2056	2051	2021	2002	2130
304998	62	126	14	78	142	30	94	158	46	110	174	2043	2006	2041	2023	2020	2035	2028	2058	2047	2017	2000	2109
304998	62	126	14	78	142	30	94	158	46	110	174	2031	2025	2150	2022	2005	1965	2028	2074	1989	2017	2025	2001
304998	62	126	14	78	142	30	94	158	46	110	174	2005	2041	2240	2013	1990	1905	2013	2076	1930	2018	2045	1921
304998	62	126	14	78	142	30	94	158	46	110	174	1999	2046	2243	2013	1991	1900	2018	2081	1922	2022	2048	1908
304998	62	126	14	78	142	30	94	158	46	110	174	2005	2021	2153	2015	2001	1959	2005	2070	1973	2022	2029	1988
304998	62	126	14	78	142	30	94	158	46	110	174	2034	2008	2058	2021	2015	2024	2037	2066	2039	2018	2010	2087
304998	62	126	14	78	142	30	94	158	46	110	174	2051	2001	2023	2026	2015	2050	2039	2065	2053	2020	2004	2133
304998	62	126	14	78	142	30	94	158	46	110	174	2037	2012	2088	2025	2011	2005	2023	2065	2019	2016	2018	2073
304998	62	126	14	78	142	30	94	158	46	110	174	2017	2037	2186	2019	1999	1935	2013	2068	1958	2021	2029	1967
304998	62	126	14	78	142	30	94	158	46	110	174	1993	2041	2252	2012	1988	1899	2002	2075	1931	2017	2045	1890
304998	62	126	14	78	142	30	94	158	46	110	174	1992	2036	2217	2011	1994	1920	2001	2078	1941	2022	2050	1928
304998	62	126	14	78	142	30	94	158	46	110	174	2019	2020	2116	2017	2007	1988	2023	2071	2001	2022	2025	2041
304998	62	126	14	78	142	30	94	158	46	110	174	2039	1998	2041	2024	2014	2041	2024	2058	2051	2021	2004	2125
304998	62	126	14	78	142	30	94	158	46	110	174	2044	2003	2034	2027	2016	2033	2027	2059	2054	2020	1998	2117
304998	62	126	14	78	142	30	94	158	46	110	174	2035	2018	2123	2024	2004	1978	2030	2068	1998	2020	2015	2016
304998	62	126	14	78	142	30	94	158	46	110	174	2002	2039	2224	2013	1992	1913	2009	2079	1933	2019	2050	1921
304998	62	126	14	78	142	30	94	158	46	110	174	1989	2045	2248	2010	1985	1901	2006	2078	1922	2019	2059	1902
304998	62	126	14	78	142	30	94	158	46	110	174	2001	2031	2182	2012	1994	1951	2006	2073	1970	2020	2039	1980
304998	62	126	14	78	142	30	94	158	46	110	174	2023	2017	2072	2021	2006	2013	2021	2067	2031	2022	2009	2083
304998	62	126	14	78	142	30	94	158	46	110	174	2056	2003	2013	2031	2019	2040	2041	2066	2054	2021	1997	2121
304998	62	126	14	78	142	30	94	158	46	110	174	2048	2004	2066	2028	2011	2013	2036	2064	2023	2022	2008	2081
304998	62	126	14	78	142	30	94	158	46	110	174	2015	2021	2181	2015	1999	1949	2017	2072	1971	2021	2035	1977
304998	62	126	14	78	142	30	94	158	46	110	174	1991	2049	2252	2004	1985	1906	2008	2087	1934	2020	2053	1908
304998	62	126	14	78	142	30	94	158	46	110	174	1975	2045	2233	2005	1987	1919	1997	2079	1938	2017	2050	1921
304998	62	126	14	78	142	30	94	158	46	110	174	2010	2036	2124	2012	2002	1975	2013	2074	1995	2022	2033	2015
304998	62	126	14	78	142	30	94	158	46	110	174	2039	1999	2042	2024	2020	2032	2024	2059	2045	2016	2004	2115
304998	62	126	14	78	142	30	94	158	46	110	174	2060	1992	2033	2028	2021	2038	2028	2057	2060	2020	1997	2124
304998	62	126	14	78	142	30	94	158	46	110	174	2035	2017	2123	2019	2011	1986	2017	2074	2004	2016	2014	2040
304998	62	126	14	78	142	30	94	158	46	110	174	1997	2043	2224	2011	1993	1925	2005	2080	1942	2018	2044	1928
304998	62	126	14	78	142	30	94	158	46	110	174	1972	2059	2253	2001	1980	1901	1996	2083	1918	2021	2069	1904
304998	62	126	14	78	142	30	94	158	46	110	174	1993	2044	2178	2008	1988	1938	2002	2080	1964	2019	2048	1970
304998	62	126	14	78	142	30	94	158	46	110	174	2028	2012	2079	2016	2008	2004	2027	2074	2029	2022	2017	2079
304998	62	126	14	78	142	30	94	158	46	110	174	2044	1994	2025	2032	2019	2048	2026	2059	2056	2021	1991	2121
304998	62	126	14	78	142	30	94	158	46	110	174	2058	2006	2068	2025	2011	2023	2037	2067	2026	2018	2002	2084
304998	62	126	14	78	142	30	94	158	46	110	174	2011	2023	2177	2017	1999	1956	2009	2066	1977	2022	2038	1991
304998	62	126	14	78	142	30	94	158	46	110	174	1986	2059	2229	2005	1983	1904	2010	2087	1940	2018	2063	1917
304998	62	126	14	78	142	30	94	158	46	110	174	1979	2054	2221	2005	1979	1910	2008	2090	1933	2021	2063	1927
304998	62	126	14	78	142	30	94	158	46	110	174	1995	2026	2143	2011	1998	1970	2006	2078	1983	2020	2031	2003
304998	62	126	14	78	142	30	94	158	46	110	174	2039	2002	2061	2023	2016	2030	2019	2059	2041	2017	2006	2102
304998	62	126	14	78	142	30	94	158	46	110	174	2056	1998	2037	2029	2021	2041	2038	2060	2059	2019	1997	2129
304998	62	126	14	78	142	30	94	158	46	110	174	2045	2015	2104	2020	2004	1992	2023	2067	2015	2018	2011	2056
304998	62	126	14	78	142	30	94	158	46	110	174	1996	2039	2198	2009	1988	1927	1999	2077	1954	2022	2046	1946
304998	62	126	14	78	142	30	94	158	46	110	174	1972	2056	2243	2002	1978	1903	1992	2084	1924	2017	2070	1909
304998	62	126	14	78	142	30	94	158	46	110	174	1977	2044	2200	2000	1986	1938	1996	2073	1960	2020	2061	1963
304998	62	126	14	78	142	30	94	158	46	110	174	2020	2021	2099	2017	2005	1998	2009	2071	2017	2017	2020	2061
304998	62	126	14	78	142	30	94	158	46	110	174	2065	2003	2029	2027	2019	2047	2033	2065	2060	2021	1988	2121
304998	62	126	14	78	142	30	94	158	46	110	174	2058	1995	2056	2023	2015	2028	2032	2062	2042	2016	1991	2094
304998	62	126	14	78	142	30	94	158	46	110	174	2021	2019	2154	2016	2002	1963	2015	2074	1986	2019	2032	2002
304998	62	126	14	78	142	30	94	158	46	110	174	1978	2053	2232	2003	1985	1908	1993	2084	1940	2017	2063	1923
304998	62	126	14	78	142	30	94	158	46	110	174	1970	2064	2227	1999	1974	1911	1999	2098	1934	2019	2071	1929
304998	62	126	14	78	142	30	94	158	46	110	174	1992	2042	2142	2004	1997	1966	2000	2076	1983	2018	2040	2001
304998	62	126	14	78	142	30	94	158	46	110	174	2041	2005	2055	2021	2011	2029	2021	2068	2038	2020	2002	2087
304998	62	126	14	78	142	30	94	158	46	110	174	2058	1980	2049	2026	2019	2042	2029	2052	2059	2020	1988	2122
304998	62	126	14	78	142	30	94	158	46	110	174	2045	2007	2098	2025	2010	2002	2031	2067	2019	2022	2005	2068
304998	62	126	14	78	142	30	94	158	46	110	174	2006	2046	2185	2013	1988	1934	2009	2086	1959	2021	2044	1966
304998	62	126	14	78	142	30	94	158	46	110	174	1971	2069	2225	1993	1978	1907	1995	2094	1927	2020	2069	1909
304998	62	126	14	78	142	30	94	158	46	110	174	1975	2048	2194	1997	1987	1930	1996	2084	1953	2018	2068	1948
304998	62	126	14	78	142	30	94	158	46	110	174	2007	2017	2116	2015	2006	1995	2009	2068	2016	2020	2028	2049
304998	62	126	14	78	142	30	94	158	46	110	174	2054	1994	2049	2029	2017	2040	2030	2064	2056	2022	1988	2118
304998	62	126	14	78	142	30	94	158	46	110	174	2055	1994	2051	2035	2020	2028	2028	2061	2045	2020	1984	2095
304998	62	126	14	78	142	30	94	158	46	110	174	2031	2025	2125	2016	2003	1973	2019	2071	1989	2018	2027	2011
304998	62	126	14	78	142	30	94	158	46	110	174	1984	2052	2218	1999	1985	1915	1995	2085	1941	2020	2067	1938
304998	62	126	14	78	142	30	94	158	46	110	174	1963	2062	2224	1997	1976	1909	1989	2093	1937	2021	2078	1927
304998	62	126	14	78	142	30	94	158	46	110	174	1984	2047	2163	2000	1993	1959	1994	2084	1972	2023	2048	1985
304998	62	126	14	78	142	30	94	158	46	110	174	2039	2015	2066	2018	2010	2017	2021	2071	2031	2018	2005	2070
304998	62	126	14	78	142	30	94	158	46	110	174	2071	1995	2030	2030	2022	2045	2039	2056	2053	2018	1990	2121
304998	62	126	14	78	142	30	94	158	46	110	174	2057	2000	2082	2023	2014	2007	2026	2063	2027	2018	2002	2072
304998	62	126	14	78	142	30	94	158	46	110	174	2012	2035	2174	2009	1994	1950	2012	2088	1968	2019	2045	1977
304998	62	126	14	78	142	30	94	158	46	110	174	1972	2070	2230	1995	1974	1908	1992	2094	1928	2018	2072	1910
304998	62	126	14	78	142	30	94	158	46	110	174	1974	2068	2203	1997	1977	1929	1990	2091	1942	2022	2076	1943
