304998	62	126	14	78	142	30	94	158	46	110	174	2035	2018	2123	2024	2004	1978	2030	2068	1998	2020	2015	2016
304998	62	126	14	78	142	30	94	158	46	110	174	2002	2039	2224	2013	1992	1913	2009	2079	1933	2019	2050	1921
304998	62	126	14	78	142	30	94	158	46	110	174	1989	2045	2248	2010	1985	1901	2006	2078	1922	2019	2059	1902
304998	62	126	14	78	142	30	94	158	46	110	174	2001	2031	2182	2012	1994	1951	2006	2073	1970	2020	2039	1980
304998	62	126	14	78	142	30	94	158	46	110	174	2023	2017	2072	2021	2006	2013	2021	2067	2031	2022	2009	2083
304998	62	126	14	78	142	30	94	158	46	110	174	2056	2003	2013	2031	2019	2040	2041	2066	2054	2021	1997	2121
304998	62	126	14	78	142	30	94	158	46	110	174	2048	2004	2066	2028	2011	2013	2036	2064	2023	2022	2008	2081
304998	62	126	14	78	142	30	94	158	46	110	174	2015	2021	2181	2015	1999	1949	2017	2072	1971	2021	2035	1977
304998	62	126	14	78	142	30	94	158	46	110	174	1991	2049	2252	2004	1985	1906	2008	2087	1934	2020	2053	1908
304998	62	126	14	78	142	30	94	158	46	110	174	1975	2045	2233	2005	1987	1919	1997	2079	1938	2017	2050	1921
304998	62	126	14	78	142	30	94	158	46	110	174	2010	2036	2124	2012	2002	1975	2013	2074	1995	2022	2033	2015
304998	62	126	14	78	142	30	94	158	46	110	174	2039	1999	2042	2024	2020	2032	2024	2059	2045	2016	2004	2115
304998	62	126	14	78	142	30	94	158	46	110	174	2060	1992	2033	2028	2021	2038	2028	2057	2060	2020	1997	2124
304998	62	126	14	78	142	30	94	158	46	110	174	2035	2017	2123	2019	2011	1986	2017	2074	2004	2016	2014	2040
304998	62	126	14	78	142	30	94	158	46	110	174	1997	2043	2224	2011	1993	1925	2005	2080	1942	2018	2044	1928
304998	62	126	14	78	142	30	94	158	46	110	174	1972	2059	2253	2001	1980	1901	1996	2083	1918	2021	2069	1904
304998	62	126	14	78	142	30	94	158	46	110	174	1993	2044	2178	2008	1988	1938	2002	2080	1964	2019	2048	1970
304998	62	126	14	78	142	30	94	158	46	110	174	2028	2012	2079	2016	2008	2004	2027	2074	2029	2022	2017	2079
304998	62	126	14	78	142	30	94	158	46	110	174	2044	1994	2025	2032	2019	2048	2026	2059	2056	2021	1991	2121
304998	62	126	14	78	142	30	94	158	46	110	174	2058	2006	2068	2025	2011	2023	2037	2067	2026	2018	2002	2084
304998	62	126	14	78	142	30	94	158	46	110	174	2011	2023	2177	2017	1999	1956	2009	2066	1977	2022	2038	1991
304998	62	126	14	78	142	30	94	158	46	110	174	1986	2059	2229	2005	1983	1904	2010	2087	1940	2018	2063	1917
304998	62	126	14	78	142	30	94	158	46	110	174	1979	2054	2221	2005	1979	1910	2008	2090	1933	2021	2063	1927
304998	62	126	14	78	142	30	94	158	46	110	174	1995	2026	2143	2011	1998	1970	2006	2078	1983	2020	2031	2003
304998	62	126	14	78	142	30	94	158	46	110	174	2039	2002	2061	2023	2016	2030	2019	2059	2041	2017	2006	2102
304998	62	126	14	78	142	30	94	158	46	110	174	2056	1998	2037	2029	2021	2041	2038	2060	2059	2019	1997	2129
304998	62	126	14	78	142	30	94	158	46	110	174	2045	2015	2104	2020	2004	1992	2023	2067	2015	2018	2011	2056
304998	62	126	14	78	142	30	94	158	46	110	174	1996	2039	2198	2009	1988	1927	1999	2077	1954	2022	2046	1946
304998	62	126	14	78	142	30	94	158	46	110	174	1972	2056	2243	2002	1978	1903	1992	2084	1924	2017	2070	1909
304998	62	126	14	78	142	30	94	158	46	110	174	1977	2044	2200	2000	1986	1938	1996	2073	1960	2020	2061	1963
304998	62	126	14	78	142	30	94	158	46	110	174	2020	2021	2099	2017	2005	1998	2009	2071	2017	2017	2020	2061
304998	62	126	14	78	142	30	94	158	46	110	174	2065	2003	2029	2027	2019	2047	2033	2065	2060	2021	1988	2121
304998	62	126	14	78	142	30	94	158	46	110	174	2058	1995	2056	2023	2015	2028	2032	2062	2042	2016	1991	2094
304998	62	126	14	78	142	30	94	158	46	110	174	2021	2019	2154	2016	2002	1963	2015	2074	1986	2019	2032	2002
304998	62	126	14	78	142	30	94	158	46	110	174	1978	2053	2232	2003	1985	1908	1993	2084	1940	2017	2063	1923
304998	62	126	14	78	142	30	94	158	46	110	174	1970	2064	2227	1999	1974	1911	1999	2098	1934	2019	2071	1929
304998	62	126	14	78	142	30	94	158	46	110	174	1992	2042	2142	2004	1997	1966	2000	2076	1983	2018	2040	2001
304998	62	126	14	78	142	30	94	158	46	110	174	2041	2005	2055	2021	2011	2029	2021	2068	2038	2020	2002	2087
304998	62	126	14	78	142	30	94	158	46	110	174	2058	1980	2049	2026	2019	2042	2029	2052	2059	2020	1988	2122
304998	62	126	14	78	142	30	94	158	46	110	174	2045	2007	2098	2025	2010	2002	2031	2067	2019	2022	2005	2068
304998	62	126	14	78	142	30	94	158	46	110	174	2006	2046	2185	2013	1988	1934	2009	2086	1959	2021	2044	1966
304998	62	126	14	78	142	30	94	158	46	110	174	1971	2069	2225	1993	1978	1907	1995	2094	1927	2020	2069	1909
304998	62	126	14	78	142	30	94	158	46	110	174	1975	2048	2194	1997	1987	1930	1996	2084	1953	2018	2068	1948
304998	62	126	14	78	142	30	94	158	46	110	174	2007	2017	2116	2015	2006	1995	2009	2068	2016	2020	2028	2049
304998	62	126	14	78	142	30	94	158	46	110	174	2054	1994	2049	2029	2017	2040	2030	2064	2056	2022	1988	2118
304998	62	126	14	78	142	30	94	158	46	110	174	2055	1994	2051	2035	2020	2028	2028	2061	2045	2020	1984	2095
304998	62	126	14	78	142	30	94	158	46	110	174	2031	2025	2125	2016	2003	1973	2019	2071	1989	2018	2027	2011
304998	62	126	14	78	142	30	94	158	46	110	174	1984	2052	2218	1999	1985	1915	1995	2085	1941	2020	2067	1938
304998	62	126	14	78	142	30	94	158	46	110	174	1963	2062	2224	1997	1976	1909	1989	2093	1937	2021	2078	1927
304998	62	126	14	78	142	30	94	158	46	110	174	1984	2047	2163	2000	1993	1959	1994	2084	1972	2023	2048	1985
304998	62	126	14	78	142	30	94	158	46	110	174	2039	2015	2066	2018	2010	2017	2021	2071	2031	2018	2005	2070
304998	62	126	14	78	142	30	94	158	46	110	174	2071	1995	2030	2030	2022	2045	2039	2056	2053	2018	1990	2121
304998	62	126	14	78	142	30	94	158	46	110	174	2057	2000	2082	2023	2014	2007	2026	2063	2027	2018	2002	2072
304998	62	126	14	78	142	30	94	158	46	110	174	2012	2035	2174	2009	1994	1950	2012	2088	1968	2019	2045	1977
304998	62	126	14	78	142	30	94	158	46	110	174	1972	2070	2230	1995	1974	1908	1992	2094	1928	2018	2072	1910
304998	62	126	14	78	142	30	94	158	46	110	174	1974	2068	2203	1997	1977	1929	1990	2091	1942	2022	2076	1943
304998	62	126	14	78	142	30	94	158	46	110	174	2010	2029	2108	2009	2001	1987	2012	2076	2004	2020	2031	2037
304998	62	126	14	78	142	30	94	158	46	110	174	2059	1989	2044	2024	2019	2036	2030	2063	2052	2020	1993	2107
304998	62	126	14	78	142	30	94	158	46	110	174	2063	1982	2056	2032	2023	2028	2028	2059	2048	2018	1980	2098
304998	62	126	14	78	142	30	94	158	46	110	174	2033	2018	2128	2021	2008	1980	2023	2072	1997	2017	2022	2022
304998	62	126	14	78	142	30	94	158	46	110	174	1989	2058	2204	2005	1983	1927	1999	2086	1941	2022	2064	1947
304998	62	126	14	78	142	30	94	158	46	110	174	1969	2069	2214	1994	1974	1910	1984	2088	1934	2018	2074	1929
304998	62	126	14	78	142	30	94	158	46	110	174	1984	2046	2166	2002	1985	1951	1998	2087	1972	2016	2051	1979
304998	62	126	14	78	142	30	94	158	46	110	174	2028	2009	2086	2019	2011	2008	2017	2070	2026	2017	2013	2065
304998	62	126	14	78	142	30	94	158	46	110	174	2067	1990	2048	2032	2018	2039	2037	2056	2052	2020	1991	2112
304998	62	126	14	78	142	30	94	158	46	110	174	2053	2003	2079	2027	2019	2017	2026	2057	2031	2020	1995	2081
304998	62	126	14	78	142	30	94	158	46	110	174	2018	2038	2156	2011	1994	1956	2008	2081	1976	2022	2036	1988
304998	62	126	14	78	142	30	94	158	46	110	174	1974	2065	2218	1990	1975	1914	1995	2096	1931	2020	2070	1919
304998	62	126	14	78	142	30	94	158	46	110	174	1967	2066	2207	1993	1975	1925	1986	2089	1936	2019	2076	1934
304998	62	126	14	78	142	30	94	158	46	110	174	2002	2035	2140	2010	1993	1981	2006	2077	1995	2022	2036	2024
304998	62	126	14	78	142	30	94	158	46	110	174	2049	2003	2054	2024	2021	2034	2037	2059	2054	2020	1994	2105
304998	62	126	14	78	142	30	94	158	46	110	174	2070	1991	2039	2033	2023	2034	2034	2058	2053	2018	1980	2100
304998	62	126	14	78	142	30	94	158	46	110	174	2043	2009	2111	2020	2005	1992	2023	2074	2007	2017	2013	2031
304998	62	126	14	78	142	30	94	158	46	110	174	1995	2050	2202	2006	1987	1931	2010	2085	1950	2017	2063	1957
304998	62	126	14	78	142	30	94	158	46	110	174	1964	2071	2225	1996	1972	1915	1986	2089	1928	2023	2079	1930
304998	62	126	14	78	142	30	94	158	46	110	174	1981	2059	2180	1998	1984	1948	1998	2087	1970	2019	2058	1978
304998	62	126	14	78	142	30	94	158	46	110	174	2027	2016	2084	2017	2009	2004	2020	2073	2018	2021	2015	2053
304998	62	126	14	78	142	30	94	158	46	110	174	2072	1989	2039	2031	2022	2038	2036	2059	2052	2020	1987	2103
304998	62	126	14	78	142	30	94	158	46	110	174	2062	1995	2075	2030	2018	2017	2037	2055	2033	2019	1996	2090
304998	62	126	14	78	142	30	94	158	46	110	174	2024	2030	2154	2018	1997	1964	2022	2075	1984	2021	2029	2006
304998	62	126	14	78	142	30	94	158	46	110	174	1977	2067	2217	1995	1977	1919	1990	2095	1938	2017	2064	1930
304998	62	126	14	78	142	30	94	158	46	110	174	1968	2069	2203	1997	1975	1919	1994	2093	1936	2021	2073	1929
304998	62	126	14	78	142	30	94	158	46	110	174	2001	2031	2135	2009	1985	1970	2011	2077	1986	2018	2044	2010
304998	62	126	14	78	142	30	94	158	46	110	174	2044	1990	2068	2026	2010	2025	2022	2058	2045	2020	1997	2093
304998	62	126	14	78	142	30	94	158	46	110	174	2074	1984	2051	2034	2020	2041	2040	2057	2057	2016	1977	2109
304998	62	126	14	78	142	30	94	158	46	110	174	2047	2017	2106	2030	2000	2000	2028	2075	2014	2022	2004	2045
304998	62	126	14	78	142	30	94	158	46	110	174	2005	2052	2178	2004	1984	1937	2011	2087	1955	2020	2057	1959
304998	62	126	14	78	142	30	94	158	46	110	174	1974	2068	2215	2001	1967	1911	2010	2093	1931	2017	2078	1930
304998	62	126	14	78	142	30	94	158	46	110	174	1977	2052	2187	2001	1974	1938	1997	2084	1956	2022	2063	1967
304998	62	126	14	78	142	30	94	158	46	110	174	2021	2021	2108	2018	1999	1995	2010	2076	2015	2017	2014	2042
304998	62	126	14	78	142	30	94	158	46	110	174	2060	1996	2052	2032	2010	2042	2037	2059	2049	2017	1983	2099
304998	62	126	14	78	142	30	94	158	46	110	174	2064	1998	2063	2029	2023	2023	2045	2057	2034	2021	1991	2089
304998	62	126	14	78	142	30	94	158	46	110	174	2033	2027	2132	2019	1993	1975	2023	2077	1985	2017	2028	2017
304998	62	126	14	78	142	30	94	158	46	110	174	1982	2057	2207	2005	1979	1914	2000	2092	1944	2020	2065	1938
304998	62	126	14	78	142	30	94	158	46	110	174	1971	2064	2219	1996	1979	1910	2015	2097	1935	2020	2075	1924
304998	62	126	14	78	142	30	94	158	46	110	174	1998	2044	2155	2008	1994	1967	2022	2084	1978	2021	2047	1996
304998	62	126	14	78	142	30	94	158	46	110	174	2042	2009	2074	2022	2015	2017	2035	2063	2027	2019	2003	2084
304998	62	126	14	78	142	30	94	158	46	110	174	2074	1991	2039	2033	2025	2039	2044	2062	2063	2017	1978	2115
304998	62	126	14	78	142	30	94	158	46	110	174	2057	2002	2096	2035	1999	2014	2034	2070	2023	2018	2000	2058
304998	62	126	14	78	142	30	94	158	46	110	174	2006	2039	2175	2013	1988	1942	2020	2079	1958	2017	2045	1962
304998	62	126	14	78	142	30	94	158	46	110	174	1972	2063	2231	2001	1967	1912	2009	2092	1925	2018	2074	1916
304998	62	126	14	78	142	30	94	158	46	110	174	1977	2060	2193	2005	1981	1929	1995	2082	1950	2018	2069	1963
304998	62	126	14	78	142	30	94	158	46	110	174	2017	2024	2109	2014	2002	1990	2015	2076	2007	2016	2021	2039
304998	62	126	14	78	142	30	94	158	46	110	174	2059	1983	2051	2033	2009	2050	2030	2054	2050	2020	1984	2100
304998	62	126	14	78	142	30	94	158	46	110	174	2072	1987	2059	2036	2016	2033	2046	2061	2041	2022	1987	2094
304998	62	126	14	78	142	30	94	158	46	110	174	2033	2016	2134	2025	1989	1985	2022	2067	1996	2020	2021	2020
304998	62	126	14	78	142	30	94	158	46	110	174	1993	2056	2211	2014	1976	1923	2007	2087	1940	2022	2061	1945
304998	62	126	14	78	142	30	94	158	46	110	174	1967	2063	2214	2003	1979	1912	1994	2092	1929	2021	2072	1925
304998	62	126	14	78	142	30	94	158	46	110	174	1996	2042	2158	2009	1992	1960	2015	2083	1970	2020	2044	1978
304998	62	126	14	78	142	30	94	158	46	110	174	2036	2000	2086	2023	2011	2021	2027	2061	2028	2021	2008	2069
304998	62	126	14	78	142	30	94	158	46	110	174	2069	1987	2048	2035	2023	2039	2043	2058	2063	2022	1983	2111
304998	62	126	14	78	142	30	94	158	46	110	174	2057	2002	2094	2038	1994	2016	2038	2062	2028	2021	1994	2071
304998	62	126	14	78	142	30	94	158	46	110	174	2012	2039	2167	2016	1997	1948	2016	2077	1963	2020	2032	1977
304998	62	126	14	78	142	30	94	158	46	110	174	1980	2062	2216	2002	1979	1916	2003	2090	1924	2021	2073	1914
304998	62	126	14	78	142	30	94	158	46	110	174	1972	2049	2199	2011	1975	1924	1992	2087	1945	2018	2073	1940
304998	62	126	14	78	142	30	94	158	46	110	174	2013	2021	2130	2016	1994	1984	2013	2072	1998	2022	2027	2033
304998	62	126	14	78	142	30	94	158	46	110	174	2054	1995	2062	2032	2002	2040	2046	2061	2048	2017	1983	2097
304998	62	126	14	78	142	30	94	158	46	110	174	2069	1992	2059	2044	2005	2040	2051	2057	2042	2018	1982	2089
304998	62	126	14	78	142	30	94	158	46	110	174	2048	2016	2115	2031	2002	1988	2036	2062	2005	2017	2017	2024
304998	62	126	14	78	142	30	94	158	46	110	174	2004	2046	2191	2014	1984	1927	2017	2082	1945	2019	2057	1945
304998	62	126	14	78	142	30	94	158	46	110	174	1965	2055	2231	2004	1976	1907	1999	2088	1927	2018	2074	1923
304998	62	126	14	78	142	30	94	158	46	110	174	1983	2042	2176	2006	1992	1942	2008	2080	1953	2016	2046	1971
304998	62	126	14	78	142	30	94	158	46	110	174	2024	2007	2106	2029	2004	2002	2021	2058	2025	2022	2009	2056
304998	62	126	14	78	142	30	94	158	46	110	174	2059	1988	2049	2034	2018	2044	2035	2054	2054	2020	1985	2105
304998	62	126	14	78	142	30	94	158	46	110	174	2059	1995	2080	2037	2012	2022	2036	2057	2031	2020	1998	2079
304998	62	126	14	78	142	30	94	158	46	110	174	2022	2021	2163	2024	1988	1961	2024	2071	1971	2016	2034	1997
304998	62	126	14	78	142	30	94	158	46	110	174	1978	2051	2221	2008	1982	1907	2003	2079	1934	2018	2055	1924
304998	62	126	14	78	142	30	94	158	46	110	174	1969	2054	2215	2014	1969	1921	2005	2082	1939	2018	2068	1927
304998	62	126	14	78	142	30	94	158	46	110	174	2006	2034	2132	2015	2001	1974	2022	2078	1988	2017	2038	2019
304998	62	126	14	78	142	30	94	158	46	110	174	2061	1998	2055	2033	2018	2031	2039	2062	2036	2016	1998	2097
304998	62	126	14	78	142	30	94	158	46	110	174	2060	1975	2064	2032	2021	2036	2036	2049	2049	2017	1978	2108
304998	62	126	14	78	142	30	94	158	46	110	174	2034	1997	2116	2030	2012	1994	2026	2066	2015	2019	2003	2038
304998	62	126	14	78	142	30	94	158	46	110	174	2002	2038	2202	2019	1980	1929	2015	2078	1951	2022	2049	1945
304998	62	126	14	78	142	30	94	158	46	110	174	1972	2063	2216	2004	1980	1908	2007	2089	1924	2020	2073	1917
304998	62	126	14	78	142	30	94	158	46	110	174	1988	2043	2174	2009	1977	1948	2019	2076	1953	2021	2055	1968
304998	62	126	14	78	142	30	94	158	46	110	174	2025	2002	2100	2026	1995	2004	2035	2063	2020	2018	2011	2054
304998	62	126	14	78	142	30	94	158	46	110	174	2063	1984	2051	2038	2022	2033	2047	2060	2053	2017	1977	2100
304998	62	126	14	78	142	30	94	158	46	110	174	2066	1992	2079	2035	2022	2019	2053	2062	2034	2016	1992	2079
304998	62	126	14	78	142	30	94	158	46	110	174	2033	2028	2150	2025	1997	1964	2030	2066	1977	2019	2028	2000
304998	62	126	14	78	142	30	94	158	46	110	174	1994	2056	2208	2009	1982	1911	2005	2080	1933	2020	2066	1935
304998	62	126	14	78	142	30	94	158	46	110	174	1979	2051	2214	2014	1967	1916	2001	2091	1927	2021	2064	1930
304998	62	126	14	78	142	30	94	158	46	110	174	2001	2027	2146	2017	1998	1959	2007	2075	1971	2022	2037	1998
304998	62	126	14	78	142	30	94	158	46	110	174	2047	1998	2080	2034	2008	2030	2028	2058	2031	2021	1997	2074
304998	62	126	14	78	142	30	94	158	46	110	174	2070	1986	2059	2038	2020	2047	2039	2051	2057	2020	1981	2114
304998	62	126	14	78	142	30	94	158	46	110	174	2058	2006	2100	2032	2014	2002	2038	2065	2015	2017	1999	2053
304998	62	126	14	78	142	30	94	158	46	110	174	2012	2036	2176	2017	1988	1940	2018	2080	1958	2021	2042	1963
304998	62	126	14	78	142	30	94	158	46	110	174	1981	2056	2222	2010	1981	1903	2006	2087	1924	2019	2072	1910
304998	62	126	14	78	142	30	94	158	46	110	174	1983	2045	2193	2014	1986	1938	2011	2078	1954	2017	2062	1954
304998	62	126	14	78	142	30	94	158	46	110	174	2025	2021	2113	2023	2008	1997	2028	2069	2005	2019	2020	2042
304998	62	126	14	78	142	30	94	158	46	110	174	2063	1991	2051	2034	2025	2035	2048	2061	2050	2016	1982	2107
304998	62	126	14	78	142	30	94	158	46	110	174	2072	1987	2067	2032	2021	2028	2052	2054	2039	2017	1980	2087
304998	62	126	14	78	142	30	94	158	46	110	174	2040	2015	2137	2028	2010	1966	2034	2066	1991	2020	2020	2004
304998	62	126	14	78	142	30	94	158	46	110	174	1993	2046	2210	2010	1983	1913	2014	2082	1942	2021	2062	1939
304998	62	126	14	78	142	30	94	158	46	110	174	1973	2056	2219	2014	1965	1921	2007	2083	1931	2018	2074	1931
304998	62	126	14	78	142	30	94	158	46	110	174	2001	2040	2162	2015	1996	1957	2020	2072	1971	2020	2041	1995
304998	62	126	14	78	142	30	94	158	46	110	174	2047	2001	2073	2029	2006	2020	2027	2060	2037	2022	1996	2067
304998	62	126	14	78	142	30	94	158	46	110	174	2068	1982	2054	2040	2030	2035	2048	2059	2053	2017	1977	2101
304998	62	126	14	78	142	30	94	158	46	110	174	2057	1995	2106	2031	2018	2004	2036	2060	2017	2017	1999	2063
304998	62	126	14	78	142	30	94	158	46	110	174	2015	2038	2183	2022	1995	1945	2026	2074	1957	2020	2037	1977
304998	62	126	14	78	142	30	94	158	46	110	174	1968	2054	2227	2010	1981	1902	2002	2080	1931	2021	2068	1926
