304998	62	126	14	78	142	30	94	158	46	110	174	1977	2052	2187	2001	1974	1938	1997	2084	1956	2022	2063	1967
304998	62	126	14	78	142	30	94	158	46	110	174	2021	2021	2108	2018	1999	1995	2010	2076	2015	2017	2014	2042
304998	62	126	14	78	142	30	94	158	46	110	174	2060	1996	2052	2032	2010	2042	2037	2059	2049	2017	1983	2099
304998	62	126	14	78	142	30	94	158	46	110	174	2064	1998	2063	2029	2023	2023	2045	2057	2034	2021	1991	2089
304998	62	126	14	78	142	30	94	158	46	110	174	2033	2027	2132	2019	1993	1975	2023	2077	1985	2017	2028	2017
304998	62	126	14	78	142	30	94	158	46	110	174	1982	2057	2207	2005	1979	1914	2000	2092	1944	2020	2065	1938
304998	62	126	14	78	142	30	94	158	46	110	174	1971	2064	2219	1996	1979	1910	2015	2097	1935	2020	2075	1924
304998	62	126	14	78	142	30	94	158	46	110	174	1998	2044	2155	2008	1994	1967	2022	2084	1978	2021	2047	1996
304998	62	126	14	78	142	30	94	158	46	110	174	2042	2009	2074	2022	2015	2017	2035	2063	2027	2019	2003	2084
304998	62	126	14	78	142	30	94	158	46	110	174	2074	1991	2039	2033	2025	2039	2044	2062	2063	2017	1978	2115
304998	62	126	14	78	142	30	94	158	46	110	174	2057	2002	2096	2035	1999	2014	2034	2070	2023	2018	2000	2058
304998	62	126	14	78	142	30	94	158	46	110	174	2006	2039	2175	2013	1988	1942	2020	2079	1958	2017	2045	1962
304998	62	126	14	78	142	30	94	158	46	110	174	1972	2063	2231	2001	1967	1912	2009	2092	1925	2018	2074	1916
304998	62	126	14	78	142	30	94	158	46	110	174	1977	2060	2193	2005	1981	1929	1995	2082	1950	2018	2069	1963
304998	62	126	14	78	142	30	94	158	46	110	174	2017	2024	2109	2014	2002	1990	2015	2076	2007	2016	2021	2039
304998	62	126	14	78	142	30	94	158	46	110	174	2059	1983	2051	2033	2009	2050	2030	2054	2050	2020	1984	2100
304998	62	126	14	78	142	30	94	158	46	110	174	2072	1987	2059	2036	2016	2033	2046	2061	2041	2022	1987	2094
304998	62	126	14	78	142	30	94	158	46	110	174	2033	2016	2134	2025	1989	1985	2022	2067	1996	2020	2021	2020
304998	62	126	14	78	142	30	94	158	46	110	174	1993	2056	2211	2014	1976	1923	2007	2087	1940	2022	2061	1945
304998	62	126	14	78	142	30	94	158	46	110	174	1967	2063	2214	2003	1979	1912	1994	2092	1929	2021	2072	1925
304998	62	126	14	78	142	30	94	158	46	110	174	1996	2042	2158	2009	1992	1960	2015	2083	1970	2020	2044	1978
304998	62	126	14	78	142	30	94	158	46	110	174	2036	2000	2086	2023	2011	2021	2027	2061	2028	2021	2008	2069
304998	62	126	14	78	142	30	94	158	46	110	174	2069	1987	2048	2035	2023	2039	2043	2058	2063	2022	1983	2111
304998	62	126	14	78	142	30	94	158	46	110	174	2057	2002	2094	2038	1994	2016	2038	2062	2028	2021	1994	2071
304998	62	126	14	78	142	30	94	158	46	110	174	2012	2039	2167	2016	1997	1948	2016	2077	1963	2020	2032	1977
304998	62	126	14	78	142	30	94	158	46	110	174	1980	2062	2216	2002	1979	1916	2003	2090	1924	2021	2073	1914
304998	62	126	14	78	142	30	94	158	46	110	174	1972	2049	2199	2011	1975	1924	1992	2087	1945	2018	2073	1940
304998	62	126	14	78	142	30	94	158	46	110	174	2013	2021	2130	2016	1994	1984	2013	2072	1998	2022	2027	2033
304998	62	126	14	78	142	30	94	158	46	110	174	2054	1995	2062	2032	2002	2040	2046	2061	2048	2017	1983	2097
304998	62	126	14	78	142	30	94	158	46	110	174	2069	1992	2059	2044	2005	2040	2051	2057	2042	2018	1982	2089
304998	62	126	14	78	142	30	94	158	46	110	174	2048	2016	2115	2031	2002	1988	2036	2062	2005	2017	2017	2024
304998	62	126	14	78	142	30	94	158	46	110	174	2004	2046	2191	2014	1984	1927	2017	2082	1945	2019	2057	1945
304998	62	126	14	78	142	30	94	158	46	110	174	1965	2055	2231	2004	1976	1907	1999	2088	1927	2018	2074	1923
304998	62	126	14	78	142	30	94	158	46	110	174	1983	2042	2176	2006	1992	1942	2008	2080	1953	2016	2046	1971
304998	62	126	14	78	142	30	94	158	46	110	174	2024	2007	2106	2029	2004	2002	2021	2058	2025	2022	2009	2056
304998	62	126	14	78	142	30	94	158	46	110	174	2059	1988	2049	2034	2018	2044	2035	2054	2054	2020	1985	2105
304998	62	126	14	78	142	30	94	158	46	110	174	2059	1995	2080	2037	2012	2022	2036	2057	2031	2020	1998	2079
304998	62	126	14	78	142	30	94	158	46	110	174	2022	2021	2163	2024	1988	1961	2024	2071	1971	2016	2034	1997
304998	62	126	14	78	142	30	94	158	46	110	174	1978	2051	2221	2008	1982	1907	2003	2079	1934	2018	2055	1924
304998	62	126	14	78	142	30	94	158	46	110	174	1969	2054	2215	2014	1969	1921	2005	2082	1939	2018	2068	1927
304998	62	126	14	78	142	30	94	158	46	110	174	2006	2034	2132	2015	2001	1974	2022	2078	1988	2017	2038	2019
304998	62	126	14	78	142	30	94	158	46	110	174	2061	1998	2055	2033	2018	2031	2039	2062	2036	2016	1998	2097
304998	62	126	14	78	142	30	94	158	46	110	174	2060	1975	2064	2032	2021	2036	2036	2049	2049	2017	1978	2108
304998	62	126	14	78	142	30	94	158	46	110	174	2034	1997	2116	2030	2012	1994	2026	2066	2015	2019	2003	2038
304998	62	126	14	78	142	30	94	158	46	110	174	2002	2038	2202	2019	1980	1929	2015	2078	1951	2022	2049	1945
304998	62	126	14	78	142	30	94	158	46	110	174	1972	2063	2216	2004	1980	1908	2007	2089	1924	2020	2073	1917
304998	62	126	14	78	142	30	94	158	46	110	174	1988	2043	2174	2009	1977	1948	2019	2076	1953	2021	2055	1968
304998	62	126	14	78	142	30	94	158	46	110	174	2025	2002	2100	2026	1995	2004	2035	2063	2020	2018	2011	2054
304998	62	126	14	78	142	30	94	158	46	110	174	2063	1984	2051	2038	2022	2033	2047	2060	2053	2017	1977	2100
304998	62	126	14	78	142	30	94	158	46	110	174	2066	1992	2079	2035	2022	2019	2053	2062	2034	2016	1992	2079
304998	62	126	14	78	142	30	94	158	46	110	174	2033	2028	2150	2025	1997	1964	2030	2066	1977	2019	2028	2000
304998	62	126	14	78	142	30	94	158	46	110	174	1994	2056	2208	2009	1982	1911	2005	2080	1933	2020	2066	1935
304998	62	126	14	78	142	30	94	158	46	110	174	1979	2051	2214	2014	1967	1916	2001	2091	1927	2021	2064	1930
304998	62	126	14	78	142	30	94	158	46	110	174	2001	2027	2146	2017	1998	1959	2007	2075	1971	2022	2037	1998
304998	62	126	14	78	142	30	94	158	46	110	174	2047	1998	2080	2034	2008	2030	2028	2058	2031	2021	1997	2074
304998	62	126	14	78	142	30	94	158	46	110	174	2070	1986	2059	2038	2020	2047	2039	2051	2057	2020	1981	2114
304998	62	126	14	78	142	30	94	158	46	110	174	2058	2006	2100	2032	2014	2002	2038	2065	2015	2017	1999	2053
304998	62	126	14	78	142	30	94	158	46	110	174	2012	2036	2176	2017	1988	1940	2018	2080	1958	2021	2042	1963
304998	62	126	14	78	142	30	94	158	46	110	174	1981	2056	2222	2010	1981	1903	2006	2087	1924	2019	2072	1910
304998	62	126	14	78	142	30	94	158	46	110	174	1983	2045	2193	2014	1986	1938	2011	2078	1954	2017	2062	1954
304998	62	126	14	78	142	30	94	158	46	110	174	2025	2021	2113	2023	2008	1997	2028	2069	2005	2019	2020	2042
304998	62	126	14	78	142	30	94	158	46	110	174	2063	1991	2051	2034	2025	2035	2048	2061	2050	2016	1982	2107
304998	62	126	14	78	142	30	94	158	46	110	174	2072	1987	2067	2032	2021	2028	2052	2054	2039	2017	1980	2087
304998	62	126	14	78	142	30	94	158	46	110	174	2040	2015	2137	2028	2010	1966	2034	2066	1991	2020	2020	2004
304998	62	126	14	78	142	30	94	158	46	110	174	1993	2046	2210	2010	1983	1913	2014	2082	1942	2021	2062	1939
304998	62	126	14	78	142	30	94	158	46	110	174	1973	2056	2219	2014	1965	1921	2007	2083	1931	2018	2074	1931
304998	62	126	14	78	142	30	94	158	46	110	174	2001	2040	2162	2015	1996	1957	2020	2072	1971	2020	2041	1995
304998	62	126	14	78	142	30	94	158	46	110	174	2047	2001	2073	2029	2006	2020	2027	2060	2037	2022	1996	2067
304998	62	126	14	78	142	30	94	158	46	110	174	2068	1982	2054	2040	2030	2035	2048	2059	2053	2017	1977	2101
304998	62	126	14	78	142	30	94	158	46	110	174	2057	1995	2106	2031	2018	2004	2036	2060	2017	2017	1999	2063
304998	62	126	14	78	142	30	94	158	46	110	174	2015	2038	2183	2022	1995	1945	2026	2074	1957	2020	2037	1977
304998	62	126	14	78	142	30	94	158	46	110	174	1968	2054	2227	2010	1981	1902	2002	2080	1931	2021	2068	1926
304998	62	126	14	78	142	30	94	158	46	110	174	1983	2052	2192	2008	1978	1928	2005	2084	1943	2017	2058	1942
304998	62	126	14	78	142	30	94	158	46	110	174	2014	2015	2124	2019	2007	1980	2024	2068	1998	2017	2029	2035
304998	62	126	14	78	142	30	94	158	46	110	174	2061	1982	2065	2031	2023	2035	2046	2058	2041	2018	1991	2104
304998	62	126	14	78	142	30	94	158	46	110	174	2071	1988	2070	2042	2023	2029	2051	2049	2047	2021	1978	2097
304998	62	126	14	78	142	30	94	158	46	110	174	2039	2016	2137	2029	2009	1974	2033	2068	1998	2018	2008	2016
304998	62	126	14	78	142	30	94	158	46	110	174	1996	2050	2191	2013	1989	1917	2010	2083	1939	2017	2053	1937
304998	62	126	14	78	142	30	94	158	46	110	174	1974	2058	2212	2001	1982	1906	2004	2083	1919	2018	2080	1927
304998	62	126	14	78	142	30	94	158	46	110	174	1986	2032	2167	2008	1994	1952	2005	2069	1976	2019	2047	1989
304998	62	126	14	78	142	30	94	158	46	110	174	2039	2006	2097	2027	2011	2009	2034	2064	2026	2021	1999	2068
304998	62	126	14	78	142	30	94	158	46	110	174	2065	1982	2064	2038	2028	2036	2038	2051	2048	2019	1974	2099
304998	62	126	14	78	142	30	94	158	46	110	174	2070	2000	2082	2034	2020	2006	2045	2059	2021	2016	1994	2064
304998	62	126	14	78	142	30	94	158	46	110	174	2018	2021	2162	2021	1996	1951	2011	2065	1970	2022	2037	1993
304998	62	126	14	78	142	30	94	158	46	110	174	1982	2054	2219	2002	1982	1908	1998	2086	1935	2020	2069	1932
304998	62	126	14	78	142	30	94	158	46	110	174	1975	2056	2203	2001	1979	1919	1997	2085	1938	2022	2064	1942
304998	62	126	14	78	142	30	94	158	46	110	174	2008	2028	2131	2017	2000	1973	2014	2071	1984	2022	2029	2017
304998	62	126	14	78	142	30	94	158	46	110	174	2060	1997	2060	2032	2028	2025	2033	2052	2047	2020	1993	2086
304998	62	126	14	78	142	30	94	158	46	110	174	2077	1982	2059	2040	2028	2033	2040	2054	2046	2017	1976	2101
304998	62	126	14	78	142	30	94	158	46	110	174	2045	2003	2128	2027	2011	1989	2025	2063	1999	2021	2005	2032
304998	62	126	14	78	142	30	94	158	46	110	174	1997	2039	2206	2013	1979	1932	2007	2079	1944	2020	2051	1947
304998	62	126	14	78	142	30	94	158	46	110	174	1961	2061	2216	2008	1968	1912	1987	2083	1929	2021	2078	1926
304998	62	126	14	78	142	30	94	158	46	110	174	1986	2051	2164	2010	1990	1937	2004	2082	1963	2020	2061	1981
304998	62	126	14	78	142	30	94	158	46	110	174	2031	2010	2098	2020	2011	2003	2020	2063	2019	2022	2006	2055
304998	62	126	14	78	142	30	94	158	46	110	174	2070	1984	2063	2036	2033	2036	2037	2052	2046	2017	1970	2097
304998	62	126	14	78	142	30	94	158	46	110	174	2070	1989	2091	2036	2021	2016	2046	2054	2035	2020	1988	2064
304998	62	126	14	78	142	30	94	158	46	110	174	2017	2030	2159	2023	2005	1953	2023	2070	1984	2022	2037	1994
304998	62	126	14	78	142	30	94	158	46	110	174	1982	2063	2199	2008	1983	1910	2009	2092	1932	2022	2067	1945
304998	62	126	14	78	142	30	94	158	46	110	174	1969	2059	2202	2002	1981	1918	2006	2086	1932	2018	2070	1945
304998	62	126	14	78	142	30	94	158	46	110	174	1998	2025	2145	2013	1999	1974	2006	2073	1989	2022	2031	2001
304998	62	126	14	78	142	30	94	158	46	110	174	2051	1996	2079	2027	2022	2022	2037	2061	2040	2019	1994	2076
304998	62	126	14	78	142	30	94	158	46	110	174	2064	1982	2074	2040	2030	2029	2041	2048	2050	2016	1983	2101
304998	62	126	14	78	142	30	94	158	46	110	174	2054	2009	2106	2032	2017	1986	2030	2066	2004	2018	2004	2043
304998	62	126	14	78	142	30	94	158	46	110	174	2008	2036	2187	2012	1989	1937	2007	2074	1954	2017	2049	1964
304998	62	126	14	78	142	30	94	158	46	110	174	1974	2063	2210	1997	1974	1908	1990	2091	1935	2021	2073	1931
304998	62	126	14	78	142	30	94	158	46	110	174	1980	2049	2180	2002	1984	1938	2007	2093	1954	2017	2068	1970
304998	62	126	14	78	142	30	94	158	46	110	174	2016	2014	2119	2022	2008	1993	2017	2065	2010	2020	2015	2044
304998	62	126	14	78	142	30	94	158	46	110	174	2073	1991	2059	2036	2029	2029	2048	2050	2049	2017	1973	2094
304998	62	126	14	78	142	30	94	158	46	110	174	2070	1983	2081	2037	2023	2020	2043	2049	2044	2018	1975	2070
304998	62	126	14	78	142	30	94	158	46	110	174	2031	2021	2142	2019	2006	1969	2027	2073	1984	2018	2030	2004
304998	62	126	14	78	142	30	94	158	46	110	174	1980	2059	2200	2001	1980	1918	2007	2092	1937	2017	2071	1952
304998	62	126	14	78	142	30	94	158	46	110	174	1955	2068	2211	1997	1971	1912	1986	2089	1932	2020	2074	1949
304998	62	126	14	78	142	30	94	158	46	110	174	1996	2043	2145	2011	1994	1958	1998	2073	1985	2017	2039	2000
304998	62	126	14	78	142	30	94	158	46	110	174	2046	1995	2082	2027	2022	2015	2024	2054	2040	2021	1994	2062
304998	62	126	14	78	142	30	94	158	46	110	174	2072	1976	2074	2043	2031	2032	2036	2049	2049	2016	1977	2094
304998	62	126	14	78	142	30	94	158	46	110	174	2053	2003	2113	2029	2019	2001	2045	2058	2015	2018	1999	2055
304998	62	126	14	78	142	30	94	158	46	110	174	2005	2046	2179	2012	1990	1943	2009	2070	1967	2017	2042	1976
304998	62	126	14	78	142	30	94	158	46	110	174	1971	2070	2196	1993	1974	1910	1986	2093	1930	2020	2080	1926
304998	62	126	14	78	142	30	94	158	46	110	174	1970	2052	2185	1998	1980	1931	1987	2085	1954	2022	2074	1970
304998	62	126	14	78	142	30	94	158	46	110	174	2012	2015	2123	2014	2007	1986	2012	2065	1999	2017	2020	2042
304998	62	126	14	78	142	30	94	158	46	110	174	2065	1987	2077	2033	2027	2036	2045	2049	2049	2016	1978	2089
304998	62	126	14	78	142	30	94	158	46	110	174	2071	1988	2091	2038	2024	2025	2052	2048	2049	2017	1974	2074
304998	62	126	14	78	142	30	94	158	46	110	174	2039	2024	2128	2026	2005	1970	2022	2065	1990	2018	2021	2011
304998	62	126	14	78	142	30	94	158	46	110	174	1986	2054	2183	2001	1984	1915	1995	2085	1940	2020	2074	1960
304998	62	126	14	78	142	30	94	158	46	110	174	1954	2060	2204	1995	1972	1911	1985	2087	1932	2016	2078	1949
304998	62	126	14	78	142	30	94	158	46	110	174	1985	2042	2162	2008	1993	1956	1998	2082	1982	2022	2045	1991
304998	62	126	14	78	142	30	94	158	46	110	174	2039	2006	2092	2024	2020	2014	2028	2065	2027	2017	2001	2057
304998	62	126	14	78	142	30	94	158	46	110	174	2078	1982	2062	2040	2031	2032	2046	2049	2045	2022	1981	2087
304998	62	126	14	78	142	30	94	158	46	110	174	2063	1998	2098	2032	2017	2010	2036	2058	2021	2020	1991	2062
304998	62	126	14	78	142	30	94	158	46	110	174	2010	2037	2163	2014	1992	1946	2023	2080	1974	2021	2039	1991
304998	62	126	14	78	142	30	94	158	46	110	174	1964	2070	2205	1994	1968	1918	1986	2093	1939	2020	2074	1939
304998	62	126	14	78	142	30	94	158	46	110	174	1969	2064	2186	1995	1979	1928	1986	2094	1946	2017	2079	1958
304998	62	126	14	78	142	30	94	158	46	110	174	2006	2029	2123	2011	2001	1985	2008	2074	1996	2020	2031	2027
304998	62	126	14	78	142	30	94	158	46	110	174	2061	1991	2069	2038	2018	2033	2040	2052	2049	2020	1980	2082
304998	62	126	14	78	142	30	94	158	46	110	174	2074	1982	2081	2043	2029	2024	2038	2052	2049	2022	1975	2076
304998	62	126	14	78	142	30	94	158	46	110	174	2038	2019	2131	2027	2007	1980	2027	2066	2000	2017	2014	2019
304998	62	126	14	78	142	30	94	158	46	110	174	1986	2059	2186	2000	1983	1927	1998	2089	1948	2016	2071	1963
304998	62	126	14	78	142	30	94	158	46	110	174	1962	2075	2189	1988	1967	1916	2005	2096	1933	2022	2084	1954
304998	62	126	14	78	142	30	94	158	46	110	174	1983	2046	2155	1997	1983	1948	1998	2084	1970	2017	2053	1990
304998	62	126	14	78	142	30	94	158	46	110	174	2030	2006	2104	2023	2010	2007	2019	2065	2020	2017	2008	2044
304998	62	126	14	78	142	30	94	158	46	110	174	2075	1980	2081	2038	2027	2034	2049	2051	2051	2016	1979	2084
304998	62	126	14	78	142	30	94	158	46	110	174	2064	1997	2101	2037	2021	2015	2031	2054	2024	2017	1992	2068
304998	62	126	14	78	142	30	94	158	46	110	174	2020	2038	2142	2014	2000	1959	2018	2072	1981	2019	2034	2000
304998	62	126	14	78	142	30	94	158	46	110	174	1969	2061	2196	1997	1969	1920	1981	2097	1942	2020	2077	1941
304998	62	126	14	78	142	30	94	158	46	110	174	1957	2065	2191	1993	1973	1923	1982	2092	1945	2019	2084	1953
304998	62	126	14	78	142	30	94	158	46	110	174	2001	2031	2145	2009	1991	1971	2006	2077	1990	2017	2037	2020
304998	62	126	14	78	142	30	94	158	46	110	174	2046	1995	2087	2034	2018	2022	2028	2049	2042	2021	1987	2077
304998	62	126	14	78	142	30	94	158	46	110	174	2080	1987	2064	2043	2033	2031	2047	2056	2048	2020	1970	2076
304998	62	126	14	78	142	30	94	158	46	110	174	2046	2006	2116	2034	2015	1994	2025	2066	2004	2021	2005	2025
304998	62	126	14	78	142	30	94	158	46	110	174	1996	2049	2175	2008	1980	1938	2013	2085	1951	2020	2064	1974
304998	62	126	14	78	142	30	94	158	46	110	174	1957	2073	2201	1995	1955	1919	1983	2092	1934	2018	2086	1955
304998	62	126	14	78	142	30	94	158	46	110	174	1978	2060	2160	1997	1981	1939	1991	2086	1971	2020	2062	1983
304998	62	126	14	78	142	30	94	158	46	110	174	2029	2013	2100	2017	2004	2007	2020	2073	2020	2020	2010	2039
304998	62	126	14	78	142	30	94	158	46	110	174	2073	1982	2074	2044	2027	2035	2044	2049	2045	2021	1982	2082
304998	62	126	14	78	142	30	94	158	46	110	174	2074	1989	2093	2040	2029	2018	2044	2053	2025	2023	1985	2070
304998	62	126	14	78	142	30	94	158	46	110	174	2027	2026	2148	2023	1990	1965	2020	2073	1983	2018	2029	2003
304998	62	126	14	78	142	30	94	158	46	110	174	1972	2067	2186	1995	1971	1917	1989	2093	1946	2017	2073	1947
304998	62	126	14	78	142	30	94	158	46	110	174	1966	2067	2181	1994	1967	1921	2005	2100	1940	2021	2084	1952
304998	62	126	14	78	142	30	94	158	46	110	174	1996	2031	2139	2010	1992	1968	2009	2079	1984	2017	2047	2013
304998	62	126	14	78	142	30	94	158	46	110	174	2046	1993	2095	2031	2019	2022	2030	2055	2033	2020	1991	2071
