304998	62	126	14	78	142	30	94	158	46	110	174	2008	2028	2174	1995	1967	1928	1991	2092	1943	2017	2032	1966
304998	62	126	14	78	142	30	94	158	46	110	174	2009	2024	2156	2012	1976	1962	1993	2079	1981	2019	2034	1999
304998	62	126	14	78	142	30	94	158	46	110	174	2028	2026	2114	2028	2020	1999	2032	2062	2013	2020	2020	2043
304998	62	126	14	78	142	30	94	158	46	110	174	2037	2013	2098	2043	2037	2024	2062	2046	2030	2018	2006	2060
304998	62	126	14	78	142	30	94	158	46	110	174	2031	2010	2118	2038	2024	2003	2052	2051	2010	2021	2015	2032
304998	62	126	14	78	142	30	94	158	46	110	174	2022	2023	2154	2018	1987	1961	2016	2072	1977	2020	2029	1996
304998	62	126	14	78	142	30	94	158	46	110	174	2004	2029	2179	2000	1968	1928	1980	2097	1951	2020	2042	1979
304998	62	126	14	78	142	30	94	158	46	110	174	2017	2032	2156	1996	1976	1938	1993	2091	1957	2022	2038	1993
304998	62	126	14	78	142	30	94	158	46	110	174	2022	2018	2129	2018	1997	1983	2014	2071	1990	2018	2019	2016
304998	62	126	14	78	142	30	94	158	46	110	174	2036	2012	2101	2040	2022	2014	2046	2042	2030	2020	2010	2045
304998	62	126	14	78	142	30	94	158	46	110	174	2033	2013	2112	2044	2025	2015	2054	2045	2027	2018	2015	2050
304998	62	126	14	78	142	30	94	158	46	110	174	2025	2021	2137	2031	2010	1983	2035	2061	1996	2017	2022	2023
304998	62	126	14	78	142	30	94	158	46	110	174	2020	2034	2156	2011	1977	1946	2005	2088	1956	2018	2031	1987
304998	62	126	14	78	142	30	94	158	46	110	174	2009	2028	2163	2001	1964	1926	1984	2091	1951	2021	2037	1970
304998	62	126	14	78	142	30	94	158	46	110	174	2017	2026	2149	2005	1985	1950	1994	2082	1971	2018	2039	1999
304998	62	126	14	78	142	30	94	158	46	110	174	2023	2015	2128	2031	2008	1995	2025	2059	2007	2023	2021	2037
304998	62	126	14	78	142	30	94	158	46	110	174	2032	2019	2103	2042	2033	2015	2058	2045	2028	2018	2006	2051
304998	62	126	14	78	142	30	94	158	46	110	174	2038	2019	2114	2040	2024	2005	2051	2049	2014	2017	2008	2028
304998	62	126	14	78	142	30	94	158	46	110	174	2024	2020	2146	2022	2003	1957	2016	2067	1985	2021	2030	2002
304998	62	126	14	78	142	30	94	158	46	110	174	2017	2026	2168	2000	1977	1933	1988	2092	1956	2022	2039	1985
304998	62	126	14	78	142	30	94	158	46	110	174	2008	2033	2167	2001	1968	1943	1983	2092	1954	2016	2036	1989
304998	62	126	14	78	142	30	94	158	46	110	174	2018	2031	2132	2015	1992	1975	2008	2074	1986	2022	2022	2008
304998	62	126	14	78	142	30	94	158	46	110	174	2037	2014	2103	2034	2020	2006	2037	2049	2024	2019	2018	2033
304998	62	126	14	78	142	30	94	158	46	110	174	2034	2012	2109	2046	2039	2009	2057	2041	2034	2021	2011	2050
304998	62	126	14	78	142	30	94	158	46	110	174	2030	2015	2127	2033	2008	1984	2040	2058	2000	2020	2017	2030
304998	62	126	14	78	142	30	94	158	46	110	174	2014	2025	2169	2014	1981	1947	2004	2087	1967	2016	2032	1990
304998	62	126	14	78	142	30	94	158	46	110	174	2010	2033	2165	1999	1967	1929	1985	2091	1956	2019	2042	1966
304998	62	126	14	78	142	30	94	158	46	110	174	2015	2025	2154	2003	1985	1949	1987	2082	1977	2018	2040	1997
304998	62	126	14	78	142	30	94	158	46	110	174	2024	2016	2122	2022	2011	1993	2016	2065	2008	2018	2023	2037
304998	62	126	14	78	142	30	94	158	46	110	174	2036	2009	2109	2044	2027	2011	2058	2049	2022	2017	2006	2050
304998	62	126	14	78	142	30	94	158	46	110	174	2033	2015	2120	2048	2020	2006	2048	2049	2009	2018	2008	2033
304998	62	126	14	78	142	30	94	158	46	110	174	2025	2025	2137	2027	2002	1966	2020	2064	1990	2019	2031	2009
304998	62	126	14	78	142	30	94	158	46	110	174	2015	2033	2163	2004	1972	1942	1989	2087	1967	2017	2042	1988
304998	62	126	14	78	142	30	94	158	46	110	174	2014	2030	2162	1999	1971	1944	1983	2098	1955	2018	2040	1987
304998	62	126	14	78	142	30	94	158	46	110	174	2018	2021	2148	2014	1991	1969	2003	2074	1982	2019	2023	2010
304998	62	126	14	78	142	30	94	158	46	110	174	2029	2021	2117	2033	2022	1994	2035	2050	2010	2022	2014	2032
304998	62	126	14	78	142	30	94	158	46	110	174	2032	2012	2107	2043	2033	2013	2049	2035	2025	2017	2013	2046
304998	62	126	14	78	142	30	94	158	46	110	174	2027	2015	2122	2036	2015	1992	2037	2055	2006	2021	2018	2029
304998	62	126	14	78	142	30	94	158	46	110	174	2017	2020	2152	2015	1986	1955	2009	2081	1969	2020	2030	1998
304998	62	126	14	78	142	30	94	158	46	110	174	2008	2029	2176	2001	1968	1935	1983	2093	1954	2016	2037	1972
304998	62	126	14	78	142	30	94	158	46	110	174	2006	2035	2157	2003	1983	1951	1992	2080	1970	2017	2040	1993
304998	62	126	14	78	142	30	94	158	46	110	174	2023	2023	2127	2021	2008	1987	2017	2064	2004	2018	2027	2026
304998	62	126	14	78	142	30	94	158	46	110	174	2041	2011	2097	2041	2025	2005	2052	2047	2023	2021	2008	2048
304998	62	126	14	78	142	30	94	158	46	110	174	2037	2010	2115	2047	2027	2001	2046	2049	2009	2021	2006	2040
304998	62	126	14	78	142	30	94	158	46	110	174	2022	2020	2147	2026	2008	1971	2023	2063	1984	2019	2022	2007
304998	62	126	14	78	142	30	94	158	46	110	174	2011	2037	2167	2007	1984	1944	1995	2082	1970	2018	2042	1983
304998	62	126	14	78	142	30	94	158	46	110	174	2008	2043	2156	1997	1970	1940	1981	2096	1966	2020	2042	1991
304998	62	126	14	78	142	30	94	158	46	110	174	2018	2026	2140	2011	1985	1964	1996	2079	1987	2016	2027	2006
304998	62	126	14	78	142	30	94	158	46	110	174	2030	2015	2119	2030	2019	1990	2028	2056	2008	2020	2013	2029
304998	62	126	14	78	142	30	94	158	46	110	174	2040	2011	2116	2043	2036	2004	2062	2041	2014	2019	2009	2045
304998	62	126	14	78	142	30	94	158	46	110	174	2035	2020	2126	2036	2021	1989	2043	2050	2006	2019	2018	2031
304998	62	126	14	78	142	30	94	158	46	110	174	2018	2031	2147	2022	1986	1956	2015	2078	1984	2017	2030	2009
304998	62	126	14	78	142	30	94	158	46	110	174	2008	2032	2158	2002	1971	1940	1984	2092	1960	2016	2037	1980
304998	62	126	14	78	142	30	94	158	46	110	174	2011	2025	2155	1999	1983	1952	1987	2088	1968	2020	2036	1983
304998	62	126	14	78	142	30	94	158	46	110	174	2020	2018	2136	2020	2001	1980	2013	2063	1997	2023	2028	2020
304998	62	126	14	78	142	30	94	158	46	110	174	2038	2013	2111	2043	2023	2001	2041	2046	2019	2018	2014	2045
304998	62	126	14	78	142	30	94	158	46	110	174	2038	2015	2109	2047	2029	1994	2047	2049	2012	2021	2006	2043
304998	62	126	14	78	142	30	94	158	46	110	174	2030	2018	2126	2033	2013	1970	2027	2059	1991	2017	2015	2015
304998	62	126	14	78	142	30	94	158	46	110	174	2018	2026	2152	2011	1984	1948	2000	2079	1967	2020	2037	1981
304998	62	126	14	78	142	30	94	158	46	110	174	2003	2033	2169	1995	1966	1949	1981	2085	1969	2021	2048	1990
304998	62	126	14	78	142	30	94	158	46	110	174	2013	2029	2150	2011	1986	1962	2001	2082	1985	2020	2033	2011
304998	62	126	14	78	142	30	94	158	46	110	174	2031	2023	2116	2032	2018	1988	2023	2063	2002	2017	2012	2032
304998	62	126	14	78	142	30	94	158	46	110	174	2039	2013	2101	2044	2033	2003	2048	2043	2015	2021	2005	2034
304998	62	126	14	78	142	30	94	158	46	110	174	2040	2012	2118	2040	2028	1988	2045	2047	2000	2020	2015	2029
304998	62	126	14	78	142	30	94	158	46	110	174	2019	2020	2148	2021	1990	1966	2015	2068	1987	2018	2029	2006
304998	62	126	14	78	142	30	94	158	46	110	174	2004	2037	2166	2006	1974	1941	1981	2087	1969	2020	2041	1991
304998	62	126	14	78	142	30	94	158	46	110	174	2004	2034	2158	2002	1976	1950	1982	2087	1973	2020	2037	1992
304998	62	126	14	78	142	30	94	158	46	110	174	2023	2024	2124	2018	2001	1974	2009	2074	1989	2017	2023	2006
304998	62	126	14	78	142	30	94	158	46	110	174	2034	2010	2107	2034	2023	1997	2041	2043	2009	2017	2015	2038
304998	62	126	14	78	142	30	94	158	46	110	174	2042	2006	2117	2048	2028	1996	2044	2041	2014	2017	2008	2042
304998	62	126	14	78	142	30	94	158	46	110	174	2031	2019	2133	2037	2010	1975	2039	2062	1994	2022	2016	2022
304998	62	126	14	78	142	30	94	158	46	110	174	2014	2033	2153	2010	1985	1953	2001	2083	1975	2021	2029	1991
304998	62	126	14	78	142	30	94	158	46	110	174	2010	2034	2155	1998	1972	1949	1984	2092	1965	2020	2043	1984
304998	62	126	14	78	142	30	94	158	46	110	174	2014	2026	2143	2005	1983	1955	1994	2077	1977	2017	2042	2003
304998	62	126	14	78	142	30	94	158	46	110	174	2026	2017	2122	2023	2008	1984	2026	2061	2006	2020	2020	2028
304998	62	126	14	78	142	30	94	158	46	110	174	2037	2008	2115	2041	2034	1997	2046	2044	2013	2020	2006	2042
304998	62	126	14	78	142	30	94	158	46	110	174	2034	2020	2124	2043	2032	1992	2044	2050	2000	2020	2006	2028
304998	62	126	14	78	142	30	94	158	46	110	174	2024	2032	2135	2021	1998	1972	2028	2075	1981	2017	2027	2001
304998	62	126	14	78	142	30	94	158	46	110	174	2015	2034	2152	2007	1978	1949	1990	2086	1969	2022	2042	1989
304998	62	126	14	78	142	30	94	158	46	110	174	2007	2030	2156	1997	1977	1949	1989	2091	1976	2020	2043	1994
304998	62	126	14	78	142	30	94	158	46	110	174	2015	2019	2144	2015	1996	1971	2003	2072	1988	2020	2024	2014
304998	62	126	14	78	142	30	94	158	46	110	174	2033	2017	2122	2033	2023	1994	2033	2051	2005	2019	2011	2030
304998	62	126	14	78	142	30	94	158	46	110	174	2039	2017	2114	2042	2032	1994	2046	2045	2007	2022	2011	2036
304998	62	126	14	78	142	30	94	158	46	110	174	2031	2019	2122	2038	2010	1984	2036	2049	1994	2020	2020	2025
304998	62	126	14	78	142	30	94	158	46	110	174	2020	2029	2148	2013	1992	1957	2004	2075	1985	2022	2032	2004
304998	62	126	14	78	142	30	94	158	46	110	174	2008	2032	2165	1997	1973	1949	1987	2094	1973	2018	2040	1985
304998	62	126	14	78	142	30	94	158	46	110	174	2007	2028	2155	2005	1981	1963	1996	2084	1972	2021	2034	1990
304998	62	126	14	78	142	30	94	158	46	110	174	2024	2026	2127	2020	2011	1974	2015	2059	1994	2021	2025	2019
304998	62	126	14	78	142	30	94	158	46	110	174	2042	2018	2106	2042	2025	1990	2046	2044	2009	2016	2013	2044
304998	62	126	14	78	142	30	94	158	46	110	174	2039	2011	2116	2043	2030	1986	2049	2046	2009	2017	2008	2040
304998	62	126	14	78	142	30	94	158	46	110	174	2022	2021	2136	2025	1997	1974	2019	2072	1984	2022	2020	2010
304998	62	126	14	78	142	30	94	158	46	110	174	2012	2028	2158	2005	1970	1954	1995	2085	1971	2020	2037	1982
304998	62	126	14	78	142	30	94	158	46	110	174	2003	2038	2161	2000	1974	1950	1981	2093	1971	2020	2047	1987
304998	62	126	14	78	142	30	94	158	46	110	174	2017	2035	2136	2015	1991	1965	2005	2069	1987	2019	2033	2011
304998	62	126	14	78	142	30	94	158	46	110	174	2037	2019	2116	2034	2022	1985	2028	2052	2005	2020	2014	2032
304998	62	126	14	78	142	30	94	158	46	110	174	2046	2012	2110	2042	2031	1993	2049	2048	2005	2020	2001	2041
304998	62	126	14	78	142	30	94	158	46	110	174	2035	2015	2128	2038	2016	1977	2040	2056	1994	2019	2011	2016
304998	62	126	14	78	142	30	94	158	46	110	174	2018	2030	2151	2016	1993	1959	2008	2072	1977	2017	2036	1995
304998	62	126	14	78	142	30	94	158	46	110	174	2006	2037	2156	2000	1975	1950	1988	2085	1970	2017	2046	1995
304998	62	126	14	78	142	30	94	158	46	110	174	2010	2035	2145	1999	1980	1959	1984	2082	1986	2019	2041	1999
304998	62	126	14	78	142	30	94	158	46	110	174	2026	2023	2123	2017	2006	1983	2014	2064	1998	2016	2017	2024
304998	62	126	14	78	142	30	94	158	46	110	174	2038	2007	2117	2041	2028	1992	2038	2050	2004	2017	2007	2025
304998	62	126	14	78	142	30	94	158	46	110	174	2039	2010	2121	2042	2028	1989	2050	2047	2002	2016	2013	2028
304998	62	126	14	78	142	30	94	158	46	110	174	2030	2029	2142	2028	2009	1967	2027	2060	1989	2020	2025	2019
304998	62	126	14	78	142	30	94	158	46	110	174	2011	2038	2150	2007	1984	1954	2001	2083	1982	2022	2036	1993
304998	62	126	14	78	142	30	94	158	46	110	174	2009	2036	2150	1996	1972	1956	1981	2087	1972	2016	2041	1995
304998	62	126	14	78	142	30	94	158	46	110	174	2017	2025	2135	2008	1989	1965	1994	2079	1986	2020	2029	1997
304998	62	126	14	78	142	30	94	158	46	110	174	2031	2016	2127	2028	2020	1980	2029	2059	1998	2017	2018	2025
304998	62	126	14	78	142	30	94	158	46	110	174	2040	2015	2121	2039	2032	1994	2047	2041	2005	2021	2011	2042
304998	62	126	14	78	142	30	94	158	46	110	174	2039	2020	2129	2035	2024	1983	2038	2050	2005	2020	2014	2029
304998	62	126	14	78	142	30	94	158	46	110	174	2022	2032	2140	2018	1988	1968	2008	2076	1987	2022	2023	2007
304998	62	126	14	78	142	30	94	158	46	110	174	2008	2034	2152	2002	1975	1951	1989	2091	1972	2017	2040	1980
304998	62	126	14	78	142	30	94	158	46	110	174	2010	2032	2150	2000	1985	1961	1984	2088	1970	2020	2045	2000
304998	62	126	14	78	142	30	94	158	46	110	174	2019	2021	2133	2018	1995	1983	2009	2068	1991	2020	2027	2019
304998	62	126	14	78	142	30	94	158	46	110	174	2035	2015	2122	2034	2030	1989	2036	2046	2005	2017	2010	2037
304998	62	126	14	78	142	30	94	158	46	110	174	2039	2018	2118	2039	2029	1991	2041	2048	2004	2016	2004	2032
304998	62	126	14	78	142	30	94	158	46	110	174	2032	2024	2123	2032	2011	1976	2032	2065	1990	2018	2019	2008
304998	62	126	14	78	142	30	94	158	46	110	174	2015	2032	2147	2009	1984	1962	2000	2084	1978	2021	2045	1997
304998	62	126	14	78	142	30	94	158	46	110	174	2008	2034	2154	1997	1975	1956	1989	2092	1974	2022	2047	1999
304998	62	126	14	78	142	30	94	158	46	110	174	2009	2025	2149	2003	1990	1969	1994	2075	1989	2019	2034	2009
304998	62	126	14	78	142	30	94	158	46	110	174	2028	2018	2131	2023	2018	1980	2022	2057	2004	2020	2014	2028
304998	62	126	14	78	142	30	94	158	46	110	174	2042	2019	2112	2042	2028	1992	2045	2052	2005	2022	2006	2027
304998	62	126	14	78	142	30	94	158	46	110	174	2040	2021	2116	2034	2020	1984	2043	2053	1996	2018	2014	2024
304998	62	126	14	78	142	30	94	158	46	110	174	2025	2024	2137	2020	1999	1968	2018	2072	1981	2022	2031	2014
304998	62	126	14	78	142	30	94	158	46	110	174	2007	2032	2153	2002	1977	1962	1994	2085	1981	2016	2042	1997
304998	62	126	14	78	142	30	94	158	46	110	174	2006	2032	2157	1999	1975	1957	1985	2089	1985	2021	2038	1997
304998	62	126	14	78	142	30	94	158	46	110	174	2014	2028	2139	2015	1999	1967	2008	2076	1987	2019	2023	2004
304998	62	126	14	78	142	30	94	158	46	110	174	2031	2021	2118	2034	2023	1988	2039	2054	2002	2022	2017	2028
304998	62	126	14	78	142	30	94	158	46	110	174	2039	2011	2113	2042	2029	1988	2046	2046	2000	2018	2008	2038
304998	62	126	14	78	142	30	94	158	46	110	174	2028	2018	2130	2032	2014	1976	2028	2060	1995	2022	2016	2020
304998	62	126	14	78	142	30	94	158	46	110	174	2009	2025	2151	2011	1983	1967	2002	2080	1989	2020	2032	2000
304998	62	126	14	78	142	30	94	158	46	110	174	2005	2034	2166	1999	1973	1954	1986	2092	1984	2022	2041	1983
304998	62	126	14	78	142	30	94	158	46	110	174	2004	2032	2151	2003	1982	1970	1993	2087	1987	2017	2040	2000
304998	62	126	14	78	142	30	94	158	46	110	174	2028	2024	2127	2024	2005	1984	2032	2065	1986	2022	2022	2028
304998	62	126	14	78	142	30	94	158	46	110	174	2040	2013	2112	2036	2023	1992	2045	2048	1998	2018	2007	2037
304998	62	126	14	78	142	30	94	158	46	110	174	2035	2012	2117	2037	2021	1983	2035	2049	2003	2018	2008	2028
304998	62	126	14	78	142	30	94	158	46	110	174	2023	2019	2149	2023	1999	1963	2020	2075	1993	2018	2024	2000
304998	62	126	14	78	142	30	94	158	46	110	174	2003	2033	2162	2002	1981	1960	1993	2090	1985	2016	2047	1994
304998	62	126	14	78	142	30	94	158	46	110	174	2008	2039	2151	2002	1970	1962	1984	2090	1976	2021	2046	2001
304998	62	126	14	78	142	30	94	158	46	110	174	2015	2025	2139	2006	1997	1969	2009	2070	1987	2020	2028	2015
304998	62	126	14	78	142	30	94	158	46	110	174	2030	2015	2118	2031	2016	1983	2028	2051	2005	2017	2009	2031
304998	62	126	14	78	142	30	94	158	46	110	174	2040	2007	2121	2039	2029	1986	2039	2048	2008	2022	2005	2024
304998	62	126	14	78	142	30	94	158	46	110	174	2027	2015	2137	2036	2011	1979	2034	2063	1996	2019	2019	2022
304998	62	126	14	78	142	30	94	158	46	110	174	2017	2030	2151	2010	1989	1966	2016	2078	1985	2022	2037	2004
304998	62	126	14	78	142	30	94	158	46	110	174	2003	2039	2152	1999	1973	1963	1992	2090	1975	2020	2041	1998
304998	62	126	14	78	142	30	94	158	46	110	174	2011	2039	2136	2004	1974	1968	1992	2080	1987	2022	2034	2003
304998	62	126	14	78	142	30	94	158	46	110	174	2025	2022	2125	2018	2006	1975	2023	2072	1998	2020	2019	2014
304998	62	126	14	78	142	30	94	158	46	110	174	2036	2007	2124	2037	2023	1986	2044	2053	2004	2021	2011	2031
304998	62	126	14	78	142	30	94	158	46	110	174	2036	2015	2126	2039	2026	1986	2041	2056	1998	2022	2013	2029
304998	62	126	14	78	142	30	94	158	46	110	174	2028	2025	2144	2022	1999	1974	2027	2066	1985	2017	2020	2018
304998	62	126	14	78	142	30	94	158	46	110	174	2009	2034	2147	2007	1974	1962	2004	2081	1984	2022	2035	1990
304998	62	126	14	78	142	30	94	158	46	110	174	2005	2034	2146	1997	1974	1961	1986	2090	1983	2016	2045	1994
304998	62	126	14	78	142	30	94	158	46	110	174	2008	2023	2137	2011	1989	1974	1998	2080	1989	2018	2039	2008
304998	62	126	14	78	142	30	94	158	46	110	174	2031	2017	2125	2029	2015	1984	2036	2063	1996	2019	2015	2034
304998	62	126	14	78	142	30	94	158	46	110	174	2036	2011	2127	2042	2023	1987	2044	2052	1996	2017	2001	2036
304998	62	126	14	78	142	30	94	158	46	110	174	2034	2023	2126	2031	2014	1979	2047	2053	1996	2020	2008	2020
304998	62	126	14	78	142	30	94	158	46	110	174	2018	2034	2135	2019	1985	1966	2019	2075	1996	2020	2029	1998
304998	62	126	14	78	142	30	94	158	46	110	174	2005	2036	2146	2004	1977	1964	1987	2091	1983	2023	2049	1996
304998	62	126	14	78	142	30	94	158	46	110	174	2009	2032	2150	2001	1977	1966	1998	2091	1979	2021	2040	2010
304998	62	126	14	78	142	30	94	158	46	110	174	2018	2017	2140	2017	2000	1977	2016	2070	1986	2022	2021	2021
