304998	62	126	14	78	142	30	94	158	46	110	174	2072	1986	2102	2042	2030	2016	2044	2052	2035	2016	1974	2064
304998	62	126	14	78	142	30	94	158	46	110	174	2035	2028	2137	2024	2005	1969	2023	2069	1984	2017	2024	2005
304998	62	126	14	78	142	30	94	158	46	110	174	1971	2058	2179	2000	1971	1926	1986	2081	1941	2016	2086	1966
304998	62	126	14	78	142	30	94	158	46	110	174	1956	2062	2182	1994	1961	1925	1972	2091	1942	2019	2091	1959
304998	62	126	14	78	142	30	94	158	46	110	174	1984	2031	2151	2009	1987	1962	1993	2080	1984	2017	2045	2004
304998	62	126	14	78	142	30	94	158	46	110	174	2046	1997	2106	2031	2020	2018	2024	2057	2028	2018	1993	2056
304998	62	126	14	78	142	30	94	158	46	110	174	2079	1987	2082	2041	2037	2026	2052	2046	2039	2020	1970	2067
304998	62	126	14	78	142	30	94	158	46	110	174	2060	2002	2110	2033	2022	1999	2036	2049	2019	2019	1995	2045
304998	62	126	14	78	142	30	94	158	46	110	174	2008	2038	2153	2011	1991	1949	2009	2079	1972	2022	2049	1996
304998	62	126	14	78	142	30	94	158	46	110	174	1955	2058	2185	1993	1962	1917	1976	2093	1936	2021	2084	1955
304998	62	126	14	78	142	30	94	158	46	110	174	1960	2058	2179	1992	1967	1929	1987	2089	1957	2020	2076	1967
304998	62	126	14	78	142	30	94	158	46	110	174	2012	2025	2125	2014	2003	1985	2009	2064	2001	2019	2028	2033
304998	62	126	14	78	142	30	94	158	46	110	174	2067	1995	2084	2035	2032	2028	2039	2048	2051	2020	1981	2074
304998	62	126	14	78	142	30	94	158	46	110	174	2084	1986	2086	2039	2034	2026	2050	2048	2041	2018	1971	2069
304998	62	126	14	78	142	30	94	158	46	110	174	2036	2015	2131	2024	2004	1979	2024	2064	1993	2017	2016	2018
304998	62	126	14	78	142	30	94	158	46	110	174	1983	2054	2176	2007	1967	1923	1996	2091	1943	2020	2075	1968
304998	62	126	14	78	142	30	94	158	46	110	174	1952	2071	2186	1988	1962	1916	1977	2089	1939	2020	2098	1964
304998	62	126	14	78	142	30	94	158	46	110	174	1981	2046	2148	2006	1986	1955	1996	2077	1983	2021	2059	2003
304998	62	126	14	78	142	30	94	158	46	110	174	2041	2002	2097	2025	2020	2010	2023	2060	2024	2018	1998	2046
304998	62	126	14	78	142	30	94	158	46	110	174	2082	1979	2084	2040	2037	2032	2046	2052	2045	2022	1968	2064
304998	62	126	14	78	142	30	94	158	46	110	174	2069	1996	2112	2040	2024	2000	2039	2052	2021	2022	1994	2050
304998	62	126	14	78	142	30	94	158	46	110	174	2010	2038	2155	2015	1986	1952	2004	2074	1974	2020	2049	2003
304998	62	126	14	78	142	30	94	158	46	110	174	1959	2074	2185	1991	1965	1915	1987	2091	1942	2020	2084	1962
304998	62	126	14	78	142	30	94	158	46	110	174	1957	2065	2166	1993	1966	1930	1972	2094	1951	2022	2077	1969
304998	62	126	14	78	142	30	94	158	46	110	174	2008	2023	2120	2013	1995	1984	2007	2072	1994	2017	2031	2015
304998	62	126	14	78	142	30	94	158	46	110	174	2055	1985	2093	2034	2031	2028	2033	2044	2033	2019	1983	2071
304998	62	126	14	78	142	30	94	158	46	110	174	2081	1983	2093	2044	2029	2026	2046	2046	2047	2017	1969	2069
304998	62	126	14	78	142	30	94	158	46	110	174	2042	2015	2131	2027	2011	1984	2025	2066	2003	2017	2010	2029
304998	62	126	14	78	142	30	94	158	46	110	174	1987	2057	2163	2000	1973	1935	1997	2087	1952	2020	2068	1967
304998	62	126	14	78	142	30	94	158	46	110	174	1954	2071	2175	1988	1961	1919	1971	2096	1938	2021	2092	1960
304998	62	126	14	78	142	30	94	158	46	110	174	1976	2045	2148	1997	1978	1956	1982	2081	1969	2016	2064	2001
304998	62	126	14	78	142	30	94	158	46	110	174	2034	2006	2110	2024	2011	2004	2026	2059	2026	2016	2004	2046
304998	62	126	14	78	142	30	94	158	46	110	174	2078	1983	2092	2039	2033	2030	2045	2049	2049	2018	1968	2062
304998	62	126	14	78	142	30	94	158	46	110	174	2068	1996	2105	2044	2029	2008	2049	2054	2024	2021	1989	2048
304998	62	126	14	78	142	30	94	158	46	110	174	2017	2031	2137	2017	1997	1960	2009	2071	1972	2017	2038	2005
304998	62	126	14	78	142	30	94	158	46	110	174	1966	2063	2177	1994	1969	1924	1983	2093	1940	2022	2083	1969
304998	62	126	14	78	142	30	94	158	46	110	174	1952	2061	2176	1988	1962	1929	1972	2092	1957	2022	2085	1973
304998	62	126	14	78	142	30	94	158	46	110	174	1999	2035	2140	2008	1988	1969	2007	2080	1993	2020	2037	2003
304998	62	126	14	78	142	30	94	158	46	110	174	2057	2000	2100	2036	2026	2016	2039	2056	2030	2019	1988	2058
304998	62	126	14	78	142	30	94	158	46	110	174	2082	1989	2084	2047	2036	2025	2058	2048	2042	2020	1972	2074
304998	62	126	14	78	142	30	94	158	46	110	174	2056	2006	2110	2031	2009	1994	2039	2060	2007	2016	2003	2033
304998	62	126	14	78	142	30	94	158	46	110	174	1993	2044	2161	2006	1981	1940	1997	2087	1964	2022	2054	1976
304998	62	126	14	78	142	30	94	158	46	110	174	1956	2066	2184	1989	1945	1928	1987	2096	1933	2016	2093	1959
304998	62	126	14	78	142	30	94	158	46	110	174	1969	2055	2162	1998	1967	1946	1994	2093	1958	2017	2071	1993
304998	62	126	14	78	142	30	94	158	46	110	174	2028	2017	2114	2020	2008	1992	2033	2060	2009	2017	2015	2041
304998	62	126	14	78	142	30	94	158	46	110	174	2077	1985	2082	2045	2027	2034	2037	2046	2050	2017	1972	2069
304998	62	126	14	78	142	30	94	158	46	110	174	2077	1987	2096	2047	2023	2020	2045	2051	2037	2021	1980	2046
304998	62	126	14	78	142	30	94	158	46	110	174	2023	2023	2147	2020	1988	1967	2015	2075	1984	2022	2030	2005
304998	62	126	14	78	142	30	94	158	46	110	174	1970	2054	2185	2000	1959	1924	1984	2089	1943	2017	2083	1978
304998	62	126	14	78	142	30	94	158	46	110	174	1954	2073	2177	1991	1954	1931	1972	2091	1944	2019	2086	1970
304998	62	126	14	78	142	30	94	158	46	110	174	1992	2040	2132	2008	1986	1973	1997	2077	1994	2020	2042	2008
304998	62	126	14	78	142	30	94	158	46	110	174	2052	2000	2092	2033	2021	2021	2031	2060	2030	2022	1996	2054
304998	62	126	14	78	142	30	94	158	46	110	174	2084	1978	2093	2046	2031	2031	2047	2050	2047	2018	1973	2073
304998	62	126	14	78	142	30	94	158	46	110	174	2058	1998	2125	2036	2015	1996	2044	2061	2005	2017	1994	2044
304998	62	126	14	78	142	30	94	158	46	110	174	2000	2043	2169	2012	1981	1945	2004	2073	1968	2022	2051	1993
304998	62	126	14	78	142	30	94	158	46	110	174	1953	2078	2172	1989	1962	1915	1981	2097	1941	2017	2087	1954
304998	62	126	14	78	142	30	94	158	46	110	174	1968	2062	2150	1998	1954	1950	1989	2098	1959	2021	2078	1981
304998	62	126	14	78	142	30	94	158	46	110	174	2019	2015	2120	2020	2007	1996	2018	2073	2003	2016	2024	2036
304998	62	126	14	78	142	30	94	158	46	110	174	2073	1984	2095	2039	2032	2032	2042	2050	2039	2021	1969	2062
304998	62	126	14	78	142	30	94	158	46	110	174	2076	1986	2111	2045	2029	2017	2060	2050	2042	2018	1974	2055
304998	62	126	14	78	142	30	94	158	46	110	174	2033	2022	2143	2023	2005	1975	2019	2069	1995	2019	2025	2013
304998	62	126	14	78	142	30	94	158	46	110	174	1978	2061	2164	1999	1957	1938	1996	2091	1950	2020	2078	1972
304998	62	126	14	78	142	30	94	158	46	110	174	1955	2064	2174	1989	1953	1927	1977	2097	1940	2017	2089	1970
304998	62	126	14	78	142	30	94	158	46	110	174	1983	2039	2143	2006	1970	1965	1988	2079	1979	2018	2051	2004
304998	62	126	14	78	142	30	94	158	46	110	174	2041	2001	2114	2032	2017	2010	2030	2058	2032	2019	1998	2043
304998	62	126	14	78	142	30	94	158	46	110	174	2071	1979	2109	2044	2035	2027	2046	2045	2050	2021	1971	2065
304998	62	126	14	78	142	30	94	158	46	110	174	2067	2004	2107	2037	2021	2003	2046	2059	2013	2017	1997	2049
304998	62	126	14	78	142	30	94	158	46	110	174	2010	2038	2152	2016	1984	1953	2010	2079	1970	2022	2046	1993
304998	62	126	14	78	142	30	94	158	46	110	174	1959	2061	2168	1991	1954	1918	1982	2092	1942	2020	2082	1964
304998	62	126	14	78	142	30	94	158	46	110	174	1958	2055	2167	1997	1958	1938	1982	2092	1957	2020	2084	1975
304998	62	126	14	78	142	30	94	158	46	110	174	2008	2018	2133	2020	1991	1988	2016	2071	2000	2018	2030	2026
304998	62	126	14	78	142	30	94	158	46	110	174	2064	1993	2101	2036	2029	2024	2047	2049	2036	2019	1978	2069
304998	62	126	14	78	142	30	94	158	46	110	174	2083	1986	2094	2046	2027	2030	2052	2049	2036	2020	1970	2058
304998	62	126	14	78	142	30	94	158	46	110	174	2040	2010	2130	2029	1996	1982	2024	2055	2004	2020	2016	2012
304998	62	126	14	78	142	30	94	158	46	110	174	1984	2047	2167	2005	1969	1930	1996	2094	1955	2018	2074	1979
304998	62	126	14	78	142	30	94	158	46	110	174	1956	2063	2184	2003	1939	1923	1985	2094	1944	2020	2093	1976
304998	62	126	14	78	142	30	94	158	46	110	174	1968	2044	2156	2002	1975	1955	1992	2082	1970	2020	2054	1999
304998	62	126	14	78	142	30	94	158	46	110	174	2037	2008	2104	2026	2008	2016	2025	2061	2017	2021	2001	2041
304998	62	126	14	78	142	30	94	158	46	110	174	2074	1981	2094	2050	2025	2030	2046	2045	2052	2020	1973	2061
304998	62	126	14	78	142	30	94	158	46	110	174	2068	1989	2114	2043	2026	2003	2041	2054	2025	2018	1990	2048
304998	62	126	14	78	142	30	94	158	46	110	174	2016	2025	2157	2020	1979	1961	2010	2076	1970	2017	2041	2000
304998	62	126	14	78	142	30	94	158	46	110	174	1952	2057	2183	2004	1954	1924	1981	2088	1939	2020	2082	1970
304998	62	126	14	78	142	30	94	158	46	110	174	1958	2063	2164	1995	1957	1936	1976	2091	1955	2018	2085	1970
304998	62	126	14	78	142	30	94	158	46	110	174	1997	2024	2138	2017	1979	1984	1996	2074	2001	2016	2039	2020
304998	62	126	14	78	142	30	94	158	46	110	174	2063	1990	2099	2043	2026	2019	2045	2053	2035	2021	1984	2064
304998	62	126	14	78	142	30	94	158	46	110	174	2077	1978	2108	2047	2031	2031	2049	2046	2036	2018	1966	2066
304998	62	126	14	78	142	30	94	158	46	110	174	2045	2014	2129	2035	2011	1985	2035	2059	1998	2018	2004	2019
304998	62	126	14	78	142	30	94	158	46	110	174	1984	2051	2170	2010	1968	1939	1995	2079	1961	2016	2069	1979
304998	62	126	14	78	142	30	94	158	46	110	174	1956	2063	2173	1993	1947	1928	1985	2096	1941	2018	2097	1971
304998	62	126	14	78	142	30	94	158	46	110	174	1978	2046	2148	2001	1970	1949	1999	2088	1964	2020	2068	2001
304998	62	126	14	78	142	30	94	158	46	110	174	2026	2007	2121	2027	2010	2003	2023	2061	2005	2018	2009	2033
304998	62	126	14	78	142	30	94	158	46	110	174	2078	1984	2101	2045	2034	2029	2059	2046	2049	2018	1973	2059
304998	62	126	14	78	142	30	94	158	46	110	174	2059	1989	2122	2042	2033	2010	2042	2050	2034	2017	1987	2056
304998	62	126	14	78	142	30	94	158	46	110	174	2024	2027	2136	2023	1989	1961	2015	2079	1983	2022	2033	2015
304998	62	126	14	78	142	30	94	158	46	110	174	1965	2054	2169	2006	1952	1925	1993	2094	1941	2018	2080	1969
304998	62	126	14	78	142	30	94	158	46	110	174	1956	2055	2166	1990	1959	1936	1977	2091	1946	2021	2083	1974
304998	62	126	14	78	142	30	94	158	46	110	174	1996	2032	2144	2015	1979	1984	1997	2070	1996	2021	2048	2013
304998	62	126	14	78	142	30	94	158	46	110	174	2052	2000	2108	2037	2019	2020	2031	2057	2036	2021	1991	2056
304998	62	126	14	78	142	30	94	158	46	110	174	2082	1987	2089	2048	2039	2021	2066	2046	2040	2020	1969	2062
304998	62	126	14	78	142	30	94	158	46	110	174	2054	2002	2125	2042	2008	1992	2037	2054	2002	2022	1998	2025
304998	62	126	14	78	142	30	94	158	46	110	174	1996	2042	2158	2010	1974	1947	2005	2078	1967	2019	2063	1989
304998	62	126	14	78	142	30	94	158	46	110	174	1952	2063	2181	1999	1943	1931	1978	2093	1945	2016	2100	1967
304998	62	126	14	78	142	30	94	158	46	110	174	1963	2048	2165	2001	1967	1943	1981	2088	1960	2020	2072	1990
304998	62	126	14	78	142	30	94	158	46	110	174	2022	2017	2120	2025	2002	1993	2015	2064	2008	2017	2013	2031
304998	62	126	14	78	142	30	94	158	46	110	174	2076	1982	2098	2050	2034	2023	2048	2044	2038	2017	1973	2059
304998	62	126	14	78	142	30	94	158	46	110	174	2076	1984	2104	2044	2031	2015	2050	2043	2036	2018	1982	2054
304998	62	126	14	78	142	30	94	158	46	110	174	2024	2016	2142	2030	1979	1976	2026	2077	1992	2021	2029	2018
304998	62	126	14	78	142	30	94	158	46	110	174	1969	2054	2175	2005	1966	1926	1993	2087	1947	2016	2077	1977
304998	62	126	14	78	142	30	94	158	46	110	174	1955	2063	2163	1997	1953	1933	1973	2093	1940	2021	2084	1969
304998	62	126	14	78	142	30	94	158	46	110	174	1991	2033	2134	2013	1979	1965	1991	2074	1986	2021	2058	2009
304998	62	126	14	78	142	30	94	158	46	110	174	2049	1994	2108	2031	2022	2011	2044	2059	2033	2017	1991	2051
304998	62	126	14	78	142	30	94	158	46	110	174	2078	1982	2105	2050	2042	2022	2062	2047	2036	2020	1963	2064
304998	62	126	14	78	142	30	94	158	46	110	174	2057	2005	2125	2043	2020	1994	2039	2060	2012	2020	1990	2030
304998	62	126	14	78	142	30	94	158	46	110	174	2004	2039	2155	2016	1981	1952	2017	2074	1967	2021	2056	1991
304998	62	126	14	78	142	30	94	158	46	110	174	1953	2058	2174	2000	1950	1928	1975	2091	1947	2020	2093	1973
304998	62	126	14	78	142	30	94	158	46	110	174	1962	2046	2156	1997	1963	1942	1975	2092	1959	2021	2077	1988
304998	62	126	14	78	142	30	94	158	46	110	174	2008	2013	2136	2021	1996	1987	2008	2065	2004	2020	2018	2024
304998	62	126	14	78	142	30	94	158	46	110	174	2064	1990	2109	2047	2034	2022	2047	2045	2039	2021	1975	2052
304998	62	126	14	78	142	30	94	158	46	110	174	2077	1990	2102	2046	2034	2019	2046	2041	2034	2020	1976	2063
304998	62	126	14	78	142	30	94	158	46	110	174	2040	2018	2125	2028	1994	1981	2030	2064	1999	2018	2018	2020
304998	62	126	14	78	142	30	94	158	46	110	174	1975	2042	2167	2002	1963	1933	1986	2085	1952	2018	2075	1977
304998	62	126	14	78	142	30	94	158	46	110	174	1954	2053	2177	1997	1952	1926	1969	2089	1939	2020	2091	1970
304998	62	126	14	78	142	30	94	158	46	110	174	1981	2035	2152	2004	1979	1957	1991	2073	1977	2016	2064	2005
304998	62	126	14	78	142	30	94	158	46	110	174	2042	2006	2110	2033	2020	2011	2030	2058	2025	2016	2006	2050
304998	62	126	14	78	142	30	94	158	46	110	174	2084	1987	2089	2046	2038	2022	2049	2046	2039	2016	1967	2060
304998	62	126	14	78	142	30	94	158	46	110	174	2061	1991	2116	2041	2027	2002	2044	2051	2016	2020	1988	2036
304998	62	126	14	78	142	30	94	158	46	110	174	2012	2033	2152	2019	1986	1956	2017	2078	1973	2018	2046	1994
304998	62	126	14	78	142	30	94	158	46	110	174	1957	2058	2178	1995	1955	1928	1978	2088	1945	2021	2095	1979
304998	62	126	14	78	142	30	94	158	46	110	174	1957	2060	2155	1997	1959	1941	1973	2092	1959	2020	2080	1989
304998	62	126	14	78	142	30	94	158	46	110	174	2005	2020	2135	2020	1991	1982	1998	2073	1998	2021	2026	2020
304998	62	126	14	78	142	30	94	158	46	110	174	2060	1982	2105	2041	2034	2015	2037	2046	2031	2022	1980	2044
304998	62	126	14	78	142	30	94	158	46	110	174	2078	1983	2112	2050	2035	2023	2049	2039	2036	2019	1974	2056
304998	62	126	14	78	142	30	94	158	46	110	174	2037	2015	2132	2030	2008	1981	2031	2064	2005	2016	2012	2026
304998	62	126	14	78	142	30	94	158	46	110	174	1986	2048	2153	2007	1971	1938	1991	2094	1958	2022	2065	1984
304998	62	126	14	78	142	30	94	158	46	110	174	1952	2063	2163	1997	1947	1923	1972	2095	1944	2018	2091	1967
304998	62	126	14	78	142	30	94	158	46	110	174	1972	2040	2144	2003	1975	1951	1984	2082	1970	2022	2066	1997
304998	62	126	14	78	142	30	94	158	46	110	174	2034	2006	2124	2025	2010	2005	2025	2055	2020	2022	2006	2044
304998	62	126	14	78	142	30	94	158	46	110	174	2074	1984	2111	2047	2036	2032	2049	2045	2045	2020	1963	2061
304998	62	126	14	78	142	30	94	158	46	110	174	2070	2002	2113	2041	2030	2004	2046	2048	2019	2018	1985	2032
304998	62	126	14	78	142	30	94	158	46	110	174	2013	2027	2143	2020	1985	1953	2008	2074	1976	2022	2045	1999
304998	62	126	14	78	142	30	94	158	46	110	174	1965	2049	2161	2000	1956	1928	1978	2085	1942	2021	2086	1982
304998	62	126	14	78	142	30	94	158	46	110	174	1957	2052	2166	1995	1953	1936	1968	2086	1952	2020	2082	1986
304998	62	126	14	78	142	30	94	158	46	110	174	2001	2027	2143	2011	1989	1982	2005	2072	1998	2018	2037	2013
304998	62	126	14	78	142	30	94	158	46	110	174	2056	1996	2108	2037	2027	2016	2038	2052	2028	2022	1986	2039
304998	62	126	14	78	142	30	94	158	46	110	174	2080	1984	2102	2052	2037	2019	2048	2039	2035	2021	1972	2055
304998	62	126	14	78	142	30	94	158	46	110	174	2048	2003	2124	2038	2015	1988	2034	2051	2004	2017	2006	2034
304998	62	126	14	78	142	30	94	158	46	110	174	1993	2035	2158	2013	1974	1947	1989	2080	1968	2019	2063	1989
304998	62	126	14	78	142	30	94	158	46	110	174	1957	2062	2166	1994	1949	1931	1984	2100	1944	2020	2091	1968
304998	62	126	14	78	142	30	94	158	46	110	174	1964	2048	2147	2000	1972	1949	1975	2081	1966	2016	2069	1998
304998	62	126	14	78	142	30	94	158	46	110	174	2028	2015	2113	2029	2008	1992	2020	2059	2009	2021	2013	2036
304998	62	126	14	78	142	30	94	158	46	110	174	2071	1978	2110	2043	2041	2024	2046	2040	2041	2016	1970	2059
304998	62	126	14	78	142	30	94	158	46	110	174	2073	1985	2114	2046	2036	2009	2040	2051	2031	2018	1977	2037
304998	62	126	14	78	142	30	94	158	46	110	174	2021	2022	2144	2020	1994	1962	2026	2070	1986	2017	2032	2005
304998	62	126	14	78	142	30	94	158	46	110	174	1969	2055	2155	2000	1960	1929	1978	2089	1947	2018	2086	1984
304998	62	126	14	78	142	30	94	158	46	110	174	1957	2058	2155	1995	1955	1935	1976	2089	1951	2016	2088	1989
304998	62	126	14	78	142	30	94	158	46	110	174	1986	2027	2137	2008	1984	1966	1988	2077	1995	2017	2042	2008
304998	62	126	14	78	142	30	94	158	46	110	174	2048	1994	2115	2039	2026	2014	2039	2056	2028	2021	1994	2038
304998	62	126	14	78	142	30	94	158	46	110	174	2075	1983	2118	2050	2035	2018	2054	2044	2034	2019	1971	2054
304998	62	126	14	78	142	30	94	158	46	110	174	2055	2007	2120	2040	2018	1991	2037	2053	2004	2021	1999	2034
304998	62	126	14	78	142	30	94	158	46	110	174	1999	2042	2146	2013	1977	1950	2003	2074	1973	2022	2054	1996
