304998	62	126	14	78	142	30	94	158	46	110	174	1966	2063	2147	1996	1950	1939	1982	2096	1950	2021	2085	1994
304998	62	126	14	78	142	30	94	158	46	110	174	1965	2046	2149	1996	1962	1937	1971	2089	1967	2021	2073	1990
304998	62	126	14	78	142	30	94	158	46	110	174	2013	2015	2139	2014	1999	1976	2015	2070	1996	2018	2028	2011
304998	62	126	14	78	142	30	94	158	46	110	174	2063	1993	2126	2045	2042	2013	2047	2046	2026	2020	1981	2042
304998	62	126	14	78	142	30	94	158	46	110	174	2075	1996	2120	2051	2047	2011	2057	2041	2026	2021	1969	2050
304998	62	126	14	78	142	30	94	158	46	110	174	2041	2017	2132	2035	1996	1989	2025	2056	2001	2017	2011	2017
304998	62	126	14	78	142	30	94	158	46	110	174	1983	2041	2149	2007	1967	1940	1988	2088	1965	2016	2068	1988
304998	62	126	14	78	142	30	94	158	46	110	174	1961	2057	2155	1989	1955	1930	1970	2099	1949	2020	2093	1988
304998	62	126	14	78	142	30	94	158	46	110	174	1981	2039	2153	2003	1967	1962	1988	2083	1974	2022	2063	2014
304998	62	126	14	78	142	30	94	158	46	110	174	2037	2014	2127	2029	2018	1996	2026	2054	2015	2017	2002	2029
304998	62	126	14	78	142	30	94	158	46	110	174	2076	1992	2118	2053	2037	2017	2054	2038	2042	2018	1966	2037
304998	62	126	14	78	142	30	94	158	46	110	174	2067	1995	2118	2045	2034	1994	2051	2049	2017	2018	1987	2029
304998	62	126	14	78	142	30	94	158	46	110	174	2020	2024	2143	2020	1990	1967	2012	2074	1983	2021	2045	2015
304998	62	126	14	78	142	30	94	158	46	110	174	1968	2051	2160	1993	1956	1937	1985	2092	1948	2016	2083	1995
304998	62	126	14	78	142	30	94	158	46	110	174	1960	2055	2154	1990	1958	1941	1968	2089	1959	2016	2078	1988
304998	62	126	14	78	142	30	94	158	46	110	174	2000	2031	2132	2014	1992	1975	2002	2075	1996	2018	2040	2011
304998	62	126	14	78	142	30	94	158	46	110	174	2056	1996	2116	2042	2034	2009	2041	2046	2024	2016	1986	2039
304998	62	126	14	78	142	30	94	158	46	110	174	2078	1983	2114	2052	2046	2011	2055	2040	2024	2021	1971	2047
304998	62	126	14	78	142	30	94	158	46	110	174	2046	2004	2133	2038	2012	1988	2046	2054	1999	2022	2003	2022
304998	62	126	14	78	142	30	94	158	46	110	174	1991	2045	2151	2008	1966	1946	1992	2083	1968	2022	2058	1990
304998	62	126	14	78	142	30	94	158	46	110	174	1956	2064	2148	1989	1955	1930	1970	2101	1956	2021	2093	1992
304998	62	126	14	78	142	30	94	158	46	110	174	1979	2044	2139	2001	1969	1955	1989	2090	1971	2020	2071	2009
304998	62	126	14	78	142	30	94	158	46	110	174	2029	2004	2126	2025	2020	1994	2016	2059	2007	2017	2007	2031
304998	62	126	14	78	142	30	94	158	46	110	174	2073	1982	2122	2050	2041	2015	2064	2040	2034	2016	1969	2037
304998	62	126	14	78	142	30	94	158	46	110	174	2065	1991	2137	2048	2030	2002	2051	2042	2026	2018	1981	2029
304998	62	126	14	78	142	30	94	158	46	110	174	2024	2031	2139	2021	2003	1966	2025	2074	1982	2021	2035	2016
304998	62	126	14	78	142	30	94	158	46	110	174	1976	2056	2150	1997	1952	1937	1986	2095	1953	2022	2077	1998
304998	62	126	14	78	142	30	94	158	46	110	174	1960	2051	2145	1988	1955	1938	1964	2097	1954	2018	2080	1995
304998	62	126	14	78	142	30	94	158	46	110	174	1997	2032	2139	2011	1986	1974	2005	2070	1988	2022	2044	2004
304998	62	126	14	78	142	30	94	158	46	110	174	2045	1993	2136	2042	2027	2001	2036	2048	2026	2019	1992	2031
304998	62	126	14	78	142	30	94	158	46	110	174	2076	1991	2122	2056	2045	2008	2060	2041	2028	2017	1969	2045
304998	62	126	14	78	142	30	94	158	46	110	174	2053	2006	2127	2042	2019	1992	2038	2052	2005	2018	1998	2027
304998	62	126	14	78	142	30	94	158	46	110	174	2005	2038	2135	2009	1977	1955	2004	2081	1968	2018	2051	1993
304998	62	126	14	78	142	30	94	158	46	110	174	1957	2054	2151	1989	1944	1934	1968	2097	1954	2018	2092	1986
304998	62	126	14	78	142	30	94	158	46	110	174	1968	2046	2150	1998	1960	1947	1973	2094	1970	2020	2071	2006
304998	62	126	14	78	142	30	94	158	46	110	174	2024	2019	2133	2020	2010	1986	2032	2064	2000	2021	2014	2030
304998	62	126	14	78	142	30	94	158	46	110	174	2067	1990	2114	2049	2040	2014	2049	2041	2026	2018	1970	2031
304998	62	126	14	78	142	30	94	158	46	110	174	2077	1991	2119	2050	2041	2009	2059	2040	2024	2017	1982	2021
304998	62	126	14	78	142	30	94	158	46	110	174	2024	2013	2145	2028	2003	1966	2015	2066	1992	2016	2026	2016
304998	62	126	14	78	142	30	94	158	46	110	174	1979	2051	2157	2004	1954	1937	1985	2093	1957	2018	2076	2003
304998	62	126	14	78	142	30	94	158	46	110	174	1955	2058	2156	1988	1952	1933	1970	2096	1954	2016	2085	1991
304998	62	126	14	78	142	30	94	158	46	110	174	1995	2039	2131	2008	1980	1970	1995	2079	1983	2021	2048	2000
304998	62	126	14	78	142	30	94	158	46	110	174	2043	2001	2118	2034	2024	2003	2039	2049	2022	2020	1998	2029
304998	62	126	14	78	142	30	94	158	46	110	174	2079	1983	2120	2053	2046	2010	2057	2042	2033	2021	1973	2046
304998	62	126	14	78	142	30	94	158	46	110	174	2060	2002	2132	2044	2029	1989	2055	2054	2009	2017	1990	2026
304998	62	126	14	78	142	30	94	158	46	110	174	2003	2034	2144	2013	1983	1955	2005	2079	1968	2016	2045	1998
304998	62	126	14	78	142	30	94	158	46	110	174	1963	2061	2145	1989	1947	1941	1969	2097	1954	2021	2090	1990
304998	62	126	14	78	142	30	94	158	46	110	174	1968	2048	2140	1991	1958	1951	1977	2093	1972	2021	2079	2007
304998	62	126	14	78	142	30	94	158	46	110	174	2015	2017	2134	2019	2004	1981	2009	2073	2001	2018	2024	2023
304998	62	126	14	78	142	30	94	158	46	110	174	2065	1989	2130	2049	2039	2009	2057	2046	2028	2021	1974	2030
304998	62	126	14	78	142	30	94	158	46	110	174	2074	1989	2135	2050	2042	2009	2055	2038	2018	2020	1971	2023
304998	62	126	14	78	142	30	94	158	46	110	174	2040	2024	2130	2032	2004	1980	2033	2057	1994	2018	2021	2017
304998	62	126	14	78	142	30	94	158	46	110	174	1983	2049	2141	2001	1954	1945	1983	2094	1968	2020	2074	2005
304998	62	126	14	78	142	30	94	158	46	110	174	1959	2054	2140	1986	1948	1935	1968	2103	1955	2020	2086	1994
304998	62	126	14	78	142	30	94	158	46	110	174	1985	2036	2143	2004	1969	1964	1989	2084	1972	2020	2052	2002
304998	62	126	14	78	142	30	94	158	46	110	174	2036	2004	2131	2033	2023	1994	2028	2055	2010	2021	2004	2027
304998	62	126	14	78	142	30	94	158	46	110	174	2075	1992	2124	2051	2047	2010	2069	2037	2032	2020	1975	2040
304998	62	126	14	78	142	30	94	158	46	110	174	2066	2002	2124	2048	2030	1998	2050	2054	2013	2018	1986	2027
304998	62	126	14	78	142	30	94	158	46	110	174	2015	2030	2131	2017	1989	1956	2015	2082	1977	2016	2038	2006
304998	62	126	14	78	142	30	94	158	46	110	174	1967	2049	2151	1994	1950	1939	1968	2094	1953	2018	2086	1996
304998	62	126	14	78	142	30	94	158	46	110	174	1964	2051	2151	1993	1957	1945	1975	2092	1961	2019	2081	2003
304998	62	126	14	78	142	30	94	158	46	110	174	2008	2029	2139	2014	1999	1978	2015	2070	2000	2020	2028	2019
304998	62	126	14	78	142	30	94	158	46	110	174	2054	1994	2124	2047	2031	2005	2038	2042	2024	2017	1978	2030
304998	62	126	14	78	142	30	94	158	46	110	174	2077	1985	2121	2059	2046	2005	2065	2042	2020	2017	1975	2024
304998	62	126	14	78	142	30	94	158	46	110	174	2041	2005	2137	2035	2010	1982	2030	2058	1994	2022	2017	2020
304998	62	126	14	78	142	30	94	158	46	110	174	1992	2045	2148	2007	1956	1953	1990	2081	1969	2017	2065	2004
304998	62	126	14	78	142	30	94	158	46	110	174	1956	2060	2151	1983	1949	1941	1964	2102	1956	2017	2082	2001
304998	62	126	14	78	142	30	94	158	46	110	174	1981	2046	2134	1998	1969	1962	1980	2091	1973	2021	2062	2000
304998	62	126	14	78	142	30	94	158	46	110	174	2031	2006	2123	2025	2017	1988	2029	2062	2005	2021	2015	2019
304998	62	126	14	78	142	30	94	158	46	110	174	2074	1982	2123	2051	2050	2010	2060	2038	2024	2021	1972	2040
304998	62	126	14	78	142	30	94	158	46	110	174	2067	1995	2129	2048	2041	2001	2071	2042	2022	2016	1983	2028
304998	62	126	14	78	142	30	94	158	46	110	174	2016	2028	2141	2018	1994	1965	2015	2077	1984	2017	2031	2012
304998	62	126	14	78	142	30	94	158	46	110	174	1973	2057	2143	1995	1950	1940	1982	2102	1956	2021	2083	1995
304998	62	126	14	78	142	30	94	158	46	110	174	1966	2051	2143	1992	1951	1943	1964	2099	1958	2020	2084	2004
304998	62	126	14	78	142	30	94	158	46	110	174	2003	2024	2131	2010	1994	1968	2003	2072	1986	2023	2034	2020
304998	62	126	14	78	142	30	94	158	46	110	174	2050	1993	2132	2043	2024	2011	2045	2046	2030	2018	1984	2026
304998	62	126	14	78	142	30	94	158	46	110	174	2074	1987	2133	2055	2045	2010	2056	2039	2027	2017	1972	2024
304998	62	126	14	78	142	30	94	158	46	110	174	2046	2011	2136	2042	2016	1986	2040	2055	2001	2021	2010	2016
304998	62	126	14	78	142	30	94	158	46	110	174	1996	2041	2139	2011	1967	1953	1997	2083	1969	2017	2057	2010
304998	62	126	14	78	142	30	94	158	46	110	174	1961	2049	2147	1988	1949	1944	1965	2092	1960	2022	2085	2003
304998	62	126	14	78	142	30	94	158	46	110	174	1977	2042	2144	1995	1968	1961	1985	2091	1977	2021	2062	1997
304998	62	126	14	78	142	30	94	158	46	110	174	2023	2015	2141	2025	2008	1987	2017	2063	2006	2016	2017	2016
304998	62	126	14	78	142	30	94	158	46	110	174	2072	1997	2128	2050	2048	2005	2069	2043	2030	2018	1980	2040
304998	62	126	14	78	142	30	94	158	46	110	174	2074	1999	2120	2053	2041	1998	2063	2041	2013	2020	1985	2037
304998	62	126	14	78	142	30	94	158	46	110	174	2031	2016	2127	2026	1999	1973	2025	2065	1994	2016	2025	2007
304998	62	126	14	78	142	30	94	158	46	110	174	1979	2046	2151	1994	1955	1946	1994	2095	1965	2019	2075	1995
304998	62	126	14	78	142	30	94	158	46	110	174	1963	2055	2151	1988	1945	1942	1964	2100	1952	2017	2084	2005
304998	62	126	14	78	142	30	94	158	46	110	174	1996	2039	2138	2004	1987	1969	2006	2083	1985	2021	2046	2020
304998	62	126	14	78	142	30	94	158	46	110	174	2045	2004	2126	2040	2025	2003	2038	2046	2018	2022	1988	2026
304998	62	126	14	78	142	30	94	158	46	110	174	2075	1985	2123	2060	2042	2016	2061	2038	2035	2022	1967	2023
304998	62	126	14	78	142	30	94	158	46	110	174	2055	2001	2135	2040	2017	1991	2043	2051	2002	2018	2001	2021
304998	62	126	14	78	142	30	94	158	46	110	174	2001	2037	2149	2015	1971	1959	1996	2084	1972	2021	2055	2014
304998	62	126	14	78	142	30	94	158	46	110	174	1963	2059	2146	1989	1951	1938	1970	2096	1953	2017	2082	2002
304998	62	126	14	78	142	30	94	158	46	110	174	1972	2049	2138	1998	1955	1954	1974	2086	1970	2021	2065	2003
304998	62	126	14	78	142	30	94	158	46	110	174	2023	2017	2129	2019	2005	1985	2015	2066	2006	2022	2027	2018
304998	62	126	14	78	142	30	94	158	46	110	174	2068	1989	2126	2051	2036	2011	2056	2039	2019	2019	1982	2033
304998	62	126	14	78	142	30	94	158	46	110	174	2069	1991	2132	2056	2039	1997	2060	2043	2017	2016	1979	2030
304998	62	126	14	78	142	30	94	158	46	110	174	2036	2020	2141	2029	2009	1970	2039	2062	1988	2018	2018	2019
304998	62	126	14	78	142	30	94	158	46	110	174	1982	2049	2140	2003	1960	1948	1981	2089	1970	2021	2068	1996
304998	62	126	14	78	142	30	94	158	46	110	174	1967	2056	2139	1985	1947	1945	1969	2102	1961	2020	2088	2004
304998	62	126	14	78	142	30	94	158	46	110	174	1994	2037	2132	2004	1976	1962	1992	2083	1983	2020	2050	2019
304998	62	126	14	78	142	30	94	158	46	110	174	2036	2002	2139	2034	2023	1994	2033	2051	2009	2017	1995	2025
304998	62	126	14	78	142	30	94	158	46	110	174	2067	1990	2140	2060	2043	2006	2065	2034	2032	2022	1972	2021
304998	62	126	14	78	142	30	94	158	46	110	174	2058	2006	2126	2048	2030	1996	2045	2046	2014	2020	1998	2017
304998	62	126	14	78	142	30	94	158	46	110	174	2013	2036	2131	2016	1977	1965	2013	2079	1979	2017	2050	2014
304998	62	126	14	78	142	30	94	158	46	110	174	1970	2052	2141	1989	1952	1940	1970	2100	1956	2020	2082	2004
304998	62	126	14	78	142	30	94	158	46	110	174	1973	2044	2144	1993	1960	1947	1972	2093	1965	2016	2066	2006
304998	62	126	14	78	142	30	94	158	46	110	174	2011	2022	2142	2021	1991	1982	2015	2063	2001	2019	2027	2013
304998	62	126	14	78	142	30	94	158	46	110	174	2058	1998	2126	2046	2042	2008	2047	2046	2025	2017	1988	2031
304998	62	126	14	78	142	30	94	158	46	110	174	2073	1995	2124	2054	2039	2008	2066	2042	2021	2018	1975	2031
304998	62	126	14	78	142	30	94	158	46	110	174	2041	2009	2130	2036	2012	1977	2035	2058	1994	2021	2012	2018
304998	62	126	14	78	142	30	94	158	46	110	174	1991	2039	2144	2002	1966	1945	1995	2093	1965	2018	2060	1999
304998	62	126	14	78	142	30	94	158	46	110	174	1965	2055	2151	1988	1946	1950	1970	2101	1966	2019	2085	2002
304998	62	126	14	78	142	30	94	158	46	110	174	1983	2042	2139	2001	1978	1963	1982	2091	1977	2021	2060	2017
304998	62	126	14	78	142	30	94	158	46	110	174	2035	2008	2135	2036	2008	1995	2027	2055	2008	2019	2005	2025
304998	62	126	14	78	142	30	94	158	46	110	174	2067	1981	2126	2054	2044	2006	2061	2035	2021	2018	1968	2023
304998	62	126	14	78	142	30	94	158	46	110	174	2065	1998	2132	2050	2031	1994	2058	2042	2016	2016	1989	2015
304998	62	126	14	78	142	30	94	158	46	110	174	2015	2031	2146	2019	1989	1963	2004	2074	1982	2022	2042	2015
304998	62	126	14	78	142	30	94	158	46	110	174	1972	2056	2144	1990	1954	1945	1972	2103	1953	2020	2078	2008
304998	62	126	14	78	142	30	94	158	46	110	174	1967	2056	2137	1995	1950	1952	1967	2098	1964	2018	2076	2005
304998	62	126	14	78	142	30	94	158	46	110	174	2007	2024	2128	2016	1990	1976	2003	2074	1989	2017	2030	2011
304998	62	126	14	78	142	30	94	158	46	110	174	2051	1995	2132	2042	2042	2003	2043	2039	2023	2016	1989	2023
304998	62	126	14	78	142	30	94	158	46	110	174	2071	1988	2135	2057	2045	2010	2063	2042	2022	2020	1974	2027
304998	62	126	14	78	142	30	94	158	46	110	174	2038	2012	2141	2041	2012	1981	2033	2055	1998	2017	2005	2020
304998	62	126	14	78	142	30	94	158	46	110	174	1991	2044	2140	2001	1970	1952	1994	2086	1967	2022	2057	2005
304998	62	126	14	78	142	30	94	158	46	110	174	1970	2058	2138	1987	1944	1945	1972	2102	1954	2017	2085	1999
304998	62	126	14	78	142	30	94	158	46	110	174	1979	2038	2139	2000	1972	1962	1980	2085	1981	2020	2065	2015
304998	62	126	14	78	142	30	94	158	46	110	174	2030	2008	2137	2028	2011	1995	2036	2066	2004	2021	2012	2030
304998	62	126	14	78	142	30	94	158	46	110	174	2063	1993	2139	2055	2040	2005	2059	2038	2017	2018	1970	2023
304998	62	126	14	78	142	30	94	158	46	110	174	2063	2000	2129	2050	2041	1989	2062	2043	2007	2019	1986	2012
304998	62	126	14	78	142	30	94	158	46	110	174	2030	2025	2132	2020	1998	1971	2018	2066	1991	2020	2040	2015
304998	62	126	14	78	142	30	94	158	46	110	174	1972	2046	2143	1995	1959	1949	1969	2099	1967	2020	2075	2011
304998	62	126	14	78	142	30	94	158	46	110	174	1966	2049	2142	1984	1948	1950	1978	2101	1965	2018	2075	2006
304998	62	126	14	78	142	30	94	158	46	110	174	1998	2024	2148	2011	1980	1975	1993	2076	1984	2020	2038	2004
304998	62	126	14	78	142	30	94	158	46	110	174	2050	2004	2127	2042	2034	1998	2050	2042	2014	2020	1992	2020
304998	62	126	14	78	142	30	94	158	46	110	174	2075	1988	2122	2055	2046	2003	2066	2037	2025	2019	1977	2029
304998	62	126	14	78	142	30	94	158	46	110	174	2054	2005	2130	2039	2025	1989	2041	2058	2004	2017	2002	2025
304998	62	126	14	78	142	30	94	158	46	110	174	2004	2038	2139	2010	1971	1954	2007	2084	1971	2021	2051	2013
304998	62	126	14	78	142	30	94	158	46	110	174	1966	2055	2148	1992	1941	1945	1969	2100	1956	2018	2075	1998
304998	62	126	14	78	142	30	94	158	46	110	174	1976	2048	2143	1996	1968	1959	1980	2089	1973	2018	2071	2010
304998	62	126	14	78	142	30	94	158	46	110	174	2021	2017	2125	2025	2003	1990	2016	2063	2008	2020	2019	2023
304998	62	126	14	78	142	30	94	158	46	110	174	2066	1988	2125	2050	2046	1999	2054	2043	2019	2018	1976	2026
304998	62	126	14	78	142	30	94	158	46	110	174	2066	1990	2135	2056	2038	1993	2062	2041	2013	2017	1977	2014
304998	62	126	14	78	142	30	94	158	46	110	174	2032	2019	2142	2029	1999	1967	2024	2063	1986	2019	2030	2011
304998	62	126	14	78	142	30	94	158	46	110	174	1984	2052	2141	1993	1961	1948	1985	2087	1976	2018	2073	2009
304998	62	126	14	78	142	30	94	158	46	110	174	1970	2060	2136	1983	1946	1949	1971	2103	1966	2021	2077	2009
304998	62	126	14	78	142	30	94	158	46	110	174	2000	2031	2131	2008	1975	1973	1995	2082	1981	2018	2043	2012
304998	62	126	14	78	142	30	94	158	46	110	174	2039	2001	2134	2038	2023	1996	2040	2050	2004	2018	1997	2017
304998	62	126	14	78	142	30	94	158	46	110	174	2066	1988	2136	2060	2048	2001	2067	2031	2020	2016	1978	2024
304998	62	126	14	78	142	30	94	158	46	110	174	2055	2006	2140	2050	2026	1985	2048	2049	2016	2021	1994	2026
304998	62	126	14	78	142	30	94	158	46	110	174	2010	2034	2130	2015	1985	1965	2013	2085	1975	2022	2044	2012
304998	62	126	14	78	142	30	94	158	46	110	174	1969	2051	2134	1986	1943	1952	1971	2102	1960	2016	2079	1998
304998	62	126	14	78	142	30	94	158	46	110	174	1971	2041	2140	1990	1959	1952	1976	2088	1968	2020	2072	2007
304998	62	126	14	78	142	30	94	158	46	110	174	2018	2022	2144	2017	2008	1983	2013	2063	2002	2021	2026	2022
304998	62	126	14	78	142	30	94	158	46	110	174	2058	1997	2141	2051	2044	1999	2051	2044	2018	2016	1981	2023
304998	62	126	14	78	142	30	94	158	46	110	174	2071	2002	2130	2051	2047	1998	2071	2042	2019	2022	1978	2015
304998	62	126	14	78	142	30	94	158	46	110	174	2038	2017	2130	2034	1998	1980	2030	2064	1990	2022	2018	2008
304998	62	126	14	78	142	30	94	158	46	110	174	1991	2039	2138	1994	1972	1948	1983	2086	1967	2021	2066	2009
304998	62	126	14	78	142	30	94	158	46	110	174	1964	2052	2143	1985	1947	1955	1975	2105	1968	2018	2079	2009
304998	62	126	14	78	142	30	94	158	46	110	174	1989	2034	2145	2002	1978	1968	1988	2085	1986	2016	2045	2015
