304998	62	126	14	78	142	30	94	158	46	110	174	1977	2042	2144	1995	1968	1961	1985	2091	1977	2021	2062	1997
304998	62	126	14	78	142	30	94	158	46	110	174	2023	2015	2141	2025	2008	1987	2017	2063	2006	2016	2017	2016
304998	62	126	14	78	142	30	94	158	46	110	174	2072	1997	2128	2050	2048	2005	2069	2043	2030	2018	1980	2040
304998	62	126	14	78	142	30	94	158	46	110	174	2074	1999	2120	2053	2041	1998	2063	2041	2013	2020	1985	2037
304998	62	126	14	78	142	30	94	158	46	110	174	2031	2016	2127	2026	1999	1973	2025	2065	1994	2016	2025	2007
304998	62	126	14	78	142	30	94	158	46	110	174	1979	2046	2151	1994	1955	1946	1994	2095	1965	2019	2075	1995
304998	62	126	14	78	142	30	94	158	46	110	174	1963	2055	2151	1988	1945	1942	1964	2100	1952	2017	2084	2005
304998	62	126	14	78	142	30	94	158	46	110	174	1996	2039	2138	2004	1987	1969	2006	2083	1985	2021	2046	2020
304998	62	126	14	78	142	30	94	158	46	110	174	2045	2004	2126	2040	2025	2003	2038	2046	2018	2022	1988	2026
304998	62	126	14	78	142	30	94	158	46	110	174	2075	1985	2123	2060	2042	2016	2061	2038	2035	2022	1967	2023
304998	62	126	14	78	142	30	94	158	46	110	174	2055	2001	2135	2040	2017	1991	2043	2051	2002	2018	2001	2021
304998	62	126	14	78	142	30	94	158	46	110	174	2001	2037	2149	2015	1971	1959	1996	2084	1972	2021	2055	2014
304998	62	126	14	78	142	30	94	158	46	110	174	1963	2059	2146	1989	1951	1938	1970	2096	1953	2017	2082	2002
304998	62	126	14	78	142	30	94	158	46	110	174	1972	2049	2138	1998	1955	1954	1974	2086	1970	2021	2065	2003
304998	62	126	14	78	142	30	94	158	46	110	174	2023	2017	2129	2019	2005	1985	2015	2066	2006	2022	2027	2018
304998	62	126	14	78	142	30	94	158	46	110	174	2068	1989	2126	2051	2036	2011	2056	2039	2019	2019	1982	2033
304998	62	126	14	78	142	30	94	158	46	110	174	2069	1991	2132	2056	2039	1997	2060	2043	2017	2016	1979	2030
304998	62	126	14	78	142	30	94	158	46	110	174	2036	2020	2141	2029	2009	1970	2039	2062	1988	2018	2018	2019
304998	62	126	14	78	142	30	94	158	46	110	174	1982	2049	2140	2003	1960	1948	1981	2089	1970	2021	2068	1996
304998	62	126	14	78	142	30	94	158	46	110	174	1967	2056	2139	1985	1947	1945	1969	2102	1961	2020	2088	2004
304998	62	126	14	78	142	30	94	158	46	110	174	1994	2037	2132	2004	1976	1962	1992	2083	1983	2020	2050	2019
304998	62	126	14	78	142	30	94	158	46	110	174	2036	2002	2139	2034	2023	1994	2033	2051	2009	2017	1995	2025
304998	62	126	14	78	142	30	94	158	46	110	174	2067	1990	2140	2060	2043	2006	2065	2034	2032	2022	1972	2021
304998	62	126	14	78	142	30	94	158	46	110	174	2058	2006	2126	2048	2030	1996	2045	2046	2014	2020	1998	2017
304998	62	126	14	78	142	30	94	158	46	110	174	2013	2036	2131	2016	1977	1965	2013	2079	1979	2017	2050	2014
304998	62	126	14	78	142	30	94	158	46	110	174	1970	2052	2141	1989	1952	1940	1970	2100	1956	2020	2082	2004
304998	62	126	14	78	142	30	94	158	46	110	174	1973	2044	2144	1993	1960	1947	1972	2093	1965	2016	2066	2006
304998	62	126	14	78	142	30	94	158	46	110	174	2011	2022	2142	2021	1991	1982	2015	2063	2001	2019	2027	2013
304998	62	126	14	78	142	30	94	158	46	110	174	2058	1998	2126	2046	2042	2008	2047	2046	2025	2017	1988	2031
304998	62	126	14	78	142	30	94	158	46	110	174	2073	1995	2124	2054	2039	2008	2066	2042	2021	2018	1975	2031
304998	62	126	14	78	142	30	94	158	46	110	174	2041	2009	2130	2036	2012	1977	2035	2058	1994	2021	2012	2018
304998	62	126	14	78	142	30	94	158	46	110	174	1991	2039	2144	2002	1966	1945	1995	2093	1965	2018	2060	1999
304998	62	126	14	78	142	30	94	158	46	110	174	1965	2055	2151	1988	1946	1950	1970	2101	1966	2019	2085	2002
304998	62	126	14	78	142	30	94	158	46	110	174	1983	2042	2139	2001	1978	1963	1982	2091	1977	2021	2060	2017
304998	62	126	14	78	142	30	94	158	46	110	174	2035	2008	2135	2036	2008	1995	2027	2055	2008	2019	2005	2025
304998	62	126	14	78	142	30	94	158	46	110	174	2067	1981	2126	2054	2044	2006	2061	2035	2021	2018	1968	2023
304998	62	126	14	78	142	30	94	158	46	110	174	2065	1998	2132	2050	2031	1994	2058	2042	2016	2016	1989	2015
304998	62	126	14	78	142	30	94	158	46	110	174	2015	2031	2146	2019	1989	1963	2004	2074	1982	2022	2042	2015
304998	62	126	14	78	142	30	94	158	46	110	174	1972	2056	2144	1990	1954	1945	1972	2103	1953	2020	2078	2008
304998	62	126	14	78	142	30	94	158	46	110	174	1967	2056	2137	1995	1950	1952	1967	2098	1964	2018	2076	2005
304998	62	126	14	78	142	30	94	158	46	110	174	2007	2024	2128	2016	1990	1976	2003	2074	1989	2017	2030	2011
304998	62	126	14	78	142	30	94	158	46	110	174	2051	1995	2132	2042	2042	2003	2043	2039	2023	2016	1989	2023
304998	62	126	14	78	142	30	94	158	46	110	174	2071	1988	2135	2057	2045	2010	2063	2042	2022	2020	1974	2027
304998	62	126	14	78	142	30	94	158	46	110	174	2038	2012	2141	2041	2012	1981	2033	2055	1998	2017	2005	2020
304998	62	126	14	78	142	30	94	158	46	110	174	1991	2044	2140	2001	1970	1952	1994	2086	1967	2022	2057	2005
304998	62	126	14	78	142	30	94	158	46	110	174	1970	2058	2138	1987	1944	1945	1972	2102	1954	2017	2085	1999
304998	62	126	14	78	142	30	94	158	46	110	174	1979	2038	2139	2000	1972	1962	1980	2085	1981	2020	2065	2015
304998	62	126	14	78	142	30	94	158	46	110	174	2030	2008	2137	2028	2011	1995	2036	2066	2004	2021	2012	2030
304998	62	126	14	78	142	30	94	158	46	110	174	2063	1993	2139	2055	2040	2005	2059	2038	2017	2018	1970	2023
304998	62	126	14	78	142	30	94	158	46	110	174	2063	2000	2129	2050	2041	1989	2062	2043	2007	2019	1986	2012
304998	62	126	14	78	142	30	94	158	46	110	174	2030	2025	2132	2020	1998	1971	2018	2066	1991	2020	2040	2015
304998	62	126	14	78	142	30	94	158	46	110	174	1972	2046	2143	1995	1959	1949	1969	2099	1967	2020	2075	2011
304998	62	126	14	78	142	30	94	158	46	110	174	1966	2049	2142	1984	1948	1950	1978	2101	1965	2018	2075	2006
304998	62	126	14	78	142	30	94	158	46	110	174	1998	2024	2148	2011	1980	1975	1993	2076	1984	2020	2038	2004
304998	62	126	14	78	142	30	94	158	46	110	174	2050	2004	2127	2042	2034	1998	2050	2042	2014	2020	1992	2020
304998	62	126	14	78	142	30	94	158	46	110	174	2075	1988	2122	2055	2046	2003	2066	2037	2025	2019	1977	2029
304998	62	126	14	78	142	30	94	158	46	110	174	2054	2005	2130	2039	2025	1989	2041	2058	2004	2017	2002	2025
304998	62	126	14	78	142	30	94	158	46	110	174	2004	2038	2139	2010	1971	1954	2007	2084	1971	2021	2051	2013
304998	62	126	14	78	142	30	94	158	46	110	174	1966	2055	2148	1992	1941	1945	1969	2100	1956	2018	2075	1998
304998	62	126	14	78	142	30	94	158	46	110	174	1976	2048	2143	1996	1968	1959	1980	2089	1973	2018	2071	2010
304998	62	126	14	78	142	30	94	158	46	110	174	2021	2017	2125	2025	2003	1990	2016	2063	2008	2020	2019	2023
304998	62	126	14	78	142	30	94	158	46	110	174	2066	1988	2125	2050	2046	1999	2054	2043	2019	2018	1976	2026
304998	62	126	14	78	142	30	94	158	46	110	174	2066	1990	2135	2056	2038	1993	2062	2041	2013	2017	1977	2014
304998	62	126	14	78	142	30	94	158	46	110	174	2032	2019	2142	2029	1999	1967	2024	2063	1986	2019	2030	2011
304998	62	126	14	78	142	30	94	158	46	110	174	1984	2052	2141	1993	1961	1948	1985	2087	1976	2018	2073	2009
304998	62	126	14	78	142	30	94	158	46	110	174	1970	2060	2136	1983	1946	1949	1971	2103	1966	2021	2077	2009
304998	62	126	14	78	142	30	94	158	46	110	174	2000	2031	2131	2008	1975	1973	1995	2082	1981	2018	2043	2012
304998	62	126	14	78	142	30	94	158	46	110	174	2039	2001	2134	2038	2023	1996	2040	2050	2004	2018	1997	2017
304998	62	126	14	78	142	30	94	158	46	110	174	2066	1988	2136	2060	2048	2001	2067	2031	2020	2016	1978	2024
304998	62	126	14	78	142	30	94	158	46	110	174	2055	2006	2140	2050	2026	1985	2048	2049	2016	2021	1994	2026
304998	62	126	14	78	142	30	94	158	46	110	174	2010	2034	2130	2015	1985	1965	2013	2085	1975	2022	2044	2012
304998	62	126	14	78	142	30	94	158	46	110	174	1969	2051	2134	1986	1943	1952	1971	2102	1960	2016	2079	1998
304998	62	126	14	78	142	30	94	158	46	110	174	1971	2041	2140	1990	1959	1952	1976	2088	1968	2020	2072	2007
304998	62	126	14	78	142	30	94	158	46	110	174	2018	2022	2144	2017	2008	1983	2013	2063	2002	2021	2026	2022
304998	62	126	14	78	142	30	94	158	46	110	174	2058	1997	2141	2051	2044	1999	2051	2044	2018	2016	1981	2023
304998	62	126	14	78	142	30	94	158	46	110	174	2071	2002	2130	2051	2047	1998	2071	2042	2019	2022	1978	2015
304998	62	126	14	78	142	30	94	158	46	110	174	2038	2017	2130	2034	1998	1980	2030	2064	1990	2022	2018	2008
304998	62	126	14	78	142	30	94	158	46	110	174	1991	2039	2138	1994	1972	1948	1983	2086	1967	2021	2066	2009
304998	62	126	14	78	142	30	94	158	46	110	174	1964	2052	2143	1985	1947	1955	1975	2105	1968	2018	2079	2009
304998	62	126	14	78	142	30	94	158	46	110	174	1989	2034	2145	2002	1978	1968	1988	2085	1986	2016	2045	2015
304998	62	126	14	78	142	30	94	158	46	110	174	2038	2012	2130	2031	2024	1994	2044	2059	2007	2020	1999	2017
304998	62	126	14	78	142	30	94	158	46	110	174	2071	1988	2126	2057	2041	1997	2065	2037	2016	2022	1977	2018
304998	62	126	14	78	142	30	94	158	46	110	174	2059	1998	2129	2047	2031	1985	2045	2041	2008	2016	1996	2025
304998	62	126	14	78	142	30	94	158	46	110	174	2015	2028	2143	2017	1983	1963	2008	2076	1987	2020	2037	2020
304998	62	126	14	78	142	30	94	158	46	110	174	1972	2051	2145	1992	1947	1959	1970	2099	1963	2022	2077	2002
304998	62	126	14	78	142	30	94	158	46	110	174	1974	2053	2138	1993	1951	1955	1969	2100	1969	2020	2070	2002
304998	62	126	14	78	142	30	94	158	46	110	174	2006	2025	2130	2016	1998	1975	2003	2065	1998	2021	2033	2019
304998	62	126	14	78	142	30	94	158	46	110	174	2057	1994	2129	2050	2037	1997	2051	2042	2018	2017	1987	2026
304998	62	126	14	78	142	30	94	158	46	110	174	2071	1987	2135	2057	2050	1996	2062	2040	2018	2020	1971	2025
304998	62	126	14	78	142	30	94	158	46	110	174	2046	2009	2144	2038	2006	1983	2050	2060	1998	2022	2009	2011
304998	62	126	14	78	142	30	94	158	46	110	174	1991	2046	2144	2003	1967	1956	1991	2090	1966	2018	2062	2008
304998	62	126	14	78	142	30	94	158	46	110	174	1969	2055	2128	1984	1955	1949	1968	2098	1968	2022	2086	2014
304998	62	126	14	78	142	30	94	158	46	110	174	1984	2036	2134	2000	1970	1963	1988	2085	1986	2017	2056	2020
304998	62	126	14	78	142	30	94	158	46	110	174	2031	2007	2139	2029	2019	1984	2026	2061	2000	2020	2005	2015
304998	62	126	14	78	142	30	94	158	46	110	174	2066	1992	2135	2053	2042	2001	2069	2038	2020	2016	1982	2013
304998	62	126	14	78	142	30	94	158	46	110	174	2053	2000	2143	2054	2035	1988	2052	2042	2005	2019	1996	2022
304998	62	126	14	78	142	30	94	158	46	110	174	2026	2030	2128	2016	1992	1963	2015	2072	1990	2022	2032	2020
304998	62	126	14	78	142	30	94	158	46	110	174	1983	2046	2130	1991	1954	1955	1975	2103	1968	2022	2072	2010
304998	62	126	14	78	142	30	94	158	46	110	174	1973	2049	2133	1987	1956	1953	1974	2102	1962	2019	2070	2007
304998	62	126	14	78	142	30	94	158	46	110	174	2005	2026	2140	2010	1990	1969	2004	2074	1986	2020	2040	2013
304998	62	126	14	78	142	30	94	158	46	110	174	2047	2004	2139	2044	2035	1995	2047	2040	2014	2017	1994	2026
304998	62	126	14	78	142	30	94	158	46	110	174	2068	1994	2138	2058	2048	1990	2065	2037	2019	2020	1980	2025
304998	62	126	14	78	142	30	94	158	46	110	174	2043	2008	2131	2041	2017	1983	2035	2059	2001	2019	2006	2011
304998	62	126	14	78	142	30	94	158	46	110	174	2000	2036	2132	2009	1969	1960	2003	2083	1972	2020	2051	2006
304998	62	126	14	78	142	30	94	158	46	110	174	1970	2051	2141	1985	1944	1946	1965	2099	1961	2016	2084	2014
304998	62	126	14	78	142	30	94	158	46	110	174	1979	2041	2143	1993	1968	1957	1977	2085	1984	2021	2058	2017
304998	62	126	14	78	142	30	94	158	46	110	174	2023	2015	2137	2028	2013	1983	2023	2056	2003	2022	2011	2018
304998	62	126	14	78	142	30	94	158	46	110	174	2064	1993	2127	2057	2042	2008	2061	2039	2015	2018	1978	2013
304998	62	126	14	78	142	30	94	158	46	110	174	2062	1995	2139	2054	2040	1996	2062	2039	2008	2021	1992	2018
304998	62	126	14	78	142	30	94	158	46	110	174	2020	2017	2142	2026	1997	1975	2020	2062	1984	2017	2026	2014
304998	62	126	14	78	142	30	94	158	46	110	174	1982	2048	2145	1993	1956	1952	1976	2101	1972	2022	2068	2013
304998	62	126	14	78	142	30	94	158	46	110	174	1969	2060	2140	1984	1958	1955	1968	2104	1971	2022	2070	2006
304998	62	126	14	78	142	30	94	158	46	110	174	2002	2034	2126	2007	1984	1974	1997	2077	1984	2022	2045	2008
304998	62	126	14	78	142	30	94	158	46	110	174	2047	1999	2136	2044	2028	1993	2041	2046	2010	2016	1998	2021
304998	62	126	14	78	142	30	94	158	46	110	174	2070	1988	2140	2056	2048	1994	2070	2029	2018	2022	1978	2025
304998	62	126	14	78	142	30	94	158	46	110	174	2045	2008	2137	2050	2018	1986	2048	2058	2002	2021	1997	2014
304998	62	126	14	78	142	30	94	158	46	110	174	2001	2043	2132	2014	1976	1965	2011	2085	1980	2017	2044	2008
304998	62	126	14	78	142	30	94	158	46	110	174	1979	2057	2126	1987	1948	1957	1974	2102	1958	2017	2082	2014
304998	62	126	14	78	142	30	94	158	46	110	174	1972	2038	2137	1994	1958	1959	1970	2088	1973	2021	2068	2015
304998	62	126	14	78	142	30	94	158	46	110	174	2022	2010	2142	2022	2008	1978	2020	2064	2003	2018	2017	2018
304998	62	126	14	78	142	30	94	158	46	110	174	2055	1993	2147	2051	2043	1997	2057	2039	2018	2021	1977	2018
304998	62	126	14	78	142	30	94	158	46	110	174	2062	2002	2139	2052	2048	1994	2062	2043	2008	2021	1985	2008
304998	62	126	14	78	142	30	94	158	46	110	174	2030	2020	2130	2028	2002	1975	2025	2063	1986	2019	2025	2017
304998	62	126	14	78	142	30	94	158	46	110	174	1991	2042	2138	2001	1954	1954	1981	2089	1972	2019	2062	2020
304998	62	126	14	78	142	30	94	158	46	110	174	1974	2048	2138	1984	1953	1952	1963	2107	1970	2020	2072	2013
304998	62	126	14	78	142	30	94	158	46	110	174	1998	2038	2141	2006	1978	1975	1995	2083	1987	2021	2046	2008
304998	62	126	14	78	142	30	94	158	46	110	174	2034	2007	2144	2036	2028	1988	2035	2048	2003	2018	2007	2016
304998	62	126	14	78	142	30	94	158	46	110	174	2068	1996	2130	2058	2051	1991	2071	2038	2013	2018	1983	2023
304998	62	126	14	78	142	30	94	158	46	110	174	2055	2004	2136	2048	2021	1982	2052	2047	2011	2019	1997	2019
304998	62	126	14	78	142	30	94	158	46	110	174	2015	2028	2132	2015	1987	1962	2009	2086	1978	2020	2040	2014
304998	62	126	14	78	142	30	94	158	46	110	174	1971	2047	2137	1990	1950	1953	1970	2106	1968	2016	2073	2008
304998	62	126	14	78	142	30	94	158	46	110	174	1973	2043	2144	1989	1953	1968	1971	2097	1969	2020	2072	2015
304998	62	126	14	78	142	30	94	158	46	110	174	2017	2025	2134	2014	2002	1977	2007	2063	1996	2021	2026	2020
304998	62	126	14	78	142	30	94	158	46	110	174	2055	1999	2130	2051	2033	1992	2045	2039	2014	2017	1984	2016
304998	62	126	14	78	142	30	94	158	46	110	174	2070	1994	2139	2055	2045	1988	2068	2036	2007	2022	1978	2007
304998	62	126	14	78	142	30	94	158	46	110	174	2034	2014	2140	2035	2011	1973	2027	2063	1991	2021	2019	2016
304998	62	126	14	78	142	30	94	158	46	110	174	1989	2045	2138	1999	1959	1963	1986	2090	1974	2022	2060	2020
304998	62	126	14	78	142	30	94	158	46	110	174	1972	2058	2138	1983	1948	1958	1964	2101	1975	2016	2073	2012
304998	62	126	14	78	142	30	94	158	46	110	174	1995	2035	2125	2001	1968	1968	1985	2091	1988	2017	2047	2009
304998	62	126	14	78	142	30	94	158	46	110	174	2038	2006	2141	2029	2023	1984	2033	2054	1998	2017	2010	2017
304998	62	126	14	78	142	30	94	158	46	110	174	2060	1988	2147	2054	2049	1992	2056	2033	2004	2019	1985	2022
304998	62	126	14	78	142	30	94	158	46	110	174	2053	2006	2150	2050	2024	1989	2060	2039	2009	2018	1997	2019
304998	62	126	14	78	142	30	94	158	46	110	174	2009	2029	2140	2019	1986	1966	2005	2074	1989	2017	2033	2017
304998	62	126	14	78	142	30	94	158	46	110	174	1983	2048	2127	1992	1952	1954	1972	2109	1970	2022	2073	2006
304998	62	126	14	78	142	30	94	158	46	110	174	1973	2039	2134	1988	1953	1960	1967	2099	1971	2020	2072	2015
304998	62	126	14	78	142	30	94	158	46	110	174	2011	2026	2142	2012	1994	1980	2009	2073	1985	2021	2030	2021
304998	62	126	14	78	142	30	94	158	46	110	174	2050	2003	2150	2045	2033	1987	2059	2039	2015	2020	1991	2020
304998	62	126	14	78	142	30	94	158	46	110	174	2066	2001	2134	2059	2047	1990	2062	2041	2011	2017	1982	2009
304998	62	126	14	78	142	30	94	158	46	110	174	2040	2015	2131	2040	2011	1982	2037	2058	1995	2019	2016	2008
304998	62	126	14	78	142	30	94	158	46	110	174	1995	2036	2139	2005	1968	1968	1991	2089	1974	2022	2057	2024
304998	62	126	14	78	142	30	94	158	46	110	174	1972	2048	2139	1981	1952	1960	1971	2100	1969	2021	2072	2022
304998	62	126	14	78	142	30	94	158	46	110	174	1983	2039	2150	1997	1965	1968	1985	2091	1988	2020	2053	2012
304998	62	126	14	78	142	30	94	158	46	110	174	2029	2022	2136	2023	2018	1978	2037	2063	2002	2020	2014	2007
304998	62	126	14	78	142	30	94	158	46	110	174	2059	2000	2133	2055	2042	1999	2062	2034	2010	2020	1985	2025
304998	62	126	14	78	142	30	94	158	46	110	174	2058	1995	2138	2054	2035	1986	2058	2038	2001	2020	1990	2022
304998	62	126	14	78	142	30	94	158	46	110	174	2026	2018	2143	2019	1991	1976	2029	2072	1992	2022	2026	2018
304998	62	126	14	78	142	30	94	158	46	110	174	1976	2049	2147	1996	1948	1963	1973	2098	1981	2022	2066	2004
304998	62	126	14	78	142	30	94	158	46	110	174	1979	2059	2129	1985	1957	1955	1981	2108	1975	2022	2075	2018
304998	62	126	14	78	142	30	94	158	46	110	174	2003	2027	2132	2013	1981	1984	1993	2076	1987	2020	2040	2020
304998	62	126	14	78	142	30	94	158	46	110	174	2045	1999	2137	2042	2033	1990	2042	2039	2006	2017	1993	2020
