304998	62	126	14	78	142	30	94	158	46	110	174	2054	2005	2130	2039	2025	1989	2041	2058	2004	2017	2002	2025
304998	62	126	14	78	142	30	94	158	46	110	174	2004	2038	2139	2010	1971	1954	2007	2084	1971	2021	2051	2013
304998	62	126	14	78	142	30	94	158	46	110	174	1966	2055	2148	1992	1941	1945	1969	2100	1956	2018	2075	1998
304998	62	126	14	78	142	30	94	158	46	110	174	1976	2048	2143	1996	1968	1959	1980	2089	1973	2018	2071	2010
304998	62	126	14	78	142	30	94	158	46	110	174	2021	2017	2125	2025	2003	1990	2016	2063	2008	2020	2019	2023
304998	62	126	14	78	142	30	94	158	46	110	174	2066	1988	2125	2050	2046	1999	2054	2043	2019	2018	1976	2026
304998	62	126	14	78	142	30	94	158	46	110	174	2066	1990	2135	2056	2038	1993	2062	2041	2013	2017	1977	2014
304998	62	126	14	78	142	30	94	158	46	110	174	2032	2019	2142	2029	1999	1967	2024	2063	1986	2019	2030	2011
304998	62	126	14	78	142	30	94	158	46	110	174	1984	2052	2141	1993	1961	1948	1985	2087	1976	2018	2073	2009
304998	62	126	14	78	142	30	94	158	46	110	174	1970	2060	2136	1983	1946	1949	1971	2103	1966	2021	2077	2009
304998	62	126	14	78	142	30	94	158	46	110	174	2000	2031	2131	2008	1975	1973	1995	2082	1981	2018	2043	2012
304998	62	126	14	78	142	30	94	158	46	110	174	2039	2001	2134	2038	2023	1996	2040	2050	2004	2018	1997	2017
304998	62	126	14	78	142	30	94	158	46	110	174	2066	1988	2136	2060	2048	2001	2067	2031	2020	2016	1978	2024
304998	62	126	14	78	142	30	94	158	46	110	174	2055	2006	2140	2050	2026	1985	2048	2049	2016	2021	1994	2026
304998	62	126	14	78	142	30	94	158	46	110	174	2010	2034	2130	2015	1985	1965	2013	2085	1975	2022	2044	2012
304998	62	126	14	78	142	30	94	158	46	110	174	1969	2051	2134	1986	1943	1952	1971	2102	1960	2016	2079	1998
304998	62	126	14	78	142	30	94	158	46	110	174	1971	2041	2140	1990	1959	1952	1976	2088	1968	2020	2072	2007
304998	62	126	14	78	142	30	94	158	46	110	174	2018	2022	2144	2017	2008	1983	2013	2063	2002	2021	2026	2022
304998	62	126	14	78	142	30	94	158	46	110	174	2058	1997	2141	2051	2044	1999	2051	2044	2018	2016	1981	2023
304998	62	126	14	78	142	30	94	158	46	110	174	2071	2002	2130	2051	2047	1998	2071	2042	2019	2022	1978	2015
304998	62	126	14	78	142	30	94	158	46	110	174	2038	2017	2130	2034	1998	1980	2030	2064	1990	2022	2018	2008
304998	62	126	14	78	142	30	94	158	46	110	174	1991	2039	2138	1994	1972	1948	1983	2086	1967	2021	2066	2009
304998	62	126	14	78	142	30	94	158	46	110	174	1964	2052	2143	1985	1947	1955	1975	2105	1968	2018	2079	2009
304998	62	126	14	78	142	30	94	158	46	110	174	1989	2034	2145	2002	1978	1968	1988	2085	1986	2016	2045	2015
304998	62	126	14	78	142	30	94	158	46	110	174	2038	2012	2130	2031	2024	1994	2044	2059	2007	2020	1999	2017
304998	62	126	14	78	142	30	94	158	46	110	174	2071	1988	2126	2057	2041	1997	2065	2037	2016	2022	1977	2018
304998	62	126	14	78	142	30	94	158	46	110	174	2059	1998	2129	2047	2031	1985	2045	2041	2008	2016	1996	2025
304998	62	126	14	78	142	30	94	158	46	110	174	2015	2028	2143	2017	1983	1963	2008	2076	1987	2020	2037	2020
304998	62	126	14	78	142	30	94	158	46	110	174	1972	2051	2145	1992	1947	1959	1970	2099	1963	2022	2077	2002
304998	62	126	14	78	142	30	94	158	46	110	174	1974	2053	2138	1993	1951	1955	1969	2100	1969	2020	2070	2002
304998	62	126	14	78	142	30	94	158	46	110	174	2006	2025	2130	2016	1998	1975	2003	2065	1998	2021	2033	2019
304998	62	126	14	78	142	30	94	158	46	110	174	2057	1994	2129	2050	2037	1997	2051	2042	2018	2017	1987	2026
304998	62	126	14	78	142	30	94	158	46	110	174	2071	1987	2135	2057	2050	1996	2062	2040	2018	2020	1971	2025
304998	62	126	14	78	142	30	94	158	46	110	174	2046	2009	2144	2038	2006	1983	2050	2060	1998	2022	2009	2011
304998	62	126	14	78	142	30	94	158	46	110	174	1991	2046	2144	2003	1967	1956	1991	2090	1966	2018	2062	2008
304998	62	126	14	78	142	30	94	158	46	110	174	1969	2055	2128	1984	1955	1949	1968	2098	1968	2022	2086	2014
304998	62	126	14	78	142	30	94	158	46	110	174	1984	2036	2134	2000	1970	1963	1988	2085	1986	2017	2056	2020
304998	62	126	14	78	142	30	94	158	46	110	174	2031	2007	2139	2029	2019	1984	2026	2061	2000	2020	2005	2015
304998	62	126	14	78	142	30	94	158	46	110	174	2066	1992	2135	2053	2042	2001	2069	2038	2020	2016	1982	2013
304998	62	126	14	78	142	30	94	158	46	110	174	2053	2000	2143	2054	2035	1988	2052	2042	2005	2019	1996	2022
304998	62	126	14	78	142	30	94	158	46	110	174	2026	2030	2128	2016	1992	1963	2015	2072	1990	2022	2032	2020
304998	62	126	14	78	142	30	94	158	46	110	174	1983	2046	2130	1991	1954	1955	1975	2103	1968	2022	2072	2010
304998	62	126	14	78	142	30	94	158	46	110	174	1973	2049	2133	1987	1956	1953	1974	2102	1962	2019	2070	2007
304998	62	126	14	78	142	30	94	158	46	110	174	2005	2026	2140	2010	1990	1969	2004	2074	1986	2020	2040	2013
304998	62	126	14	78	142	30	94	158	46	110	174	2047	2004	2139	2044	2035	1995	2047	2040	2014	2017	1994	2026
304998	62	126	14	78	142	30	94	158	46	110	174	2068	1994	2138	2058	2048	1990	2065	2037	2019	2020	1980	2025
304998	62	126	14	78	142	30	94	158	46	110	174	2043	2008	2131	2041	2017	1983	2035	2059	2001	2019	2006	2011
304998	62	126	14	78	142	30	94	158	46	110	174	2000	2036	2132	2009	1969	1960	2003	2083	1972	2020	2051	2006
304998	62	126	14	78	142	30	94	158	46	110	174	1970	2051	2141	1985	1944	1946	1965	2099	1961	2016	2084	2014
304998	62	126	14	78	142	30	94	158	46	110	174	1979	2041	2143	1993	1968	1957	1977	2085	1984	2021	2058	2017
304998	62	126	14	78	142	30	94	158	46	110	174	2023	2015	2137	2028	2013	1983	2023	2056	2003	2022	2011	2018
304998	62	126	14	78	142	30	94	158	46	110	174	2064	1993	2127	2057	2042	2008	2061	2039	2015	2018	1978	2013
304998	62	126	14	78	142	30	94	158	46	110	174	2062	1995	2139	2054	2040	1996	2062	2039	2008	2021	1992	2018
304998	62	126	14	78	142	30	94	158	46	110	174	2020	2017	2142	2026	1997	1975	2020	2062	1984	2017	2026	2014
304998	62	126	14	78	142	30	94	158	46	110	174	1982	2048	2145	1993	1956	1952	1976	2101	1972	2022	2068	2013
304998	62	126	14	78	142	30	94	158	46	110	174	1969	2060	2140	1984	1958	1955	1968	2104	1971	2022	2070	2006
304998	62	126	14	78	142	30	94	158	46	110	174	2002	2034	2126	2007	1984	1974	1997	2077	1984	2022	2045	2008
304998	62	126	14	78	142	30	94	158	46	110	174	2047	1999	2136	2044	2028	1993	2041	2046	2010	2016	1998	2021
304998	62	126	14	78	142	30	94	158	46	110	174	2070	1988	2140	2056	2048	1994	2070	2029	2018	2022	1978	2025
304998	62	126	14	78	142	30	94	158	46	110	174	2045	2008	2137	2050	2018	1986	2048	2058	2002	2021	1997	2014
304998	62	126	14	78	142	30	94	158	46	110	174	2001	2043	2132	2014	1976	1965	2011	2085	1980	2017	2044	2008
304998	62	126	14	78	142	30	94	158	46	110	174	1979	2057	2126	1987	1948	1957	1974	2102	1958	2017	2082	2014
304998	62	126	14	78	142	30	94	158	46	110	174	1972	2038	2137	1994	1958	1959	1970	2088	1973	2021	2068	2015
304998	62	126	14	78	142	30	94	158	46	110	174	2022	2010	2142	2022	2008	1978	2020	2064	2003	2018	2017	2018
304998	62	126	14	78	142	30	94	158	46	110	174	2055	1993	2147	2051	2043	1997	2057	2039	2018	2021	1977	2018
304998	62	126	14	78	142	30	94	158	46	110	174	2062	2002	2139	2052	2048	1994	2062	2043	2008	2021	1985	2008
304998	62	126	14	78	142	30	94	158	46	110	174	2030	2020	2130	2028	2002	1975	2025	2063	1986	2019	2025	2017
304998	62	126	14	78	142	30	94	158	46	110	174	1991	2042	2138	2001	1954	1954	1981	2089	1972	2019	2062	2020
304998	62	126	14	78	142	30	94	158	46	110	174	1974	2048	2138	1984	1953	1952	1963	2107	1970	2020	2072	2013
304998	62	126	14	78	142	30	94	158	46	110	174	1998	2038	2141	2006	1978	1975	1995	2083	1987	2021	2046	2008
304998	62	126	14	78	142	30	94	158	46	110	174	2034	2007	2144	2036	2028	1988	2035	2048	2003	2018	2007	2016
304998	62	126	14	78	142	30	94	158	46	110	174	2068	1996	2130	2058	2051	1991	2071	2038	2013	2018	1983	2023
304998	62	126	14	78	142	30	94	158	46	110	174	2055	2004	2136	2048	2021	1982	2052	2047	2011	2019	1997	2019
304998	62	126	14	78	142	30	94	158	46	110	174	2015	2028	2132	2015	1987	1962	2009	2086	1978	2020	2040	2014
304998	62	126	14	78	142	30	94	158	46	110	174	1971	2047	2137	1990	1950	1953	1970	2106	1968	2016	2073	2008
304998	62	126	14	78	142	30	94	158	46	110	174	1973	2043	2144	1989	1953	1968	1971	2097	1969	2020	2072	2015
304998	62	126	14	78	142	30	94	158	46	110	174	2017	2025	2134	2014	2002	1977	2007	2063	1996	2021	2026	2020
304998	62	126	14	78	142	30	94	158	46	110	174	2055	1999	2130	2051	2033	1992	2045	2039	2014	2017	1984	2016
304998	62	126	14	78	142	30	94	158	46	110	174	2070	1994	2139	2055	2045	1988	2068	2036	2007	2022	1978	2007
304998	62	126	14	78	142	30	94	158	46	110	174	2034	2014	2140	2035	2011	1973	2027	2063	1991	2021	2019	2016
304998	62	126	14	78	142	30	94	158	46	110	174	1989	2045	2138	1999	1959	1963	1986	2090	1974	2022	2060	2020
304998	62	126	14	78	142	30	94	158	46	110	174	1972	2058	2138	1983	1948	1958	1964	2101	1975	2016	2073	2012
304998	62	126	14	78	142	30	94	158	46	110	174	1995	2035	2125	2001	1968	1968	1985	2091	1988	2017	2047	2009
304998	62	126	14	78	142	30	94	158	46	110	174	2038	2006	2141	2029	2023	1984	2033	2054	1998	2017	2010	2017
304998	62	126	14	78	142	30	94	158	46	110	174	2060	1988	2147	2054	2049	1992	2056	2033	2004	2019	1985	2022
304998	62	126	14	78	142	30	94	158	46	110	174	2053	2006	2150	2050	2024	1989	2060	2039	2009	2018	1997	2019
304998	62	126	14	78	142	30	94	158	46	110	174	2009	2029	2140	2019	1986	1966	2005	2074	1989	2017	2033	2017
304998	62	126	14	78	142	30	94	158	46	110	174	1983	2048	2127	1992	1952	1954	1972	2109	1970	2022	2073	2006
304998	62	126	14	78	142	30	94	158	46	110	174	1973	2039	2134	1988	1953	1960	1967	2099	1971	2020	2072	2015
304998	62	126	14	78	142	30	94	158	46	110	174	2011	2026	2142	2012	1994	1980	2009	2073	1985	2021	2030	2021
304998	62	126	14	78	142	30	94	158	46	110	174	2050	2003	2150	2045	2033	1987	2059	2039	2015	2020	1991	2020
304998	62	126	14	78	142	30	94	158	46	110	174	2066	2001	2134	2059	2047	1990	2062	2041	2011	2017	1982	2009
304998	62	126	14	78	142	30	94	158	46	110	174	2040	2015	2131	2040	2011	1982	2037	2058	1995	2019	2016	2008
304998	62	126	14	78	142	30	94	158	46	110	174	1995	2036	2139	2005	1968	1968	1991	2089	1974	2022	2057	2024
304998	62	126	14	78	142	30	94	158	46	110	174	1972	2048	2139	1981	1952	1960	1971	2100	1969	2021	2072	2022
304998	62	126	14	78	142	30	94	158	46	110	174	1983	2039	2150	1997	1965	1968	1985	2091	1988	2020	2053	2012
304998	62	126	14	78	142	30	94	158	46	110	174	2029	2022	2136	2023	2018	1978	2037	2063	2002	2020	2014	2007
304998	62	126	14	78	142	30	94	158	46	110	174	2059	2000	2133	2055	2042	1999	2062	2034	2010	2020	1985	2025
304998	62	126	14	78	142	30	94	158	46	110	174	2058	1995	2138	2054	2035	1986	2058	2038	2001	2020	1990	2022
304998	62	126	14	78	142	30	94	158	46	110	174	2026	2018	2143	2019	1991	1976	2029	2072	1992	2022	2026	2018
304998	62	126	14	78	142	30	94	158	46	110	174	1976	2049	2147	1996	1948	1963	1973	2098	1981	2022	2066	2004
304998	62	126	14	78	142	30	94	158	46	110	174	1979	2059	2129	1985	1957	1955	1981	2108	1975	2022	2075	2018
304998	62	126	14	78	142	30	94	158	46	110	174	2003	2027	2132	2013	1981	1984	1993	2076	1987	2020	2040	2020
304998	62	126	14	78	142	30	94	158	46	110	174	2045	1999	2137	2042	2033	1990	2042	2039	2006	2017	1993	2020
304998	62	126	14	78	142	30	94	158	46	110	174	2066	1993	2140	2054	2040	1993	2071	2033	2016	2020	1982	2006
304998	62	126	14	78	142	30	94	158	46	110	174	2042	2010	2141	2040	2019	1977	2044	2062	2000	2022	2011	2014
304998	62	126	14	78	142	30	94	158	46	110	174	2002	2046	2130	2005	1978	1961	2008	2088	1979	2017	2053	2022
304998	62	126	14	78	142	30	94	158	46	110	174	1978	2056	2125	1986	1948	1956	1972	2106	1969	2022	2072	2018
304998	62	126	14	78	142	30	94	158	46	110	174	1982	2041	2128	1988	1961	1967	1974	2090	1982	2020	2055	2012
304998	62	126	14	78	142	30	94	158	46	110	174	2023	2015	2142	2020	2012	1985	2017	2063	2006	2018	2019	2008
304998	62	126	14	78	142	30	94	158	46	110	174	2057	2000	2146	2050	2045	1989	2055	2037	2009	2019	1989	2016
304998	62	126	14	78	142	30	94	158	46	110	174	2056	2004	2137	2053	2039	1993	2057	2038	2005	2020	1988	2019
304998	62	126	14	78	142	30	94	158	46	110	174	2031	2024	2126	2020	2004	1975	2028	2064	1988	2022	2021	2015
304998	62	126	14	78	142	30	94	158	46	110	174	1991	2044	2136	1996	1956	1960	1980	2091	1987	2019	2056	2004
304998	62	126	14	78	142	30	94	158	46	110	174	1976	2049	2139	1983	1954	1957	1970	2108	1976	2018	2073	2020
304998	62	126	14	78	142	30	94	158	46	110	174	2001	2035	2140	2006	1981	1972	1997	2083	1983	2019	2044	2024
304998	62	126	14	78	142	30	94	158	46	110	174	2036	2012	2139	2038	2028	1982	2038	2046	2005	2019	1994	2019
304998	62	126	14	78	142	30	94	158	46	110	174	2064	1996	2134	2054	2050	1996	2066	2030	2006	2021	1981	2004
304998	62	126	14	78	142	30	94	158	46	110	174	2048	2002	2135	2047	2024	1983	2044	2047	2005	2019	2006	2014
304998	62	126	14	78	142	30	94	158	46	110	174	2011	2031	2133	2011	1986	1961	2012	2086	1984	2016	2044	2023
304998	62	126	14	78	142	30	94	158	46	110	174	1979	2052	2138	1988	1946	1964	1979	2105	1969	2019	2070	2019
304998	62	126	14	78	142	30	94	158	46	110	174	1981	2046	2130	1990	1960	1963	1975	2094	1973	2016	2059	2012
304998	62	126	14	78	142	30	94	158	46	110	174	2022	2024	2129	2019	1996	1984	2020	2063	2002	2018	2020	2007
304998	62	126	14	78	142	30	94	158	46	110	174	2053	1991	2136	2049	2044	1986	2049	2042	2010	2016	1994	2017
304998	62	126	14	78	142	30	94	158	46	110	174	2065	1994	2143	2052	2047	1985	2067	2044	2005	2018	1988	2024
304998	62	126	14	78	142	30	94	158	46	110	174	2029	2016	2144	2036	2001	1981	2034	2061	1988	2022	2014	2014
304998	62	126	14	78	142	30	94	158	46	110	174	1991	2047	2136	1998	1965	1959	1985	2092	1971	2018	2061	2005
304998	62	126	14	78	142	30	94	158	46	110	174	1975	2054	2130	1979	1947	1960	1973	2104	1983	2022	2076	2015
304998	62	126	14	78	142	30	94	158	46	110	174	1993	2030	2130	2002	1976	1966	1988	2088	1983	2018	2047	2020
304998	62	126	14	78	142	30	94	158	46	110	174	2038	2007	2137	2034	2026	1983	2037	2056	2001	2023	2001	2020
304998	62	126	14	78	142	30	94	158	46	110	174	2060	1995	2147	2057	2040	1991	2061	2031	2007	2018	1981	2008
304998	62	126	14	78	142	30	94	158	46	110	174	2049	2011	2139	2045	2032	1980	2050	2047	2003	2016	2002	2011
304998	62	126	14	78	142	30	94	158	46	110	174	2012	2031	2130	2015	1982	1968	2008	2081	1986	2018	2041	2015
304998	62	126	14	78	142	30	94	158	46	110	174	1988	2046	2123	1989	1952	1953	1982	2103	1973	2021	2067	2017
304998	62	126	14	78	142	30	94	158	46	110	174	1979	2043	2132	1987	1965	1961	1974	2100	1970	2018	2055	2014
304998	62	126	14	78	142	30	94	158	46	110	174	2010	2018	2143	2014	2001	1979	2009	2070	1994	2019	2025	2006
304998	62	126	14	78	142	30	94	158	46	110	174	2048	2002	2150	2048	2034	1992	2052	2042	2009	2019	1998	2014
304998	62	126	14	78	142	30	94	158	46	110	174	2063	2001	2132	2055	2046	1987	2061	2040	2006	2018	1986	2018
304998	62	126	14	78	142	30	94	158	46	110	174	2043	2017	2130	2034	2011	1974	2047	2059	1992	2020	2009	2015
304998	62	126	14	78	142	30	94	158	46	110	174	1999	2034	2130	2004	1971	1964	1988	2089	1976	2017	2048	2015
304998	62	126	14	78	142	30	94	158	46	110	174	1979	2049	2135	1977	1952	1966	1973	2108	1978	2020	2078	2013
304998	62	126	14	78	142	30	94	158	46	110	174	1999	2041	2135	1993	1973	1964	1996	2093	1988	2022	2053	2015
304998	62	126	14	78	142	30	94	158	46	110	174	2035	2018	2130	2026	2017	1976	2030	2064	1997	2017	2007	2019
304998	62	126	14	78	142	30	94	158	46	110	174	2062	1994	2138	2058	2039	1988	2065	2037	2006	2022	1985	2008
304998	62	126	14	78	142	30	94	158	46	110	174	2054	2001	2133	2050	2036	1986	2051	2042	1999	2019	1999	2006
304998	62	126	14	78	142	30	94	158	46	110	174	2023	2023	2143	2018	1985	1976	2014	2073	1992	2016	2039	2013
304998	62	126	14	78	142	30	94	158	46	110	174	1984	2051	2140	1991	1954	1966	1972	2104	1980	2022	2064	2021
304998	62	126	14	78	142	30	94	158	46	110	174	1980	2058	2125	1983	1964	1957	1975	2105	1972	2021	2066	2018
304998	62	126	14	78	142	30	94	158	46	110	174	2013	2025	2128	2018	1985	1983	2001	2072	1984	2020	2034	2002
304998	62	126	14	78	142	30	94	158	46	110	174	2047	2001	2136	2047	2034	1989	2050	2038	2007	2016	1998	2014
304998	62	126	14	78	142	30	94	158	46	110	174	2063	1996	2142	2059	2035	1995	2059	2039	2006	2018	1983	2020
304998	62	126	14	78	142	30	94	158	46	110	174	2039	2011	2145	2040	2015	1979	2038	2062	1992	2017	2006	2015
304998	62	126	14	78	142	30	94	158	46	110	174	2004	2042	2130	2004	1977	1963	2004	2089	1977	2017	2045	2008
304998	62	126	14	78	142	30	94	158	46	110	174	1983	2056	2127	1988	1952	1967	1971	2105	1969	2020	2070	2010
304998	62	126	14	78	142	30	94	158	46	110	174	1993	2039	2128	1994	1975	1976	1982	2090	1987	2019	2058	2020
304998	62	126	14	78	142	30	94	158	46	110	174	2028	2013	2142	2026	2008	1986	2029	2063	1998	2022	2008	2016
304998	62	126	14	78	142	30	94	158	46	110	174	2054	1992	2149	2055	2041	1983	2059	2035	2006	2019	1981	2011
304998	62	126	14	78	142	30	94	158	46	110	174	2060	2004	2143	2053	2039	1982	2067	2046	2001	2021	1989	2005
304998	62	126	14	78	142	30	94	158	46	110	174	2027	2024	2132	2023	2000	1974	2021	2063	1984	2017	2032	2014
304998	62	126	14	78	142	30	94	158	46	110	174	1993	2046	2128	1996	1957	1963	1976	2100	1985	2016	2062	2018
