304998	62	126	14	78	142	30	94	158	46	110	174	2019	2020	2148	2021	1990	1966	2015	2068	1987	2018	2029	2006
304998	62	126	14	78	142	30	94	158	46	110	174	2004	2037	2166	2006	1974	1941	1981	2087	1969	2020	2041	1991
304998	62	126	14	78	142	30	94	158	46	110	174	2004	2034	2158	2002	1976	1950	1982	2087	1973	2020	2037	1992
304998	62	126	14	78	142	30	94	158	46	110	174	2023	2024	2124	2018	2001	1974	2009	2074	1989	2017	2023	2006
304998	62	126	14	78	142	30	94	158	46	110	174	2034	2010	2107	2034	2023	1997	2041	2043	2009	2017	2015	2038
304998	62	126	14	78	142	30	94	158	46	110	174	2042	2006	2117	2048	2028	1996	2044	2041	2014	2017	2008	2042
304998	62	126	14	78	142	30	94	158	46	110	174	2031	2019	2133	2037	2010	1975	2039	2062	1994	2022	2016	2022
304998	62	126	14	78	142	30	94	158	46	110	174	2014	2033	2153	2010	1985	1953	2001	2083	1975	2021	2029	1991
304998	62	126	14	78	142	30	94	158	46	110	174	2010	2034	2155	1998	1972	1949	1984	2092	1965	2020	2043	1984
304998	62	126	14	78	142	30	94	158	46	110	174	2014	2026	2143	2005	1983	1955	1994	2077	1977	2017	2042	2003
304998	62	126	14	78	142	30	94	158	46	110	174	2026	2017	2122	2023	2008	1984	2026	2061	2006	2020	2020	2028
304998	62	126	14	78	142	30	94	158	46	110	174	2037	2008	2115	2041	2034	1997	2046	2044	2013	2020	2006	2042
304998	62	126	14	78	142	30	94	158	46	110	174	2034	2020	2124	2043	2032	1992	2044	2050	2000	2020	2006	2028
304998	62	126	14	78	142	30	94	158	46	110	174	2024	2032	2135	2021	1998	1972	2028	2075	1981	2017	2027	2001
304998	62	126	14	78	142	30	94	158	46	110	174	2015	2034	2152	2007	1978	1949	1990	2086	1969	2022	2042	1989
304998	62	126	14	78	142	30	94	158	46	110	174	2007	2030	2156	1997	1977	1949	1989	2091	1976	2020	2043	1994
304998	62	126	14	78	142	30	94	158	46	110	174	2015	2019	2144	2015	1996	1971	2003	2072	1988	2020	2024	2014
304998	62	126	14	78	142	30	94	158	46	110	174	2033	2017	2122	2033	2023	1994	2033	2051	2005	2019	2011	2030
304998	62	126	14	78	142	30	94	158	46	110	174	2039	2017	2114	2042	2032	1994	2046	2045	2007	2022	2011	2036
304998	62	126	14	78	142	30	94	158	46	110	174	2031	2019	2122	2038	2010	1984	2036	2049	1994	2020	2020	2025
304998	62	126	14	78	142	30	94	158	46	110	174	2020	2029	2148	2013	1992	1957	2004	2075	1985	2022	2032	2004
304998	62	126	14	78	142	30	94	158	46	110	174	2008	2032	2165	1997	1973	1949	1987	2094	1973	2018	2040	1985
304998	62	126	14	78	142	30	94	158	46	110	174	2007	2028	2155	2005	1981	1963	1996	2084	1972	2021	2034	1990
304998	62	126	14	78	142	30	94	158	46	110	174	2024	2026	2127	2020	2011	1974	2015	2059	1994	2021	2025	2019
304998	62	126	14	78	142	30	94	158	46	110	174	2042	2018	2106	2042	2025	1990	2046	2044	2009	2016	2013	2044
304998	62	126	14	78	142	30	94	158	46	110	174	2039	2011	2116	2043	2030	1986	2049	2046	2009	2017	2008	2040
304998	62	126	14	78	142	30	94	158	46	110	174	2022	2021	2136	2025	1997	1974	2019	2072	1984	2022	2020	2010
304998	62	126	14	78	142	30	94	158	46	110	174	2012	2028	2158	2005	1970	1954	1995	2085	1971	2020	2037	1982
304998	62	126	14	78	142	30	94	158	46	110	174	2003	2038	2161	2000	1974	1950	1981	2093	1971	2020	2047	1987
304998	62	126	14	78	142	30	94	158	46	110	174	2017	2035	2136	2015	1991	1965	2005	2069	1987	2019	2033	2011
304998	62	126	14	78	142	30	94	158	46	110	174	2037	2019	2116	2034	2022	1985	2028	2052	2005	2020	2014	2032
304998	62	126	14	78	142	30	94	158	46	110	174	2046	2012	2110	2042	2031	1993	2049	2048	2005	2020	2001	2041
304998	62	126	14	78	142	30	94	158	46	110	174	2035	2015	2128	2038	2016	1977	2040	2056	1994	2019	2011	2016
304998	62	126	14	78	142	30	94	158	46	110	174	2018	2030	2151	2016	1993	1959	2008	2072	1977	2017	2036	1995
304998	62	126	14	78	142	30	94	158	46	110	174	2006	2037	2156	2000	1975	1950	1988	2085	1970	2017	2046	1995
304998	62	126	14	78	142	30	94	158	46	110	174	2010	2035	2145	1999	1980	1959	1984	2082	1986	2019	2041	1999
304998	62	126	14	78	142	30	94	158	46	110	174	2026	2023	2123	2017	2006	1983	2014	2064	1998	2016	2017	2024
304998	62	126	14	78	142	30	94	158	46	110	174	2038	2007	2117	2041	2028	1992	2038	2050	2004	2017	2007	2025
304998	62	126	14	78	142	30	94	158	46	110	174	2039	2010	2121	2042	2028	1989	2050	2047	2002	2016	2013	2028
304998	62	126	14	78	142	30	94	158	46	110	174	2030	2029	2142	2028	2009	1967	2027	2060	1989	2020	2025	2019
304998	62	126	14	78	142	30	94	158	46	110	174	2011	2038	2150	2007	1984	1954	2001	2083	1982	2022	2036	1993
304998	62	126	14	78	142	30	94	158	46	110	174	2009	2036	2150	1996	1972	1956	1981	2087	1972	2016	2041	1995
304998	62	126	14	78	142	30	94	158	46	110	174	2017	2025	2135	2008	1989	1965	1994	2079	1986	2020	2029	1997
304998	62	126	14	78	142	30	94	158	46	110	174	2031	2016	2127	2028	2020	1980	2029	2059	1998	2017	2018	2025
304998	62	126	14	78	142	30	94	158	46	110	174	2040	2015	2121	2039	2032	1994	2047	2041	2005	2021	2011	2042
304998	62	126	14	78	142	30	94	158	46	110	174	2039	2020	2129	2035	2024	1983	2038	2050	2005	2020	2014	2029
304998	62	126	14	78	142	30	94	158	46	110	174	2022	2032	2140	2018	1988	1968	2008	2076	1987	2022	2023	2007
304998	62	126	14	78	142	30	94	158	46	110	174	2008	2034	2152	2002	1975	1951	1989	2091	1972	2017	2040	1980
304998	62	126	14	78	142	30	94	158	46	110	174	2010	2032	2150	2000	1985	1961	1984	2088	1970	2020	2045	2000
304998	62	126	14	78	142	30	94	158	46	110	174	2019	2021	2133	2018	1995	1983	2009	2068	1991	2020	2027	2019
304998	62	126	14	78	142	30	94	158	46	110	174	2035	2015	2122	2034	2030	1989	2036	2046	2005	2017	2010	2037
304998	62	126	14	78	142	30	94	158	46	110	174	2039	2018	2118	2039	2029	1991	2041	2048	2004	2016	2004	2032
304998	62	126	14	78	142	30	94	158	46	110	174	2032	2024	2123	2032	2011	1976	2032	2065	1990	2018	2019	2008
304998	62	126	14	78	142	30	94	158	46	110	174	2015	2032	2147	2009	1984	1962	2000	2084	1978	2021	2045	1997
304998	62	126	14	78	142	30	94	158	46	110	174	2008	2034	2154	1997	1975	1956	1989	2092	1974	2022	2047	1999
304998	62	126	14	78	142	30	94	158	46	110	174	2009	2025	2149	2003	1990	1969	1994	2075	1989	2019	2034	2009
304998	62	126	14	78	142	30	94	158	46	110	174	2028	2018	2131	2023	2018	1980	2022	2057	2004	2020	2014	2028
304998	62	126	14	78	142	30	94	158	46	110	174	2042	2019	2112	2042	2028	1992	2045	2052	2005	2022	2006	2027
304998	62	126	14	78	142	30	94	158	46	110	174	2040	2021	2116	2034	2020	1984	2043	2053	1996	2018	2014	2024
304998	62	126	14	78	142	30	94	158	46	110	174	2025	2024	2137	2020	1999	1968	2018	2072	1981	2022	2031	2014
304998	62	126	14	78	142	30	94	158	46	110	174	2007	2032	2153	2002	1977	1962	1994	2085	1981	2016	2042	1997
304998	62	126	14	78	142	30	94	158	46	110	174	2006	2032	2157	1999	1975	1957	1985	2089	1985	2021	2038	1997
304998	62	126	14	78	142	30	94	158	46	110	174	2014	2028	2139	2015	1999	1967	2008	2076	1987	2019	2023	2004
304998	62	126	14	78	142	30	94	158	46	110	174	2031	2021	2118	2034	2023	1988	2039	2054	2002	2022	2017	2028
304998	62	126	14	78	142	30	94	158	46	110	174	2039	2011	2113	2042	2029	1988	2046	2046	2000	2018	2008	2038
304998	62	126	14	78	142	30	94	158	46	110	174	2028	2018	2130	2032	2014	1976	2028	2060	1995	2022	2016	2020
304998	62	126	14	78	142	30	94	158	46	110	174	2009	2025	2151	2011	1983	1967	2002	2080	1989	2020	2032	2000
304998	62	126	14	78	142	30	94	158	46	110	174	2005	2034	2166	1999	1973	1954	1986	2092	1984	2022	2041	1983
304998	62	126	14	78	142	30	94	158	46	110	174	2004	2032	2151	2003	1982	1970	1993	2087	1987	2017	2040	2000
304998	62	126	14	78	142	30	94	158	46	110	174	2028	2024	2127	2024	2005	1984	2032	2065	1986	2022	2022	2028
304998	62	126	14	78	142	30	94	158	46	110	174	2040	2013	2112	2036	2023	1992	2045	2048	1998	2018	2007	2037
304998	62	126	14	78	142	30	94	158	46	110	174	2035	2012	2117	2037	2021	1983	2035	2049	2003	2018	2008	2028
304998	62	126	14	78	142	30	94	158	46	110	174	2023	2019	2149	2023	1999	1963	2020	2075	1993	2018	2024	2000
304998	62	126	14	78	142	30	94	158	46	110	174	2003	2033	2162	2002	1981	1960	1993	2090	1985	2016	2047	1994
304998	62	126	14	78	142	30	94	158	46	110	174	2008	2039	2151	2002	1970	1962	1984	2090	1976	2021	2046	2001
304998	62	126	14	78	142	30	94	158	46	110	174	2015	2025	2139	2006	1997	1969	2009	2070	1987	2020	2028	2015
304998	62	126	14	78	142	30	94	158	46	110	174	2030	2015	2118	2031	2016	1983	2028	2051	2005	2017	2009	2031
304998	62	126	14	78	142	30	94	158	46	110	174	2040	2007	2121	2039	2029	1986	2039	2048	2008	2022	2005	2024
304998	62	126	14	78	142	30	94	158	46	110	174	2027	2015	2137	2036	2011	1979	2034	2063	1996	2019	2019	2022
304998	62	126	14	78	142	30	94	158	46	110	174	2017	2030	2151	2010	1989	1966	2016	2078	1985	2022	2037	2004
304998	62	126	14	78	142	30	94	158	46	110	174	2003	2039	2152	1999	1973	1963	1992	2090	1975	2020	2041	1998
304998	62	126	14	78	142	30	94	158	46	110	174	2011	2039	2136	2004	1974	1968	1992	2080	1987	2022	2034	2003
304998	62	126	14	78	142	30	94	158	46	110	174	2025	2022	2125	2018	2006	1975	2023	2072	1998	2020	2019	2014
304998	62	126	14	78	142	30	94	158	46	110	174	2036	2007	2124	2037	2023	1986	2044	2053	2004	2021	2011	2031
304998	62	126	14	78	142	30	94	158	46	110	174	2036	2015	2126	2039	2026	1986	2041	2056	1998	2022	2013	2029
304998	62	126	14	78	142	30	94	158	46	110	174	2028	2025	2144	2022	1999	1974	2027	2066	1985	2017	2020	2018
304998	62	126	14	78	142	30	94	158	46	110	174	2009	2034	2147	2007	1974	1962	2004	2081	1984	2022	2035	1990
304998	62	126	14	78	142	30	94	158	46	110	174	2005	2034	2146	1997	1974	1961	1986	2090	1983	2016	2045	1994
304998	62	126	14	78	142	30	94	158	46	110	174	2008	2023	2137	2011	1989	1974	1998	2080	1989	2018	2039	2008
304998	62	126	14	78	142	30	94	158	46	110	174	2031	2017	2125	2029	2015	1984	2036	2063	1996	2019	2015	2034
304998	62	126	14	78	142	30	94	158	46	110	174	2036	2011	2127	2042	2023	1987	2044	2052	1996	2017	2001	2036
304998	62	126	14	78	142	30	94	158	46	110	174	2034	2023	2126	2031	2014	1979	2047	2053	1996	2020	2008	2020
304998	62	126	14	78	142	30	94	158	46	110	174	2018	2034	2135	2019	1985	1966	2019	2075	1996	2020	2029	1998
304998	62	126	14	78	142	30	94	158	46	110	174	2005	2036	2146	2004	1977	1964	1987	2091	1983	2023	2049	1996
304998	62	126	14	78	142	30	94	158	46	110	174	2009	2032	2150	2001	1977	1966	1998	2091	1979	2021	2040	2010
304998	62	126	14	78	142	30	94	158	46	110	174	2018	2017	2140	2017	2000	1977	2016	2070	1986	2022	2021	2021
304998	62	126	14	78	142	30	94	158	46	110	174	2037	2015	2120	2037	2021	1988	2037	2049	1999	2017	2005	2026
304998	62	126	14	78	142	30	94	158	46	110	174	2039	2018	2120	2043	2024	1980	2049	2048	2001	2018	2008	2023
304998	62	126	14	78	142	30	94	158	46	110	174	2028	2023	2128	2025	2005	1976	2022	2070	1992	2022	2024	2019
304998	62	126	14	78	142	30	94	158	46	110	174	2015	2033	2147	2008	1981	1970	1996	2085	1979	2018	2040	2000
304998	62	126	14	78	142	30	94	158	46	110	174	2002	2031	2157	1998	1970	1966	1996	2087	1975	2017	2039	1997
304998	62	126	14	78	142	30	94	158	46	110	174	2008	2029	2145	2011	1983	1968	2007	2078	1984	2022	2033	2001
304998	62	126	14	78	142	30	94	158	46	110	174	2026	2027	2128	2027	2018	1979	2027	2064	2001	2017	2018	2024
304998	62	126	14	78	142	30	94	158	46	110	174	2038	2016	2110	2045	2026	1991	2045	2052	1999	2017	2008	2032
304998	62	126	14	78	142	30	94	158	46	110	174	2036	2016	2120	2037	2016	1981	2042	2059	1995	2019	2014	2030
304998	62	126	14	78	142	30	94	158	46	110	174	2023	2019	2146	2017	1992	1967	2014	2076	1985	2020	2027	2007
304998	62	126	14	78	142	30	94	158	46	110	174	2008	2036	2156	2005	1974	1963	2000	2087	1985	2020	2042	1993
304998	62	126	14	78	142	30	94	158	46	110	174	2002	2034	2160	2005	1978	1966	1991	2087	1984	2018	2043	1995
304998	62	126	14	78	142	30	94	158	46	110	174	2017	2033	2129	2018	1993	1980	2011	2075	1992	2021	2033	2020
304998	62	126	14	78	142	30	94	158	46	110	174	2035	2014	2113	2031	2017	1984	2043	2054	1996	2016	2011	2037
304998	62	126	14	78	142	30	94	158	46	110	174	2035	2006	2122	2042	2026	1987	2041	2048	1996	2019	2002	2029
304998	62	126	14	78	142	30	94	158	46	110	174	2034	2015	2134	2033	2006	1970	2043	2061	1991	2020	2017	2012
304998	62	126	14	78	142	30	94	158	46	110	174	2012	2033	2161	2015	1983	1964	2004	2078	1990	2019	2042	1996
304998	62	126	14	78	142	30	94	158	46	110	174	2001	2038	2154	1999	1978	1966	1993	2088	1982	2020	2048	2002
304998	62	126	14	78	142	30	94	158	46	110	174	2012	2034	2141	2006	1978	1974	2001	2083	1987	2020	2033	2010
304998	62	126	14	78	142	30	94	158	46	110	174	2027	2018	2126	2023	2011	1979	2017	2063	1993	2020	2014	2021
304998	62	126	14	78	142	30	94	158	46	110	174	2039	2011	2123	2042	2018	1982	2044	2046	1999	2016	2009	2023
304998	62	126	14	78	142	30	94	158	46	110	174	2033	2013	2135	2035	2018	1983	2033	2052	2001	2017	2015	2026
304998	62	126	14	78	142	30	94	158	46	110	174	2017	2027	2147	2022	1995	1974	2021	2072	1991	2020	2029	2015
304998	62	126	14	78	142	30	94	158	46	110	174	2002	2038	2150	2004	1975	1964	1997	2093	1981	2019	2040	2002
304998	62	126	14	78	142	30	94	158	46	110	174	2003	2038	2147	2003	1975	1965	1986	2091	1981	2021	2038	1995
304998	62	126	14	78	142	30	94	158	46	110	174	2019	2027	2137	2012	1999	1968	2012	2070	1991	2021	2029	2008
304998	62	126	14	78	142	30	94	158	46	110	174	2032	2011	2126	2034	2017	1984	2028	2054	1998	2018	2015	2029
304998	62	126	14	78	142	30	94	158	46	110	174	2034	2012	2134	2041	2022	1989	2047	2052	1997	2018	2008	2036
304998	62	126	14	78	142	30	94	158	46	110	174	2027	2019	2134	2030	2010	1974	2033	2062	1994	2016	2016	2019
304998	62	126	14	78	142	30	94	158	46	110	174	2015	2035	2141	2013	1984	1966	2007	2080	1982	2018	2029	1998
304998	62	126	14	78	142	30	94	158	46	110	174	2007	2035	2148	2004	1975	1962	1991	2085	1980	2017	2047	1996
304998	62	126	14	78	142	30	94	158	46	110	174	2009	2031	2148	2001	1985	1972	1994	2077	1993	2017	2040	2011
304998	62	126	14	78	142	30	94	158	46	110	174	2018	2022	2132	2025	1994	1990	2026	2067	1996	2017	2021	2027
304998	62	126	14	78	142	30	94	158	46	110	174	2037	2015	2126	2039	2025	1979	2039	2054	1994	2019	2004	2029
304998	62	126	14	78	142	30	94	158	46	110	174	2039	2020	2121	2042	2025	1978	2044	2054	1992	2022	2009	2018
304998	62	126	14	78	142	30	94	158	46	110	174	2026	2026	2132	2020	2006	1968	2019	2064	1984	2017	2030	2010
304998	62	126	14	78	142	30	94	158	46	110	174	2006	2034	2148	2003	1983	1967	1995	2086	1991	2019	2047	2002
304998	62	126	14	78	142	30	94	158	46	110	174	2006	2034	2155	2001	1972	1967	1996	2089	1985	2018	2042	2002
304998	62	126	14	78	142	30	94	158	46	110	174	2006	2024	2144	2014	1993	1972	2003	2075	1987	2017	2028	2011
304998	62	126	14	78	142	30	94	158	46	110	174	2033	2019	2125	2030	2017	1982	2038	2055	1993	2017	2013	2019
304998	62	126	14	78	142	30	94	158	46	110	174	2036	2012	2121	2038	2024	1985	2039	2050	1996	2018	2013	2028
304998	62	126	14	78	142	30	94	158	46	110	174	2034	2015	2122	2031	2011	1983	2039	2063	1999	2018	2018	2025
304998	62	126	14	78	142	30	94	158	46	110	174	2017	2028	2146	2014	1987	1966	2009	2082	1988	2021	2029	2008
304998	62	126	14	78	142	30	94	158	46	110	174	1998	2035	2158	2005	1967	1965	1989	2091	1987	2022	2038	1996
304998	62	126	14	78	142	30	94	158	46	110	174	2005	2034	2153	2001	1983	1972	1995	2085	1985	2021	2042	1997
304998	62	126	14	78	142	30	94	158	46	110	174	2017	2024	2129	2017	2004	1976	2012	2063	1996	2017	2028	2017
304998	62	126	14	78	142	30	94	158	46	110	174	2036	2013	2114	2038	2015	1987	2037	2048	2002	2020	2011	2038
304998	62	126	14	78	142	30	94	158	46	110	174	2039	2011	2124	2036	2020	1979	2036	2056	2001	2017	2005	2026
304998	62	126	14	78	142	30	94	158	46	110	174	2023	2019	2145	2026	1995	1978	2021	2066	1987	2020	2018	2009
304998	62	126	14	78	142	30	94	158	46	110	174	2004	2035	2155	2010	1986	1962	2003	2084	1982	2016	2042	1990
304998	62	126	14	78	142	30	94	158	46	110	174	2003	2040	2149	1998	1976	1963	1987	2084	1985	2021	2048	2002
304998	62	126	14	78	142	30	94	158	46	110	174	2016	2029	2131	2008	1984	1974	2014	2081	1995	2020	2033	2018
304998	62	126	14	78	142	30	94	158	46	110	174	2029	2015	2123	2022	2014	1974	2020	2063	1995	2017	2018	2029
304998	62	126	14	78	142	30	94	158	46	110	174	2043	2009	2123	2038	2018	1983	2047	2053	1995	2016	2001	2022
304998	62	126	14	78	142	30	94	158	46	110	174	2027	2018	2135	2033	2018	1977	2031	2056	1993	2021	2018	2020
304998	62	126	14	78	142	30	94	158	46	110	174	2018	2028	2145	2013	1993	1970	2013	2073	1990	2019	2034	2010
304998	62	126	14	78	142	30	94	158	46	110	174	2009	2039	2147	2001	1969	1964	1998	2090	1992	2022	2044	2007
304998	62	126	14	78	142	30	94	158	46	110	174	2004	2030	2143	2005	1978	1965	1987	2091	1986	2018	2037	2001
304998	62	126	14	78	142	30	94	158	46	110	174	2019	2021	2130	2019	1997	1976	2020	2072	1989	2017	2023	2013
304998	62	126	14	78	142	30	94	158	46	110	174	2029	2010	2137	2034	2020	1980	2031	2056	1993	2020	2018	2021
304998	62	126	14	78	142	30	94	158	46	110	174	2036	2016	2125	2040	2020	1984	2046	2049	1998	2018	2012	2032
304998	62	126	14	78	142	30	94	158	46	110	174	2029	2023	2137	2023	2003	1974	2023	2065	1997	2021	2020	2019
304998	62	126	14	78	142	30	94	158	46	110	174	2016	2032	2137	2013	1984	1965	2000	2087	1982	2016	2036	2005
304998	62	126	14	78	142	30	94	158	46	110	174	2002	2034	2149	2002	1972	1962	1994	2087	1986	2017	2044	1990
