304998	62	126	14	78	142	30	94	158	46	110	174	2037	2012	2145	2038	2016	1977	2038	2061	1994	2023	2014	2016
304998	62	126	14	78	142	30	94	158	46	110	174	2006	2038	2139	2010	1964	1976	2005	2093	1983	2017	2044	2021
304998	62	126	14	78	142	30	94	158	46	110	174	1983	2049	2127	1986	1955	1963	1966	2102	1987	2020	2060	2022
304998	62	126	14	78	142	30	94	158	46	110	174	2000	2042	2123	1995	1968	1973	1984	2087	1992	2016	2044	2010
304998	62	126	14	78	142	30	94	158	46	110	174	2021	2006	2144	2028	2010	1974	2020	2060	1995	2018	2020	2011
304998	62	126	14	78	142	30	94	158	46	110	174	2045	1994	2148	2048	2046	1980	2051	2040	1995	2018	1990	2017
304998	62	126	14	78	142	30	94	158	46	110	174	2046	2004	2149	2053	2028	1982	2070	2045	1993	2017	1998	2013
304998	62	126	14	78	142	30	94	158	46	110	174	2018	2029	2128	2024	2002	1968	2018	2067	1989	2020	2022	2007
304998	62	126	14	78	142	30	94	158	46	110	174	1995	2042	2124	1994	1963	1969	1978	2096	1993	2017	2062	2019
304998	62	126	14	78	142	30	94	158	46	110	174	1985	2039	2130	1984	1963	1970	1974	2103	1986	2019	2062	2029
304998	62	126	14	78	142	30	94	158	46	110	174	2005	2030	2139	2008	1993	1977	2005	2078	1982	2020	2033	2017
304998	62	126	14	78	142	30	94	158	46	110	174	2038	2004	2151	2042	2022	1977	2041	2044	1993	2016	2001	2002
304998	62	126	14	78	142	30	94	158	46	110	174	2053	2002	2139	2060	2035	1977	2060	2029	1999	2019	1992	2003
304998	62	126	14	78	142	30	94	158	46	110	174	2038	2010	2139	2041	2017	1976	2034	2052	1999	2022	2014	2015
304998	62	126	14	78	142	30	94	158	46	110	174	2010	2028	2128	2009	1980	1973	2008	2089	1989	2019	2044	2023
304998	62	126	14	78	142	30	94	158	46	110	174	1991	2045	2132	1987	1958	1971	1977	2105	1980	2021	2060	2022
304998	62	126	14	78	142	30	94	158	46	110	174	1989	2042	2134	1994	1970	1968	1984	2096	1986	2020	2047	2014
304998	62	126	14	78	142	30	94	158	46	110	174	2022	2024	2134	2020	2010	1975	2032	2065	1994	2020	2022	2011
304998	62	126	14	78	142	30	94	158	46	110	174	2051	2000	2144	2051	2035	1980	2052	2039	1997	2022	1994	2008
304998	62	126	14	78	142	30	94	158	46	110	174	2050	1999	2141	2054	2036	1978	2060	2043	1994	2021	1996	2014
304998	62	126	14	78	142	30	94	158	46	110	174	2026	2020	2145	2022	2003	1977	2033	2064	1982	2016	2021	2013
304998	62	126	14	78	142	30	94	158	46	110	174	1994	2044	2132	1999	1967	1968	1985	2095	1991	2017	2054	2017
304998	62	126	14	78	142	30	94	158	46	110	174	1986	2051	2122	1983	1963	1967	1982	2106	1995	2021	2061	2021
304998	62	126	14	78	142	30	94	158	46	110	174	2007	2031	2128	2006	1983	1976	2001	2083	1989	2022	2034	2021
304998	62	126	14	78	142	30	94	158	46	110	174	2037	2004	2142	2036	2022	1981	2035	2049	1993	2018	2006	2013
304998	62	126	14	78	142	30	94	158	46	110	174	2058	1993	2156	2055	2036	1980	2069	2032	1992	2018	1989	1999
304998	62	126	14	78	142	30	94	158	46	110	174	2039	2011	2145	2046	2017	1974	2045	2050	1997	2018	2010	2011
304998	62	126	14	78	142	30	94	158	46	110	174	2016	2036	2127	2013	1989	1967	2016	2089	1991	2016	2039	2029
304998	62	126	14	78	142	30	94	158	46	110	174	1995	2045	2123	1989	1959	1974	1986	2101	1982	2020	2055	2022
304998	62	126	14	78	142	30	94	158	46	110	174	1994	2038	2129	1992	1969	1971	1977	2096	1985	2022	2048	2014
304998	62	126	14	78	142	30	94	158	46	110	174	2019	2016	2150	2018	1995	1978	2015	2061	1995	2022	2028	2008
304998	62	126	14	78	142	30	94	158	46	110	174	2045	2003	2148	2046	2033	1976	2052	2043	1998	2021	1999	2012
304998	62	126	14	78	142	30	94	158	46	110	174	2055	2004	2139	2054	2043	1976	2055	2044	1992	2018	1997	2011
304998	62	126	14	78	142	30	94	158	46	110	174	2033	2017	2136	2032	2009	1978	2035	2061	1986	2021	2016	2008
304998	62	126	14	78	142	30	94	158	46	110	174	1999	2036	2128	2000	1970	1972	1997	2091	1984	2019	2049	2014
304998	62	126	14	78	142	30	94	158	46	110	174	1985	2041	2133	1984	1946	1969	1971	2100	1992	2020	2062	2025
304998	62	126	14	78	142	30	94	158	46	110	174	1998	2039	2141	1994	1984	1969	2000	2089	1992	2020	2042	2022
304998	62	126	14	78	142	30	94	158	46	110	174	2031	2013	2138	2031	2022	1972	2031	2057	1990	2023	2009	2009
304998	62	126	14	78	142	30	94	158	46	110	174	2053	1998	2142	2057	2036	1983	2054	2037	1991	2017	1988	1996
304998	62	126	14	78	142	30	94	158	46	110	174	2048	2003	2143	2046	2026	1974	2053	2042	1995	2023	2008	2011
304998	62	126	14	78	142	30	94	158	46	110	174	2019	2027	2136	2020	1985	1977	2009	2077	1993	2022	2035	2020
304998	62	126	14	78	142	30	94	158	46	110	174	1991	2048	2130	1992	1963	1970	1982	2104	1987	2022	2053	2026
304998	62	126	14	78	142	30	94	158	46	110	174	1991	2048	2125	1985	1968	1972	1975	2094	1982	2020	2050	2018
304998	62	126	14	78	142	30	94	158	46	110	174	2017	2023	2131	2017	1999	1979	2013	2070	1984	2022	2033	2007
304998	62	126	14	78	142	30	94	158	46	110	174	2045	2000	2146	2045	2033	1971	2046	2034	2001	2022	2003	2008
304998	62	126	14	78	142	30	94	158	46	110	174	2054	1999	2149	2060	2040	1978	2063	2045	1995	2022	1995	2012
304998	62	126	14	78	142	30	94	158	46	110	174	2035	2017	2143	2038	2011	1975	2032	2061	1990	2020	2012	2014
304998	62	126	14	78	142	30	94	158	46	110	174	2005	2039	2125	2002	1977	1972	2002	2087	1985	2020	2042	2013
304998	62	126	14	78	142	30	94	158	46	110	174	1995	2047	2121	1985	1956	1968	1976	2095	1989	2020	2062	2020
304998	62	126	14	78	142	30	94	158	46	110	174	2003	2034	2128	1997	1980	1968	1990	2086	1996	2021	2047	2029
304998	62	126	14	78	142	30	94	158	46	110	174	2027	2012	2144	2026	2016	1970	2031	2057	1991	2022	2012	2012
304998	62	126	14	78	142	30	94	158	46	110	174	2049	2003	2147	2061	2033	1977	2051	2040	1994	2020	1988	1998
304998	62	126	14	78	142	30	94	158	46	110	174	2050	2012	2143	2048	2032	1976	2054	2045	1987	2018	2002	2005
304998	62	126	14	78	142	30	94	158	46	110	174	2026	2022	2131	2021	1989	1975	2014	2066	1992	2018	2028	2018
304998	62	126	14	78	142	30	94	158	46	110	174	1999	2036	2128	1995	1964	1970	1980	2095	1994	2022	2051	2024
304998	62	126	14	78	142	30	94	158	46	110	174	1995	2043	2131	1991	1969	1965	1986	2103	1986	2018	2055	2021
304998	62	126	14	78	142	30	94	158	46	110	174	2007	2029	2143	2014	1991	1972	2006	2076	1983	2020	2030	2010
304998	62	126	14	78	142	30	94	158	46	110	174	2039	2011	2139	2040	2029	1976	2046	2046	1994	2017	2006	2005
304998	62	126	14	78	142	30	94	158	46	110	174	2056	2000	2142	2058	2026	1979	2054	2032	2001	2021	1997	2015
304998	62	126	14	78	142	30	94	158	46	110	174	2039	2008	2137	2044	2018	1968	2038	2059	1994	2022	2006	2013
304998	62	126	14	78	142	30	94	158	46	110	174	2017	2031	2132	2011	1981	1971	2010	2085	1988	2018	2033	2013
304998	62	126	14	78	142	30	94	158	46	110	174	1989	2048	2132	1991	1959	1970	1971	2099	1983	2018	2063	2019
304998	62	126	14	78	142	30	94	158	46	110	174	1994	2044	2128	1994	1970	1971	1988	2082	1990	2017	2048	2018
304998	62	126	14	78	142	30	94	158	46	110	174	2025	2011	2134	2027	2009	1975	2016	2061	1996	2018	2015	2014
304998	62	126	14	78	142	30	94	158	46	110	174	2049	1998	2144	2051	2041	1971	2052	2042	1996	2016	1994	2006
304998	62	126	14	78	142	30	94	158	46	110	174	2048	2002	2149	2053	2030	1977	2058	2040	1987	2022	1994	1999
304998	62	126	14	78	142	30	94	158	46	110	174	2021	2023	2139	2024	2003	1978	2021	2068	1984	2017	2027	2014
304998	62	126	14	78	142	30	94	158	46	110	174	2000	2050	2126	1994	1968	1974	1991	2089	1998	2021	2053	2029
304998	62	126	14	78	142	30	94	158	46	110	174	1992	2044	2126	1988	1963	1973	1977	2102	1993	2020	2054	2023
304998	62	126	14	78	142	30	94	158	46	110	174	2014	2030	2130	2008	1992	1967	2008	2082	1989	2020	2033	2014
304998	62	126	14	78	142	30	94	158	46	110	174	2036	2004	2148	2040	2028	1982	2048	2047	1984	2020	2008	2002
304998	62	126	14	78	142	30	94	158	46	110	174	2049	2004	2150	2058	2043	1979	2062	2035	1992	2016	1997	2008
304998	62	126	14	78	142	30	94	158	46	110	174	2039	2013	2144	2041	2018	1971	2042	2051	1998	2022	2009	2017
304998	62	126	14	78	142	30	94	158	46	110	174	2012	2031	2126	2010	1987	1973	2006	2086	1986	2018	2032	2017
304998	62	126	14	78	142	30	94	158	46	110	174	1996	2042	2127	1990	1958	1974	1982	2106	1987	2017	2051	2014
304998	62	126	14	78	142	30	94	158	46	110	174	1996	2034	2138	1991	1974	1973	1986	2090	1985	2016	2054	2020
304998	62	126	14	78	142	30	94	158	46	110	174	2019	2019	2144	2021	1999	1978	2020	2063	1993	2020	2024	2017
304998	62	126	14	78	142	30	94	158	46	110	174	2045	2004	2150	2049	2038	1975	2049	2040	2000	2018	1996	2009
304998	62	126	14	78	142	30	94	158	46	110	174	2055	2004	2135	2053	2040	1974	2066	2041	1987	2022	1992	2007
304998	62	126	14	78	142	30	94	158	46	110	174	2035	2015	2137	2033	2003	1972	2031	2066	1986	2021	2023	2010
304998	62	126	14	78	142	30	94	158	46	110	174	2003	2039	2131	1995	1974	1975	1996	2089	1984	2017	2050	2022
304998	62	126	14	78	142	30	94	158	46	110	174	1986	2043	2134	1988	1951	1976	1981	2100	1993	2021	2056	2029
304998	62	126	14	78	142	30	94	158	46	110	174	1997	2036	2140	2008	1984	1974	2000	2082	1992	2022	2037	2016
304998	62	126	14	78	142	30	94	158	46	110	174	2036	2012	2137	2033	2022	1972	2055	2057	1989	2022	2006	1999
304998	62	126	14	78	142	30	94	158	46	110	174	2051	1993	2148	2061	2036	1977	2057	2036	1984	2020	1996	2008
304998	62	126	14	78	142	30	94	158	46	110	174	2045	2005	2142	2048	2024	1978	2049	2046	1996	2017	2010	2013
304998	62	126	14	78	142	30	94	158	46	110	174	2009	2024	2148	2021	1974	1979	2007	2077	1996	2018	2029	2017
304998	62	126	14	78	142	30	94	158	46	110	174	1994	2047	2129	1994	1966	1973	1984	2102	1986	2017	2048	2016
304998	62	126	14	78	142	30	94	158	46	110	174	1994	2046	2128	1992	1970	1971	1992	2101	1987	2020	2050	2018
304998	62	126	14	78	142	30	94	158	46	110	174	2018	2018	2133	2019	1997	1980	2015	2063	1989	2017	2027	2012
304998	62	126	14	78	142	30	94	158	46	110	174	2048	1999	2148	2048	2033	1977	2052	2039	1995	2022	1998	2013
304998	62	126	14	78	142	30	94	158	46	110	174	2046	1998	2156	2061	2030	1974	2057	2036	1994	2020	1991	2005
304998	62	126	14	78	142	30	94	158	46	110	174	2034	2022	2135	2032	2014	1968	2049	2063	1984	2016	2013	2005
304998	62	126	14	78	142	30	94	158	46	110	174	2008	2037	2130	2004	1981	1973	2001	2093	1980	2019	2048	2019
304998	62	126	14	78	142	30	94	158	46	110	174	1995	2042	2124	1986	1961	1974	1983	2098	1993	2019	2058	2029
304998	62	126	14	78	142	30	94	158	46	110	174	2000	2025	2141	2006	1979	1970	1997	2084	1996	2017	2038	2019
304998	62	126	14	78	142	30	94	158	46	110	174	2025	2008	2154	2038	2013	1975	2024	2057	1988	2022	2007	2004
304998	62	126	14	78	142	30	94	158	46	110	174	2051	2005	2150	2054	2040	1973	2064	2040	1986	2022	1995	2007
304998	62	126	14	78	142	30	94	158	46	110	174	2045	2007	2138	2048	2024	1980	2052	2042	1991	2020	2005	2013
304998	62	126	14	78	142	30	94	158	46	110	174	2022	2023	2128	2021	1994	1974	2023	2074	1994	2017	2033	2021
304998	62	126	14	78	142	30	94	158	46	110	174	1994	2034	2134	1995	1965	1970	1981	2103	1987	2018	2050	2022
304998	62	126	14	78	142	30	94	158	46	110	174	1995	2039	2136	1994	1959	1967	2002	2102	1986	2022	2050	2014
304998	62	126	14	78	142	30	94	158	46	110	174	2013	2026	2147	2013	1992	1978	2018	2074	1983	2016	2033	2015
304998	62	126	14	78	142	30	94	158	46	110	174	2040	2003	2137	2041	2023	1978	2048	2040	1995	2018	2002	2014
304998	62	126	14	78	142	30	94	158	46	110	174	2049	1997	2148	2058	2036	1974	2062	2038	1993	2021	1989	2011
304998	62	126	14	78	142	30	94	158	46	110	174	2039	2007	2143	2038	2016	1969	2053	2066	1986	2017	2013	2005
304998	62	126	14	78	142	30	94	158	46	110	174	2005	2035	2140	2005	1979	1974	2011	2091	1986	2018	2042	2013
304998	62	126	14	78	142	30	94	158	46	110	174	1988	2048	2127	1986	1967	1971	1980	2103	1983	2017	2058	2026
304998	62	126	14	78	142	30	94	158	46	110	174	2003	2033	2124	1999	1973	1979	1999	2092	1998	2022	2039	2023
304998	62	126	14	78	142	30	94	158	46	110	174	2025	2009	2147	2029	2006	1976	2029	2058	1992	2018	2008	2006
304998	62	126	14	78	142	30	94	158	46	110	174	2049	2000	2149	2053	2041	1968	2067	2045	1987	2020	1995	1998
304998	62	126	14	78	142	30	94	158	46	110	174	2046	2000	2154	2050	2027	1977	2054	2043	1987	2021	2006	2015
304998	62	126	14	78	142	30	94	158	46	110	174	2025	2034	2136	2021	2004	1975	2026	2069	1997	2018	2023	2022
304998	62	126	14	78	142	30	94	158	46	110	174	1994	2037	2124	1996	1961	1978	1997	2099	1994	2020	2047	2022
304998	62	126	14	78	142	30	94	158	46	110	174	1993	2040	2133	1989	1965	1973	1987	2100	1986	2022	2047	2014
304998	62	126	14	78	142	30	94	158	46	110	174	2010	2023	2144	2009	1999	1971	2012	2078	1986	2023	2036	2015
304998	62	126	14	78	142	30	94	158	46	110	174	2031	2003	2153	2042	2022	1976	2033	2044	1995	2017	2007	2017
304998	62	126	14	78	142	30	94	158	46	110	174	2054	2008	2147	2056	2036	1974	2063	2040	1996	2016	1991	2006
304998	62	126	14	78	142	30	94	158	46	110	174	2038	2010	2142	2041	2012	1975	2046	2056	1991	2022	2005	2003
304998	62	126	14	78	142	30	94	158	46	110	174	2007	2025	2137	2011	1991	1974	2015	2086	1982	2018	2038	2017
304998	62	126	14	78	142	30	94	158	46	110	174	1992	2042	2134	1990	1967	1977	1982	2095	1988	2017	2054	2030
304998	62	126	14	78	142	30	94	158	46	110	174	1996	2041	2141	1994	1977	1972	1991	2093	1993	2020	2044	2024
304998	62	126	14	78	142	30	94	158	46	110	174	2028	2021	2139	2023	2009	1970	2035	2073	1991	2016	2011	2009
304998	62	126	14	78	142	30	94	158	46	110	174	2050	1996	2140	2053	2029	1978	2065	2041	1991	2018	1994	1997
304998	62	126	14	78	142	30	94	158	46	110	174	2046	1996	2145	2054	2038	1969	2060	2038	1988	2022	2000	2011
304998	62	126	14	78	142	30	94	158	46	110	174	2026	2013	2148	2029	2006	1976	2028	2067	1995	2020	2018	2022
304998	62	126	14	78	142	30	94	158	46	110	174	2003	2040	2132	2000	1968	1974	1994	2099	1984	2020	2043	2022
304998	62	126	14	78	142	30	94	158	46	110	174	1994	2046	2122	1993	1966	1967	1982	2102	1989	2020	2050	2015
304998	62	126	14	78	142	30	94	158	46	110	174	2004	2019	2137	2006	1991	1971	1999	2078	1984	2018	2040	2016
304998	62	126	14	78	142	30	94	158	46	110	174	2040	2003	2145	2041	2022	1975	2039	2049	1996	2017	2005	2015
304998	62	126	14	78	142	30	94	158	46	110	174	2048	1996	2158	2054	2033	1982	2061	2040	1992	2017	1990	2009
304998	62	126	14	78	142	30	94	158	46	110	174	2046	2015	2137	2043	2021	1967	2049	2052	1984	2022	2001	2003
304998	62	126	14	78	142	30	94	158	46	110	174	2022	2037	2123	2018	1992	1964	2013	2078	1982	2018	2037	2013
304998	62	126	14	78	142	30	94	158	46	110	174	1996	2041	2124	1996	1966	1972	1982	2098	1995	2020	2053	2025
304998	62	126	14	78	142	30	94	158	46	110	174	1998	2038	2138	1989	1974	1975	1988	2096	1994	2020	2043	2024
304998	62	126	14	78	142	30	94	158	46	110	174	2016	2019	2148	2022	1997	1978	2024	2067	1990	2022	2021	2004
304998	62	126	14	78	142	30	94	158	46	110	174	2044	2004	2149	2051	2037	1972	2049	2039	1986	2017	2002	2004
304998	62	126	14	78	142	30	94	158	46	110	174	2048	2000	2138	2054	2035	1975	2054	2036	1986	2021	1999	2012
304998	62	126	14	78	142	30	94	158	46	110	174	2030	2018	2136	2031	2011	1972	2028	2059	1994	2020	2015	2020
304998	62	126	14	78	142	30	94	158	46	110	174	2007	2037	2127	2000	1980	1974	1994	2096	1987	2020	2044	2016
304998	62	126	14	78	142	30	94	158	46	110	174	1985	2044	2137	1990	1960	1978	1987	2104	1987	2017	2053	2018
304998	62	126	14	78	142	30	94	158	46	110	174	2004	2037	2132	2002	1993	1965	2006	2081	1984	2019	2038	2021
304998	62	126	14	78	142	30	94	158	46	110	174	2037	2007	2137	2035	2012	1975	2041	2055	1992	2020	2008	2015
304998	62	126	14	78	142	30	94	158	46	110	174	2044	1995	2148	2059	2034	1977	2051	2039	1991	2018	1991	2008
304998	62	126	14	78	142	30	94	158	46	110	174	2045	2009	2149	2047	2018	1978	2044	2049	1983	2018	2004	2000
304998	62	126	14	78	142	30	94	158	46	110	174	2012	2025	2147	2021	1987	1976	2010	2074	1984	2021	2032	2016
304998	62	126	14	78	142	30	94	158	46	110	174	2001	2051	2121	1990	1971	1969	1998	2099	1996	2017	2050	2026
304998	62	126	14	78	142	30	94	158	46	110	174	1999	2039	2127	1991	1968	1977	1987	2099	1997	2020	2045	2024
304998	62	126	14	78	142	30	94	158	46	110	174	2018	2021	2134	2015	2001	1975	2007	2077	1985	2019	2021	2009
304998	62	126	14	78	142	30	94	158	46	110	174	2044	2003	2153	2047	2028	1976	2044	2039	1987	2017	2002	2003
304998	62	126	14	78	142	30	94	158	46	110	174	2048	2002	2150	2054	2036	1972	2051	2031	1996	2018	1999	2009
304998	62	126	14	78	142	30	94	158	46	110	174	2040	2019	2132	2033	2017	1971	2049	2059	1994	2018	2014	2017
304998	62	126	14	78	142	30	94	158	46	110	174	2006	2037	2123	2007	1982	1975	1994	2089	1989	2018	2035	2019
304998	62	126	14	78	142	30	94	158	46	110	174	1996	2041	2128	1984	1964	1973	1986	2106	1986	2022	2060	2023
304998	62	126	14	78	142	30	94	158	46	110	174	1996	2028	2146	2002	1976	1975	1988	2084	1988	2021	2042	2019
304998	62	126	14	78	142	30	94	158	46	110	174	2028	2022	2140	2032	2021	1970	2042	2059	1995	2018	2011	2012
304998	62	126	14	78	142	30	94	158	46	110	174	2050	2002	2143	2051	2036	1973	2056	2039	1987	2021	1990	2002
304998	62	126	14	78	142	30	94	158	46	110	174	2051	2004	2141	2050	2033	1973	2052	2049	1986	2017	2008	2003
304998	62	126	14	78	142	30	94	158	46	110	174	2026	2020	2138	2021	1993	1975	2022	2074	1986	2020	2035	2017
304998	62	126	14	78	142	30	94	158	46	110	174	1997	2044	2130	1997	1968	1975	1991	2098	1997	2022	2049	2029
