304998	62	126	14	78	142	30	94	158	46	110	174	2038	2005	2152	2044	2029	1971	2051	2045	1986	2017	2000	2005
304998	62	126	14	78	142	30	94	158	46	110	174	2049	2004	2148	2058	2034	1968	2059	2042	1985	2018	1995	1997
304998	62	126	14	78	142	30	94	158	46	110	174	2036	2017	2133	2045	2009	1975	2035	2060	1984	2016	2024	2005
304998	62	126	14	78	142	30	94	158	46	110	174	2009	2030	2126	2005	1984	1979	2003	2086	1996	2020	2046	2023
304998	62	126	14	78	142	30	94	158	46	110	174	1992	2045	2129	1985	1968	1978	1985	2102	2001	2020	2047	2028
304998	62	126	14	78	142	30	94	158	46	110	174	2001	2040	2134	1998	1980	1978	1996	2098	1997	2016	2033	2016
304998	62	126	14	78	142	30	94	158	46	110	174	2027	2020	2139	2027	2016	1968	2033	2059	1987	2021	2017	2002
304998	62	126	14	78	142	30	94	158	46	110	174	2049	2003	2146	2055	2032	1969	2060	2034	1982	2020	1998	2000
304998	62	126	14	78	142	30	94	158	46	110	174	2046	1998	2148	2051	2031	1972	2049	2041	1985	2017	2003	2014
304998	62	126	14	78	142	30	94	158	46	110	174	2020	2020	2145	2024	1993	1986	2018	2075	1996	2020	2024	2017
304998	62	126	14	78	142	30	94	158	46	110	174	1995	2047	2135	1991	1965	1979	1998	2102	1996	2020	2045	2020
304998	62	126	14	78	142	30	94	158	46	110	174	1996	2047	2123	1983	1967	1979	1982	2099	1993	2017	2051	2025
304998	62	126	14	78	142	30	94	158	46	110	174	2015	2024	2130	2013	1993	1976	2008	2075	1992	2017	2030	2020
304998	62	126	14	78	142	30	94	158	46	110	174	2037	2002	2150	2043	2027	1972	2041	2049	1993	2020	2005	2008
304998	62	126	14	78	142	30	94	158	46	110	174	2051	1997	2153	2056	2028	1976	2070	2039	1986	2021	1996	1997
304998	62	126	14	78	142	30	94	158	46	110	174	2028	2018	2153	2041	2015	1968	2039	2052	1985	2020	2015	2007
304998	62	126	14	78	142	30	94	158	46	110	174	2012	2034	2121	2008	1986	1978	2007	2088	1990	2022	2043	2024
304998	62	126	14	78	142	30	94	158	46	110	174	2002	2042	2123	1993	1966	1984	1997	2100	2003	2020	2048	2029
304998	62	126	14	78	142	30	94	158	46	110	174	1997	2029	2137	1989	1979	1973	1992	2097	1998	2022	2033	2024
304998	62	126	14	78	142	30	94	158	46	110	174	2026	2018	2145	2025	2002	1977	2030	2067	1986	2017	2020	2002
304998	62	126	14	78	142	30	94	158	46	110	174	2038	1998	2159	2051	2034	1966	2046	2038	1987	2016	2001	1998
304998	62	126	14	78	142	30	94	158	46	110	174	2049	2006	2142	2053	2034	1970	2057	2039	1986	2021	2001	2011
304998	62	126	14	78	142	30	94	158	46	110	174	2029	2016	2139	2031	1999	1978	2021	2064	1996	2017	2018	2016
304998	62	126	14	78	142	30	94	158	46	110	174	2005	2036	2125	1993	1977	1981	1993	2100	1992	2022	2041	2015
304998	62	126	14	78	142	30	94	158	46	110	174	1996	2042	2132	1987	1958	1983	1980	2102	1996	2020	2054	2022
304998	62	126	14	78	142	30	94	158	46	110	174	2001	2025	2132	2007	1984	1969	2002	2075	1986	2021	2038	2018
304998	62	126	14	78	142	30	94	158	46	110	174	2037	2010	2145	2037	2020	1976	2046	2049	1991	2021	2008	2006
304998	62	126	14	78	142	30	94	158	46	110	174	2051	1994	2149	2058	2037	1965	2049	2039	1983	2020	1991	2000
304998	62	126	14	78	142	30	94	158	46	110	174	2043	2008	2144	2044	2022	1971	2056	2052	1984	2016	2010	2000
304998	62	126	14	78	142	30	94	158	46	110	174	2014	2028	2142	2014	1975	1983	2009	2078	1990	2022	2040	2019
304998	62	126	14	78	142	30	94	158	46	110	174	1997	2050	2123	1990	1966	1972	1984	2096	1997	2021	2053	2034
304998	62	126	14	78	142	30	94	158	46	110	174	2003	2039	2124	1989	1975	1978	1987	2097	2000	2016	2041	2024
304998	62	126	14	78	142	30	94	158	46	110	174	2021	2020	2132	2017	2004	1974	2022	2072	1984	2021	2023	2006
304998	62	126	14	78	142	30	94	158	46	110	174	2046	1999	2154	2050	2032	1961	2053	2039	1981	2019	2004	1999
304998	62	126	14	78	142	30	94	158	46	110	174	2040	2002	2151	2059	2025	1970	2048	2029	1985	2020	2004	2005
304998	62	126	14	78	142	30	94	158	46	110	174	2032	2020	2134	2028	2012	1968	2040	2064	1994	2017	2018	2018
304998	62	126	14	78	142	30	94	158	46	110	174	2009	2041	2118	1999	1970	1984	2004	2099	1994	2019	2040	2026
304998	62	126	14	78	142	30	94	158	46	110	174	2000	2042	2120	1988	1970	1983	1983	2102	1993	2021	2049	2019
304998	62	126	14	78	142	30	94	158	46	110	174	2007	2026	2134	2002	1985	1972	1996	2079	1990	2017	2040	2017
304998	62	126	14	78	142	30	94	158	46	110	174	2029	2012	2150	2035	2015	1963	2026	2050	1992	2020	2018	2011
304998	62	126	14	78	142	30	94	158	46	110	174	2050	2005	2149	2057	2040	1967	2052	2039	1987	2018	1993	2001
304998	62	126	14	78	142	30	94	158	46	110	174	2042	2010	2135	2048	2019	1969	2044	2048	1981	2017	2005	2001
304998	62	126	14	78	142	30	94	158	46	110	174	2021	2028	2127	2015	1992	1974	2017	2077	1990	2018	2031	2014
304998	62	126	14	78	142	30	94	158	46	110	174	2003	2039	2124	1989	1963	1973	1993	2096	2000	2016	2053	2026
304998	62	126	14	78	142	30	94	158	46	110	174	1996	2039	2136	1996	1965	1973	1987	2102	1999	2020	2043	2031
304998	62	126	14	78	142	30	94	158	46	110	174	2021	2025	2141	2014	2005	1974	2014	2075	1991	2021	2019	2010
304998	62	126	14	78	142	30	94	158	46	110	174	2040	2007	2144	2046	2028	1972	2057	2044	1984	2017	2002	1993
304998	62	126	14	78	142	30	94	158	46	110	174	2046	1995	2150	2053	2038	1966	2057	2032	1982	2022	2002	1999
304998	62	126	14	78	142	30	94	158	46	110	174	2035	2013	2145	2038	2012	1970	2033	2058	1993	2019	2025	2013
304998	62	126	14	78	142	30	94	158	46	110	174	2004	2036	2138	2004	1978	1973	1997	2093	1997	2022	2042	2028
304998	62	126	14	78	142	30	94	158	46	110	174	2000	2051	2121	1984	1967	1982	1984	2105	1995	2020	2047	2024
304998	62	126	14	78	142	30	94	158	46	110	174	2006	2035	2128	1997	1982	1983	1995	2086	1989	2021	2042	2015
304998	62	126	14	78	142	30	94	158	46	110	174	2031	2012	2144	2027	2015	1970	2028	2051	1990	2022	2018	2008
304998	62	126	14	78	142	30	94	158	46	110	174	2046	1999	2152	2058	2038	1967	2051	2040	1988	2017	2000	2004
304998	62	126	14	78	142	30	94	158	46	110	174	2041	2007	2155	2053	2032	1969	2054	2045	1981	2022	2002	2007
304998	62	126	14	78	142	30	94	158	46	110	174	2021	2032	2137	2018	1998	1976	2019	2077	1984	2017	2022	2009
304998	62	126	14	78	142	30	94	158	46	110	174	2001	2044	2117	1992	1969	1984	1994	2098	1995	2019	2050	2025
304998	62	126	14	78	142	30	94	158	46	110	174	1996	2037	2124	1989	1963	1978	1981	2094	2004	2018	2050	2031
304998	62	126	14	78	142	30	94	158	46	110	174	2017	2024	2143	2011	1994	1970	2009	2080	1988	2021	2025	2020
304998	62	126	14	78	142	30	94	158	46	110	174	2033	2004	2156	2044	2025	1966	2038	2045	1979	2019	1998	2004
304998	62	126	14	78	142	30	94	158	46	110	174	2047	2003	2149	2055	2036	1965	2061	2036	1979	2020	1998	1995
304998	62	126	14	78	142	30	94	158	46	110	174	2037	2018	2132	2041	2012	1968	2039	2049	1990	2022	2019	2013
304998	62	126	14	78	142	30	94	158	46	110	174	2006	2029	2122	2015	1971	1973	1997	2085	1996	2020	2042	2023
304998	62	126	14	78	142	30	94	158	46	110	174	1998	2040	2123	1989	1963	1978	1984	2103	1996	2019	2047	2035
304998	62	126	14	78	142	30	94	158	46	110	174	2003	2033	2140	2001	1965	1983	1998	2091	1991	2022	2036	2018
304998	62	126	14	78	142	30	94	158	46	110	174	2026	2022	2142	2025	2016	1969	2031	2063	1987	2018	2020	2005
304998	62	126	14	78	142	30	94	158	46	110	174	2044	2004	2146	2055	2030	1969	2054	2039	1987	2017	2003	1999
304998	62	126	14	78	142	30	94	158	46	110	174	2040	2001	2141	2060	2032	1964	2048	2041	1982	2022	2002	2009
304998	62	126	14	78	142	30	94	158	46	110	174	2027	2016	2145	2030	1993	1979	2024	2068	1988	2018	2021	2021
304998	62	126	14	78	142	30	94	158	46	110	174	1999	2042	2131	1995	1965	1987	1990	2096	1996	2019	2041	2020
304998	62	126	14	78	142	30	94	158	46	110	174	1994	2051	2126	1983	1975	1979	1985	2100	2005	2018	2051	2022
304998	62	126	14	78	142	30	94	158	46	110	174	2013	2027	2130	2015	1986	1972	1999	2076	1997	2016	2036	2020
304998	62	126	14	78	142	30	94	158	46	110	174	2036	2007	2144	2042	2029	1961	2039	2046	1982	2016	2009	2008
304998	62	126	14	78	142	30	94	158	46	110	174	2049	2000	2155	2056	2036	1968	2056	2039	1981	2018	1994	1999
304998	62	126	14	78	142	30	94	158	46	110	174	2039	2010	2147	2043	2017	1974	2046	2052	1984	2022	2010	2003
304998	62	126	14	78	142	30	94	158	46	110	174	2015	2036	2130	2004	1989	1978	2008	2087	1999	2017	2040	2023
304998	62	126	14	78	142	30	94	158	46	110	174	2002	2046	2118	1985	1962	1980	1983	2109	1991	2016	2051	2031
304998	62	126	14	78	142	30	94	158	46	110	174	2000	2036	2126	1995	1975	1975	1992	2097	1997	2018	2039	2026
304998	62	126	14	78	142	30	94	158	46	110	174	2028	2013	2142	2019	2011	1972	2032	2062	1989	2022	2015	2009
304998	62	126	14	78	142	30	94	158	46	110	174	2045	2000	2160	2053	2028	1969	2052	2036	1984	2020	2005	1991
304998	62	126	14	78	142	30	94	158	46	110	174	2042	2006	2148	2053	2034	1962	2051	2044	1983	2020	2004	2003
304998	62	126	14	78	142	30	94	158	46	110	174	2035	2025	2128	2029	2004	1968	2037	2063	1993	2017	2022	2017
304998	62	126	14	78	142	30	94	158	46	110	174	2005	2038	2121	1997	1977	1979	1996	2092	1994	2021	2042	2030
304998	62	126	14	78	142	30	94	158	46	110	174	2001	2045	2122	1981	1971	1984	1981	2097	1998	2017	2047	2021
304998	62	126	14	78	142	30	94	158	46	110	174	2007	2031	2142	2004	1988	1976	1996	2086	1996	2017	2037	2018
304998	62	126	14	78	142	30	94	158	46	110	174	2031	2013	2150	2042	2019	1963	2039	2054	1985	2021	2012	2008
304998	62	126	14	78	142	30	94	158	46	110	174	2049	2002	2150	2057	2043	1961	2055	2038	1976	2020	1994	2003
304998	62	126	14	78	142	30	94	158	46	110	174	2041	2008	2139	2048	2026	1972	2044	2045	1983	2017	2007	2007
304998	62	126	14	78	142	30	94	158	46	110	174	2019	2027	2129	2009	1989	1978	2012	2079	1999	2016	2032	2008
304998	62	126	14	78	142	30	94	158	46	110	174	1999	2046	2127	1985	1963	1985	1992	2109	2002	2021	2056	2028
304998	62	126	14	78	142	30	94	158	46	110	174	2001	2045	2126	1990	1972	1979	1988	2097	1992	2018	2050	2031
304998	62	126	14	78	142	30	94	158	46	110	174	2021	2025	2140	2016	2008	1965	2012	2070	1987	2016	2022	2015
304998	62	126	14	78	142	30	94	158	46	110	174	2041	1996	2149	2048	2032	1966	2040	2039	1986	2019	2000	1998
304998	62	126	14	78	142	30	94	158	46	110	174	2046	2001	2150	2053	2038	1962	2057	2035	1984	2020	1997	1997
304998	62	126	14	78	142	30	94	158	46	110	174	2033	2013	2149	2032	2003	1976	2031	2061	1984	2021	2020	2013
304998	62	126	14	78	142	30	94	158	46	110	174	2004	2039	2133	2000	1980	1979	1992	2097	1997	2020	2044	2026
304998	62	126	14	78	142	30	94	158	46	110	174	2001	2049	2114	1986	1968	1981	1985	2100	2004	2020	2050	2032
304998	62	126	14	78	142	30	94	158	46	110	174	2007	2031	2128	1993	1985	1977	1996	2090	1998	2018	2031	2008
304998	62	126	14	78	142	30	94	158	46	110	174	2037	2012	2147	2030	2021	1972	2033	2062	1983	2019	2016	2004
304998	62	126	14	78	142	30	94	158	46	110	174	2046	2002	2155	2058	2032	1962	2066	2035	1977	2019	2005	1997
304998	62	126	14	78	142	30	94	158	46	110	174	2044	2016	2149	2047	2032	1963	2049	2044	1980	2016	2005	2014
304998	62	126	14	78	142	30	94	158	46	110	174	2024	2034	2127	2018	1992	1975	2008	2073	2001	2018	2028	2023
304998	62	126	14	78	142	30	94	158	46	110	174	2002	2040	2111	1992	1961	1985	1983	2104	2006	2020	2047	2021
304998	62	126	14	78	142	30	94	158	46	110	174	2004	2039	2124	1980	1974	1981	1985	2100	1997	2021	2050	2025
304998	62	126	14	78	142	30	94	158	46	110	174	2015	2023	2143	2015	1999	1971	2009	2072	1987	2016	2030	2017
304998	62	126	14	78	142	30	94	158	46	110	174	2038	2007	2151	2046	2032	1955	2041	2039	1984	2022	2001	2005
304998	62	126	14	78	142	30	94	158	46	110	174	2046	2007	2149	2056	2037	1963	2050	2033	1986	2018	1994	1996
304998	62	126	14	78	142	30	94	158	46	110	174	2039	2018	2129	2031	2015	1973	2034	2058	1983	2021	2017	2009
304998	62	126	14	78	142	30	94	158	46	110	174	2013	2033	2121	1998	1981	1981	2004	2091	1997	2022	2044	2023
304998	62	126	14	78	142	30	94	158	46	110	174	1999	2042	2123	1983	1968	1983	1983	2106	2001	2018	2048	2038
304998	62	126	14	78	142	30	94	158	46	110	174	2005	2038	2129	1997	1982	1971	1988	2087	2002	2018	2037	2025
304998	62	126	14	78	142	30	94	158	46	110	174	2027	2021	2143	2028	2019	1968	2020	2060	1984	2017	2015	1998
304998	62	126	14	78	142	30	94	158	46	110	174	2051	2005	2147	2053	2042	1962	2061	2033	1974	2021	2004	1992
304998	62	126	14	78	142	30	94	158	46	110	174	2046	2005	2141	2050	2029	1969	2049	2042	1976	2016	2010	2005
304998	62	126	14	78	142	30	94	158	46	110	174	2022	2027	2134	2020	1996	1971	2021	2067	1995	2022	2029	2021
304998	62	126	14	78	142	30	94	158	46	110	174	2002	2042	2123	1990	1974	1983	1984	2103	2009	2020	2042	2031
304998	62	126	14	78	142	30	94	158	46	110	174	1998	2046	2120	1984	1970	1981	1980	2105	2001	2020	2044	2023
304998	62	126	14	78	142	30	94	158	46	110	174	2017	2029	2133	2006	1996	1975	2006	2077	1988	2022	2031	2008
304998	62	126	14	78	142	30	94	158	46	110	174	2042	2006	2146	2038	2024	1965	2039	2039	1977	2021	2009	2005
304998	62	126	14	78	142	30	94	158	46	110	174	2051	2002	2152	2057	2041	1960	2052	2031	1980	2018	1999	1997
304998	62	126	14	78	142	30	94	158	46	110	174	2034	2015	2150	2038	2017	1967	2042	2059	1988	2022	2008	2008
304998	62	126	14	78	142	30	94	158	46	110	174	2015	2041	2127	2006	1983	1986	2007	2093	1997	2020	2034	2014
304998	62	126	14	78	142	30	94	158	46	110	174	1999	2051	2109	1982	1968	1993	1981	2105	2001	2016	2054	2031
304998	62	126	14	78	142	30	94	158	46	110	174	2007	2039	2120	1991	1976	1980	1993	2089	1996	2022	2045	2027
304998	62	126	14	78	142	30	94	158	46	110	174	2024	2013	2142	2023	2014	1966	2013	2063	1994	2018	2022	2017
304998	62	126	14	78	142	30	94	158	46	110	174	2043	2005	2156	2051	2037	1961	2053	2039	1981	2018	1996	1993
304998	62	126	14	78	142	30	94	158	46	110	174	2041	2008	2156	2056	2033	1965	2052	2038	1979	2016	2003	1997
304998	62	126	14	78	142	30	94	158	46	110	174	2031	2030	2125	2021	2003	1979	2025	2074	1991	2020	2029	2015
304998	62	126	14	78	142	30	94	158	46	110	174	2004	2045	2110	1997	1962	1988	1997	2099	2007	2021	2045	2037
304998	62	126	14	78	142	30	94	158	46	110	174	1997	2043	2118	1981	1965	1986	1972	2104	2006	2019	2045	2033
304998	62	126	14	78	142	30	94	158	46	110	174	2015	2032	2138	2002	1994	1975	2001	2084	1991	2016	2027	2013
304998	62	126	14	78	142	30	94	158	46	110	174	2037	2012	2155	2037	2029	1962	2031	2046	1981	2022	2013	1992
304998	62	126	14	78	142	30	94	158	46	110	174	2048	2006	2153	2054	2042	1963	2054	2029	1975	2023	2005	1995
304998	62	126	14	78	142	30	94	158	46	110	174	2043	2015	2133	2041	2020	1967	2042	2047	1985	2020	2013	2012
304998	62	126	14	78	142	30	94	158	46	110	174	2015	2030	2120	2005	1988	1978	2002	2087	2002	2017	2034	2026
304998	62	126	14	78	142	30	94	158	46	110	174	1999	2043	2118	1978	1963	1986	1986	2105	2006	2019	2043	2026
304998	62	126	14	78	142	30	94	158	46	110	174	2001	2038	2130	1982	1976	1980	1981	2097	1999	2019	2045	2020
304998	62	126	14	78	142	30	94	158	46	110	174	2020	2024	2144	2018	2008	1972	2017	2065	1987	2017	2027	2015
304998	62	126	14	78	142	30	94	158	46	110	174	2043	2010	2152	2047	2031	1958	2045	2043	1985	2016	2005	2003
304998	62	126	14	78	142	30	94	158	46	110	174	2046	2006	2140	2056	2033	1960	2049	2041	1980	2021	2003	2000
304998	62	126	14	78	142	30	94	158	46	110	174	2033	2020	2136	2029	2009	1969	2025	2065	1988	2018	2018	2004
304998	62	126	14	78	142	30	94	158	46	110	174	2003	2036	2124	1994	1978	1984	1994	2093	2002	2018	2045	2027
304998	62	126	14	78	142	30	94	158	46	110	174	2000	2049	2122	1979	1961	1987	1975	2103	2009	2017	2053	2032
304998	62	126	14	78	142	30	94	158	46	110	174	2010	2037	2129	1999	1984	1978	1996	2089	2000	2020	2035	2023
304998	62	126	14	78	142	30	94	158	46	110	174	2030	2016	2142	2031	2016	1968	2030	2051	1984	2017	2013	2003
304998	62	126	14	78	142	30	94	158	46	110	174	2046	1999	2148	2054	2042	1953	2048	2036	1975	2019	2000	1989
304998	62	126	14	78	142	30	94	158	46	110	174	2039	2006	2148	2045	2027	1962	2041	2046	1982	2016	2014	2004
304998	62	126	14	78	142	30	94	158	46	110	174	2016	2030	2130	2015	1988	1988	2005	2080	2002	2016	2036	2024
304998	62	126	14	78	142	30	94	158	46	110	174	1996	2049	2127	1982	1968	1986	1993	2109	2008	2020	2047	2042
304998	62	126	14	78	142	30	94	158	46	110	174	1997	2051	2117	1980	1970	1988	1982	2103	2001	2019	2039	2025
304998	62	126	14	78	142	30	94	158	46	110	174	2019	2027	2130	2013	2000	1970	2021	2072	1980	2019	2021	2009
304998	62	126	14	78	142	30	94	158	46	110	174	2038	2001	2154	2045	2036	1953	2040	2036	1971	2022	2009	1992
304998	62	126	14	78	142	30	94	158	46	110	174	2045	2002	2159	2054	2035	1960	2052	2036	1980	2016	2009	2000
304998	62	126	14	78	142	30	94	158	46	110	174	2031	2023	2149	2031	2008	1975	2034	2064	1992	2018	2018	2018
304998	62	126	14	78	142	30	94	158	46	110	174	2004	2044	2121	1998	1974	1982	1994	2097	2000	2018	2039	2029
304998	62	126	14	78	142	30	94	158	46	110	174	2000	2049	2107	1977	1962	1986	1983	2111	2006	2021	2047	2027
304998	62	126	14	78	142	30	94	158	46	110	174	2004	2028	2128	1988	1984	1982	1993	2084	1999	2016	2042	2025
304998	62	126	14	78	142	30	94	158	46	110	174	2033	2014	2148	2024	2015	1970	2025	2058	1989	2018	2017	2011
304998	62	126	14	78	142	30	94	158	46	110	174	2046	2002	2165	2053	2041	1957	2056	2042	1970	2021	2000	1995
304998	62	126	14	78	142	30	94	158	46	110	174	2039	2016	2149	2048	2026	1962	2045	2050	1983	2020	2006	2005
