304998	62	126	14	78	142	30	94	158	46	110	174	2025	2038	2118	2014	1992	1978	2018	2080	1993	2021	2025	2013
304998	62	126	14	78	142	30	94	158	46	110	174	2000	2047	2108	1983	1969	1991	1985	2101	2008	2018	2053	2035
304998	62	126	14	78	142	30	94	158	46	110	174	1999	2043	2123	1977	1968	1986	1976	2106	2009	2018	2051	2036
304998	62	126	14	78	142	30	94	158	46	110	174	2013	2023	2142	2007	1997	1979	2006	2076	1991	2018	2029	2018
304998	62	126	14	78	142	30	94	158	46	110	174	2030	2010	2159	2042	2019	1967	2038	2047	1973	2018	2000	1996
304998	62	126	14	78	142	30	94	158	46	110	174	2040	2009	2153	2053	2036	1955	2052	2035	1972	2017	2003	1992
304998	62	126	14	78	142	30	94	158	46	110	174	2033	2022	2139	2038	2017	1974	2038	2060	1985	2019	2019	2012
304998	62	126	14	78	142	30	94	158	46	110	174	2007	2038	2119	2001	1983	1987	2000	2094	2007	2021	2042	2033
304998	62	126	14	78	142	30	94	158	46	110	174	1998	2048	2119	1976	1962	1990	1987	2115	2006	2016	2047	2038
304998	62	126	14	78	142	30	94	158	46	110	174	1996	2040	2137	1986	1972	1984	1993	2094	2000	2017	2032	2020
304998	62	126	14	78	142	30	94	158	46	110	174	2025	2028	2148	2022	2014	1964	2021	2063	1981	2022	2017	2002
304998	62	126	14	78	142	30	94	158	46	110	174	2041	2005	2152	2051	2030	1956	2054	2036	1980	2017	2006	1997
304998	62	126	14	78	142	30	94	158	46	110	174	2040	2006	2148	2051	2030	1964	2046	2043	1983	2016	2009	2011
304998	62	126	14	78	142	30	94	158	46	110	174	2023	2023	2134	2018	1992	1983	2022	2075	1996	2022	2022	2019
304998	62	126	14	78	142	30	94	158	46	110	174	1994	2041	2128	1988	1961	1993	1987	2104	2004	2021	2045	2031
304998	62	126	14	78	142	30	94	158	46	110	174	1999	2049	2126	1976	1970	1991	1986	2104	2005	2022	2051	2028
304998	62	126	14	78	142	30	94	158	46	110	174	2009	2034	2128	2004	1993	1978	2002	2077	1996	2017	2034	2020
304998	62	126	14	78	142	30	94	158	46	110	174	2033	2006	2148	2039	2025	1959	2042	2052	1987	2020	2011	2006
304998	62	126	14	78	142	30	94	158	46	110	174	2044	2001	2157	2057	2036	1958	2049	2042	1975	2018	1999	1997
304998	62	126	14	78	142	30	94	158	46	110	174	2034	2016	2145	2043	2011	1969	2051	2057	1987	2016	2014	2003
304998	62	126	14	78	142	30	94	158	46	110	174	2008	2036	2128	2001	1982	1981	2009	2087	2003	2022	2038	2022
304998	62	126	14	78	142	30	94	158	46	110	174	1999	2050	2112	1977	1966	1987	1981	2113	2016	2019	2054	2044
304998	62	126	14	78	142	30	94	158	46	110	174	2002	2040	2122	1991	1974	1990	1989	2106	2001	2021	2038	2026
304998	62	126	14	78	142	30	94	158	46	110	174	2022	2014	2144	2016	2004	1973	2018	2067	1983	2020	2020	2014
304998	62	126	14	78	142	30	94	158	46	110	174	2042	2004	2160	2048	2029	1962	2059	2046	1968	2019	2003	1986
304998	62	126	14	78	142	30	94	158	46	110	174	2040	2008	2159	2055	2024	1962	2048	2044	1984	2020	2013	2004
304998	62	126	14	78	142	30	94	158	46	110	174	2028	2031	2134	2024	2008	1969	2035	2075	1997	2021	2028	2018
304998	62	126	14	78	142	30	94	158	46	110	174	2003	2045	2112	1989	1971	1989	1991	2106	2005	2016	2042	2039
304998	62	126	14	78	142	30	94	158	46	110	174	1999	2042	2118	1978	1965	1994	1986	2107	2006	2018	2044	2029
304998	62	126	14	78	142	30	94	158	46	110	174	2009	2031	2143	1995	1985	1979	2004	2085	1989	2021	2038	2011
304998	62	126	14	78	142	30	94	158	46	110	174	2022	2010	2155	2036	2014	1969	2028	2047	1984	2020	2016	2005
304998	62	126	14	78	142	30	94	158	46	110	174	2043	2009	2155	2054	2031	1957	2055	2042	1973	2016	2002	1999
304998	62	126	14	78	142	30	94	158	46	110	174	2034	2015	2141	2044	2021	1967	2045	2054	1981	2017	2010	2012
304998	62	126	14	78	142	30	94	158	46	110	174	2018	2028	2121	2015	1986	1986	2017	2086	1996	2022	2030	2016
304998	62	126	14	78	142	30	94	158	46	110	174	1996	2042	2120	1983	1963	1997	1989	2105	2005	2018	2051	2033
304998	62	126	14	78	142	30	94	158	46	110	174	1994	2037	2131	1982	1967	1993	1993	2102	2008	2020	2050	2031
304998	62	126	14	78	142	30	94	158	46	110	174	2017	2031	2142	2012	2003	1964	2021	2079	1983	2019	2020	2020
304998	62	126	14	78	142	30	94	158	46	110	174	2040	2011	2153	2048	2034	1956	2051	2043	1971	2016	2003	1997
304998	62	126	14	78	142	30	94	158	46	110	174	2039	2001	2154	2059	2025	1965	2057	2039	1972	2020	2002	1992
304998	62	126	14	78	142	30	94	158	46	110	174	2024	2014	2140	2029	2010	1976	2028	2065	1996	2020	2029	2016
304998	62	126	14	78	142	30	94	158	46	110	174	1999	2038	2134	1996	1962	2000	1996	2099	2010	2018	2044	2033
304998	62	126	14	78	142	30	94	158	46	110	174	1995	2051	2121	1976	1969	1988	1987	2113	2006	2022	2041	2036
304998	62	126	14	78	142	30	94	158	46	110	174	2004	2039	2126	1997	1984	1983	2002	2094	1994	2020	2031	2015
304998	62	126	14	78	142	30	94	158	46	110	174	2030	2013	2148	2032	2014	1965	2033	2054	1979	2019	2017	1995
304998	62	126	14	78	142	30	94	158	46	110	174	2039	2000	2154	2053	2035	1960	2050	2038	1977	2021	2010	2001
304998	62	126	14	78	142	30	94	158	46	110	174	2033	2008	2156	2050	2015	1969	2046	2052	1986	2021	2013	2011
304998	62	126	14	78	142	30	94	158	46	110	174	2015	2036	2129	2011	1992	1976	2025	2082	1992	2020	2028	2024
304998	62	126	14	78	142	30	94	158	46	110	174	2001	2049	2114	1979	1964	1991	1991	2111	2003	2020	2042	2029
304998	62	126	14	78	142	30	94	158	46	110	174	2000	2041	2120	1977	1967	1996	1992	2103	2008	2020	2045	2026
304998	62	126	14	78	142	30	94	158	46	110	174	2018	2027	2138	2011	1999	1973	2017	2076	1995	2016	2029	2019
304998	62	126	14	78	142	30	94	158	46	110	174	2031	2006	2160	2047	2022	1961	2038	2047	1974	2017	2009	2000
304998	62	126	14	78	142	30	94	158	46	110	174	2040	2006	2157	2056	2024	1960	2058	2039	1975	2016	2003	1996
304998	62	126	14	78	142	30	94	158	46	110	174	2029	2023	2132	2035	2013	1970	2039	2059	1983	2020	2025	2008
304998	62	126	14	78	142	30	94	158	46	110	174	2010	2039	2121	1996	1970	1989	1997	2096	2004	2022	2044	2023
304998	62	126	14	78	142	30	94	158	46	110	174	1999	2045	2114	1972	1970	1992	1992	2113	2010	2020	2045	2043
304998	62	126	14	78	142	30	94	158	46	110	174	2003	2033	2140	1997	1978	1983	2002	2094	1996	2020	2039	2026
304998	62	126	14	78	142	30	94	158	46	110	174	2019	2019	2148	2029	2011	1965	2025	2057	1975	2018	2018	1997
304998	62	126	14	78	142	30	94	158	46	110	174	2044	2008	2150	2051	2029	1960	2057	2038	1977	2018	2006	1995
304998	62	126	14	78	142	30	94	158	46	110	174	2037	2008	2149	2051	2021	1968	2051	2045	1988	2020	2013	2005
304998	62	126	14	78	142	30	94	158	46	110	174	2022	2026	2128	2014	1997	1979	2022	2079	1993	2018	2026	2031
304998	62	126	14	78	142	30	94	158	46	110	174	2002	2040	2126	1986	1965	1991	1992	2107	2005	2022	2042	2035
304998	62	126	14	78	142	30	94	158	46	110	174	1996	2051	2122	1986	1965	1988	1995	2108	2004	2023	2043	2020
304998	62	126	14	78	142	30	94	158	46	110	174	2011	2031	2132	2003	1996	1979	2005	2077	2000	2020	2033	2019
304998	62	126	14	78	142	30	94	158	46	110	174	2037	2005	2148	2040	2016	1967	2034	2048	1978	2019	2012	2005
304998	62	126	14	78	142	30	94	158	46	110	174	2043	1996	2158	2055	2031	1957	2055	2038	1974	2019	2000	1995
304998	62	126	14	78	142	30	94	158	46	110	174	2027	2013	2147	2040	2013	1972	2038	2059	1987	2018	2012	2005
304998	62	126	14	78	142	30	94	158	46	110	174	2009	2039	2124	2005	1984	1981	2008	2091	2005	2016	2039	2023
304998	62	126	14	78	142	30	94	158	46	110	174	2000	2049	2114	1974	1968	1995	1982	2114	2012	2017	2050	2038
304998	62	126	14	78	142	30	94	158	46	110	174	2006	2039	2120	1993	1970	1986	2007	2101	2001	2021	2043	2029
304998	62	126	14	78	142	30	94	158	46	110	174	2015	2013	2158	2023	2011	1963	2018	2064	1983	2019	2020	2006
304998	62	126	14	78	142	30	94	158	46	110	174	2043	2004	2158	2054	2031	1952	2045	2038	1973	2017	2006	1993
304998	62	126	14	78	142	30	94	158	46	110	174	2043	2008	2158	2055	2027	1966	2060	2045	1981	2022	2015	2001
304998	62	126	14	78	142	30	94	158	46	110	174	2031	2028	2122	2020	2004	1981	2034	2080	1993	2017	2027	2021
304998	62	126	14	78	142	30	94	158	46	110	174	2007	2044	2110	1989	1963	1989	1997	2107	2001	2020	2042	2034
304998	62	126	14	78	142	30	94	158	46	110	174	1996	2039	2125	1977	1970	1985	1984	2105	2004	2021	2041	2030
304998	62	126	14	78	142	30	94	158	46	110	174	2010	2037	2142	1999	1990	1978	2015	2077	2001	2016	2032	2011
304998	62	126	14	78	142	30	94	158	46	110	174	2027	2013	2156	2033	2027	1963	2031	2048	1981	2021	2014	2002
304998	62	126	14	78	142	30	94	158	46	110	174	2046	2009	2148	2053	2033	1962	2055	2040	1967	2021	2001	2003
304998	62	126	14	78	142	30	94	158	46	110	174	2035	2009	2146	2045	2015	1971	2039	2055	1985	2019	2009	2005
304998	62	126	14	78	142	30	94	158	46	110	174	2012	2030	2126	2005	1987	1979	2010	2085	2005	2016	2034	2018
304998	62	126	14	78	142	30	94	158	46	110	174	1998	2045	2126	1981	1964	1992	1993	2107	2010	2018	2050	2030
304998	62	126	14	78	142	30	94	158	46	110	174	2001	2051	2122	1983	1977	1984	1988	2101	2002	2022	2041	2029
304998	62	126	14	78	142	30	94	158	46	110	174	2029	2025	2136	2018	2003	1970	2023	2075	1978	2016	2018	2017
304998	62	126	14	78	142	30	94	158	46	110	174	2034	1998	2154	2048	2029	1960	2041	2038	1975	2021	1998	1994
304998	62	126	14	78	142	30	94	158	46	110	174	2046	2008	2153	2057	2031	1957	2049	2035	1981	2021	2004	1994
304998	62	126	14	78	142	30	94	158	46	110	174	2022	2019	2148	2029	2004	1977	2021	2072	1994	2021	2029	2017
304998	62	126	14	78	142	30	94	158	46	110	174	2008	2050	2116	1992	1978	1993	2000	2104	2003	2018	2045	2031
304998	62	126	14	78	142	30	94	158	46	110	174	2003	2048	2113	1975	1969	1989	1986	2107	2004	2018	2044	2036
304998	62	126	14	78	142	30	94	158	46	110	174	2005	2027	2126	1998	1985	1979	1998	2081	1994	2021	2031	2010
304998	62	126	14	78	142	30	94	158	46	110	174	2031	2013	2151	2031	2024	1959	2034	2053	1985	2020	2018	2003
304998	62	126	14	78	142	30	94	158	46	110	174	2039	2006	2161	2054	2029	1962	2062	2038	1977	2022	2010	2002
304998	62	126	14	78	142	30	94	158	46	110	174	2039	2019	2144	2044	2021	1967	2048	2052	1979	2020	2009	2011
304998	62	126	14	78	142	30	94	158	46	110	174	2020	2033	2126	2008	1991	1985	2016	2080	1994	2017	2024	2018
304998	62	126	14	78	142	30	94	158	46	110	174	2000	2044	2117	1987	1965	1987	1985	2105	2014	2022	2047	2030
304998	62	126	14	78	142	30	94	158	46	110	174	2002	2044	2126	1979	1979	1987	1986	2103	2002	2017	2048	2024
304998	62	126	14	78	142	30	94	158	46	110	174	2017	2023	2150	2014	1993	1976	2015	2075	1985	2022	2024	2016
304998	62	126	14	78	142	30	94	158	46	110	174	2035	2015	2154	2047	2030	1964	2042	2041	1971	2022	2000	1999
304998	62	126	14	78	142	30	94	158	46	110	174	2045	2006	2149	2055	2026	1963	2056	2037	1981	2019	1999	1992
304998	62	126	14	78	142	30	94	158	46	110	174	2028	2015	2132	2032	2015	1967	2031	2066	1991	2018	2020	2012
304998	62	126	14	78	142	30	94	158	46	110	174	2007	2042	2124	1997	1978	1985	2004	2101	2001	2018	2043	2031
304998	62	126	14	78	142	30	94	158	46	110	174	1999	2049	2121	1976	1965	1991	1991	2112	2003	2017	2046	2040
304998	62	126	14	78	142	30	94	158	46	110	174	2013	2041	2127	1991	1981	1980	2013	2091	2001	2021	2029	2022
304998	62	126	14	78	142	30	94	158	46	110	174	2031	2015	2144	2036	1997	1975	2022	2054	1988	2017	2013	1999
304998	62	126	14	78	142	30	94	158	46	110	174	2041	2001	2156	2061	2034	1953	2047	2038	1976	2020	2009	1995
304998	62	126	14	78	142	30	94	158	46	110	174	2039	2004	2154	2050	2021	1963	2041	2047	1977	2017	2010	2012
304998	62	126	14	78	142	30	94	158	46	110	174	2016	2034	2139	2017	1995	1984	2021	2077	1993	2020	2023	2021
304998	62	126	14	78	142	30	94	158	46	110	174	2001	2049	2118	1981	1973	1989	1991	2105	2013	2018	2038	2026
304998	62	126	14	78	142	30	94	158	46	110	174	2001	2043	2117	1985	1973	1986	1987	2108	2004	2020	2043	2025
304998	62	126	14	78	142	30	94	158	46	110	174	2015	2027	2131	2008	2002	1969	2019	2077	1986	2016	2033	2014
304998	62	126	14	78	142	30	94	158	46	110	174	2037	2003	2157	2042	2024	1961	2052	2045	1973	2022	2011	2009
304998	62	126	14	78	142	30	94	158	46	110	174	2042	2004	2163	2055	2033	1962	2055	2038	1976	2019	2000	1997
304998	62	126	14	78	142	30	94	158	46	110	174	2034	2019	2142	2034	2008	1969	2032	2063	1991	2020	2015	2004
304998	62	126	14	78	142	30	94	158	46	110	174	2015	2038	2120	1998	1981	1985	2010	2096	2001	2017	2044	2029
304998	62	126	14	78	142	30	94	158	46	110	174	1999	2045	2118	1978	1963	1993	1993	2111	2003	2017	2051	2035
304998	62	126	14	78	142	30	94	158	46	110	174	2006	2033	2139	1993	1983	1981	1996	2094	1999	2017	2031	2030
304998	62	126	14	78	142	30	94	158	46	110	174	2021	2020	2151	2023	1999	1969	2022	2062	1985	2021	2012	2004
304998	62	126	14	78	142	30	94	158	46	110	174	2037	2008	2151	2057	2034	1953	2051	2038	1972	2020	2006	1990
304998	62	126	14	78	142	30	94	158	46	110	174	2043	2007	2148	2050	2022	1968	2055	2050	1979	2018	2013	2003
304998	62	126	14	78	142	30	94	158	46	110	174	2023	2023	2133	2020	1999	1983	2021	2076	1991	2017	2028	2026
304998	62	126	14	78	142	30	94	158	46	110	174	2002	2044	2127	1994	1968	1996	1993	2106	2013	2019	2040	2030
304998	62	126	14	78	142	30	94	158	46	110	174	1997	2048	2128	1983	1965	1986	1988	2112	2008	2019	2041	2025
304998	62	126	14	78	142	30	94	158	46	110	174	2013	2036	2138	2003	1997	1974	2017	2083	1993	2017	2033	2015
304998	62	126	14	78	142	30	94	158	46	110	174	2035	2007	2149	2043	2018	1971	2048	2045	1972	2019	2013	2005
304998	62	126	14	78	142	30	94	158	46	110	174	2043	1999	2158	2059	2037	1960	2049	2033	1975	2021	2003	2002
304998	62	126	14	78	142	30	94	158	46	110	174	2031	2015	2147	2040	2009	1969	2034	2064	1984	2019	2011	2004
304998	62	126	14	78	142	30	94	158	46	110	174	2011	2035	2132	2005	1980	1980	2012	2090	2002	2017	2035	2018
304998	62	126	14	78	142	30	94	158	46	110	174	1997	2049	2115	1977	1969	1988	1991	2112	2005	2018	2047	2037
304998	62	126	14	78	142	30	94	158	46	110	174	2008	2041	2124	1992	1967	1989	1998	2094	2001	2020	2037	2031
304998	62	126	14	78	142	30	94	158	46	110	174	2019	2016	2150	2016	2015	1968	2019	2065	1990	2021	2016	2008
304998	62	126	14	78	142	30	94	158	46	110	174	2043	2004	2161	2048	2030	1960	2055	2048	1973	2021	1999	1989
304998	62	126	14	78	142	30	94	158	46	110	174	2042	2010	2158	2060	2030	1957	2059	2046	1974	2016	2010	1999
304998	62	126	14	78	142	30	94	158	46	110	174	2027	2031	2127	2021	2007	1972	2041	2069	1989	2022	2023	2020
304998	62	126	14	78	142	30	94	158	46	110	174	2006	2040	2118	1992	1964	1990	1997	2103	2013	2021	2042	2034
304998	62	126	14	78	142	30	94	158	46	110	174	1991	2043	2122	1975	1967	1994	1985	2112	2008	2020	2038	2033
304998	62	126	14	78	142	30	94	158	46	110	174	2010	2028	2143	1997	1993	1977	2009	2088	1995	2021	2031	2013
304998	62	126	14	78	142	30	94	158	46	110	174	2027	2016	2156	2036	2024	1954	2036	2049	1973	2019	2016	2000
304998	62	126	14	78	142	30	94	158	46	110	174	2048	2004	2148	2056	2031	1958	2056	2035	1983	2021	2002	2006
304998	62	126	14	78	142	30	94	158	46	110	174	2029	2005	2150	2041	2015	1970	2039	2053	1984	2018	2013	2005
304998	62	126	14	78	142	30	94	158	46	110	174	2015	2030	2133	2006	1985	1986	2012	2091	1997	2018	2029	2014
304998	62	126	14	78	142	30	94	158	46	110	174	1992	2043	2131	1979	1967	1993	1981	2107	2005	2021	2047	2035
304998	62	126	14	78	142	30	94	158	46	110	174	2004	2051	2120	1984	1977	1981	1994	2097	2006	2020	2045	2031
304998	62	126	14	78	142	30	94	158	46	110	174	2021	2023	2136	2018	2003	1971	2012	2067	1992	2022	2018	2014
304998	62	126	14	78	142	30	94	158	46	110	174	2039	1997	2151	2047	2029	1959	2038	2039	1973	2017	2001	1991
304998	62	126	14	78	142	30	94	158	46	110	174	2046	2002	2166	2059	2029	1959	2055	2045	1969	2021	2010	1999
304998	62	126	14	78	142	30	94	158	46	110	174	2023	2021	2144	2032	2003	1969	2025	2063	1986	2022	2026	2016
304998	62	126	14	78	142	30	94	158	46	110	174	2010	2046	2112	1989	1986	1989	2013	2099	2010	2016	2035	2032
304998	62	126	14	78	142	30	94	158	46	110	174	2004	2046	2114	1975	1966	1996	1986	2112	2007	2017	2041	2034
304998	62	126	14	78	142	30	94	158	46	110	174	2011	2033	2130	1993	1981	1981	2005	2092	1993	2020	2033	2015
304998	62	126	14	78	142	30	94	158	46	110	174	2027	2015	2157	2032	2015	1964	2038	2056	1979	2016	2018	2002
304998	62	126	14	78	142	30	94	158	46	110	174	2041	2013	2153	2053	2037	1956	2054	2033	1984	2021	2002	2004
304998	62	126	14	78	142	30	94	158	46	110	174	2036	2015	2144	2045	2024	1968	2046	2051	1986	2021	2007	2009
304998	62	126	14	78	142	30	94	158	46	110	174	2013	2024	2127	2012	1985	1987	2008	2083	1996	2021	2023	2018
304998	62	126	14	78	142	30	94	158	46	110	174	2002	2045	2124	1977	1968	1989	1992	2107	2003	2019	2048	2028
304998	62	126	14	78	142	30	94	158	46	110	174	1999	2044	2133	1981	1971	1985	1985	2102	2008	2021	2046	2036
304998	62	126	14	78	142	30	94	158	46	110	174	2020	2035	2141	2009	2001	1969	2024	2077	1989	2021	2025	2017
304998	62	126	14	78	142	30	94	158	46	110	174	2033	2006	2149	2043	2033	1960	2048	2045	1972	2021	2001	1995
304998	62	126	14	78	142	30	94	158	46	110	174	2049	2000	2154	2059	2024	1959	2052	2042	1968	2020	2005	1995
304998	62	126	14	78	142	30	94	158	46	110	174	2026	2016	2147	2034	2006	1970	2028	2057	1984	2017	2022	2018
304998	62	126	14	78	142	30	94	158	46	110	174	2005	2041	2128	1998	1979	1986	1998	2099	2008	2021	2040	2033
304998	62	126	14	78	142	30	94	158	46	110	174	1994	2052	2120	1976	1968	1997	1996	2113	2013	2018	2041	2031
