304998	62	126	14	78	142	30	94	158	46	110	174	1992	2043	2110	1973	1938	2013	1968	2119	2031	2020	2046	2046
304998	62	126	14	78	142	30	94	158	46	110	174	2000	2039	2105	1978	1961	1996	1975	2113	2012	2022	2040	2026
304998	62	126	14	78	142	30	94	158	46	110	174	2026	2015	2152	2021	2006	1963	2026	2064	1972	2018	2023	2002
304998	62	126	14	78	142	30	94	158	46	110	174	2042	1999	2175	2067	2048	1933	2072	2028	1946	2017	2002	1981
304998	62	126	14	78	142	30	94	158	46	110	174	2045	2008	2173	2071	2039	1940	2075	2026	1957	2020	1995	1985
304998	62	126	14	78	142	30	94	158	46	110	174	2020	2022	2141	2034	2006	1970	2031	2068	1998	2019	2018	2013
304998	62	126	14	78	142	30	94	158	46	110	174	2004	2035	2103	1982	1967	2014	1988	2116	2025	2018	2048	2042
304998	62	126	14	78	142	30	94	158	46	110	174	1996	2036	2105	1970	1950	2017	1962	2123	2024	2021	2056	2057
304998	62	126	14	78	142	30	94	158	46	110	174	2008	2034	2132	1992	1981	1983	2000	2089	2002	2016	2028	2022
304998	62	126	14	78	142	30	94	158	46	110	174	2026	2015	2175	2046	2028	1946	2042	2045	1963	2020	2006	1987
304998	62	126	14	78	142	30	94	158	46	110	174	2049	2008	2165	2072	2062	1930	2082	2025	1940	2021	1992	1965
304998	62	126	14	78	142	30	94	158	46	110	174	2039	2008	2161	2059	2031	1954	2060	2042	1969	2020	2015	2001
304998	62	126	14	78	142	30	94	158	46	110	174	2018	2028	2123	2010	1981	1994	2009	2085	2010	2016	2032	2040
304998	62	126	14	78	142	30	94	158	46	110	174	1996	2051	2101	1972	1945	2023	1973	2124	2039	2021	2046	2053
304998	62	126	14	78	142	30	94	158	46	110	174	2002	2040	2110	1970	1963	2009	1979	2113	2017	2016	2040	2038
304998	62	126	14	78	142	30	94	158	46	110	174	2023	2023	2143	2017	2000	1973	2028	2074	1980	2016	2026	2010
304998	62	126	14	78	142	30	94	158	46	110	174	2044	2006	2176	2058	2050	1926	2062	2021	1949	2022	2005	1982
304998	62	126	14	78	142	30	94	158	46	110	174	2045	2005	2176	2072	2044	1934	2074	2024	1954	2018	1997	1979
304998	62	126	14	78	142	30	94	158	46	110	174	2028	2021	2142	2038	2017	1973	2038	2061	1988	2022	2012	2008
304998	62	126	14	78	142	30	94	158	46	110	174	2012	2040	2098	1994	1958	2018	2003	2109	2025	2017	2044	2044
304998	62	126	14	78	142	30	94	158	46	110	174	1996	2036	2103	1969	1945	2019	1963	2115	2038	2017	2053	2054
304998	62	126	14	78	142	30	94	158	46	110	174	2007	2034	2127	1993	1969	1990	1997	2098	2009	2021	2036	2030
304998	62	126	14	78	142	30	94	158	46	110	174	2028	2016	2168	2037	2026	1943	2042	2049	1960	2021	2005	1988
304998	62	126	14	78	142	30	94	158	46	110	174	2051	2008	2170	2073	2049	1928	2076	2021	1930	2017	1997	1966
304998	62	126	14	78	142	30	94	158	46	110	174	2046	2008	2157	2057	2034	1943	2063	2029	1961	2018	2013	1992
304998	62	126	14	78	142	30	94	158	46	110	174	2020	2026	2126	2013	1983	1990	2011	2080	2009	2017	2031	2034
304998	62	126	14	78	142	30	94	158	46	110	174	2001	2039	2107	1976	1951	2024	1972	2116	2035	2020	2042	2058
304998	62	126	14	78	142	30	94	158	46	110	174	2000	2043	2105	1972	1956	2017	1969	2113	2025	2018	2042	2044
304998	62	126	14	78	142	30	94	158	46	110	174	2023	2025	2132	2009	1995	1969	2009	2072	1981	2022	2028	2004
304998	62	126	14	78	142	30	94	158	46	110	174	2034	2004	2174	2059	2039	1927	2056	2030	1947	2018	2009	1982
304998	62	126	14	78	142	30	94	158	46	110	174	2045	2004	2179	2070	2059	1916	2074	2030	1937	2022	1997	1975
304998	62	126	14	78	142	30	94	158	46	110	174	2030	2018	2151	2044	2018	1963	2044	2052	1975	2019	2014	2002
304998	62	126	14	78	142	30	94	158	46	110	174	2016	2042	2100	1990	1969	2018	2007	2103	2028	2017	2038	2039
304998	62	126	14	78	142	30	94	158	46	110	174	1999	2037	2099	1967	1948	2028	1964	2120	2052	2020	2053	2059
304998	62	126	14	78	142	30	94	158	46	110	174	2002	2032	2122	1987	1972	1995	1978	2101	2016	2017	2035	2038
304998	62	126	14	78	142	30	94	158	46	110	174	2019	2012	2171	2034	2019	1945	2030	2050	1960	2018	2011	1990
304998	62	126	14	78	142	30	94	158	46	110	174	2047	2009	2177	2067	2053	1913	2076	2021	1924	2019	1998	1963
304998	62	126	14	78	142	30	94	158	46	110	174	2047	2013	2156	2063	2042	1929	2068	2030	1959	2017	2012	1984
304998	62	126	14	78	142	30	94	158	46	110	174	2018	2018	2124	2024	1996	1982	2012	2078	2004	2021	2028	2029
304998	62	126	14	78	142	30	94	158	46	110	174	2005	2031	2110	1980	1950	2035	1968	2114	2049	2017	2041	2056
304998	62	126	14	78	142	30	94	158	46	110	174	1996	2037	2111	1972	1949	2029	1962	2113	2042	2020	2041	2043
304998	62	126	14	78	142	30	94	158	46	110	174	2020	2031	2131	2000	1991	1975	2021	2079	1999	2021	2032	2014
304998	62	126	14	78	142	30	94	158	46	110	174	2035	2008	2175	2051	2034	1926	2049	2035	1941	2020	2011	1982
304998	62	126	14	78	142	30	94	158	46	110	174	2041	2005	2181	2070	2058	1912	2071	2023	1929	2018	2002	1980
304998	62	126	14	78	142	30	94	158	46	110	174	2031	2015	2161	2050	2024	1953	2046	2048	1969	2021	2013	1999
304998	62	126	14	78	142	30	94	158	46	110	174	2018	2038	2104	2000	1980	2014	1998	2090	2031	2016	2031	2028
304998	62	126	14	78	142	30	94	158	46	110	174	2003	2039	2088	1970	1943	2042	1966	2121	2056	2016	2051	2060
304998	62	126	14	78	142	30	94	158	46	110	174	2004	2031	2114	1985	1973	2008	1969	2104	2025	2017	2038	2041
304998	62	126	14	78	142	30	94	158	46	110	174	2025	2019	2160	2022	2015	1949	2029	2060	1959	2016	2015	1993
304998	62	126	14	78	142	30	94	158	46	110	174	2039	2014	2188	2066	2051	1909	2061	2022	1924	2017	2000	1961
304998	62	126	14	78	142	30	94	158	46	110	174	2047	2013	2166	2064	2043	1918	2073	2035	1941	2017	2011	1973
304998	62	126	14	78	142	30	94	158	46	110	174	2025	2021	2127	2033	1996	1981	2026	2071	1995	2021	2028	2021
304998	62	126	14	78	142	30	94	158	46	110	174	2007	2037	2097	1983	1960	2040	1990	2109	2051	2017	2042	2060
304998	62	126	14	78	142	30	94	158	46	110	174	2002	2037	2108	1969	1955	2038	1961	2113	2049	2017	2040	2054
304998	62	126	14	78	142	30	94	158	46	110	174	2018	2035	2125	1998	1985	1983	1997	2083	2005	2018	2029	2016
304998	62	126	14	78	142	30	94	158	46	110	174	2038	2017	2161	2045	2031	1915	2041	2048	1937	2018	2015	1976
304998	62	126	14	78	142	30	94	158	46	110	174	2049	2004	2175	2068	2051	1902	2073	2025	1918	2023	2006	1970
304998	62	126	14	78	142	30	94	158	46	110	174	2039	2015	2156	2051	2032	1944	2052	2044	1960	2020	2012	1997
304998	62	126	14	78	142	30	94	158	46	110	174	2017	2035	2115	2005	1981	2009	2005	2086	2033	2019	2031	2029
304998	62	126	14	78	142	30	94	158	46	110	174	2004	2042	2089	1974	1952	2048	1966	2119	2064	2017	2046	2056
304998	62	126	14	78	142	30	94	158	46	110	174	2009	2035	2104	1985	1970	2018	1971	2105	2040	2020	2044	2042
304998	62	126	14	78	142	30	94	158	46	110	174	2022	2022	2151	2020	2010	1953	2018	2064	1967	2018	2022	2007
304998	62	126	14	78	142	30	94	158	46	110	174	2039	2009	2184	2057	2046	1904	2060	2023	1920	2021	2005	1965
304998	62	126	14	78	142	30	94	158	46	110	174	2039	2015	2175	2066	2042	1908	2062	2034	1929	2016	2004	1965
304998	62	126	14	78	142	30	94	158	46	110	174	2032	2028	2130	2034	2014	1967	2038	2073	1986	2016	2023	2012
304998	62	126	14	78	142	30	94	158	46	110	174	2015	2036	2098	1991	1966	2039	1991	2103	2052	2022	2040	2052
304998	62	126	14	78	142	30	94	158	46	110	174	2007	2036	2094	1971	1960	2047	1971	2112	2059	2016	2041	2069
304998	62	126	14	78	142	30	94	158	46	110	174	2007	2027	2137	1997	1976	1996	1985	2083	2018	2022	2031	2026
304998	62	126	14	78	142	30	94	158	46	110	174	2033	2020	2166	2037	2018	1921	2038	2048	1939	2021	2012	1976
304998	62	126	14	78	142	30	94	158	46	110	174	2041	2015	2177	2065	2050	1893	2075	2032	1908	2022	2013	1964
304998	62	126	14	78	142	30	94	158	46	110	174	2036	2017	2152	2053	2031	1929	2051	2042	1945	2020	2014	1992
304998	62	126	14	78	142	30	94	158	46	110	174	2017	2024	2121	2018	1989	2011	2010	2077	2026	2020	2031	2037
304998	62	126	14	78	142	30	94	158	46	110	174	2001	2038	2097	1982	1956	2053	1971	2110	2081	2017	2039	2061
304998	62	126	14	78	142	30	94	158	46	110	174	2008	2042	2096	1980	1974	2030	1976	2111	2046	2020	2042	2044
304998	62	126	14	78	142	30	94	158	46	110	174	2023	2028	2136	2011	2007	1963	2009	2072	1976	2017	2027	2002
304998	62	126	14	78	142	30	94	158	46	110	174	2038	2012	2177	2051	2035	1899	2051	2033	1911	2019	2012	1976
304998	62	126	14	78	142	30	94	158	46	110	174	2039	2010	2180	2060	2042	1897	2068	2033	1916	2020	2006	1971
304998	62	126	14	78	142	30	94	158	46	110	174	2023	2018	2150	2044	2007	1963	2036	2062	1981	2022	2019	2002
304998	62	126	14	78	142	30	94	158	46	110	174	2015	2036	2100	1996	1983	2043	2000	2102	2056	2017	2037	2045
304998	62	126	14	78	142	30	94	158	46	110	174	2006	2035	2080	1979	1964	2065	1974	2108	2076	2020	2047	2065
304998	62	126	14	78	142	30	94	158	46	110	174	2016	2031	2116	1996	1984	2005	1990	2088	2025	2022	2034	2037
304998	62	126	14	78	142	30	94	158	46	110	174	2027	2013	2168	2029	2014	1925	2026	2058	1946	2020	2015	1988
304998	62	126	14	78	142	30	94	158	46	110	174	2036	2013	2189	2059	2043	1884	2063	2033	1895	2021	2006	1957
304998	62	126	14	78	142	30	94	158	46	110	174	2034	2021	2164	2051	2030	1921	2055	2043	1932	2017	2015	1978
304998	62	126	14	78	142	30	94	158	46	110	174	2019	2027	2116	2017	1990	2007	2014	2071	2017	2019	2029	2031
304998	62	126	14	78	142	30	94	158	46	110	174	2013	2032	2091	1987	1969	2061	1985	2105	2086	2018	2035	2069
304998	62	126	14	78	142	30	94	158	46	110	174	2006	2029	2101	1984	1965	2047	1973	2106	2070	2016	2035	2052
304998	62	126	14	78	142	30	94	158	46	110	174	2019	2025	2142	2012	1990	1971	2006	2077	1985	2022	2022	2009
304998	62	126	14	78	142	30	94	158	46	110	174	2027	2019	2177	2042	2033	1893	2045	2043	1908	2021	2020	1968
304998	62	126	14	78	142	30	94	158	46	110	174	2043	2017	2174	2059	2023	1890	2062	2037	1901	2016	2015	1969
304998	62	126	14	78	142	30	94	158	46	110	174	2027	2018	2146	2033	2010	1953	2036	2061	1970	2021	2018	2008
304998	62	126	14	78	142	30	94	158	46	110	174	2017	2027	2106	2004	1980	2037	2007	2092	2056	2018	2029	2048
304998	62	126	14	78	142	30	94	158	46	110	174	2006	2035	2097	1993	1953	2066	1983	2105	2085	2020	2041	2059
304998	62	126	14	78	142	30	94	158	46	110	174	2008	2035	2115	1990	1980	2024	1986	2089	2038	2019	2035	2038
304998	62	126	14	78	142	30	94	158	46	110	174	2028	2025	2150	2025	2000	1935	2028	2062	1952	2022	2020	2001
304998	62	126	14	78	142	30	94	158	46	110	174	2028	2009	2190	2048	2032	1879	2055	2045	1892	2020	2009	1966
304998	62	126	14	78	142	30	94	158	46	110	174	2032	2015	2174	2051	2023	1906	2046	2046	1915	2022	2013	1975
304998	62	126	14	78	142	30	94	158	46	110	174	2021	2026	2133	2021	1993	1995	2022	2072	2007	2021	2029	2017
304998	62	126	14	78	142	30	94	158	46	110	174	2011	2038	2091	1995	1971	2064	1995	2087	2087	2019	2038	2065
304998	62	126	14	78	142	30	94	158	46	110	174	2008	2038	2088	1989	1966	2061	1980	2100	2082	2020	2036	2063
304998	62	126	14	78	142	30	94	158	46	110	174	2015	2021	2133	2006	1995	1980	2006	2080	1999	2018	2021	2022
304998	62	126	14	78	142	30	94	158	46	110	174	2029	2018	2180	2034	2019	1898	2041	2052	1909	2020	2012	1963
304998	62	126	14	78	142	30	94	158	46	110	174	2030	2018	2197	2053	2022	1876	2052	2042	1892	2018	2018	1964
304998	62	126	14	78	142	30	94	158	46	110	174	2018	2025	2155	2036	2010	1938	2041	2060	1967	2019	2022	1999
304998	62	126	14	78	142	30	94	158	46	110	174	2016	2033	2102	2016	1973	2030	2014	2085	2053	2019	2033	2051
304998	62	126	14	78	142	30	94	158	46	110	174	2007	2024	2091	1989	1977	2072	1987	2096	2091	2018	2035	2067
304998	62	126	14	78	142	30	94	158	46	110	174	2010	2025	2115	1993	1982	2038	1995	2087	2048	2021	2029	2041
304998	62	126	14	78	142	30	94	158	46	110	174	2020	2023	2164	2017	2008	1935	2025	2063	1963	2018	2030	1999
304998	62	126	14	78	142	30	94	158	46	110	174	2028	2025	2181	2041	2017	1878	2041	2052	1890	2019	2018	1966
304998	62	126	14	78	142	30	94	158	46	110	174	2031	2020	2174	2041	2023	1891	2046	2054	1907	2020	2016	1978
304998	62	126	14	78	142	30	94	158	46	110	174	2020	2019	2137	2021	2002	1977	2024	2073	1992	2020	2019	2017
304998	62	126	14	78	142	30	94	158	46	110	174	2013	2028	2097	2000	1983	2066	1997	2085	2079	2018	2034	2054
304998	62	126	14	78	142	30	94	158	46	110	174	2010	2032	2098	1995	1979	2069	1993	2092	2099	2022	2042	2064
304998	62	126	14	78	142	30	94	158	46	110	174	2017	2035	2123	2008	1991	1988	2018	2080	2012	2021	2028	2029
304998	62	126	14	78	142	30	94	158	46	110	174	2023	2017	2170	2030	2008	1899	2025	2056	1914	2016	2020	1987
304998	62	126	14	78	142	30	94	158	46	110	174	2030	2017	2184	2036	2019	1874	2038	2051	1878	2017	2015	1958
304998	62	126	14	78	142	30	94	158	46	110	174	2023	2015	2168	2032	2009	1930	2027	2055	1943	2019	2025	1984
304998	62	126	14	78	142	30	94	158	46	110	174	2015	2025	2120	2015	1988	2023	2005	2081	2046	2022	2032	2045
304998	62	126	14	78	142	30	94	158	46	110	174	2015	2034	2081	2003	1986	2077	2001	2092	2101	2018	2034	2073
304998	62	126	14	78	142	30	94	158	46	110	174	2011	2028	2101	2001	1986	2049	1998	2082	2064	2018	2028	2054
304998	62	126	14	78	142	30	94	158	46	110	174	2022	2021	2150	2016	1996	1953	2007	2068	1968	2019	2022	1991
304998	62	126	14	78	142	30	94	158	46	110	174	2023	2017	2196	2030	2014	1873	2026	2058	1899	2020	2022	1969
304998	62	126	14	78	142	30	94	158	46	110	174	2023	2028	2183	2037	2013	1884	2027	2063	1891	2020	2022	1975
304998	62	126	14	78	142	30	94	158	46	110	174	2023	2031	2129	2021	2004	1971	2026	2070	1989	2018	2022	2014
304998	62	126	14	78	142	30	94	158	46	110	174	2015	2026	2094	2008	1994	2063	2005	2078	2076	2017	2028	2052
304998	62	126	14	78	142	30	94	158	46	110	174	2009	2022	2093	2003	1989	2073	1995	2076	2103	2022	2033	2061
304998	62	126	14	78	142	30	94	158	46	110	174	2014	2021	2132	2009	1993	2011	2003	2077	2030	2018	2036	2034
304998	62	126	14	78	142	30	94	158	46	110	174	2023	2025	2167	2024	2005	1906	2018	2064	1923	2017	2025	1988
304998	62	126	14	78	142	30	94	158	46	110	174	2025	2027	2180	2031	2013	1868	2025	2059	1877	2017	2015	1962
304998	62	126	14	78	142	30	94	158	46	110	174	2027	2020	2155	2028	2008	1917	2023	2059	1923	2020	2025	1977
304998	62	126	14	78	142	30	94	158	46	110	174	2020	2021	2121	2016	1995	2010	2011	2074	2041	2022	2031	2027
304998	62	126	14	78	142	30	94	158	46	110	174	2013	2026	2098	2008	1989	2076	2003	2079	2100	2021	2040	2074
304998	62	126	14	78	142	30	94	158	46	110	174	2016	2037	2098	2008	1999	2050	2011	2083	2074	2016	2029	2058
304998	62	126	14	78	142	30	94	158	46	110	174	2020	2026	2142	2014	2002	1963	2010	2073	1973	2018	2024	2012
304998	62	126	14	78	142	30	94	158	46	110	174	2028	2022	2175	2026	2005	1878	2018	2064	1895	2018	2019	1961
304998	62	126	14	78	142	30	94	158	46	110	174	2027	2016	2187	2030	2002	1875	2017	2063	1897	2021	2026	1968
304998	62	126	14	78	142	30	94	158	46	110	174	2020	2026	2150	2028	1994	1959	2016	2074	1972	2021	2028	2010
304998	62	126	14	78	142	30	94	158	46	110	174	2020	2031	2098	2013	2002	2046	2015	2077	2071	2017	2028	2061
304998	62	126	14	78	142	30	94	158	46	110	174	2017	2027	2077	2008	1995	2080	2006	2075	2097	2022	2031	2064
304998	62	126	14	78	142	30	94	158	46	110	174	2019	2024	2111	2010	1998	2016	2011	2065	2041	2020	2030	2032
304998	62	126	14	78	142	30	94	158	46	110	174	2023	2020	2164	2015	1999	1917	2012	2069	1940	2019	2030	1992
304998	62	126	14	78	142	30	94	158	46	110	174	2024	2025	2194	2029	1993	1873	2013	2072	1880	2022	2021	1965
304998	62	126	14	78	142	30	94	158	46	110	174	2021	2028	2170	2021	2002	1910	2011	2073	1917	2020	2023	1982
304998	62	126	14	78	142	30	94	158	46	110	174	2023	2031	2112	2017	1995	2005	2014	2069	2013	2021	2022	2021
304998	62	126	14	78	142	30	94	158	46	110	174	2013	2020	2088	2012	1997	2074	2009	2068	2099	2016	2035	2062
304998	62	126	14	78	142	30	94	158	46	110	174	2015	2027	2096	2014	2003	2059	2018	2072	2088	2020	2032	2061
304998	62	126	14	78	142	30	94	158	46	110	174	2019	2026	2141	2018	1996	1980	2020	2073	1992	2022	2029	2022
304998	62	126	14	78	142	30	94	158	46	110	174	2021	2027	2176	2020	2002	1890	2013	2070	1897	2016	2021	1971
304998	62	126	14	78	142	30	94	158	46	110	174	2025	2024	2176	2021	1993	1874	2016	2074	1886	2020	2021	1955
304998	62	126	14	78	142	30	94	158	46	110	174	2020	2021	2147	2015	1999	1943	2008	2064	1966	2016	2031	2001
304998	62	126	14	78	142	30	94	158	46	110	174	2016	2026	2105	2015	2005	2036	2012	2072	2064	2021	2033	2051
304998	62	126	14	78	142	30	94	158	46	110	174	2013	2026	2094	2017	2006	2074	2024	2074	2096	2021	2028	2074
304998	62	126	14	78	142	30	94	158	46	110	174	2014	2031	2111	2016	2007	2028	2020	2074	2044	2021	2024	2038
304998	62	126	14	78	142	30	94	158	46	110	174	2023	2025	2144	2017	1995	1935	2019	2072	1947	2017	2029	1989
304998	62	126	14	78	142	30	94	158	46	110	174	2023	2020	2184	2020	1998	1872	2002	2073	1896	2017	2029	1960
304998	62	126	14	78	142	30	94	158	46	110	174	2022	2021	2174	2017	1995	1896	2012	2076	1913	2020	2027	1982
304998	62	126	14	78	142	30	94	158	46	110	174	2020	2024	2132	2016	1996	1986	2009	2068	2002	2020	2026	2020
304998	62	126	14	78	142	30	94	158	46	110	174	2019	2030	2092	2017	2005	2068	2023	2068	2079	2021	2020	2056
304998	62	126	14	78	142	30	94	158	46	110	174	2018	2029	2088	2019	2002	2066	2019	2058	2082	2020	2028	2054
304998	62	126	14	78	142	30	94	158	46	110	174	2021	2021	2126	2015	2003	1985	2011	2065	2012	2021	2029	2024
