304998	62	126	14	78	142	30	94	158	46	110	174	2009	2040	2122	1994	1982	1986	2005	2092	1995	2017	2032	2016
304998	62	126	14	78	142	30	94	158	46	110	174	2025	2015	2148	2028	2010	1965	2033	2061	1977	2021	2021	2003
304998	62	126	14	78	142	30	94	158	46	110	174	2038	2004	2160	2054	2029	1956	2041	2036	1974	2016	2009	1999
304998	62	126	14	78	142	30	94	158	46	110	174	2035	2010	2157	2048	2025	1966	2049	2052	1982	2017	2006	2001
304998	62	126	14	78	142	30	94	158	46	110	174	2021	2036	2126	2018	1998	1983	2023	2082	1996	2020	2021	2018
304998	62	126	14	78	142	30	94	158	46	110	174	2005	2047	2114	1984	1968	1995	2002	2108	2005	2020	2045	2035
304998	62	126	14	78	142	30	94	158	46	110	174	1997	2045	2124	1977	1971	1990	1991	2104	2009	2017	2048	2034
304998	62	126	14	78	142	30	94	158	46	110	174	2013	2028	2145	2009	1994	1970	2009	2082	1993	2017	2025	2017
304998	62	126	14	78	142	30	94	158	46	110	174	2031	2011	2155	2044	2026	1962	2037	2050	1969	2020	2008	2000
304998	62	126	14	78	142	30	94	158	46	110	174	2049	2010	2148	2050	2037	1961	2065	2044	1968	2021	2004	1993
304998	62	126	14	78	142	30	94	158	46	110	174	2036	2015	2139	2033	2004	1971	2033	2053	1986	2021	2023	2008
304998	62	126	14	78	142	30	94	158	46	110	174	2008	2037	2126	2001	1987	1987	2003	2090	2008	2022	2034	2029
304998	62	126	14	78	142	30	94	158	46	110	174	1996	2048	2126	1979	1966	1993	1983	2112	2010	2022	2040	2037
304998	62	126	14	78	142	30	94	158	46	110	174	2001	2044	2127	1993	1976	1991	1995	2096	1999	2020	2031	2019
304998	62	126	14	78	142	30	94	158	46	110	174	2026	2021	2138	2020	2010	1972	2026	2063	1983	2021	2024	2003
304998	62	126	14	78	142	30	94	158	46	110	174	2043	1995	2155	2055	2023	1954	2051	2040	1980	2018	2010	1997
304998	62	126	14	78	142	30	94	158	46	110	174	2040	2004	2157	2056	2026	1954	2049	2047	1972	2017	2007	2003
304998	62	126	14	78	142	30	94	158	46	110	174	2019	2025	2140	2022	1996	1982	2021	2076	1992	2020	2020	2014
304998	62	126	14	78	142	30	94	158	46	110	174	2001	2046	2115	1989	1974	1994	1991	2102	2006	2022	2044	2032
304998	62	126	14	78	142	30	94	158	46	110	174	2002	2044	2111	1978	1965	1988	1994	2111	2015	2016	2047	2039
304998	62	126	14	78	142	30	94	158	46	110	174	2013	2030	2133	2003	1997	1971	2016	2091	1995	2019	2027	2022
304998	62	126	14	78	142	30	94	158	46	110	174	2030	2013	2154	2037	2020	1958	2045	2052	1973	2020	2009	1998
304998	62	126	14	78	142	30	94	158	46	110	174	2038	2008	2162	2061	2029	1957	2049	2035	1968	2018	2005	1994
304998	62	126	14	78	142	30	94	158	46	110	174	2037	2020	2136	2037	2018	1964	2039	2052	1985	2020	2019	2010
304998	62	126	14	78	142	30	94	158	46	110	174	2015	2035	2123	2006	1981	1990	2006	2092	2008	2022	2034	2029
304998	62	126	14	78	142	30	94	158	46	110	174	2001	2049	2119	1982	1970	1991	1991	2113	2010	2020	2039	2036
304998	62	126	14	78	142	30	94	158	46	110	174	2002	2039	2136	1989	1968	1992	1989	2097	2001	2017	2035	2020
304998	62	126	14	78	142	30	94	158	46	110	174	2020	2025	2144	2022	1999	1975	2013	2063	1984	2019	2025	2008
304998	62	126	14	78	142	30	94	158	46	110	174	2042	2011	2150	2043	2032	1957	2042	2045	1980	2021	2010	1999
304998	62	126	14	78	142	30	94	158	46	110	174	2039	2005	2151	2057	2031	1956	2044	2046	1970	2022	2006	2004
304998	62	126	14	78	142	30	94	158	46	110	174	2025	2026	2143	2021	2006	1975	2038	2077	1990	2020	2018	2013
304998	62	126	14	78	142	30	94	158	46	110	174	2003	2045	2127	1991	1971	1996	1989	2095	2007	2019	2043	2027
304998	62	126	14	78	142	30	94	158	46	110	174	2002	2052	2115	1972	1970	1993	1984	2106	2018	2020	2051	2034
304998	62	126	14	78	142	30	94	158	46	110	174	2015	2033	2126	1998	1988	1981	2003	2090	1998	2020	2036	2025
304998	62	126	14	78	142	30	94	158	46	110	174	2029	2008	2149	2032	2023	1955	2030	2054	1971	2022	2013	2003
304998	62	126	14	78	142	30	94	158	46	110	174	2041	2006	2156	2060	2029	1956	2050	2039	1967	2021	2003	1987
304998	62	126	14	78	142	30	94	158	46	110	174	2030	2013	2152	2044	2020	1969	2033	2048	1987	2021	2018	2003
304998	62	126	14	78	142	30	94	158	46	110	174	2019	2040	2117	2009	1990	1985	2017	2088	2006	2017	2030	2029
304998	62	126	14	78	142	30	94	158	46	110	174	2002	2040	2114	1982	1969	1995	1999	2110	2009	2022	2041	2041
304998	62	126	14	78	142	30	94	158	46	110	174	2003	2045	2123	1978	1976	1984	1989	2105	2003	2021	2041	2021
304998	62	126	14	78	142	30	94	158	46	110	174	2020	2024	2144	2012	2006	1972	2013	2073	1984	2020	2027	2004
304998	62	126	14	78	142	30	94	158	46	110	174	2032	2010	2157	2044	2029	1959	2038	2039	1977	2019	2015	2003
304998	62	126	14	78	142	30	94	158	46	110	174	2044	2009	2147	2056	2031	1961	2046	2044	1972	2017	2007	2001
304998	62	126	14	78	142	30	94	158	46	110	174	2028	2020	2135	2028	2007	1968	2024	2063	1989	2021	2017	2012
304998	62	126	14	78	142	30	94	158	46	110	174	2009	2042	2120	1995	1982	1987	2002	2101	2006	2018	2038	2020
304998	62	126	14	78	142	30	94	158	46	110	174	1995	2045	2128	1976	1966	1996	1986	2103	2021	2018	2048	2038
304998	62	126	14	78	142	30	94	158	46	110	174	2006	2039	2125	1990	1982	1983	1998	2087	2001	2021	2036	2028
304998	62	126	14	78	142	30	94	158	46	110	174	2034	2019	2142	2026	2018	1961	2036	2060	1979	2017	2014	2003
304998	62	126	14	78	142	30	94	158	46	110	174	2043	2001	2154	2050	2030	1947	2052	2040	1970	2022	2004	1989
304998	62	126	14	78	142	30	94	158	46	110	174	2035	2013	2148	2048	2025	1963	2041	2043	1981	2020	2016	2004
304998	62	126	14	78	142	30	94	158	46	110	174	2015	2028	2138	2015	1991	1988	2006	2079	2003	2019	2030	2027
304998	62	126	14	78	142	30	94	158	46	110	174	2002	2051	2114	1984	1968	1995	1997	2108	2012	2016	2043	2037
304998	62	126	14	78	142	30	94	158	46	110	174	2002	2044	2115	1979	1966	1989	1984	2105	2006	2017	2040	2029
304998	62	126	14	78	142	30	94	158	46	110	174	2021	2026	2132	2008	1997	1968	2010	2076	1980	2017	2028	2008
304998	62	126	14	78	142	30	94	158	46	110	174	2034	2010	2156	2040	2027	1950	2039	2044	1981	2018	2013	1996
304998	62	126	14	78	142	30	94	158	46	110	174	2042	2006	2154	2052	2030	1959	2045	2039	1972	2017	2007	2003
304998	62	126	14	78	142	30	94	158	46	110	174	2032	2022	2135	2032	2009	1976	2028	2060	1984	2018	2015	2011
304998	62	126	14	78	142	30	94	158	46	110	174	2013	2038	2117	1998	1976	1991	1998	2092	2003	2020	2037	2019
304998	62	126	14	78	142	30	94	158	46	110	174	2005	2042	2118	1977	1967	1995	1985	2105	2012	2019	2045	2040
304998	62	126	14	78	142	30	94	158	46	110	174	2004	2034	2138	1988	1981	1986	1991	2087	2004	2021	2038	2031
304998	62	126	14	78	142	30	94	158	46	110	174	2023	2024	2149	2023	2007	1967	2026	2061	1982	2020	2015	2007
304998	62	126	14	78	142	30	94	158	46	110	174	2044	2011	2150	2048	2029	1952	2045	2041	1965	2021	2003	1988
304998	62	126	14	78	142	30	94	158	46	110	174	2042	2008	2146	2052	2026	1955	2045	2049	1974	2018	2016	1999
304998	62	126	14	78	142	30	94	158	46	110	174	2022	2028	2129	2018	1998	1977	2022	2077	2000	2022	2033	2024
304998	62	126	14	78	142	30	94	158	46	110	174	2002	2045	2125	1985	1969	1997	1984	2106	2017	2020	2042	2042
304998	62	126	14	78	142	30	94	158	46	110	174	1996	2047	2122	1976	1967	1993	1991	2106	2007	2017	2042	2032
304998	62	126	14	78	142	30	94	158	46	110	174	2013	2036	2130	2008	1997	1975	2005	2079	1992	2017	2029	2006
304998	62	126	14	78	142	30	94	158	46	110	174	2032	2009	2156	2043	2021	1953	2034	2042	1969	2019	2015	1997
304998	62	126	14	78	142	30	94	158	46	110	174	2039	2005	2157	2058	2034	1956	2048	2039	1972	2021	2011	2003
304998	62	126	14	78	142	30	94	158	46	110	174	2032	2015	2154	2041	2018	1977	2035	2063	1982	2018	2014	2008
304998	62	126	14	78	142	30	94	158	46	110	174	2011	2039	2125	1999	1982	1993	2008	2092	2005	2018	2029	2023
304998	62	126	14	78	142	30	94	158	46	110	174	1999	2051	2112	1971	1970	1996	1989	2104	2009	2019	2047	2033
304998	62	126	14	78	142	30	94	158	46	110	174	2007	2039	2120	1987	1976	1983	1996	2098	2004	2021	2042	2031
304998	62	126	14	78	142	30	94	158	46	110	174	2023	2018	2148	2019	2007	1969	2017	2067	1988	2020	2019	2015
304998	62	126	14	78	142	30	94	158	46	110	174	2037	2005	2168	2050	2030	1960	2047	2045	1966	2018	2003	1996
304998	62	126	14	78	142	30	94	158	46	110	174	2034	2015	2154	2050	2017	1956	2044	2047	1971	2020	2011	1990
304998	62	126	14	78	142	30	94	158	46	110	174	2022	2026	2133	2021	2003	1970	2030	2072	1990	2021	2030	2019
304998	62	126	14	78	142	30	94	158	46	110	174	2006	2041	2111	1991	1969	1996	1996	2101	2020	2020	2042	2043
304998	62	126	14	78	142	30	94	158	46	110	174	1996	2039	2123	1982	1967	1995	1986	2103	2015	2016	2044	2041
304998	62	126	14	78	142	30	94	158	46	110	174	2010	2036	2135	1995	1991	1988	2005	2082	1993	2020	2031	2012
304998	62	126	14	78	142	30	94	158	46	110	174	2026	2013	2157	2040	2017	1953	2025	2048	1974	2021	2024	1996
304998	62	126	14	78	142	30	94	158	46	110	174	2043	2009	2149	2058	2032	1949	2056	2034	1971	2022	2010	1998
304998	62	126	14	78	142	30	94	158	46	110	174	2042	2014	2142	2047	2013	1964	2037	2059	1982	2022	2015	2010
304998	62	126	14	78	142	30	94	158	46	110	174	2012	2028	2124	2005	1991	1987	2005	2087	2004	2016	2030	2029
304998	62	126	14	78	142	30	94	158	46	110	174	2003	2046	2120	1981	1961	1999	1994	2109	2010	2020	2043	2026
304998	62	126	14	78	142	30	94	158	46	110	174	2001	2042	2125	1986	1978	1982	1984	2096	2003	2021	2045	2031
304998	62	126	14	78	142	30	94	158	46	110	174	2023	2027	2132	2016	2000	1970	2025	2070	1992	2017	2027	2014
304998	62	126	14	78	142	30	94	158	46	110	174	2036	2002	2157	2051	2023	1952	2039	2047	1973	2020	2004	1995
304998	62	126	14	78	142	30	94	158	46	110	174	2036	2006	2156	2053	2033	1954	2047	2041	1968	2021	1999	1996
304998	62	126	14	78	142	30	94	158	46	110	174	2021	2019	2146	2025	2000	1978	2022	2065	1984	2018	2025	2008
304998	62	126	14	78	142	30	94	158	46	110	174	2007	2047	2117	1989	1981	1989	1995	2091	2006	2019	2044	2034
304998	62	126	14	78	142	30	94	158	46	110	174	2003	2045	2106	1982	1969	1998	1984	2104	2023	2021	2046	2041
304998	62	126	14	78	142	30	94	158	46	110	174	2007	2028	2127	1992	1987	1980	1998	2089	1994	2017	2029	2020
304998	62	126	14	78	142	30	94	158	46	110	174	2033	2015	2150	2028	2016	1966	2036	2058	1974	2017	2012	1993
304998	62	126	14	78	142	30	94	158	46	110	174	2036	2004	2169	2056	2026	1952	2045	2038	1965	2021	2013	1992
304998	62	126	14	78	142	30	94	158	46	110	174	2029	2013	2148	2046	2017	1959	2036	2042	1986	2018	2016	2003
304998	62	126	14	78	142	30	94	158	46	110	174	2022	2033	2123	2011	1994	1984	2018	2085	2006	2016	2029	2028
304998	62	126	14	78	142	30	94	158	46	110	174	1999	2046	2109	1983	1974	1996	1982	2106	2015	2020	2039	2032
304998	62	126	14	78	142	30	94	158	46	110	174	2005	2041	2123	1982	1971	1992	1993	2104	2005	2018	2040	2022
304998	62	126	14	78	142	30	94	158	46	110	174	2018	2026	2150	2014	1998	1973	2018	2073	1984	2019	2033	2014
304998	62	126	14	78	142	30	94	158	46	110	174	2038	2013	2154	2049	2020	1951	2039	2039	1974	2021	2013	2000
304998	62	126	14	78	142	30	94	158	46	110	174	2040	2008	2153	2054	2030	1959	2048	2041	1970	2016	2003	1997
304998	62	126	14	78	142	30	94	158	46	110	174	2029	2020	2129	2032	2008	1970	2026	2065	1981	2017	2018	2007
304998	62	126	14	78	142	30	94	158	46	110	174	2014	2038	2125	1992	1979	1994	2002	2098	2007	2018	2043	2026
304998	62	126	14	78	142	30	94	158	46	110	174	2000	2046	2124	1979	1965	1998	1988	2103	2015	2020	2047	2040
304998	62	126	14	78	142	30	94	158	46	110	174	2008	2044	2126	1995	1983	1981	1995	2093	2003	2020	2031	2029
304998	62	126	14	78	142	30	94	158	46	110	174	2026	2018	2144	2028	2008	1967	2025	2058	1982	2019	2015	1997
304998	62	126	14	78	142	30	94	158	46	110	174	2044	2002	2155	2059	2034	1958	2049	2042	1964	2021	2008	1987
304998	62	126	14	78	142	30	94	158	46	110	174	2032	2004	2155	2047	2022	1962	2044	2045	1974	2020	2017	2001
304998	62	126	14	78	142	30	94	158	46	110	174	2017	2033	2140	2018	1985	1983	2020	2074	2004	2017	2029	2029
304998	62	126	14	78	142	30	94	158	46	110	174	2004	2048	2110	1983	1974	1996	1990	2104	2019	2019	2040	2036
304998	62	126	14	78	142	30	94	158	46	110	174	2004	2046	2113	1986	1966	2000	1991	2104	2013	2021	2041	2027
304998	62	126	14	78	142	30	94	158	46	110	174	2019	2023	2132	2006	2001	1978	2014	2080	1986	2020	2028	2013
304998	62	126	14	78	142	30	94	158	46	110	174	2034	2008	2159	2044	2024	1951	2040	2046	1971	2022	2018	1999
304998	62	126	14	78	142	30	94	158	46	110	174	2039	2004	2164	2061	2024	1955	2060	2037	1971	2017	2008	1998
304998	62	126	14	78	142	30	94	158	46	110	174	2025	2022	2140	2032	2013	1972	2031	2064	1986	2019	2015	2011
304998	62	126	14	78	142	30	94	158	46	110	174	2018	2041	2112	1999	1981	1993	2010	2096	2008	2018	2031	2018
304998	62	126	14	78	142	30	94	158	46	110	174	1998	2045	2112	1972	1965	1997	1995	2109	2009	2018	2044	2036
304998	62	126	14	78	142	30	94	158	46	110	174	2007	2034	2124	1991	1985	1983	1992	2091	2007	2017	2039	2029
304998	62	126	14	78	142	30	94	158	46	110	174	2022	2019	2155	2025	2006	1961	2020	2063	1986	2021	2015	2006
304998	62	126	14	78	142	30	94	158	46	110	174	2039	2012	2155	2050	2032	1951	2048	2042	1966	2020	2001	1992
304998	62	126	14	78	142	30	94	158	46	110	174	2039	2012	2144	2054	2022	1966	2045	2047	1973	2021	2014	1996
304998	62	126	14	78	142	30	94	158	46	110	174	2023	2020	2130	2019	1995	1976	2028	2071	1996	2020	2032	2017
304998	62	126	14	78	142	30	94	158	46	110	174	2007	2043	2117	1990	1971	1994	2005	2100	2018	2016	2042	2040
304998	62	126	14	78	142	30	94	158	46	110	174	2002	2045	2124	1982	1974	1992	1989	2114	2013	2017	2038	2029
304998	62	126	14	78	142	30	94	158	46	110	174	2017	2034	2137	2002	1997	1974	2014	2083	1994	2017	2025	2013
304998	62	126	14	78	142	30	94	158	46	110	174	2031	2014	2150	2043	2021	1955	2037	2051	1967	2016	2018	1995
304998	62	126	14	78	142	30	94	158	46	110	174	2041	2002	2153	2059	2027	1949	2045	2031	1965	2018	2008	1996
304998	62	126	14	78	142	30	94	158	46	110	174	2033	2018	2149	2046	2015	1963	2037	2057	1986	2017	2017	2013
304998	62	126	14	78	142	30	94	158	46	110	174	2014	2036	2126	2007	1987	1989	2008	2089	2006	2021	2029	2021
304998	62	126	14	78	142	30	94	158	46	110	174	2002	2049	2112	1979	1967	1999	1989	2108	2007	2018	2043	2029
304998	62	126	14	78	142	30	94	158	46	110	174	2005	2040	2119	1984	1978	1986	2002	2093	2005	2020	2041	2030
304998	62	126	14	78	142	30	94	158	46	110	174	2029	2020	2135	2021	1995	1965	2023	2063	1983	2022	2018	2011
304998	62	126	14	78	142	30	94	158	46	110	174	2039	2004	2158	2050	2033	1950	2044	2046	1968	2016	2003	1997
304998	62	126	14	78	142	30	94	158	46	110	174	2038	2008	2165	2053	2028	1952	2055	2044	1971	2018	2005	1991
304998	62	126	14	78	142	30	94	158	46	110	174	2028	2027	2138	2025	2007	1979	2029	2072	1986	2022	2025	2017
304998	62	126	14	78	142	30	94	158	46	110	174	2014	2045	2110	1990	1982	1991	2002	2099	2014	2020	2043	2037
304998	62	126	14	78	142	30	94	158	46	110	174	2004	2043	2112	1983	1967	1990	1991	2108	2015	2018	2042	2040
304998	62	126	14	78	142	30	94	158	46	110	174	2013	2033	2130	1997	1996	1979	2009	2084	1991	2022	2025	2016
304998	62	126	14	78	142	30	94	158	46	110	174	2030	2011	2157	2040	2016	1960	2029	2052	1970	2022	2011	1990
304998	62	126	14	78	142	30	94	158	46	110	174	2039	2008	2167	2059	2031	1956	2052	2038	1967	2019	2008	1990
304998	62	126	14	78	142	30	94	158	46	110	174	2033	2022	2144	2044	2018	1960	2036	2049	1986	2020	2018	2016
304998	62	126	14	78	142	30	94	158	46	110	174	2018	2031	2120	2012	1988	1983	2008	2086	2006	2017	2028	2024
304998	62	126	14	78	142	30	94	158	46	110	174	2005	2042	2117	1984	1979	1999	1993	2104	2011	2022	2034	2032
304998	62	126	14	78	142	30	94	158	46	110	174	2003	2039	2127	1987	1975	1995	1996	2100	2001	2022	2041	2022
304998	62	126	14	78	142	30	94	158	46	110	174	2018	2024	2151	2016	1999	1968	2019	2069	1987	2016	2025	2013
304998	62	126	14	78	142	30	94	158	46	110	174	2042	2014	2152	2043	2029	1946	2049	2044	1971	2016	2009	2002
304998	62	126	14	78	142	30	94	158	46	110	174	2040	2004	2154	2056	2030	1953	2045	2044	1969	2021	2006	1991
304998	62	126	14	78	142	30	94	158	46	110	174	2031	2016	2134	2029	2004	1974	2026	2066	1987	2022	2017	2005
304998	62	126	14	78	142	30	94	158	46	110	174	2011	2036	2126	1993	1977	1996	2008	2091	2008	2019	2042	2031
304998	62	126	14	78	142	30	94	158	46	110	174	2000	2044	2124	1982	1969	2000	1984	2103	2021	2020	2043	2039
304998	62	126	14	78	142	30	94	158	46	110	174	2010	2040	2125	1994	1992	1982	2002	2087	2002	2022	2034	2032
304998	62	126	14	78	142	30	94	158	46	110	174	2028	2016	2148	2031	2014	1957	2030	2060	1972	2021	2013	1995
304998	62	126	14	78	142	30	94	158	46	110	174	2041	2002	2154	2053	2037	1947	2046	2040	1962	2017	2007	1987
304998	62	126	14	78	142	30	94	158	46	110	174	2039	2009	2148	2047	2016	1964	2052	2046	1981	2017	2014	2006
304998	62	126	14	78	142	30	94	158	46	110	174	2020	2030	2136	2016	1993	1978	2013	2080	2002	2017	2029	2025
304998	62	126	14	78	142	30	94	158	46	110	174	2005	2048	2110	1982	1973	1995	1997	2108	2017	2016	2039	2037
304998	62	126	14	78	142	30	94	158	46	110	174	2008	2043	2114	1983	1982	1991	1997	2101	2008	2016	2034	2025
304998	62	126	14	78	142	30	94	158	46	110	174	2020	2026	2134	2011	2004	1973	2017	2077	1984	2016	2026	2011
304998	62	126	14	78	142	30	94	158	46	110	174	2038	2010	2157	2044	2023	1955	2049	2046	1975	2021	2015	1998
