304998	62	126	14	78	142	30	94	158	46	110	174	2000	2046	2124	1979	1965	1998	1988	2103	2015	2020	2047	2040
304998	62	126	14	78	142	30	94	158	46	110	174	2008	2044	2126	1995	1983	1981	1995	2093	2003	2020	2031	2029
304998	62	126	14	78	142	30	94	158	46	110	174	2026	2018	2144	2028	2008	1967	2025	2058	1982	2019	2015	1997
304998	62	126	14	78	142	30	94	158	46	110	174	2044	2002	2155	2059	2034	1958	2049	2042	1964	2021	2008	1987
304998	62	126	14	78	142	30	94	158	46	110	174	2032	2004	2155	2047	2022	1962	2044	2045	1974	2020	2017	2001
304998	62	126	14	78	142	30	94	158	46	110	174	2017	2033	2140	2018	1985	1983	2020	2074	2004	2017	2029	2029
304998	62	126	14	78	142	30	94	158	46	110	174	2004	2048	2110	1983	1974	1996	1990	2104	2019	2019	2040	2036
304998	62	126	14	78	142	30	94	158	46	110	174	2004	2046	2113	1986	1966	2000	1991	2104	2013	2021	2041	2027
304998	62	126	14	78	142	30	94	158	46	110	174	2019	2023	2132	2006	2001	1978	2014	2080	1986	2020	2028	2013
304998	62	126	14	78	142	30	94	158	46	110	174	2034	2008	2159	2044	2024	1951	2040	2046	1971	2022	2018	1999
304998	62	126	14	78	142	30	94	158	46	110	174	2039	2004	2164	2061	2024	1955	2060	2037	1971	2017	2008	1998
304998	62	126	14	78	142	30	94	158	46	110	174	2025	2022	2140	2032	2013	1972	2031	2064	1986	2019	2015	2011
304998	62	126	14	78	142	30	94	158	46	110	174	2018	2041	2112	1999	1981	1993	2010	2096	2008	2018	2031	2018
304998	62	126	14	78	142	30	94	158	46	110	174	1998	2045	2112	1972	1965	1997	1995	2109	2009	2018	2044	2036
304998	62	126	14	78	142	30	94	158	46	110	174	2007	2034	2124	1991	1985	1983	1992	2091	2007	2017	2039	2029
304998	62	126	14	78	142	30	94	158	46	110	174	2022	2019	2155	2025	2006	1961	2020	2063	1986	2021	2015	2006
304998	62	126	14	78	142	30	94	158	46	110	174	2039	2012	2155	2050	2032	1951	2048	2042	1966	2020	2001	1992
304998	62	126	14	78	142	30	94	158	46	110	174	2039	2012	2144	2054	2022	1966	2045	2047	1973	2021	2014	1996
304998	62	126	14	78	142	30	94	158	46	110	174	2023	2020	2130	2019	1995	1976	2028	2071	1996	2020	2032	2017
304998	62	126	14	78	142	30	94	158	46	110	174	2007	2043	2117	1990	1971	1994	2005	2100	2018	2016	2042	2040
304998	62	126	14	78	142	30	94	158	46	110	174	2002	2045	2124	1982	1974	1992	1989	2114	2013	2017	2038	2029
304998	62	126	14	78	142	30	94	158	46	110	174	2017	2034	2137	2002	1997	1974	2014	2083	1994	2017	2025	2013
304998	62	126	14	78	142	30	94	158	46	110	174	2031	2014	2150	2043	2021	1955	2037	2051	1967	2016	2018	1995
304998	62	126	14	78	142	30	94	158	46	110	174	2041	2002	2153	2059	2027	1949	2045	2031	1965	2018	2008	1996
304998	62	126	14	78	142	30	94	158	46	110	174	2033	2018	2149	2046	2015	1963	2037	2057	1986	2017	2017	2013
304998	62	126	14	78	142	30	94	158	46	110	174	2014	2036	2126	2007	1987	1989	2008	2089	2006	2021	2029	2021
304998	62	126	14	78	142	30	94	158	46	110	174	2002	2049	2112	1979	1967	1999	1989	2108	2007	2018	2043	2029
304998	62	126	14	78	142	30	94	158	46	110	174	2005	2040	2119	1984	1978	1986	2002	2093	2005	2020	2041	2030
304998	62	126	14	78	142	30	94	158	46	110	174	2029	2020	2135	2021	1995	1965	2023	2063	1983	2022	2018	2011
304998	62	126	14	78	142	30	94	158	46	110	174	2039	2004	2158	2050	2033	1950	2044	2046	1968	2016	2003	1997
304998	62	126	14	78	142	30	94	158	46	110	174	2038	2008	2165	2053	2028	1952	2055	2044	1971	2018	2005	1991
304998	62	126	14	78	142	30	94	158	46	110	174	2028	2027	2138	2025	2007	1979	2029	2072	1986	2022	2025	2017
304998	62	126	14	78	142	30	94	158	46	110	174	2014	2045	2110	1990	1982	1991	2002	2099	2014	2020	2043	2037
304998	62	126	14	78	142	30	94	158	46	110	174	2004	2043	2112	1983	1967	1990	1991	2108	2015	2018	2042	2040
304998	62	126	14	78	142	30	94	158	46	110	174	2013	2033	2130	1997	1996	1979	2009	2084	1991	2022	2025	2016
304998	62	126	14	78	142	30	94	158	46	110	174	2030	2011	2157	2040	2016	1960	2029	2052	1970	2022	2011	1990
304998	62	126	14	78	142	30	94	158	46	110	174	2039	2008	2167	2059	2031	1956	2052	2038	1967	2019	2008	1990
304998	62	126	14	78	142	30	94	158	46	110	174	2033	2022	2144	2044	2018	1960	2036	2049	1986	2020	2018	2016
304998	62	126	14	78	142	30	94	158	46	110	174	2018	2031	2120	2012	1988	1983	2008	2086	2006	2017	2028	2024
304998	62	126	14	78	142	30	94	158	46	110	174	2005	2042	2117	1984	1979	1999	1993	2104	2011	2022	2034	2032
304998	62	126	14	78	142	30	94	158	46	110	174	2003	2039	2127	1987	1975	1995	1996	2100	2001	2022	2041	2022
304998	62	126	14	78	142	30	94	158	46	110	174	2018	2024	2151	2016	1999	1968	2019	2069	1987	2016	2025	2013
304998	62	126	14	78	142	30	94	158	46	110	174	2042	2014	2152	2043	2029	1946	2049	2044	1971	2016	2009	2002
304998	62	126	14	78	142	30	94	158	46	110	174	2040	2004	2154	2056	2030	1953	2045	2044	1969	2021	2006	1991
304998	62	126	14	78	142	30	94	158	46	110	174	2031	2016	2134	2029	2004	1974	2026	2066	1987	2022	2017	2005
304998	62	126	14	78	142	30	94	158	46	110	174	2011	2036	2126	1993	1977	1996	2008	2091	2008	2019	2042	2031
304998	62	126	14	78	142	30	94	158	46	110	174	2000	2044	2124	1982	1969	2000	1984	2103	2021	2020	2043	2039
304998	62	126	14	78	142	30	94	158	46	110	174	2010	2040	2125	1994	1992	1982	2002	2087	2002	2022	2034	2032
304998	62	126	14	78	142	30	94	158	46	110	174	2028	2016	2148	2031	2014	1957	2030	2060	1972	2021	2013	1995
304998	62	126	14	78	142	30	94	158	46	110	174	2041	2002	2154	2053	2037	1947	2046	2040	1962	2017	2007	1987
304998	62	126	14	78	142	30	94	158	46	110	174	2039	2009	2148	2047	2016	1964	2052	2046	1981	2017	2014	2006
304998	62	126	14	78	142	30	94	158	46	110	174	2020	2030	2136	2016	1993	1978	2013	2080	2002	2017	2029	2025
304998	62	126	14	78	142	30	94	158	46	110	174	2005	2048	2110	1982	1973	1995	1997	2108	2017	2016	2039	2037
304998	62	126	14	78	142	30	94	158	46	110	174	2008	2043	2114	1983	1982	1991	1997	2101	2008	2016	2034	2025
304998	62	126	14	78	142	30	94	158	46	110	174	2020	2026	2134	2011	2004	1973	2017	2077	1984	2016	2026	2011
304998	62	126	14	78	142	30	94	158	46	110	174	2038	2010	2157	2044	2023	1955	2049	2046	1975	2021	2015	1998
304998	62	126	14	78	142	30	94	158	46	110	174	2039	2006	2167	2056	2032	1946	2050	2044	1969	2021	2007	1997
304998	62	126	14	78	142	30	94	158	46	110	174	2031	2019	2142	2032	2009	1971	2034	2065	1985	2020	2018	2011
304998	62	126	14	78	142	30	94	158	46	110	174	2008	2038	2119	2000	1986	1991	2002	2093	2006	2020	2035	2025
304998	62	126	14	78	142	30	94	158	46	110	174	2004	2040	2103	1979	1971	2002	1986	2105	2015	2021	2047	2034
304998	62	126	14	78	142	30	94	158	46	110	174	2009	2031	2135	1996	1985	1983	1992	2093	2008	2017	2032	2028
304998	62	126	14	78	142	30	94	158	46	110	174	2020	2017	2153	2030	2014	1957	2025	2056	1982	2023	2015	2006
304998	62	126	14	78	142	30	94	158	46	110	174	2039	2010	2159	2054	2033	1946	2048	2044	1960	2021	2000	1983
304998	62	126	14	78	142	30	94	158	46	110	174	2042	2013	2149	2047	2025	1956	2042	2049	1972	2022	2014	1993
304998	62	126	14	78	142	30	94	158	46	110	174	2023	2026	2125	2017	1990	1984	2026	2072	2004	2021	2031	2022
304998	62	126	14	78	142	30	94	158	46	110	174	2006	2040	2116	1983	1976	1999	1995	2103	2017	2017	2040	2038
304998	62	126	14	78	142	30	94	158	46	110	174	2001	2045	2124	1983	1968	1995	1992	2105	2010	2020	2033	2031
304998	62	126	14	78	142	30	94	158	46	110	174	2013	2031	2143	2003	2005	1972	2010	2077	1988	2018	2030	2009
304998	62	126	14	78	142	30	94	158	46	110	174	2035	2014	2150	2042	2020	1957	2036	2045	1968	2022	2018	1992
304998	62	126	14	78	142	30	94	158	46	110	174	2042	2003	2154	2054	2023	1945	2045	2036	1974	2017	2006	1996
304998	62	126	14	78	142	30	94	158	46	110	174	2031	2012	2147	2040	2013	1970	2032	2060	1982	2022	2011	2009
304998	62	126	14	78	142	30	94	158	46	110	174	2010	2035	2128	2007	1981	1993	2004	2089	2005	2017	2028	2020
304998	62	126	14	78	142	30	94	158	46	110	174	1999	2045	2121	1976	1980	2000	1993	2105	2015	2022	2047	2040
304998	62	126	14	78	142	30	94	158	46	110	174	2007	2043	2120	1989	1976	1990	1999	2092	2006	2020	2036	2027
304998	62	126	14	78	142	30	94	158	46	110	174	2026	2020	2142	2022	2005	1963	2017	2067	1984	2018	2018	2009
304998	62	126	14	78	142	30	94	158	46	110	174	2040	2005	2157	2048	2029	1946	2049	2045	1963	2021	2003	1993
304998	62	126	14	78	142	30	94	158	46	110	174	2035	2005	2165	2051	2026	1959	2042	2043	1969	2021	2011	1988
304998	62	126	14	78	142	30	94	158	46	110	174	2023	2026	2138	2018	2008	1977	2026	2074	1998	2019	2025	2013
304998	62	126	14	78	142	30	94	158	46	110	174	2010	2046	2112	1988	1976	2003	2007	2100	2018	2021	2036	2040
304998	62	126	14	78	142	30	94	158	46	110	174	2002	2044	2110	1983	1975	1995	1985	2106	2018	2020	2034	2040
304998	62	126	14	78	142	30	94	158	46	110	174	2016	2028	2130	2002	1995	1972	2014	2083	1995	2019	2025	2007
304998	62	126	14	78	142	30	94	158	46	110	174	2028	2005	2166	2038	2020	1956	2034	2048	1967	2016	2015	1995
304998	62	126	14	78	142	30	94	158	46	110	174	2039	2011	2168	2054	2032	1951	2046	2037	1969	2022	2013	1994
304998	62	126	14	78	142	30	94	158	46	110	174	2037	2023	2148	2040	2015	1964	2036	2058	1986	2020	2017	2010
304998	62	126	14	78	142	30	94	158	46	110	174	2012	2032	2119	2008	1984	1988	2007	2086	2004	2022	2024	2027
304998	62	126	14	78	142	30	94	158	46	110	174	2004	2042	2114	1983	1976	1999	1992	2107	2017	2020	2040	2035
304998	62	126	14	78	142	30	94	158	46	110	174	2007	2036	2129	1989	1978	1991	1994	2092	2008	2019	2042	2031
304998	62	126	14	78	142	30	94	158	46	110	174	2019	2024	2148	2019	1999	1968	2020	2072	1987	2022	2020	2015
304998	62	126	14	78	142	30	94	158	46	110	174	2038	2013	2154	2050	2032	1945	2039	2046	1967	2018	2006	1995
304998	62	126	14	78	142	30	94	158	46	110	174	2039	2011	2147	2057	2027	1948	2049	2045	1968	2017	2007	1992
304998	62	126	14	78	142	30	94	158	46	110	174	2023	2018	2139	2022	2006	1972	2021	2064	1986	2021	2024	2009
304998	62	126	14	78	142	30	94	158	46	110	174	2008	2037	2122	1990	1976	2000	2008	2097	2015	2017	2043	2038
304998	62	126	14	78	142	30	94	158	46	110	174	2001	2045	2124	1979	1967	2003	1987	2105	2023	2021	2040	2044
304998	62	126	14	78	142	30	94	158	46	110	174	2008	2034	2128	1999	1989	1983	1998	2085	1998	2017	2030	2015
304998	62	126	14	78	142	30	94	158	46	110	174	2030	2015	2153	2032	2017	1955	2029	2054	1970	2016	2016	1996
304998	62	126	14	78	142	30	94	158	46	110	174	2039	2003	2157	2053	2032	1946	2049	2039	1957	2022	2012	2000
304998	62	126	14	78	142	30	94	158	46	110	174	2036	2012	2149	2045	2017	1964	2045	2051	1977	2016	2015	2008
304998	62	126	14	78	142	30	94	158	46	110	174	2014	2031	2131	2008	1994	1984	2007	2086	2006	2020	2028	2026
304998	62	126	14	78	142	30	94	158	46	110	174	2004	2049	2109	1983	1972	1997	2000	2109	2015	2019	2041	2033
304998	62	126	14	78	142	30	94	158	46	110	174	2003	2037	2119	1985	1976	1995	1993	2096	2004	2021	2041	2028
304998	62	126	14	78	142	30	94	158	46	110	174	2023	2022	2137	2010	2005	1966	2021	2068	1981	2022	2023	2014
304998	62	126	14	78	142	30	94	158	46	110	174	2036	2005	2166	2047	2028	1955	2042	2041	1966	2020	2006	1993
304998	62	126	14	78	142	30	94	158	46	110	174	2032	2007	2162	2050	2028	1948	2039	2047	1969	2022	2002	1993
304998	62	126	14	78	142	30	94	158	46	110	174	2026	2023	2138	2031	2010	1972	2033	2065	1983	2018	2022	2004
304998	62	126	14	78	142	30	94	158	46	110	174	2007	2036	2114	1998	1980	1999	2000	2090	2007	2020	2040	2034
304998	62	126	14	78	142	30	94	158	46	110	174	2003	2039	2113	1983	1974	2005	1993	2101	2018	2021	2043	2043
304998	62	126	14	78	142	30	94	158	46	110	174	2007	2030	2134	1993	1984	1991	1999	2089	2006	2021	2029	2022
304998	62	126	14	78	142	30	94	158	46	110	174	2020	2016	2160	2032	2013	1954	2023	2060	1970	2018	2015	1992
304998	62	126	14	78	142	30	94	158	46	110	174	2040	2012	2156	2051	2032	1940	2054	2041	1956	2019	2013	1996
304998	62	126	14	78	142	30	94	158	46	110	174	2036	2015	2147	2046	2017	1961	2044	2050	1971	2017	2018	2007
304998	62	126	14	78	142	30	94	158	46	110	174	2022	2028	2124	2012	2001	1986	2016	2079	2004	2016	2020	2025
304998	62	126	14	78	142	30	94	158	46	110	174	2004	2037	2120	1983	1974	2008	1995	2106	2020	2017	2039	2034
304998	62	126	14	78	142	30	94	158	46	110	174	2005	2039	2127	1983	1972	1995	1992	2105	2011	2017	2041	2031
304998	62	126	14	78	142	30	94	158	46	110	174	2013	2033	2137	2010	1995	1969	2017	2079	1985	2018	2030	2018
304998	62	126	14	78	142	30	94	158	46	110	174	2031	2011	2151	2041	2022	1955	2036	2045	1965	2017	2008	1995
304998	62	126	14	78	142	30	94	158	46	110	174	2040	2006	2156	2051	2028	1948	2046	2040	1970	2017	2004	1996
304998	62	126	14	78	142	30	94	158	46	110	174	2030	2017	2149	2032	2005	1965	2030	2063	1982	2021	2019	2003
304998	62	126	14	78	142	30	94	158	46	110	174	2014	2041	2125	2003	1986	1997	2008	2098	2009	2022	2035	2030
304998	62	126	14	78	142	30	94	158	46	110	174	2004	2050	2111	1985	1978	2008	1996	2111	2013	2022	2042	2044
304998	62	126	14	78	142	30	94	158	46	110	174	2006	2038	2125	1996	1976	1995	1995	2088	2009	2022	2029	2026
304998	62	126	14	78	142	30	94	158	46	110	174	2027	2016	2148	2023	2007	1959	2028	2063	1986	2018	2016	1999
304998	62	126	14	78	142	30	94	158	46	110	174	2034	2005	2168	2051	2018	1949	2041	2040	1960	2022	2015	1987
304998	62	126	14	78	142	30	94	158	46	110	174	2035	2016	2156	2049	2022	1952	2052	2049	1969	2017	2018	2003
304998	62	126	14	78	142	30	94	158	46	110	174	2023	2032	2127	2018	2005	1979	2023	2073	1992	2022	2025	2029
304998	62	126	14	78	142	30	94	158	46	110	174	2005	2039	2111	1993	1967	2003	1989	2099	2021	2019	2037	2033
304998	62	126	14	78	142	30	94	158	46	110	174	2004	2038	2119	1981	1971	2003	1996	2105	2017	2021	2042	2030
304998	62	126	14	78	142	30	94	158	46	110	174	2014	2022	2140	2009	1985	1979	2005	2077	1994	2021	2031	2023
304998	62	126	14	78	142	30	94	158	46	110	174	2028	2015	2164	2037	2022	1947	2039	2052	1966	2022	2015	2002
304998	62	126	14	78	142	30	94	158	46	110	174	2041	2013	2156	2053	2031	1945	2052	2036	1961	2019	2004	1988
304998	62	126	14	78	142	30	94	158	46	110	174	2034	2018	2140	2040	2013	1963	2037	2056	1984	2022	2013	1995
304998	62	126	14	78	142	30	94	158	46	110	174	2015	2033	2120	2004	1991	1990	2015	2092	2009	2020	2039	2030
304998	62	126	14	78	142	30	94	158	46	110	174	2005	2043	2116	1984	1969	2007	1996	2109	2016	2022	2041	2044
304998	62	126	14	78	142	30	94	158	46	110	174	2003	2040	2130	1993	1986	1997	1996	2091	2006	2020	2033	2028
304998	62	126	14	78	142	30	94	158	46	110	174	2022	2031	2144	2017	2010	1965	2026	2063	1981	2021	2016	1999
304998	62	126	14	78	142	30	94	158	46	110	174	2039	2008	2157	2049	2022	1947	2035	2045	1961	2020	2016	1990
304998	62	126	14	78	142	30	94	158	46	110	174	2039	2011	2153	2048	2028	1946	2047	2052	1966	2020	2011	2000
304998	62	126	14	78	142	30	94	158	46	110	174	2026	2022	2140	2023	1999	1974	2025	2077	1989	2018	2021	2020
304998	62	126	14	78	142	30	94	158	46	110	174	2008	2042	2118	1994	1982	2004	2000	2097	2015	2016	2033	2031
304998	62	126	14	78	142	30	94	158	46	110	174	2003	2047	2112	1981	1974	2003	1998	2101	2022	2020	2040	2030
304998	62	126	14	78	142	30	94	158	46	110	174	2013	2027	2129	2005	1983	1982	2004	2085	1996	2020	2034	2019
304998	62	126	14	78	142	30	94	158	46	110	174	2034	2014	2151	2035	2018	1946	2036	2057	1967	2017	2016	2005
304998	62	126	14	78	142	30	94	158	46	110	174	2031	2004	2169	2058	2022	1942	2045	2039	1951	2016	2003	1991
304998	62	126	14	78	142	30	94	158	46	110	174	2034	2019	2147	2042	2015	1966	2036	2052	1982	2019	2015	1996
304998	62	126	14	78	142	30	94	158	46	110	174	2020	2038	2120	2006	1991	1996	2023	2085	2011	2019	2037	2028
304998	62	126	14	78	142	30	94	158	46	110	174	2006	2041	2110	1983	1965	2002	1991	2103	2015	2017	2042	2043
304998	62	126	14	78	142	30	94	158	46	110	174	2009	2040	2122	1987	1981	1989	1997	2097	2010	2019	2032	2031
304998	62	126	14	78	142	30	94	158	46	110	174	2019	2019	2154	2018	1998	1972	2015	2063	1977	2022	2020	2001
304998	62	126	14	78	142	30	94	158	46	110	174	2036	2014	2163	2047	2028	1947	2038	2045	1967	2016	2016	1985
304998	62	126	14	78	142	30	94	158	46	110	174	2037	2014	2154	2048	2019	1952	2048	2046	1967	2021	2016	1995
304998	62	126	14	78	142	30	94	158	46	110	174	2029	2019	2136	2027	2006	1969	2024	2067	1987	2017	2019	2019
304998	62	126	14	78	142	30	94	158	46	110	174	2012	2033	2116	1994	1982	1993	2002	2096	2011	2020	2029	2029
304998	62	126	14	78	142	30	94	158	46	110	174	2002	2042	2120	1982	1976	2006	2000	2103	2020	2022	2041	2031
304998	62	126	14	78	142	30	94	158	46	110	174	2012	2038	2131	1998	1986	1990	2003	2086	2002	2020	2036	2026
304998	62	126	14	78	142	30	94	158	46	110	174	2026	2020	2148	2030	2014	1953	2031	2059	1974	2016	2016	2006
304998	62	126	14	78	142	30	94	158	46	110	174	2037	2008	2158	2050	2023	1938	2049	2039	1955	2021	2006	1990
304998	62	126	14	78	142	30	94	158	46	110	174	2034	2011	2148	2043	2019	1959	2036	2051	1973	2021	2011	1999
304998	62	126	14	78	142	30	94	158	46	110	174	2017	2031	2136	2015	1997	1993	2018	2080	2007	2022	2031	2025
304998	62	126	14	78	142	30	94	158	46	110	174	2004	2046	2116	1988	1972	2008	1995	2105	2023	2019	2043	2041
304998	62	126	14	78	142	30	94	158	46	110	174	2004	2046	2114	1988	1973	2001	1991	2097	2011	2022	2033	2032
304998	62	126	14	78	142	30	94	158	46	110	174	2016	2021	2142	2013	2003	1968	2017	2075	1980	2021	2020	2007
