304998	62	126	14	78	142	30	94	158	46	110	174	2036	2012	2149	2045	2017	1964	2045	2051	1977	2016	2015	2008
304998	62	126	14	78	142	30	94	158	46	110	174	2014	2031	2131	2008	1994	1984	2007	2086	2006	2020	2028	2026
304998	62	126	14	78	142	30	94	158	46	110	174	2004	2049	2109	1983	1972	1997	2000	2109	2015	2019	2041	2033
304998	62	126	14	78	142	30	94	158	46	110	174	2003	2037	2119	1985	1976	1995	1993	2096	2004	2021	2041	2028
304998	62	126	14	78	142	30	94	158	46	110	174	2023	2022	2137	2010	2005	1966	2021	2068	1981	2022	2023	2014
304998	62	126	14	78	142	30	94	158	46	110	174	2036	2005	2166	2047	2028	1955	2042	2041	1966	2020	2006	1993
304998	62	126	14	78	142	30	94	158	46	110	174	2032	2007	2162	2050	2028	1948	2039	2047	1969	2022	2002	1993
304998	62	126	14	78	142	30	94	158	46	110	174	2026	2023	2138	2031	2010	1972	2033	2065	1983	2018	2022	2004
304998	62	126	14	78	142	30	94	158	46	110	174	2007	2036	2114	1998	1980	1999	2000	2090	2007	2020	2040	2034
304998	62	126	14	78	142	30	94	158	46	110	174	2003	2039	2113	1983	1974	2005	1993	2101	2018	2021	2043	2043
304998	62	126	14	78	142	30	94	158	46	110	174	2007	2030	2134	1993	1984	1991	1999	2089	2006	2021	2029	2022
304998	62	126	14	78	142	30	94	158	46	110	174	2020	2016	2160	2032	2013	1954	2023	2060	1970	2018	2015	1992
304998	62	126	14	78	142	30	94	158	46	110	174	2040	2012	2156	2051	2032	1940	2054	2041	1956	2019	2013	1996
304998	62	126	14	78	142	30	94	158	46	110	174	2036	2015	2147	2046	2017	1961	2044	2050	1971	2017	2018	2007
304998	62	126	14	78	142	30	94	158	46	110	174	2022	2028	2124	2012	2001	1986	2016	2079	2004	2016	2020	2025
304998	62	126	14	78	142	30	94	158	46	110	174	2004	2037	2120	1983	1974	2008	1995	2106	2020	2017	2039	2034
304998	62	126	14	78	142	30	94	158	46	110	174	2005	2039	2127	1983	1972	1995	1992	2105	2011	2017	2041	2031
304998	62	126	14	78	142	30	94	158	46	110	174	2013	2033	2137	2010	1995	1969	2017	2079	1985	2018	2030	2018
304998	62	126	14	78	142	30	94	158	46	110	174	2031	2011	2151	2041	2022	1955	2036	2045	1965	2017	2008	1995
304998	62	126	14	78	142	30	94	158	46	110	174	2040	2006	2156	2051	2028	1948	2046	2040	1970	2017	2004	1996
304998	62	126	14	78	142	30	94	158	46	110	174	2030	2017	2149	2032	2005	1965	2030	2063	1982	2021	2019	2003
304998	62	126	14	78	142	30	94	158	46	110	174	2014	2041	2125	2003	1986	1997	2008	2098	2009	2022	2035	2030
304998	62	126	14	78	142	30	94	158	46	110	174	2004	2050	2111	1985	1978	2008	1996	2111	2013	2022	2042	2044
304998	62	126	14	78	142	30	94	158	46	110	174	2006	2038	2125	1996	1976	1995	1995	2088	2009	2022	2029	2026
304998	62	126	14	78	142	30	94	158	46	110	174	2027	2016	2148	2023	2007	1959	2028	2063	1986	2018	2016	1999
304998	62	126	14	78	142	30	94	158	46	110	174	2034	2005	2168	2051	2018	1949	2041	2040	1960	2022	2015	1987
304998	62	126	14	78	142	30	94	158	46	110	174	2035	2016	2156	2049	2022	1952	2052	2049	1969	2017	2018	2003
304998	62	126	14	78	142	30	94	158	46	110	174	2023	2032	2127	2018	2005	1979	2023	2073	1992	2022	2025	2029
304998	62	126	14	78	142	30	94	158	46	110	174	2005	2039	2111	1993	1967	2003	1989	2099	2021	2019	2037	2033
304998	62	126	14	78	142	30	94	158	46	110	174	2004	2038	2119	1981	1971	2003	1996	2105	2017	2021	2042	2030
304998	62	126	14	78	142	30	94	158	46	110	174	2014	2022	2140	2009	1985	1979	2005	2077	1994	2021	2031	2023
304998	62	126	14	78	142	30	94	158	46	110	174	2028	2015	2164	2037	2022	1947	2039	2052	1966	2022	2015	2002
304998	62	126	14	78	142	30	94	158	46	110	174	2041	2013	2156	2053	2031	1945	2052	2036	1961	2019	2004	1988
304998	62	126	14	78	142	30	94	158	46	110	174	2034	2018	2140	2040	2013	1963	2037	2056	1984	2022	2013	1995
304998	62	126	14	78	142	30	94	158	46	110	174	2015	2033	2120	2004	1991	1990	2015	2092	2009	2020	2039	2030
304998	62	126	14	78	142	30	94	158	46	110	174	2005	2043	2116	1984	1969	2007	1996	2109	2016	2022	2041	2044
304998	62	126	14	78	142	30	94	158	46	110	174	2003	2040	2130	1993	1986	1997	1996	2091	2006	2020	2033	2028
304998	62	126	14	78	142	30	94	158	46	110	174	2022	2031	2144	2017	2010	1965	2026	2063	1981	2021	2016	1999
304998	62	126	14	78	142	30	94	158	46	110	174	2039	2008	2157	2049	2022	1947	2035	2045	1961	2020	2016	1990
304998	62	126	14	78	142	30	94	158	46	110	174	2039	2011	2153	2048	2028	1946	2047	2052	1966	2020	2011	2000
304998	62	126	14	78	142	30	94	158	46	110	174	2026	2022	2140	2023	1999	1974	2025	2077	1989	2018	2021	2020
304998	62	126	14	78	142	30	94	158	46	110	174	2008	2042	2118	1994	1982	2004	2000	2097	2015	2016	2033	2031
304998	62	126	14	78	142	30	94	158	46	110	174	2003	2047	2112	1981	1974	2003	1998	2101	2022	2020	2040	2030
304998	62	126	14	78	142	30	94	158	46	110	174	2013	2027	2129	2005	1983	1982	2004	2085	1996	2020	2034	2019
304998	62	126	14	78	142	30	94	158	46	110	174	2034	2014	2151	2035	2018	1946	2036	2057	1967	2017	2016	2005
304998	62	126	14	78	142	30	94	158	46	110	174	2031	2004	2169	2058	2022	1942	2045	2039	1951	2016	2003	1991
304998	62	126	14	78	142	30	94	158	46	110	174	2034	2019	2147	2042	2015	1966	2036	2052	1982	2019	2015	1996
304998	62	126	14	78	142	30	94	158	46	110	174	2020	2038	2120	2006	1991	1996	2023	2085	2011	2019	2037	2028
304998	62	126	14	78	142	30	94	158	46	110	174	2006	2041	2110	1983	1965	2002	1991	2103	2015	2017	2042	2043
304998	62	126	14	78	142	30	94	158	46	110	174	2009	2040	2122	1987	1981	1989	1997	2097	2010	2019	2032	2031
304998	62	126	14	78	142	30	94	158	46	110	174	2019	2019	2154	2018	1998	1972	2015	2063	1977	2022	2020	2001
304998	62	126	14	78	142	30	94	158	46	110	174	2036	2014	2163	2047	2028	1947	2038	2045	1967	2016	2016	1985
304998	62	126	14	78	142	30	94	158	46	110	174	2037	2014	2154	2048	2019	1952	2048	2046	1967	2021	2016	1995
304998	62	126	14	78	142	30	94	158	46	110	174	2029	2019	2136	2027	2006	1969	2024	2067	1987	2017	2019	2019
304998	62	126	14	78	142	30	94	158	46	110	174	2012	2033	2116	1994	1982	1993	2002	2096	2011	2020	2029	2029
304998	62	126	14	78	142	30	94	158	46	110	174	2002	2042	2120	1982	1976	2006	2000	2103	2020	2022	2041	2031
304998	62	126	14	78	142	30	94	158	46	110	174	2012	2038	2131	1998	1986	1990	2003	2086	2002	2020	2036	2026
304998	62	126	14	78	142	30	94	158	46	110	174	2026	2020	2148	2030	2014	1953	2031	2059	1974	2016	2016	2006
304998	62	126	14	78	142	30	94	158	46	110	174	2037	2008	2158	2050	2023	1938	2049	2039	1955	2021	2006	1990
304998	62	126	14	78	142	30	94	158	46	110	174	2034	2011	2148	2043	2019	1959	2036	2051	1973	2021	2011	1999
304998	62	126	14	78	142	30	94	158	46	110	174	2017	2031	2136	2015	1997	1993	2018	2080	2007	2022	2031	2025
304998	62	126	14	78	142	30	94	158	46	110	174	2004	2046	2116	1988	1972	2008	1995	2105	2023	2019	2043	2041
304998	62	126	14	78	142	30	94	158	46	110	174	2004	2046	2114	1988	1973	2001	1991	2097	2011	2022	2033	2032
304998	62	126	14	78	142	30	94	158	46	110	174	2016	2021	2142	2013	2003	1968	2017	2075	1980	2021	2020	2007
304998	62	126	14	78	142	30	94	158	46	110	174	2036	2008	2160	2042	2021	1944	2042	2041	1963	2020	2013	1989
304998	62	126	14	78	142	30	94	158	46	110	174	2034	2006	2167	2055	2023	1948	2041	2043	1973	2020	2014	1995
304998	62	126	14	78	142	30	94	158	46	110	174	2033	2028	2142	2032	2008	1969	2036	2066	1988	2018	2021	2015
304998	62	126	14	78	142	30	94	158	46	110	174	2015	2041	2114	1999	1981	1998	2006	2094	2007	2022	2030	2034
304998	62	126	14	78	142	30	94	158	46	110	174	2007	2042	2112	1985	1971	2008	1986	2101	2019	2020	2040	2034
304998	62	126	14	78	142	30	94	158	46	110	174	2010	2030	2127	1997	1992	1988	2000	2085	2004	2018	2035	2023
304998	62	126	14	78	142	30	94	158	46	110	174	2020	2016	2158	2034	2007	1961	2023	2062	1976	2018	2020	2009
304998	62	126	14	78	142	30	94	158	46	110	174	2034	2012	2160	2048	2028	1938	2045	2043	1958	2018	2007	1993
304998	62	126	14	78	142	30	94	158	46	110	174	2039	2020	2150	2048	2019	1955	2042	2052	1970	2017	2008	1993
304998	62	126	14	78	142	30	94	158	46	110	174	2018	2027	2125	2019	1997	1986	2017	2074	1996	2016	2030	2022
304998	62	126	14	78	142	30	94	158	46	110	174	2008	2038	2110	1986	1983	2005	2001	2096	2026	2018	2043	2044
304998	62	126	14	78	142	30	94	158	46	110	174	2006	2039	2121	1984	1977	1999	1992	2103	2014	2020	2037	2038
304998	62	126	14	78	142	30	94	158	46	110	174	2018	2036	2138	2005	2001	1967	2019	2078	1988	2020	2020	2012
304998	62	126	14	78	142	30	94	158	46	110	174	2037	2013	2147	2042	2018	1947	2038	2051	1959	2020	2016	1992
304998	62	126	14	78	142	30	94	158	46	110	174	2041	2008	2151	2050	2027	1947	2042	2041	1966	2021	2012	1994
304998	62	126	14	78	142	30	94	158	46	110	174	2037	2013	2150	2034	2009	1968	2037	2060	1983	2020	2016	2011
304998	62	126	14	78	142	30	94	158	46	110	174	2009	2033	2135	2005	1979	1997	2006	2089	2006	2022	2031	2031
304998	62	126	14	78	142	30	94	158	46	110	174	2001	2045	2113	1987	1970	2006	1993	2106	2019	2020	2036	2036
304998	62	126	14	78	142	30	94	158	46	110	174	2003	2035	2124	1997	1978	1992	1994	2087	2004	2020	2038	2028
304998	62	126	14	78	142	30	94	158	46	110	174	2028	2017	2142	2024	2008	1961	2017	2058	1980	2020	2018	2011
304998	62	126	14	78	142	30	94	158	46	110	174	2037	2004	2168	2044	2017	1943	2042	2041	1958	2019	2008	1990
304998	62	126	14	78	142	30	94	158	46	110	174	2038	2012	2155	2047	2020	1948	2041	2048	1966	2022	2006	1993
304998	62	126	14	78	142	30	94	158	46	110	174	2022	2031	2132	2019	2004	1980	2025	2075	1996	2017	2027	2019
304998	62	126	14	78	142	30	94	158	46	110	174	2008	2041	2107	1991	1981	2002	1998	2098	2022	2018	2045	2040
304998	62	126	14	78	142	30	94	158	46	110	174	2007	2036	2114	1985	1972	2003	1997	2100	2027	2021	2035	2038
304998	62	126	14	78	142	30	94	158	46	110	174	2016	2025	2141	2006	1990	1979	2014	2080	1996	2022	2024	2013
304998	62	126	14	78	142	30	94	158	46	110	174	2028	2013	2165	2035	2019	1947	2029	2054	1960	2019	2018	1990
304998	62	126	14	78	142	30	94	158	46	110	174	2037	2014	2165	2050	2029	1940	2042	2042	1954	2022	2015	1994
304998	62	126	14	78	142	30	94	158	46	110	174	2033	2017	2136	2040	2013	1968	2039	2052	1981	2016	2014	2008
304998	62	126	14	78	142	30	94	158	46	110	174	2018	2027	2122	2003	1993	1990	2010	2087	2011	2018	2025	2027
304998	62	126	14	78	142	30	94	158	46	110	174	2005	2042	2110	1985	1971	2011	2001	2104	2021	2018	2038	2038
304998	62	126	14	78	142	30	94	158	46	110	174	2008	2038	2129	1990	1980	1997	2000	2092	2004	2017	2040	2028
304998	62	126	14	78	142	30	94	158	46	110	174	2019	2025	2150	2017	2006	1962	2020	2065	1983	2019	2022	2011
304998	62	126	14	78	142	30	94	158	46	110	174	2034	2012	2159	2045	2020	1949	2043	2041	1962	2018	2010	1993
304998	62	126	14	78	142	30	94	158	46	110	174	2038	2008	2154	2046	2022	1949	2041	2052	1964	2022	2010	1993
304998	62	126	14	78	142	30	94	158	46	110	174	2022	2020	2144	2026	1998	1971	2026	2073	1989	2017	2030	2016
304998	62	126	14	78	142	30	94	158	46	110	174	2005	2036	2127	1995	1980	2002	1994	2093	2013	2022	2039	2041
304998	62	126	14	78	142	30	94	158	46	110	174	2009	2047	2113	1979	1978	2013	2002	2099	2020	2022	2037	2037
304998	62	126	14	78	142	30	94	158	46	110	174	2014	2029	2128	2005	1982	1984	2003	2081	2002	2021	2026	2015
304998	62	126	14	78	142	30	94	158	46	110	174	2031	2012	2150	2031	2016	1949	2028	2063	1971	2017	2020	1998
304998	62	126	14	78	142	30	94	158	46	110	174	2038	2005	2167	2054	2025	1938	2048	2044	1957	2022	2015	1993
304998	62	126	14	78	142	30	94	158	46	110	174	2032	2017	2153	2042	2016	1955	2038	2052	1970	2021	2013	2005
304998	62	126	14	78	142	30	94	158	46	110	174	2021	2036	2122	2011	1990	1999	2026	2080	2007	2018	2024	2021
304998	62	126	14	78	142	30	94	158	46	110	174	2008	2039	2108	1989	1975	2007	1992	2098	2025	2020	2040	2035
304998	62	126	14	78	142	30	94	158	46	110	174	2010	2031	2113	1992	1979	1993	1999	2098	2011	2021	2042	2034
304998	62	126	14	78	142	30	94	158	46	110	174	2022	2022	2148	2016	2003	1965	2020	2068	1979	2017	2025	2015
304998	62	126	14	78	142	30	94	158	46	110	174	2031	2014	2165	2044	2024	1939	2038	2044	1954	2021	2011	1992
304998	62	126	14	78	142	30	94	158	46	110	174	2040	2010	2155	2049	2022	1946	2045	2044	1969	2021	2008	1982
304998	62	126	14	78	142	30	94	158	46	110	174	2028	2020	2137	2028	2007	1970	2025	2070	1987	2020	2026	2010
304998	62	126	14	78	142	30	94	158	46	110	174	2014	2037	2112	1998	1985	1997	2007	2095	2015	2017	2038	2036
304998	62	126	14	78	142	30	94	158	46	110	174	2005	2040	2117	1985	1972	2009	1999	2100	2018	2021	2036	2038
304998	62	126	14	78	142	30	94	158	46	110	174	2011	2037	2130	1996	1993	1989	2000	2084	2004	2016	2027	2019
304998	62	126	14	78	142	30	94	158	46	110	174	2033	2021	2147	2024	2009	1957	2033	2064	1979	2022	2020	1998
304998	62	126	14	78	142	30	94	158	46	110	174	2042	2006	2156	2050	2024	1939	2042	2045	1951	2020	2013	1991
304998	62	126	14	78	142	30	94	158	46	110	174	2034	2014	2150	2046	2021	1947	2039	2051	1969	2021	2015	2002
304998	62	126	14	78	142	30	94	158	46	110	174	2016	2026	2132	2015	1996	1991	2015	2074	1996	2020	2021	2020
304998	62	126	14	78	142	30	94	158	46	110	174	2008	2044	2120	1985	1981	2008	1998	2094	2028	2018	2037	2034
304998	62	126	14	78	142	30	94	158	46	110	174	2006	2043	2113	1990	1979	2001	1994	2096	2016	2019	2039	2040
304998	62	126	14	78	142	30	94	158	46	110	174	2020	2025	2127	2012	1998	1969	2013	2078	1987	2018	2028	2018
304998	62	126	14	78	142	30	94	158	46	110	174	2030	2008	2159	2042	2022	1941	2035	2047	1956	2020	2009	1992
304998	62	126	14	78	142	30	94	158	46	110	174	2035	2008	2162	2048	2029	1944	2046	2042	1956	2022	2007	1981
304998	62	126	14	78	142	30	94	158	46	110	174	2024	2021	2149	2032	2009	1965	2024	2063	1991	2022	2024	2010
304998	62	126	14	78	142	30	94	158	46	110	174	2016	2042	2109	2002	1984	1995	2016	2089	2012	2021	2035	2035
304998	62	126	14	78	142	30	94	158	46	110	174	2008	2039	2101	1988	1974	2011	1992	2104	2022	2018	2035	2045
304998	62	126	14	78	142	30	94	158	46	110	174	2012	2030	2127	1996	1993	1992	2007	2087	2000	2019	2028	2022
304998	62	126	14	78	142	30	94	158	46	110	174	2024	2018	2156	2025	2006	1963	2021	2057	1973	2020	2020	1997
304998	62	126	14	78	142	30	94	158	46	110	174	2031	2008	2175	2050	2018	1938	2037	2046	1960	2020	2011	1989
304998	62	126	14	78	142	30	94	158	46	110	174	2034	2018	2147	2048	2021	1950	2036	2050	1964	2022	2011	2003
304998	62	126	14	78	142	30	94	158	46	110	174	2018	2026	2128	2023	1992	1990	2017	2073	1996	2017	2022	2019
304998	62	126	14	78	142	30	94	158	46	110	174	2011	2036	2110	1988	1981	2013	1994	2095	2016	2020	2036	2037
304998	62	126	14	78	142	30	94	158	46	110	174	2007	2036	2124	1987	1968	2007	1990	2092	2024	2017	2042	2038
304998	62	126	14	78	142	30	94	158	46	110	174	2018	2031	2136	2005	2000	1971	2013	2077	1991	2017	2028	2021
304998	62	126	14	78	142	30	94	158	46	110	174	2035	2017	2154	2036	2020	1943	2035	2055	1959	2022	2014	1995
304998	62	126	14	78	142	30	94	158	46	110	174	2035	2011	2157	2050	2018	1939	2046	2044	1952	2019	2008	1984
304998	62	126	14	78	142	30	94	158	46	110	174	2037	2015	2144	2032	2014	1969	2030	2060	1979	2021	2023	2003
304998	62	126	14	78	142	30	94	158	46	110	174	2020	2030	2128	2007	1981	2001	2010	2084	2017	2020	2030	2033
304998	62	126	14	78	142	30	94	158	46	110	174	2008	2040	2112	1986	1978	2004	1992	2105	2025	2020	2036	2047
304998	62	126	14	78	142	30	94	158	46	110	174	2017	2039	2116	1996	1986	1994	1999	2088	2008	2019	2028	2026
304998	62	126	14	78	142	30	94	158	46	110	174	2023	2020	2144	2020	2005	1959	2018	2065	1974	2020	2024	1999
304998	62	126	14	78	142	30	94	158	46	110	174	2039	2010	2159	2047	2027	1939	2040	2042	1955	2019	2014	1990
304998	62	126	14	78	142	30	94	158	46	110	174	2034	2009	2163	2048	2019	1951	2045	2049	1966	2022	2014	2000
304998	62	126	14	78	142	30	94	158	46	110	174	2024	2029	2138	2022	2002	1977	2020	2079	1997	2022	2021	2015
304998	62	126	14	78	142	30	94	158	46	110	174	2014	2042	2111	1994	1985	2008	2008	2091	2020	2017	2029	2032
304998	62	126	14	78	142	30	94	158	46	110	174	2007	2044	2104	1984	1971	2010	1992	2100	2015	2022	2042	2039
304998	62	126	14	78	142	30	94	158	46	110	174	2017	2033	2129	2005	1992	1981	2014	2079	2001	2021	2033	2026
304998	62	126	14	78	142	30	94	158	46	110	174	2027	2009	2165	2035	2016	1946	2028	2054	1969	2020	2014	1995
304998	62	126	14	78	142	30	94	158	46	110	174	2035	2013	2164	2051	2023	1937	2049	2045	1955	2022	2007	1983
304998	62	126	14	78	142	30	94	158	46	110	174	2036	2023	2148	2040	2013	1964	2034	2056	1969	2016	2018	1998
304998	62	126	14	78	142	30	94	158	46	110	174	2019	2033	2116	2011	1988	1997	2009	2081	2008	2018	2031	2028
304998	62	126	14	78	142	30	94	158	46	110	174	2010	2034	2107	1984	1981	2008	1998	2096	2028	2020	2037	2041
304998	62	126	14	78	142	30	94	158	46	110	174	2010	2038	2122	1992	1978	1993	1996	2099	2015	2022	2028	2033
304998	62	126	14	78	142	30	94	158	46	110	174	2025	2022	2150	2019	2002	1963	2025	2070	1979	2020	2021	2002
304998	62	126	14	78	142	30	94	158	46	110	174	2038	2019	2155	2043	2025	1939	2038	2044	1953	2019	2015	1990
304998	62	126	14	78	142	30	94	158	46	110	174	2042	2014	2150	2050	2019	1948	2051	2043	1961	2022	2013	1997
304998	62	126	14	78	142	30	94	158	46	110	174	2030	2018	2133	2025	2006	1965	2023	2070	1994	2022	2019	2019
304998	62	126	14	78	142	30	94	158	46	110	174	2013	2035	2119	1998	1986	2002	2013	2099	2018	2019	2029	2027
