304998	62	126	14	78	142	30	94	158	46	110	174	2017	2043	2109	1988	1988	2018	2015	2092	2025	2019	2028	2048
304998	62	126	14	78	142	30	94	158	46	110	174	2021	2039	2117	1996	1998	1996	2007	2091	2017	2020	2026	2029
304998	62	126	14	78	142	30	94	158	46	110	174	2028	2023	2140	2018	2007	1956	2025	2072	1978	2018	2018	1995
304998	62	126	14	78	142	30	94	158	46	110	174	2036	2010	2164	2042	2022	1927	2039	2048	1950	2016	2018	1984
304998	62	126	14	78	142	30	94	158	46	110	174	2035	2014	2165	2045	2024	1937	2039	2051	1956	2018	2016	1999
304998	62	126	14	78	142	30	94	158	46	110	174	2024	2025	2139	2028	2002	1982	2024	2067	1991	2017	2018	2019
304998	62	126	14	78	142	30	94	158	46	110	174	2015	2039	2109	1995	1992	2011	2004	2089	2033	2016	2025	2040
304998	62	126	14	78	142	30	94	158	46	110	174	2015	2039	2104	1989	1980	2017	1999	2098	2023	2022	2029	2030
304998	62	126	14	78	142	30	94	158	46	110	174	2023	2027	2128	2008	1998	1982	2014	2079	1992	2017	2029	2021
304998	62	126	14	78	142	30	94	158	46	110	174	2034	2015	2159	2030	2026	1937	2033	2058	1957	2021	2015	2002
304998	62	126	14	78	142	30	94	158	46	110	174	2034	2016	2170	2045	2022	1926	2042	2046	1956	2021	2008	1985
304998	62	126	14	78	142	30	94	158	46	110	174	2033	2026	2147	2038	2020	1957	2031	2064	1969	2021	2011	1993
304998	62	126	14	78	142	30	94	158	46	110	174	2022	2032	2118	2009	1995	2000	2016	2079	2011	2022	2027	2022
304998	62	126	14	78	142	30	94	158	46	110	174	2012	2034	2106	1996	1983	2018	2004	2093	2026	2022	2032	2045
304998	62	126	14	78	142	30	94	158	46	110	174	2018	2035	2120	1994	1998	2001	2013	2086	2018	2020	2026	2042
304998	62	126	14	78	142	30	94	158	46	110	174	2018	2019	2151	2018	2008	1963	2017	2070	1981	2016	2017	2008
304998	62	126	14	78	142	30	94	158	46	110	174	2034	2023	2165	2039	2020	1927	2028	2056	1947	2020	2010	1979
304998	62	126	14	78	142	30	94	158	46	110	174	2037	2014	2158	2042	2018	1936	2038	2049	1950	2021	2016	1991
304998	62	126	14	78	142	30	94	158	46	110	174	2030	2021	2134	2028	2003	1971	2020	2062	1989	2017	2019	2015
304998	62	126	14	78	142	30	94	158	46	110	174	2019	2031	2110	2001	1994	2017	2014	2089	2034	2022	2024	2034
304998	62	126	14	78	142	30	94	158	46	110	174	2015	2036	2114	1991	1982	2028	2007	2094	2029	2016	2023	2042
304998	62	126	14	78	142	30	94	158	46	110	174	2019	2036	2133	2006	1997	1989	2013	2086	1997	2017	2028	2015
304998	62	126	14	78	142	30	94	158	46	110	174	2030	2024	2150	2029	2012	1945	2035	2062	1961	2018	2021	1998
304998	62	126	14	78	142	30	94	158	46	110	174	2039	2015	2161	2043	2019	1925	2045	2049	1956	2020	2013	1992
304998	62	126	14	78	142	30	94	158	46	110	174	2034	2017	2151	2040	2014	1952	2034	2061	1968	2018	2013	1999
304998	62	126	14	78	142	30	94	158	46	110	174	2025	2031	2126	2014	2003	2001	2017	2083	2002	2021	2021	2016
304998	62	126	14	78	142	30	94	158	46	110	174	2012	2038	2114	1994	1984	2017	2007	2089	2028	2022	2031	2043
304998	62	126	14	78	142	30	94	158	46	110	174	2012	2037	2117	1995	1991	2009	2005	2083	2022	2020	2029	2041
304998	62	126	14	78	142	30	94	158	46	110	174	2025	2031	2131	2011	2001	1968	2021	2076	1989	2019	2016	2013
304998	62	126	14	78	142	30	94	158	46	110	174	2033	2014	2158	2038	2018	1930	2040	2056	1953	2019	2008	1987
304998	62	126	14	78	142	30	94	158	46	110	174	2039	2014	2167	2046	2019	1927	2057	2058	1947	2021	2011	1977
304998	62	126	14	78	142	30	94	158	46	110	174	2031	2023	2147	2033	2005	1969	2028	2063	1979	2022	2023	2007
304998	62	126	14	78	142	30	94	158	46	110	174	2020	2042	2112	2006	1993	2006	2015	2087	2024	2017	2029	2038
304998	62	126	14	78	142	30	94	158	46	110	174	2018	2046	2100	1991	1991	2019	2018	2100	2037	2022	2027	2048
304998	62	126	14	78	142	30	94	158	46	110	174	2017	2025	2121	2001	1992	1997	2011	2085	2006	2017	2020	2019
304998	62	126	14	78	142	30	94	158	46	110	174	2034	2016	2153	2026	2009	1943	2029	2068	1959	2020	2017	1991
304998	62	126	14	78	142	30	94	158	46	110	174	2034	2010	2180	2045	2017	1923	2034	2045	1947	2018	2016	1980
304998	62	126	14	78	142	30	94	158	46	110	174	2035	2019	2159	2039	2017	1941	2046	2061	1967	2019	2017	2003
304998	62	126	14	78	142	30	94	158	46	110	174	2024	2030	2124	2016	2000	1988	2024	2078	2000	2020	2018	2023
304998	62	126	14	78	142	30	94	158	46	110	174	2023	2033	2099	1994	1986	2018	2012	2092	2025	2020	2024	2039
304998	62	126	14	78	142	30	94	158	46	110	174	2016	2037	2109	1988	1994	2007	2004	2087	2027	2016	2027	2028
304998	62	126	14	78	142	30	94	158	46	110	174	2023	2023	2142	2008	2010	1971	2018	2071	1992	2021	2026	2021
304998	62	126	14	78	142	30	94	158	46	110	174	2030	2022	2169	2034	2012	1929	2036	2062	1954	2020	2015	1992
304998	62	126	14	78	142	30	94	158	46	110	174	2032	2019	2167	2043	2019	1932	2031	2051	1943	2021	2008	1990
304998	62	126	14	78	142	30	94	158	46	110	174	2037	2024	2138	2032	2004	1966	2030	2064	1975	2017	2015	1995
304998	62	126	14	78	142	30	94	158	46	110	174	2022	2026	2115	2003	2001	2000	2018	2081	2020	2017	2028	2030
304998	62	126	14	78	142	30	94	158	46	110	174	2016	2033	2105	1989	1994	2019	2009	2099	2036	2021	2031	2043
304998	62	126	14	78	142	30	94	158	46	110	174	2017	2030	2126	2002	1996	1995	2009	2088	2009	2021	2027	2040
304998	62	126	14	78	142	30	94	158	46	110	174	2029	2028	2149	2016	2008	1955	2018	2066	1971	2021	2016	2000
304998	62	126	14	78	142	30	94	158	46	110	174	2036	2019	2155	2040	2018	1922	2041	2048	1951	2017	2011	1976
304998	62	126	14	78	142	30	94	158	46	110	174	2034	2014	2154	2040	2019	1929	2029	2057	1959	2017	2016	1989
304998	62	126	14	78	142	30	94	158	46	110	174	2031	2028	2129	2019	2008	1977	2021	2077	1993	2020	2021	2024
304998	62	126	14	78	142	30	94	158	46	110	174	2020	2035	2117	1991	1990	2019	2015	2091	2026	2018	2025	2043
304998	62	126	14	78	142	30	94	158	46	110	174	2016	2039	2111	1993	1988	2014	2009	2090	2026	2019	2025	2037
304998	62	126	14	78	142	30	94	158	46	110	174	2023	2034	2125	2005	2000	1981	2011	2077	1999	2021	2023	2008
304998	62	126	14	78	142	30	94	158	46	110	174	2031	2018	2156	2032	2018	1929	2025	2063	1958	2020	2019	1994
304998	62	126	14	78	142	30	94	158	46	110	174	2033	2014	2170	2039	2015	1930	2035	2057	1940	2021	2013	1993
304998	62	126	14	78	142	30	94	158	46	110	174	2023	2019	2158	2029	2011	1958	2028	2064	1965	2017	2015	2004
304998	62	126	14	78	142	30	94	158	46	110	174	2018	2036	2125	2009	1995	2000	2011	2075	2018	2017	2018	2026
304998	62	126	14	78	142	30	94	158	46	110	174	2015	2043	2102	1993	1988	2024	2003	2093	2042	2022	2029	2038
304998	62	126	14	78	142	30	94	158	46	110	174	2018	2035	2114	1992	1997	2005	2014	2089	2016	2019	2029	2037
304998	62	126	14	78	142	30	94	158	46	110	174	2027	2023	2145	2014	2010	1957	2017	2072	1970	2018	2022	2006
304998	62	126	14	78	142	30	94	158	46	110	174	2027	2015	2177	2034	2011	1929	2029	2053	1946	2019	2012	1989
304998	62	126	14	78	142	30	94	158	46	110	174	2025	2015	2171	2040	2013	1931	2030	2058	1956	2019	2013	1979
304998	62	126	14	78	142	30	94	158	46	110	174	2027	2032	2137	2018	2011	1973	2022	2077	1993	2017	2025	2014
304998	62	126	14	78	142	30	94	158	46	110	174	2019	2042	2104	1997	1993	2020	2014	2092	2029	2017	2028	2040
304998	62	126	14	78	142	30	94	158	46	110	174	2013	2038	2105	1989	1996	2021	2009	2091	2030	2020	2026	2050
304998	62	126	14	78	142	30	94	158	46	110	174	2018	2031	2132	1999	1999	1985	2013	2075	2008	2021	2020	2022
304998	62	126	14	78	142	30	94	158	46	110	174	2027	2020	2163	2028	2004	1936	2019	2064	1967	2022	2016	1990
304998	62	126	14	78	142	30	94	158	46	110	174	2034	2024	2168	2036	2022	1918	2039	2060	1944	2022	2022	1983
304998	62	126	14	78	142	30	94	158	46	110	174	2025	2026	2149	2030	2010	1950	2026	2067	1964	2017	2019	2005
304998	62	126	14	78	142	30	94	158	46	110	174	2018	2031	2117	2010	2002	1998	2021	2079	2011	2016	2024	2031
304998	62	126	14	78	142	30	94	158	46	110	174	2015	2029	2110	1995	1984	2025	2006	2089	2041	2022	2025	2040
304998	62	126	14	78	142	30	94	158	46	110	174	2010	2033	2126	1995	1994	2011	2004	2092	2025	2019	2030	2032
304998	62	126	14	78	142	30	94	158	46	110	174	2020	2031	2148	2011	2010	1960	2025	2078	1984	2020	2028	2010
304998	62	126	14	78	142	30	94	158	46	110	174	2027	2028	2162	2031	2017	1928	2026	2056	1942	2017	2016	1997
304998	62	126	14	78	142	30	94	158	46	110	174	2028	2018	2161	2035	2012	1931	2025	2058	1957	2022	2015	1989
304998	62	126	14	78	142	30	94	158	46	110	174	2027	2025	2136	2018	2005	1966	2028	2073	1991	2018	2017	2010
304998	62	126	14	78	142	30	94	158	46	110	174	2017	2035	2113	2003	1997	2012	2010	2091	2022	2022	2033	2035
304998	62	126	14	78	142	30	94	158	46	110	174	2013	2039	2110	1990	1998	2026	2013	2093	2038	2018	2032	2049
304998	62	126	14	78	142	30	94	158	46	110	174	2019	2036	2121	1998	1999	1989	2014	2077	2006	2016	2023	2032
304998	62	126	14	78	142	30	94	158	46	110	174	2028	2028	2148	2014	2010	1940	2018	2065	1971	2016	2020	1997
304998	62	126	14	78	142	30	94	158	46	110	174	2028	2018	2167	2030	2014	1917	2030	2067	1948	2017	2014	1971
304998	62	126	14	78	142	30	94	158	46	110	174	2024	2018	2164	2029	2014	1941	2030	2070	1961	2018	2022	1996
304998	62	126	14	78	142	30	94	158	46	110	174	2020	2035	2132	2009	2003	1990	2016	2079	2005	2017	2029	2033
304998	62	126	14	78	142	30	94	158	46	110	174	2015	2041	2102	1992	1993	2027	2013	2083	2039	2018	2026	2047
304998	62	126	14	78	142	30	94	158	46	110	174	2018	2036	2105	1992	1993	2016	2009	2090	2033	2017	2025	2034
304998	62	126	14	78	142	30	94	158	46	110	174	2019	2026	2135	2006	2002	1970	2018	2081	1992	2021	2029	2010
304998	62	126	14	78	142	30	94	158	46	110	174	2024	2023	2170	2022	2011	1924	2022	2066	1945	2017	2024	1988
304998	62	126	14	78	142	30	94	158	46	110	174	2023	2027	2169	2029	2017	1924	2029	2065	1944	2020	2015	1997
304998	62	126	14	78	142	30	94	158	46	110	174	2023	2037	2138	2020	2008	1968	2028	2073	1988	2021	2015	2012
304998	62	126	14	78	142	30	94	158	46	110	174	2018	2033	2106	2003	1990	2015	2009	2088	2030	2022	2025	2034
304998	62	126	14	78	142	30	94	158	46	110	174	2015	2032	2102	1991	1996	2028	2010	2096	2038	2018	2031	2044
304998	62	126	14	78	142	30	94	158	46	110	174	2018	2036	2123	2001	2002	1993	2010	2085	2005	2020	2028	2035
304998	62	126	14	78	142	30	94	158	46	110	174	2021	2031	2162	2014	2009	1948	2021	2073	1970	2017	2019	2004
304998	62	126	14	78	142	30	94	158	46	110	174	2021	2031	2172	2025	2014	1918	2025	2063	1951	2020	2015	1979
304998	62	126	14	78	142	30	94	158	46	110	174	2028	2031	2147	2024	2006	1938	2028	2076	1956	2021	2021	1994
304998	62	126	14	78	142	30	94	158	46	110	174	2021	2033	2126	2012	1997	1991	2019	2084	1998	2022	2026	2028
304998	62	126	14	78	142	30	94	158	46	110	174	2016	2035	2109	1993	1996	2028	2012	2085	2031	2018	2027	2054
304998	62	126	14	78	142	30	94	158	46	110	174	2014	2039	2114	1994	1993	2024	2005	2083	2038	2017	2023	2044
304998	62	126	14	78	142	30	94	158	46	110	174	2022	2039	2128	2004	1999	1981	2018	2080	2002	2019	2027	2012
304998	62	126	14	78	142	30	94	158	46	110	174	2020	2026	2156	2018	2008	1935	2021	2068	1952	2020	2024	1995
304998	62	126	14	78	142	30	94	158	46	110	174	2025	2021	2161	2032	2007	1915	2018	2065	1940	2017	2020	1989
304998	62	126	14	78	142	30	94	158	46	110	174	2025	2023	2153	2018	2007	1955	2022	2074	1974	2018	2022	2007
304998	62	126	14	78	142	30	94	158	46	110	174	2017	2036	2123	2006	2002	2007	2015	2080	2026	2022	2023	2030
304998	62	126	14	78	142	30	94	158	46	110	174	2015	2046	2094	1994	1998	2034	2020	2093	2045	2021	2032	2050
304998	62	126	14	78	142	30	94	158	46	110	174	2023	2040	2111	1994	1999	2007	2014	2092	2015	2017	2029	2040
304998	62	126	14	78	142	30	94	158	46	110	174	2024	2027	2144	2011	2005	1954	2028	2081	1970	2016	2021	2006
304998	62	126	14	78	142	30	94	158	46	110	174	2027	2024	2166	2023	2008	1915	2027	2064	1942	2017	2016	1980
304998	62	126	14	78	142	30	94	158	46	110	174	2027	2027	2165	2023	2008	1934	2022	2070	1961	2017	2023	1991
304998	62	126	14	78	142	30	94	158	46	110	174	2021	2033	2131	2009	2003	1984	2016	2080	1996	2020	2031	2023
304998	62	126	14	78	142	30	94	158	46	110	174	2020	2041	2106	1997	1990	2026	2009	2088	2034	2017	2029	2048
304998	62	126	14	78	142	30	94	158	46	110	174	2014	2037	2106	1995	1994	2029	2011	2088	2036	2018	2025	2042
304998	62	126	14	78	142	30	94	158	46	110	174	2020	2029	2130	2008	1998	1980	2015	2080	2001	2020	2025	2015
304998	62	126	14	78	142	30	94	158	46	110	174	2018	2024	2167	2020	2001	1939	2018	2075	1960	2018	2027	2000
304998	62	126	14	78	142	30	94	158	46	110	174	2025	2030	2163	2025	2007	1917	2030	2073	1941	2021	2019	1995
304998	62	126	14	78	142	30	94	158	46	110	174	2027	2031	2148	2018	1999	1956	2020	2069	1968	2021	2016	2001
304998	62	126	14	78	142	30	94	158	46	110	174	2023	2032	2113	2006	1997	2003	2015	2080	2017	2020	2023	2024
304998	62	126	14	78	142	30	94	158	46	110	174	2018	2036	2101	1998	1997	2032	2009	2089	2045	2022	2034	2052
304998	62	126	14	78	142	30	94	158	46	110	174	2013	2035	2120	1997	1997	2015	2008	2086	2025	2020	2029	2042
304998	62	126	14	78	142	30	94	158	46	110	174	2023	2036	2144	2006	2004	1966	2023	2081	1978	2019	2020	2008
304998	62	126	14	78	142	30	94	158	46	110	174	2025	2026	2163	2022	1994	1927	2018	2072	1943	2016	2018	1985
304998	62	126	14	78	142	30	94	158	46	110	174	2030	2023	2159	2020	2006	1927	2026	2065	1952	2016	2022	1984
304998	62	126	14	78	142	30	94	158	46	110	174	2023	2027	2138	2017	2002	1970	2014	2081	1995	2017	2029	2019
304998	62	126	14	78	142	30	94	158	46	110	174	2013	2035	2109	2004	1993	2022	2015	2086	2031	2021	2027	2050
304998	62	126	14	78	142	30	94	158	46	110	174	2018	2046	2100	1997	1999	2032	2017	2092	2038	2018	2028	2048
304998	62	126	14	78	142	30	94	158	46	110	174	2020	2040	2119	2002	1995	1996	2015	2079	2005	2021	2024	2020
304998	62	126	14	78	142	30	94	158	46	110	174	2024	2022	2157	2016	2003	1942	2017	2073	1968	2016	2026	1997
304998	62	126	14	78	142	30	94	158	46	110	174	2027	2023	2172	2023	2008	1918	2023	2071	1942	2020	2019	1992
304998	62	126	14	78	142	30	94	158	46	110	174	2017	2026	2160	2020	2005	1948	2020	2074	1967	2018	2019	2003
304998	62	126	14	78	142	30	94	158	46	110	174	2022	2041	2119	2004	2003	1999	2017	2085	2008	2021	2020	2017
304998	62	126	14	78	142	30	94	158	46	110	174	2015	2039	2100	1998	1990	2036	2008	2083	2038	2020	2029	2042
304998	62	126	14	78	142	30	94	158	46	110	174	2021	2034	2102	1997	1992	2018	2009	2085	2034	2022	2032	2044
304998	62	126	14	78	142	30	94	158	46	110	174	2020	2034	2142	2006	2002	1964	2013	2084	1987	2022	2024	2018
304998	62	126	14	78	142	30	94	158	46	110	174	2026	2030	2169	2019	2003	1925	2030	2072	1947	2021	2019	1983
304998	62	126	14	78	142	30	94	158	46	110	174	2025	2033	2164	2021	2009	1925	2021	2074	1940	2017	2022	1983
304998	62	126	14	78	142	30	94	158	46	110	174	2020	2036	2138	2017	1995	1971	2015	2072	1984	2018	2028	2015
304998	62	126	14	78	142	30	94	158	46	110	174	2019	2036	2108	2002	1998	2018	2012	2085	2030	2020	2027	2046
304998	62	126	14	78	142	30	94	158	46	110	174	2017	2036	2103	1997	1996	2036	2020	2096	2039	2017	2023	2044
304998	62	126	14	78	142	30	94	158	46	110	174	2017	2036	2129	2003	1995	2000	2021	2084	2007	2021	2025	2019
304998	62	126	14	78	142	30	94	158	46	110	174	2019	2034	2159	2015	2001	1949	2016	2073	1964	2017	2029	1998
304998	62	126	14	78	142	30	94	158	46	110	174	2027	2025	2166	2024	1999	1924	2022	2066	1948	2022	2022	1988
304998	62	126	14	78	142	30	94	158	46	110	174	2025	2025	2151	2019	2006	1942	2018	2073	1966	2022	2019	1999
304998	62	126	14	78	142	30	94	158	46	110	174	2024	2028	2127	2011	1995	1991	2022	2085	2008	2019	2019	2020
304998	62	126	14	78	142	30	94	158	46	110	174	2015	2034	2117	1995	1998	2033	2011	2084	2038	2017	2029	2042
304998	62	126	14	78	142	30	94	158	46	110	174	2014	2043	2112	1997	1996	2027	2015	2086	2031	2022	2030	2044
304998	62	126	14	78	142	30	94	158	46	110	174	2019	2034	2131	2008	1995	1974	2015	2077	1998	2020	2024	2018
304998	62	126	14	78	142	30	94	158	46	110	174	2024	2029	2158	2021	2002	1930	2015	2072	1952	2021	2019	1993
304998	62	126	14	78	142	30	94	158	46	110	174	2024	2025	2168	2020	2007	1918	2036	2073	1943	2017	2019	1979
304998	62	126	14	78	142	30	94	158	46	110	174	2023	2033	2149	2017	2004	1965	2019	2074	1975	2021	2029	2012
304998	62	126	14	78	142	30	94	158	46	110	174	2021	2042	2114	2009	1995	2021	2020	2078	2025	2021	2027	2043
304998	62	126	14	78	142	30	94	158	46	110	174	2018	2043	2094	1996	1992	2031	2008	2087	2046	2016	2024	2048
304998	62	126	14	78	142	30	94	158	46	110	174	2018	2033	2114	2005	1998	2002	2010	2087	2013	2020	2021	2027
304998	62	126	14	78	142	30	94	158	46	110	174	2025	2031	2147	2014	2006	1948	2018	2079	1967	2016	2023	2001
304998	62	126	14	78	142	30	94	158	46	110	174	2026	2023	2175	2024	1996	1922	2018	2066	1943	2020	2025	1987
304998	62	126	14	78	142	30	94	158	46	110	174	2025	2029	2164	2023	2002	1939	2026	2064	1959	2022	2018	1994
304998	62	126	14	78	142	30	94	158	46	110	174	2021	2036	2124	2013	2001	1987	2015	2081	2002	2020	2019	2021
304998	62	126	14	78	142	30	94	158	46	110	174	2020	2034	2096	2001	1998	2025	2019	2089	2033	2022	2031	2036
304998	62	126	14	78	142	30	94	158	46	110	174	2015	2032	2107	1998	1997	2020	2010	2085	2031	2016	2029	2042
304998	62	126	14	78	142	30	94	158	46	110	174	2019	2030	2140	2008	1999	1981	2026	2080	1996	2021	2026	2024
