304998	62	126	14	78	142	30	94	158	46	110	174	2026	2036	2112	2008	2010	2015	2027	2078	2017	2017	2022	2040
304998	62	126	14	78	142	30	94	158	46	110	174	2026	2033	2132	2013	2006	1963	2016	2072	1993	2023	2022	2018
304998	62	126	14	78	142	30	94	158	46	110	174	2028	2028	2157	2021	2013	1927	2025	2074	1956	2020	2014	1991
304998	62	126	14	78	142	30	94	158	46	110	174	2027	2023	2165	2020	2006	1930	2021	2073	1954	2017	2018	1983
304998	62	126	14	78	142	30	94	158	46	110	174	2021	2024	2146	2016	2006	1969	2024	2071	1979	2018	2019	2000
304998	62	126	14	78	142	30	94	158	46	110	174	2024	2035	2116	2009	2008	2011	2027	2074	2019	2020	2026	2042
304998	62	126	14	78	142	30	94	158	46	110	174	2024	2033	2105	2002	2006	2023	2017	2081	2038	2020	2021	2047
304998	62	126	14	78	142	30	94	158	46	110	174	2027	2031	2112	2008	2006	1992	2025	2080	2009	2016	2021	2032
304998	62	126	14	78	142	30	94	158	46	110	174	2025	2023	2152	2016	2006	1945	2017	2072	1966	2021	2015	1991
304998	62	126	14	78	142	30	94	158	46	110	174	2028	2023	2172	2018	2011	1924	2020	2069	1942	2016	2022	1981
304998	62	126	14	78	142	30	94	158	46	110	174	2024	2025	2166	2020	2009	1942	2032	2072	1967	2020	2022	1997
304998	62	126	14	78	142	30	94	158	46	110	174	2026	2037	2125	2014	2005	1985	2017	2080	2003	2021	2017	2030
304998	62	126	14	78	142	30	94	158	46	110	174	2025	2036	2097	2012	2004	2022	2036	2083	2030	2021	2022	2042
304998	62	126	14	78	142	30	94	158	46	110	174	2028	2034	2106	2009	2006	2014	2024	2083	2021	2021	2019	2028
304998	62	126	14	78	142	30	94	158	46	110	174	2022	2026	2142	2011	2008	1975	2020	2074	1991	2017	2025	2016
304998	62	126	14	78	142	30	94	158	46	110	174	2026	2026	2169	2020	2009	1932	2023	2074	1960	2022	2020	1994
304998	62	126	14	78	142	30	94	158	46	110	174	2023	2028	2171	2020	2009	1928	2019	2076	1954	2018	2017	1991
304998	62	126	14	78	142	30	94	158	46	110	174	2033	2033	2140	2018	2000	1960	2032	2079	1980	2017	2018	2000
304998	62	126	14	78	142	30	94	158	46	110	174	2025	2026	2112	2011	2010	2004	2024	2081	2009	2021	2021	2027
304998	62	126	14	78	142	30	94	158	46	110	174	2018	2028	2105	2009	2008	2030	2017	2074	2039	2017	2028	2042
304998	62	126	14	78	142	30	94	158	46	110	174	2026	2028	2124	2013	2000	2005	2022	2077	2014	2021	2020	2037
304998	62	126	14	78	142	30	94	158	46	110	174	2021	2031	2157	2012	2004	1954	2016	2080	1971	2021	2015	2004
304998	62	126	14	78	142	30	94	158	46	110	174	2026	2035	2164	2020	2004	1924	2031	2076	1947	2021	2014	1979
304998	62	126	14	78	142	30	94	158	46	110	174	2027	2028	2155	2015	2006	1936	2025	2074	1955	2022	2020	1992
304998	62	126	14	78	142	30	94	158	46	110	174	2027	2027	2129	2012	2009	1981	2019	2073	2006	2022	2024	2021
304998	62	126	14	78	142	30	94	158	46	110	174	2019	2027	2120	2011	2008	2021	2020	2082	2033	2021	2022	2048
304998	62	126	14	78	142	30	94	158	46	110	174	2019	2034	2119	2009	2007	2020	2019	2078	2025	2020	2018	2040
304998	62	126	14	78	142	30	94	158	46	110	174	2018	2036	2139	2012	2003	1982	2023	2079	1993	2021	2019	2013
304998	62	126	14	78	142	30	94	158	46	110	174	2026	2027	2158	2017	2006	1935	2019	2071	1959	2018	2024	1990
304998	62	126	14	78	142	30	94	158	46	110	174	2031	2021	2169	2021	2003	1925	2025	2072	1955	2016	2020	1986
304998	62	126	14	78	142	30	94	158	46	110	174	2026	2027	2151	2017	2010	1957	2024	2077	1970	2019	2022	2013
304998	62	126	14	78	142	30	94	158	46	110	174	2018	2032	2127	2014	2003	2005	2022	2086	2009	2020	2017	2025
304998	62	126	14	78	142	30	94	158	46	110	174	2020	2035	2108	2008	2004	2019	2031	2075	2028	2020	2022	2039
304998	62	126	14	78	142	30	94	158	46	110	174	2020	2031	2111	2006	2006	2002	2025	2074	2018	2017	2030	2033
304998	62	126	14	78	142	30	94	158	46	110	174	2025	2022	2144	2017	2001	1959	2020	2077	1979	2019	2020	2010
304998	62	126	14	78	142	30	94	158	46	110	174	2028	2021	2175	2018	2006	1927	2030	2074	1951	2018	2015	1995
304998	62	126	14	78	142	30	94	158	46	110	174	2026	2023	2167	2023	1994	1939	2024	2079	1952	2020	2018	1984
304998	62	126	14	78	142	30	94	158	46	110	174	2021	2033	2140	2015	2000	1975	2023	2073	1986	2016	2022	2013
304998	62	126	14	78	142	30	94	158	46	110	174	2028	2038	2104	2011	1998	2015	2025	2076	2028	2020	2025	2044
304998	62	126	14	78	142	30	94	158	46	110	174	2028	2031	2103	2009	2005	2018	2020	2085	2030	2020	2017	2042
304998	62	126	14	78	142	30	94	158	46	110	174	2020	2023	2130	2011	2011	1980	2023	2079	1996	2021	2015	2020
304998	62	126	14	78	142	30	94	158	46	110	174	2026	2026	2165	2013	2001	1949	2029	2077	1954	2020	2019	1993
304998	62	126	14	78	142	30	94	158	46	110	174	2027	2028	2171	2016	2003	1925	2023	2071	1954	2017	2022	1983
304998	62	126	14	78	142	30	94	158	46	110	174	2024	2033	2146	2015	2004	1950	2024	2078	1973	2016	2019	2010
304998	62	126	14	78	142	30	94	158	46	110	174	2025	2024	2120	2010	2008	1991	2026	2082	2003	2020	2020	2029
304998	62	126	14	78	142	30	94	158	46	110	174	2019	2026	2110	2008	2006	2025	2023	2081	2025	2017	2020	2032
304998	62	126	14	78	142	30	94	158	46	110	174	2027	2032	2123	2008	2009	2014	2031	2077	2018	2019	2025	2031
304998	62	126	14	78	142	30	94	158	46	110	174	2023	2031	2153	2008	2001	1962	2020	2072	1991	2022	2023	2011
304998	62	126	14	78	142	30	94	158	46	110	174	2025	2035	2157	2015	2006	1925	2023	2077	1953	2016	2017	1992
304998	62	126	14	78	142	30	94	158	46	110	174	2026	2025	2157	2018	2006	1930	2024	2077	1955	2021	2017	1990
304998	62	126	14	78	142	30	94	158	46	110	174	2018	2022	2144	2015	2002	1972	2019	2075	1985	2019	2021	2002
304998	62	126	14	78	142	30	94	158	46	110	174	2027	2030	2115	2008	2008	2015	2022	2077	2029	2018	2024	2034
304998	62	126	14	78	142	30	94	158	46	110	174	2021	2031	2117	2011	2000	2026	2022	2079	2038	2017	2022	2048
304998	62	126	14	78	142	30	94	158	46	110	174	2023	2034	2120	2009	2009	1990	2020	2081	2002	2022	2025	2028
304998	62	126	14	78	142	30	94	158	46	110	174	2028	2026	2149	2016	2004	1944	2027	2081	1964	2019	2016	1994
304998	62	126	14	78	142	30	94	158	46	110	174	2023	2025	2165	2017	2005	1922	2023	2071	1945	2017	2022	1982
304998	62	126	14	78	142	30	94	158	46	110	174	2026	2030	2156	2015	2000	1946	2019	2078	1971	2020	2021	1999
304998	62	126	14	78	142	30	94	158	46	110	174	2021	2031	2138	2010	2005	1989	2028	2080	2008	2017	2019	2031
304998	62	126	14	78	142	30	94	158	46	110	174	2021	2037	2103	2009	2009	2016	2030	2082	2024	2019	2018	2047
304998	62	126	14	78	142	30	94	158	46	110	174	2023	2032	2110	2016	1998	2013	2023	2081	2017	2018	2019	2031
304998	62	126	14	78	142	30	94	158	46	110	174	2020	2020	2142	2011	2009	1968	2023	2072	1991	2022	2025	2012
304998	62	126	14	78	142	30	94	158	46	110	174	2028	2025	2168	2013	1995	1939	2021	2074	1959	2022	2020	1998
304998	62	126	14	78	142	30	94	158	46	110	174	2022	2028	2171	2013	2003	1928	2019	2081	1953	2017	2017	1993
304998	62	126	14	78	142	30	94	158	46	110	174	2029	2032	2141	2013	2007	1960	2026	2077	1984	2018	2014	2004
304998	62	126	14	78	142	30	94	158	46	110	174	2028	2033	2110	2014	2003	2007	2026	2079	2012	2019	2024	2029
304998	62	126	14	78	142	30	94	158	46	110	174	2021	2026	2107	2008	2011	2021	2019	2077	2037	2019	2026	2043
304998	62	126	14	78	142	30	94	158	46	110	174	2027	2030	2128	2008	2002	2001	2033	2083	2009	2019	2018	2031
304998	62	126	14	78	142	30	94	158	46	110	174	2020	2033	2158	2012	2005	1954	2026	2081	1970	2020	2016	2004
304998	62	126	14	78	142	30	94	158	46	110	174	2026	2031	2164	2014	2002	1926	2017	2078	1947	2021	2019	1978
304998	62	126	14	78	142	30	94	158	46	110	174	2026	2028	2154	2016	2005	1938	2027	2076	1966	2018	2023	1995
304998	62	126	14	78	142	30	94	158	46	110	174	2028	2025	2136	2010	2006	1988	2015	2076	2003	2021	2021	2029
304998	62	126	14	78	142	30	94	158	46	110	174	2020	2028	2112	2013	2003	2020	2017	2083	2026	2021	2020	2042
304998	62	126	14	78	142	30	94	158	46	110	174	2022	2033	2119	2010	2003	2017	2023	2079	2021	2017	2017	2029
304998	62	126	14	78	142	30	94	158	46	110	174	2025	2038	2135	2012	2001	1971	2016	2074	1992	2020	2025	2015
304998	62	126	14	78	142	30	94	158	46	110	174	2028	2029	2153	2012	2002	1935	2018	2075	1966	2018	2024	1993
304998	62	126	14	78	142	30	94	158	46	110	174	2025	2023	2167	2015	2008	1932	2018	2080	1957	2021	2023	1993
304998	62	126	14	78	142	30	94	158	46	110	174	2027	2027	2153	2015	2008	1957	2025	2081	1973	2020	2017	2007
304998	62	126	14	78	142	30	94	158	46	110	174	2027	2035	2122	2016	1997	2006	2031	2083	2007	2022	2020	2021
304998	62	126	14	78	142	30	94	158	46	110	174	2021	2037	2099	2011	2003	2016	2025	2071	2029	2022	2026	2042
304998	62	126	14	78	142	30	94	158	46	110	174	2029	2032	2110	2013	1999	2001	2022	2079	2019	2017	2022	2037
304998	62	126	14	78	142	30	94	158	46	110	174	2023	2017	2155	2013	2010	1957	2016	2077	1979	2020	2018	2005
304998	62	126	14	78	142	30	94	158	46	110	174	2026	2025	2170	2018	2007	1930	2029	2076	1951	2021	2018	1979
304998	62	126	14	78	142	30	94	158	46	110	174	2023	2028	2166	2020	1994	1938	2023	2073	1957	2018	2024	1993
304998	62	126	14	78	142	30	94	158	46	110	174	2019	2036	2127	2017	2007	1971	2015	2077	2001	2017	2023	2018
304998	62	126	14	78	142	30	94	158	46	110	174	2026	2030	2100	2014	2006	2015	2027	2080	2024	2021	2018	2039
304998	62	126	14	78	142	30	94	158	46	110	174	2027	2024	2113	2009	2006	2019	2025	2078	2025	2017	2020	2044
304998	62	126	14	78	142	30	94	158	46	110	174	2025	2028	2133	2011	2007	1981	2024	2078	1994	2021	2019	2013
304998	62	126	14	78	142	30	94	158	46	110	174	2027	2034	2162	2013	1998	1937	2028	2071	1963	2022	2022	1994
304998	62	126	14	78	142	30	94	158	46	110	174	2025	2035	2163	2017	2006	1923	2018	2078	1952	2020	2019	1991
304998	62	126	14	78	142	30	94	158	46	110	174	2031	2026	2139	2016	2006	1951	2028	2085	1971	2017	2023	2006
304998	62	126	14	78	142	30	94	158	46	110	174	2028	2028	2127	2015	2006	1999	2021	2073	2009	2021	2016	2018
304998	62	126	14	78	142	30	94	158	46	110	174	2024	2028	2113	2009	2011	2020	2021	2074	2025	2022	2022	2038
304998	62	126	14	78	142	30	94	158	46	110	174	2021	2029	2125	2010	2001	2008	2018	2071	2022	2018	2025	2037
304998	62	126	14	78	142	30	94	158	46	110	174	2026	2032	2136	2016	2003	1957	2018	2078	1986	2016	2019	2011
304998	62	126	14	78	142	30	94	158	46	110	174	2027	2026	2156	2017	2004	1927	2019	2077	1947	2021	2016	1985
304998	62	126	14	78	142	30	94	158	46	110	174	2026	2019	2166	2018	2002	1935	2016	2075	1955	2017	2018	1982
304998	62	126	14	78	142	30	94	158	46	110	174	2026	2025	2140	2013	2009	1975	2024	2074	1993	2017	2022	2011
304998	62	126	14	78	142	30	94	158	46	110	174	2026	2035	2117	2011	2006	2014	2026	2078	2024	2017	2020	2041
304998	62	126	14	78	142	30	94	158	46	110	174	2025	2036	2101	2010	2009	2019	2023	2082	2026	2018	2020	2042
304998	62	126	14	78	142	30	94	158	46	110	174	2033	2035	2117	2012	2006	1980	2031	2081	2003	2021	2015	2016
304998	62	126	14	78	142	30	94	158	46	110	174	2022	2024	2155	2015	2002	1944	2020	2074	1966	2019	2022	1994
304998	62	126	14	78	142	30	94	158	46	110	174	2028	2026	2169	2013	2008	1929	2020	2072	1952	2022	2022	1990
304998	62	126	14	78	142	30	94	158	46	110	174	2023	2031	2159	2013	2000	1951	2029	2080	1974	2017	2020	2003
304998	62	126	14	78	142	30	94	158	46	110	174	2026	2032	2123	2013	2008	1987	2021	2077	2006	2020	2016	2024
304998	62	126	14	78	142	30	94	158	46	110	174	2030	2036	2100	2012	2005	2016	2022	2078	2030	2017	2019	2031
304998	62	126	14	78	142	30	94	158	46	110	174	2022	2028	2112	2009	2009	2006	2019	2074	2021	2018	2025	2031
304998	62	126	14	78	142	30	94	158	46	110	174	2028	2033	2147	2011	2006	1971	2021	2080	1986	2018	2020	2017
304998	62	126	14	78	142	30	94	158	46	110	174	2027	2028	2169	2013	2007	1930	2022	2084	1957	2017	2016	1994
304998	62	126	14	78	142	30	94	158	46	110	174	2028	2034	2163	2018	2005	1929	2028	2078	1957	2023	2018	1980
304998	62	126	14	78	142	30	94	158	46	110	174	2028	2034	2130	2015	2009	1965	2029	2077	1977	2016	2021	2004
304998	62	126	14	78	142	30	94	158	46	110	174	2026	2023	2109	2012	2009	2008	2022	2074	2020	2017	2023	2037
304998	62	126	14	78	142	30	94	158	46	110	174	2025	2028	2110	2011	2010	2019	2028	2082	2027	2017	2020	2038
304998	62	126	14	78	142	30	94	158	46	110	174	2020	2032	2137	2011	2007	1994	2026	2077	2004	2022	2015	2023
304998	62	126	14	78	142	30	94	158	46	110	174	2018	2037	2153	2012	2002	1949	2016	2074	1969	2017	2017	1996
304998	62	126	14	78	142	30	94	158	46	110	174	2034	2033	2159	2017	2009	1925	2026	2074	1953	2017	2021	1983
304998	62	126	14	78	142	30	94	158	46	110	174	2028	2023	2155	2011	2009	1943	2019	2072	1971	2018	2019	2003
304998	62	126	14	78	142	30	94	158	46	110	174	2027	2031	2134	2013	2011	1987	2020	2083	2000	2021	2025	2022
304998	62	126	14	78	142	30	94	158	46	110	174	2023	2035	2112	2014	2001	2025	2027	2080	2028	2017	2016	2030
304998	62	126	14	78	142	30	94	158	46	110	174	2023	2031	2119	2006	2005	2012	2021	2076	2018	2017	2021	2031
304998	62	126	14	78	142	30	94	158	46	110	174	2030	2036	2128	2012	2005	1976	2018	2078	1991	2022	2025	2020
304998	62	126	14	78	142	30	94	158	46	110	174	2028	2028	2156	2012	2008	1935	2033	2080	1960	2018	2016	1989
304998	62	126	14	78	142	30	94	158	46	110	174	2028	2023	2167	2015	2008	1929	2032	2083	1950	2017	2016	1987
304998	62	126	14	78	142	30	94	158	46	110	174	2026	2027	2147	2016	1997	1964	2022	2076	1975	2023	2017	1998
304998	62	126	14	78	142	30	94	158	46	110	174	2021	2032	2120	2015	2007	2000	2021	2074	2018	2017	2025	2027
304998	62	126	14	78	142	30	94	158	46	110	174	2026	2037	2103	2014	2005	2018	2032	2076	2031	2019	2020	2050
304998	62	126	14	78	142	30	94	158	46	110	174	2028	2025	2123	2012	2011	1995	2021	2077	2008	2019	2015	2031
304998	62	126	14	78	142	30	94	158	46	110	174	2029	2026	2149	2015	2008	1954	2023	2076	1969	2021	2014	1990
304998	62	126	14	78	142	30	94	158	46	110	174	2028	2026	2169	2015	2004	1930	2031	2071	1952	2017	2022	1983
304998	62	126	14	78	142	30	94	158	46	110	174	2022	2031	2158	2016	2005	1937	2026	2071	1970	2018	2022	1995
304998	62	126	14	78	142	30	94	158	46	110	174	2032	2035	2121	2013	2011	1976	2020	2079	1996	2022	2022	2025
304998	62	126	14	78	142	30	94	158	46	110	174	2028	2031	2103	2015	2005	2014	2028	2079	2020	2019	2014	2034
304998	62	126	14	78	142	30	94	158	46	110	174	2027	2027	2113	2013	2013	2018	2028	2076	2017	2021	2018	2034
304998	62	126	14	78	142	30	94	158	46	110	174	2025	2033	2137	2013	2010	1982	2024	2074	1996	2020	2022	2018
304998	62	126	14	78	142	30	94	158	46	110	174	2025	2030	2165	2019	2001	1936	2023	2078	1966	2020	2018	2001
304998	62	126	14	78	142	30	94	158	46	110	174	2031	2037	2160	2012	2006	1925	2030	2076	1952	2016	2016	1995
304998	62	126	14	78	142	30	94	158	46	110	174	2025	2031	2144	2016	2004	1962	2023	2077	1970	2019	2017	1997
304998	62	126	14	78	142	30	94	158	46	110	174	2023	2025	2125	2014	2008	1996	2021	2073	2010	2019	2022	2026
304998	62	126	14	78	142	30	94	158	46	110	174	2027	2033	2114	2011	2011	2025	2033	2073	2034	2018	2024	2047
304998	62	126	14	78	142	30	94	158	46	110	174	2022	2031	2123	2016	2004	1998	2026	2080	2012	2018	2018	2032
304998	62	126	14	78	142	30	94	158	46	110	174	2031	2036	2145	2017	2008	1951	2026	2079	1976	2017	2012	2006
304998	62	126	14	78	142	30	94	158	46	110	174	2025	2025	2159	2015	2002	1932	2019	2074	1951	2018	2018	1983
304998	62	126	14	78	142	30	94	158	46	110	174	2027	2023	2158	2015	2009	1938	2022	2072	1963	2020	2023	1991
304998	62	126	14	78	142	30	94	158	46	110	174	2031	2030	2143	2012	2008	1981	2019	2080	1995	2017	2019	2018
304998	62	126	14	78	142	30	94	158	46	110	174	2023	2031	2120	2011	2003	2014	2023	2077	2020	2017	2015	2040
304998	62	126	14	78	142	30	94	158	46	110	174	2024	2036	2109	2015	2006	2014	2030	2078	2021	2021	2016	2029
304998	62	126	14	78	142	30	94	158	46	110	174	2028	2027	2126	2016	2005	1989	2023	2076	1996	2021	2020	2012
304998	62	126	14	78	142	30	94	158	46	110	174	2026	2023	2152	2017	2002	1948	2019	2071	1970	2020	2018	2002
304998	62	126	14	78	142	30	94	158	46	110	174	2027	2024	2167	2011	2010	1930	2025	2080	1953	2022	2016	1989
304998	62	126	14	78	142	30	94	158	46	110	174	2026	2029	2155	2016	2001	1955	2024	2073	1969	2018	2011	1997
304998	62	126	14	78	142	30	94	158	46	110	174	2025	2033	2129	2012	2013	1992	2025	2075	2004	2017	2019	2023
304998	62	126	14	78	142	30	94	158	46	110	174	2029	2031	2101	2012	2015	2015	2029	2074	2031	2021	2023	2041
304998	62	126	14	78	142	30	94	158	46	110	174	2028	2026	2114	2015	2008	2007	2021	2077	2019	2017	2021	2037
304998	62	126	14	78	142	30	94	158	46	110	174	2028	2024	2142	2010	2011	1960	2027	2081	1978	2019	2017	2014
304998	62	126	14	78	142	30	94	158	46	110	174	2026	2025	2172	2022	1995	1935	2026	2072	1954	2020	2013	1982
304998	62	126	14	78	142	30	94	158	46	110	174	2027	2034	2164	2014	2008	1928	2028	2075	1953	2017	2020	1986
304998	62	126	14	78	142	30	94	158	46	110	174	2028	2036	2135	2013	2011	1969	2022	2077	1991	2019	2021	2018
304998	62	126	14	78	142	30	94	158	46	110	174	2031	2031	2110	2016	2005	2008	2029	2081	2020	2017	2015	2033
304998	62	126	14	78	142	30	94	158	46	110	174	2026	2027	2109	2011	2012	2014	2031	2077	2023	2020	2016	2037
304998	62	126	14	78	142	30	94	158	46	110	174	2024	2024	2136	2011	2006	1990	2023	2069	1999	2018	2024	2015
304998	62	126	14	78	142	30	94	158	46	110	174	2026	2031	2157	2016	2007	1944	2027	2073	1972	2017	2020	1994
