304998	62	126	14	78	142	30	94	158	46	110	174	2020	2032	2137	2011	2007	1994	2026	2077	2004	2022	2015	2023
304998	62	126	14	78	142	30	94	158	46	110	174	2018	2037	2153	2012	2002	1949	2016	2074	1969	2017	2017	1996
304998	62	126	14	78	142	30	94	158	46	110	174	2034	2033	2159	2017	2009	1925	2026	2074	1953	2017	2021	1983
304998	62	126	14	78	142	30	94	158	46	110	174	2028	2023	2155	2011	2009	1943	2019	2072	1971	2018	2019	2003
304998	62	126	14	78	142	30	94	158	46	110	174	2027	2031	2134	2013	2011	1987	2020	2083	2000	2021	2025	2022
304998	62	126	14	78	142	30	94	158	46	110	174	2023	2035	2112	2014	2001	2025	2027	2080	2028	2017	2016	2030
304998	62	126	14	78	142	30	94	158	46	110	174	2023	2031	2119	2006	2005	2012	2021	2076	2018	2017	2021	2031
304998	62	126	14	78	142	30	94	158	46	110	174	2030	2036	2128	2012	2005	1976	2018	2078	1991	2022	2025	2020
304998	62	126	14	78	142	30	94	158	46	110	174	2028	2028	2156	2012	2008	1935	2033	2080	1960	2018	2016	1989
304998	62	126	14	78	142	30	94	158	46	110	174	2028	2023	2167	2015	2008	1929	2032	2083	1950	2017	2016	1987
304998	62	126	14	78	142	30	94	158	46	110	174	2026	2027	2147	2016	1997	1964	2022	2076	1975	2023	2017	1998
304998	62	126	14	78	142	30	94	158	46	110	174	2021	2032	2120	2015	2007	2000	2021	2074	2018	2017	2025	2027
304998	62	126	14	78	142	30	94	158	46	110	174	2026	2037	2103	2014	2005	2018	2032	2076	2031	2019	2020	2050
304998	62	126	14	78	142	30	94	158	46	110	174	2028	2025	2123	2012	2011	1995	2021	2077	2008	2019	2015	2031
304998	62	126	14	78	142	30	94	158	46	110	174	2029	2026	2149	2015	2008	1954	2023	2076	1969	2021	2014	1990
304998	62	126	14	78	142	30	94	158	46	110	174	2028	2026	2169	2015	2004	1930	2031	2071	1952	2017	2022	1983
304998	62	126	14	78	142	30	94	158	46	110	174	2022	2031	2158	2016	2005	1937	2026	2071	1970	2018	2022	1995
304998	62	126	14	78	142	30	94	158	46	110	174	2032	2035	2121	2013	2011	1976	2020	2079	1996	2022	2022	2025
304998	62	126	14	78	142	30	94	158	46	110	174	2028	2031	2103	2015	2005	2014	2028	2079	2020	2019	2014	2034
304998	62	126	14	78	142	30	94	158	46	110	174	2027	2027	2113	2013	2013	2018	2028	2076	2017	2021	2018	2034
304998	62	126	14	78	142	30	94	158	46	110	174	2025	2033	2137	2013	2010	1982	2024	2074	1996	2020	2022	2018
304998	62	126	14	78	142	30	94	158	46	110	174	2025	2030	2165	2019	2001	1936	2023	2078	1966	2020	2018	2001
304998	62	126	14	78	142	30	94	158	46	110	174	2031	2037	2160	2012	2006	1925	2030	2076	1952	2016	2016	1995
304998	62	126	14	78	142	30	94	158	46	110	174	2025	2031	2144	2016	2004	1962	2023	2077	1970	2019	2017	1997
304998	62	126	14	78	142	30	94	158	46	110	174	2023	2025	2125	2014	2008	1996	2021	2073	2010	2019	2022	2026
304998	62	126	14	78	142	30	94	158	46	110	174	2027	2033	2114	2011	2011	2025	2033	2073	2034	2018	2024	2047
304998	62	126	14	78	142	30	94	158	46	110	174	2022	2031	2123	2016	2004	1998	2026	2080	2012	2018	2018	2032
304998	62	126	14	78	142	30	94	158	46	110	174	2031	2036	2145	2017	2008	1951	2026	2079	1976	2017	2012	2006
304998	62	126	14	78	142	30	94	158	46	110	174	2025	2025	2159	2015	2002	1932	2019	2074	1951	2018	2018	1983
304998	62	126	14	78	142	30	94	158	46	110	174	2027	2023	2158	2015	2009	1938	2022	2072	1963	2020	2023	1991
304998	62	126	14	78	142	30	94	158	46	110	174	2031	2030	2143	2012	2008	1981	2019	2080	1995	2017	2019	2018
304998	62	126	14	78	142	30	94	158	46	110	174	2023	2031	2120	2011	2003	2014	2023	2077	2020	2017	2015	2040
304998	62	126	14	78	142	30	94	158	46	110	174	2024	2036	2109	2015	2006	2014	2030	2078	2021	2021	2016	2029
304998	62	126	14	78	142	30	94	158	46	110	174	2028	2027	2126	2016	2005	1989	2023	2076	1996	2021	2020	2012
304998	62	126	14	78	142	30	94	158	46	110	174	2026	2023	2152	2017	2002	1948	2019	2071	1970	2020	2018	2002
304998	62	126	14	78	142	30	94	158	46	110	174	2027	2024	2167	2011	2010	1930	2025	2080	1953	2022	2016	1989
304998	62	126	14	78	142	30	94	158	46	110	174	2026	2029	2155	2016	2001	1955	2024	2073	1969	2018	2011	1997
304998	62	126	14	78	142	30	94	158	46	110	174	2025	2033	2129	2012	2013	1992	2025	2075	2004	2017	2019	2023
304998	62	126	14	78	142	30	94	158	46	110	174	2029	2031	2101	2012	2015	2015	2029	2074	2031	2021	2023	2041
304998	62	126	14	78	142	30	94	158	46	110	174	2028	2026	2114	2015	2008	2007	2021	2077	2019	2017	2021	2037
304998	62	126	14	78	142	30	94	158	46	110	174	2028	2024	2142	2010	2011	1960	2027	2081	1978	2019	2017	2014
304998	62	126	14	78	142	30	94	158	46	110	174	2026	2025	2172	2022	1995	1935	2026	2072	1954	2020	2013	1982
304998	62	126	14	78	142	30	94	158	46	110	174	2027	2034	2164	2014	2008	1928	2028	2075	1953	2017	2020	1986
304998	62	126	14	78	142	30	94	158	46	110	174	2028	2036	2135	2013	2011	1969	2022	2077	1991	2019	2021	2018
304998	62	126	14	78	142	30	94	158	46	110	174	2031	2031	2110	2016	2005	2008	2029	2081	2020	2017	2015	2033
304998	62	126	14	78	142	30	94	158	46	110	174	2026	2027	2109	2011	2012	2014	2031	2077	2023	2020	2016	2037
304998	62	126	14	78	142	30	94	158	46	110	174	2024	2024	2136	2011	2006	1990	2023	2069	1999	2018	2024	2015
304998	62	126	14	78	142	30	94	158	46	110	174	2026	2031	2157	2016	2007	1944	2027	2073	1972	2017	2020	1994
304998	62	126	14	78	142	30	94	158	46	110	174	2024	2034	2163	2015	2009	1928	2028	2081	1955	2020	2017	1997
304998	62	126	14	78	142	30	94	158	46	110	174	2029	2028	2152	2017	2003	1954	2024	2075	1969	2019	2018	1999
304998	62	126	14	78	142	30	94	158	46	110	174	2027	2026	2129	2014	2013	1988	2023	2071	2001	2019	2011	2013
304998	62	126	14	78	142	30	94	158	46	110	174	2030	2027	2110	2013	2013	2016	2028	2073	2026	2021	2022	2037
304998	62	126	14	78	142	30	94	158	46	110	174	2025	2031	2120	2015	2006	2007	2021	2076	2023	2020	2022	2037
304998	62	126	14	78	142	30	94	158	46	110	174	2031	2033	2134	2014	2011	1968	2031	2080	1986	2021	2016	2015
304998	62	126	14	78	142	30	94	158	46	110	174	2030	2026	2160	2016	2001	1939	2024	2076	1955	2016	2010	1986
304998	62	126	14	78	142	30	94	158	46	110	174	2028	2024	2159	2014	2008	1930	2030	2074	1951	2020	2017	1983
304998	62	126	14	78	142	30	94	158	46	110	174	2025	2024	2148	2017	2008	1960	2018	2075	1986	2016	2021	2007
304998	62	126	14	78	142	30	94	158	46	110	174	2023	2028	2124	2018	2000	2002	2026	2078	2018	2017	2020	2038
304998	62	126	14	78	142	30	94	158	46	110	174	2025	2034	2115	2011	2015	2015	2028	2077	2023	2018	2016	2040
304998	62	126	14	78	142	30	94	158	46	110	174	2026	2028	2118	2015	2014	1993	2022	2076	2002	2021	2013	2017
304998	62	126	14	78	142	30	94	158	46	110	174	2034	2023	2147	2015	2002	1954	2035	2073	1974	2019	2019	1993
304998	62	126	14	78	142	30	94	158	46	110	174	2016	2020	2174	2018	2004	1924	2018	2072	1956	2020	2020	1990
304998	62	126	14	78	142	30	94	158	46	110	174	2025	2031	2161	2016	2004	1941	2025	2077	1959	2021	2016	1995
304998	62	126	14	78	142	30	94	158	46	110	174	2027	2030	2138	2009	2011	1981	2030	2075	1994	2020	2015	2019
304998	62	126	14	78	142	30	94	158	46	110	174	2028	2035	2102	2008	2012	2015	2043	2074	2021	2021	2025	2032
304998	62	126	14	78	142	30	94	158	46	110	174	2028	2033	2104	2014	2011	2015	2025	2075	2020	2022	2021	2030
304998	62	126	14	78	142	30	94	158	46	110	174	2022	2023	2144	2015	2006	1973	2017	2072	1995	2016	2022	2021
304998	62	126	14	78	142	30	94	158	46	110	174	2023	2028	2175	2013	2003	1939	2024	2076	1959	2021	2014	1992
304998	62	126	14	78	142	30	94	158	46	110	174	2020	2027	2178	2014	2003	1934	2021	2074	1948	2020	2014	1981
304998	62	126	14	78	142	30	94	158	46	110	174	2027	2033	2141	2011	2013	1957	2028	2069	1982	2021	2019	2008
304998	62	126	14	78	142	30	94	158	46	110	174	2034	2025	2118	2015	2005	2005	2027	2077	2016	2021	2019	2029
304998	62	126	14	78	142	30	94	158	46	110	174	2026	2025	2107	2011	2010	2016	2028	2072	2019	2018	2017	2050
304998	62	126	14	78	142	30	94	158	46	110	174	2028	2026	2124	2014	2006	1996	2030	2074	2003	2021	2015	2031
304998	62	126	14	78	142	30	94	158	46	110	174	2028	2033	2154	2016	2004	1958	2031	2074	1974	2016	2018	1996
304998	62	126	14	78	142	30	94	158	46	110	174	2025	2028	2163	2015	2011	1928	2019	2074	1954	2017	2020	1992
304998	62	126	14	78	142	30	94	158	46	110	174	2028	2024	2150	2021	1996	1942	2019	2079	1961	2018	2024	2001
304998	62	126	14	78	142	30	94	158	46	110	174	2028	2025	2139	2014	2012	1975	2031	2074	1994	2020	2013	2018
304998	62	126	14	78	142	30	94	158	46	110	174	2025	2024	2115	2016	2007	2011	2025	2074	2019	2021	2014	2030
304998	62	126	14	78	142	30	94	158	46	110	174	2026	2029	2114	2015	2014	2008	2023	2073	2026	2019	2022	2034
304998	62	126	14	78	142	30	94	158	46	110	174	2025	2028	2127	2015	2013	1977	2020	2075	1996	2018	2024	2020
304998	62	126	14	78	142	30	94	158	46	110	174	2034	2027	2149	2010	2011	1939	2027	2076	1960	2021	2014	2001
304998	62	126	14	78	142	30	94	158	46	110	174	2028	2019	2169	2018	2006	1932	2021	2074	1951	2017	2018	1985
304998	62	126	14	78	142	30	94	158	46	110	174	2028	2026	2153	2013	2010	1949	2035	2072	1972	2021	2013	1991
304998	62	126	14	78	142	30	94	158	46	110	174	2028	2030	2129	2016	2009	1996	2033	2074	2010	2018	2022	2026
304998	62	126	14	78	142	30	94	158	46	110	174	2027	2031	2102	2017	2009	2016	2022	2075	2024	2022	2021	2043
304998	62	126	14	78	142	30	94	158	46	110	174	2032	2027	2112	2015	2011	2004	2036	2078	2009	2018	2017	2031
304998	62	126	14	78	142	30	94	158	46	110	174	2025	2020	2151	2015	1997	1967	2022	2071	1974	2022	2016	2001
304998	62	126	14	78	142	30	94	158	46	110	174	2031	2024	2168	2015	2006	1933	2022	2069	1957	2021	2018	1982
304998	62	126	14	78	142	30	94	158	46	110	174	2027	2026	2169	2020	2004	1934	2022	2073	1963	2022	2020	1996
304998	62	126	14	78	142	30	94	158	46	110	174	2021	2033	2132	2018	2008	1970	2020	2074	1985	2020	2017	2022
304998	62	126	14	78	142	30	94	158	46	110	174	2028	2025	2108	2010	2001	2012	2025	2073	2013	2017	2015	2035
304998	62	126	14	78	142	30	94	158	46	110	174	2027	2024	2116	2019	2004	2016	2023	2072	2019	2020	2016	2029
304998	62	126	14	78	142	30	94	158	46	110	174	2026	2023	2138	2015	2008	1983	2032	2071	2004	2018	2022	2022
304998	62	126	14	78	142	30	94	158	46	110	174	2025	2028	2159	2017	2007	1942	2022	2079	1965	2018	2019	2001
304998	62	126	14	78	142	30	94	158	46	110	174	2027	2031	2168	2015	2009	1928	2031	2077	1948	2018	2014	1989
304998	62	126	14	78	142	30	94	158	46	110	174	2031	2027	2144	2018	2001	1960	2032	2075	1969	2020	2011	1995
304998	62	126	14	78	142	30	94	158	46	110	174	2031	2024	2123	2018	2009	1990	2024	2070	2005	2020	2024	2013
304998	62	126	14	78	142	30	94	158	46	110	174	2023	2021	2117	2015	2009	2014	2022	2071	2026	2017	2019	2042
304998	62	126	14	78	142	30	94	158	46	110	174	2027	2031	2123	2017	2005	1999	2047	2078	2015	2022	2019	2041
304998	62	126	14	78	142	30	94	158	46	110	174	2025	2031	2146	2018	2010	1967	2025	2072	1981	2020	2013	2010
304998	62	126	14	78	142	30	94	158	46	110	174	2029	2028	2155	2018	2006	1932	2028	2073	1953	2021	2015	1989
304998	62	126	14	78	142	30	94	158	46	110	174	2028	2026	2152	2015	2002	1938	2026	2074	1964	2021	2021	1989
304998	62	126	14	78	142	30	94	158	46	110	174	2026	2021	2141	2018	2011	1958	2016	2074	1983	2017	2020	2015
304998	62	126	14	78	142	30	94	158	46	110	174	2027	2024	2124	2017	2008	2004	2027	2077	2014	2021	2019	2037
304998	62	126	14	78	142	30	94	158	46	110	174	2022	2030	2116	2014	2013	2015	2023	2073	2020	2020	2014	2035
304998	62	126	14	78	142	30	94	158	46	110	174	2028	2034	2119	2015	2009	1989	2032	2072	2007	2020	2020	2017
304998	62	126	14	78	142	30	94	158	46	110	174	2027	2022	2148	2021	2002	1955	2018	2074	1970	2017	2022	2002
304998	62	126	14	78	142	30	94	158	46	110	174	2021	2025	2167	2016	2007	1927	2018	2073	1951	2019	2020	1990
304998	62	126	14	78	142	30	94	158	46	110	174	2028	2023	2164	2016	1997	1949	2028	2071	1963	2017	2014	1995
304998	62	126	14	78	142	30	94	158	46	110	174	2027	2028	2132	2018	2009	1985	2019	2070	1998	2018	2017	2016
304998	62	126	14	78	142	30	94	158	46	110	174	2031	2031	2104	2015	2014	2012	2030	2071	2030	2016	2020	2033
304998	62	126	14	78	142	30	94	158	46	110	174	2026	2023	2115	2024	2001	2008	2021	2075	2017	2020	2020	2040
304998	62	126	14	78	142	30	94	158	46	110	174	2028	2023	2143	2015	2010	1966	2020	2073	1985	2020	2015	2018
304998	62	126	14	78	142	30	94	158	46	110	174	2027	2024	2165	2018	2003	1936	2028	2072	1957	2016	2011	1986
304998	62	126	14	78	142	30	94	158	46	110	174	2028	2028	2166	2017	2002	1936	2026	2069	1954	2016	2020	1983
304998	62	126	14	78	142	30	94	158	46	110	174	2024	2027	2140	2015	2012	1962	2015	2072	1985	2018	2022	2007
304998	62	126	14	78	142	30	94	158	46	110	174	2034	2023	2112	2016	2002	2005	2036	2073	2010	2016	2020	2037
304998	62	126	14	78	142	30	94	158	46	110	174	2026	2021	2109	2015	2013	2016	2028	2073	2021	2016	2015	2042
304998	62	126	14	78	142	30	94	158	46	110	174	2025	2027	2131	2017	2008	1992	2031	2076	2002	2016	2016	2017
304998	62	126	14	78	142	30	94	158	46	110	174	2025	2028	2153	2020	2002	1956	2033	2074	1980	2021	2020	1996
304998	62	126	14	78	142	30	94	158	46	110	174	2027	2036	2155	2013	2012	1930	2030	2079	1950	2020	2019	1991
304998	62	126	14	78	142	30	94	158	46	110	174	2034	2025	2156	2015	2000	1947	2030	2076	1961	2021	2016	1998
304998	62	126	14	78	142	30	94	158	46	110	174	2029	2023	2138	2016	2007	1975	2020	2073	1993	2021	2013	2017
304998	62	126	14	78	142	30	94	158	46	110	174	2033	2025	2118	2016	2011	2009	2030	2074	2027	2020	2019	2027
304998	62	126	14	78	142	30	94	158	46	110	174	2023	2026	2124	2016	2007	2008	2020	2070	2024	2020	2021	2031
304998	62	126	14	78	142	30	94	158	46	110	174	2027	2032	2127	2015	2015	1978	2020	2072	1994	2022	2020	2024
304998	62	126	14	78	142	30	94	158	46	110	174	2036	2020	2157	2016	2002	1949	2034	2072	1956	2020	2015	1997
304998	62	126	14	78	142	30	94	158	46	110	174	2020	2020	2172	2020	1995	1933	2017	2065	1955	2022	2014	1983
304998	62	126	14	78	142	30	94	158	46	110	174	2027	2026	2149	2014	2009	1953	2024	2076	1984	2021	2019	1999
304998	62	126	14	78	142	30	94	158	46	110	174	2027	2026	2124	2020	2001	1997	2023	2072	2008	2017	2021	2027
304998	62	126	14	78	142	30	94	158	46	110	174	2028	2036	2104	2015	2013	2018	2042	2078	2019	2017	2016	2047
304998	62	126	14	78	142	30	94	158	46	110	174	2029	2029	2121	2017	2004	2002	2025	2070	2008	2020	2012	2027
304998	62	126	14	78	142	30	94	158	46	110	174	2033	2020	2148	2015	2008	1957	2028	2065	1983	2019	2015	1997
304998	62	126	14	78	142	30	94	158	46	110	174	2031	2026	2167	2016	2007	1929	2022	2078	1956	2021	2023	1991
304998	62	126	14	78	142	30	94	158	46	110	174	2026	2031	2163	2024	2003	1937	2020	2072	1959	2020	2019	1997
304998	62	126	14	78	142	30	94	158	46	110	174	2031	2036	2128	2014	2013	1971	2031	2075	1986	2022	2015	2018
304998	62	126	14	78	142	30	94	158	46	110	174	2034	2026	2101	2018	2008	2016	2032	2071	2018	2020	2010	2029
304998	62	126	14	78	142	30	94	158	46	110	174	2032	2029	2110	2018	2008	2011	2020	2076	2027	2020	2019	2026
304998	62	126	14	78	142	30	94	158	46	110	174	2033	2025	2135	2017	2015	1980	2023	2075	1996	2020	2018	2023
304998	62	126	14	78	142	30	94	158	46	110	174	2030	2033	2162	2015	2002	1944	2038	2076	1967	2016	2016	1998
304998	62	126	14	78	142	30	94	158	46	110	174	2026	2028	2163	2012	2012	1928	2025	2075	1950	2022	2011	1989
304998	62	126	14	78	142	30	94	158	46	110	174	2033	2029	2143	2016	2006	1955	2023	2074	1976	2017	2016	1997
304998	62	126	14	78	142	30	94	158	46	110	174	2028	2019	2130	2017	2001	1992	2021	2074	2006	2021	2019	2020
304998	62	126	14	78	142	30	94	158	46	110	174	2028	2025	2108	2016	2013	2015	2036	2074	2023	2022	2020	2043
304998	62	126	14	78	142	30	94	158	46	110	174	2033	2024	2129	2020	2009	2005	2026	2073	2011	2019	2016	2033
304998	62	126	14	78	142	30	94	158	46	110	174	2031	2034	2140	2016	2011	1964	2025	2067	1980	2017	2015	2004
304998	62	126	14	78	142	30	94	158	46	110	174	2034	2028	2152	2016	2005	1937	2027	2075	1959	2020	2015	1983
304998	62	126	14	78	142	30	94	158	46	110	174	2026	2019	2161	2021	1994	1936	2020	2075	1957	2020	2022	1990
304998	62	126	14	78	142	30	94	158	46	110	174	2025	2025	2139	2020	2009	1967	2021	2072	1984	2019	2018	2017
304998	62	126	14	78	142	30	94	158	46	110	174	2023	2023	2121	2019	2008	2005	2028	2073	2014	2017	2013	2037
304998	62	126	14	78	142	30	94	158	46	110	174	2029	2034	2112	2016	2013	2015	2028	2073	2023	2021	2014	2027
304998	62	126	14	78	142	30	94	158	46	110	174	2030	2031	2122	2015	2013	1984	2033	2078	2001	2021	2019	2019
304998	62	126	14	78	142	30	94	158	46	110	174	2031	2021	2150	2019	2003	1946	2020	2075	1966	2018	2016	2001
304998	62	126	14	78	142	30	94	158	46	110	174	2031	2023	2164	2016	2008	1927	2024	2071	1949	2022	2016	1988
304998	62	126	14	78	142	30	94	158	46	110	174	2025	2022	2160	2018	2003	1950	2026	2066	1970	2021	2011	1997
304998	62	126	14	78	142	30	94	158	46	110	174	2028	2031	2126	2017	2006	1989	2027	2073	2004	2019	2018	2015
304998	62	126	14	78	142	30	94	158	46	110	174	2029	2032	2105	2015	2015	2013	2028	2073	2022	2017	2017	2038
304998	62	126	14	78	142	30	94	158	46	110	174	2029	2028	2112	2019	2002	2004	2024	2076	2012	2021	2020	2040
304998	62	126	14	78	142	30	94	158	46	110	174	2027	2027	2138	2015	2012	1965	2028	2070	1982	2018	2013	2013
304998	62	126	14	78	142	30	94	158	46	110	174	2030	2024	2167	2017	1998	1936	2022	2075	1961	2017	2013	1983
