304998	62	126	14	78	142	30	94	158	46	110	174	2027	2026	2149	2014	2009	1953	2024	2076	1984	2021	2019	1999
304998	62	126	14	78	142	30	94	158	46	110	174	2027	2026	2124	2020	2001	1997	2023	2072	2008	2017	2021	2027
304998	62	126	14	78	142	30	94	158	46	110	174	2028	2036	2104	2015	2013	2018	2042	2078	2019	2017	2016	2047
304998	62	126	14	78	142	30	94	158	46	110	174	2029	2029	2121	2017	2004	2002	2025	2070	2008	2020	2012	2027
304998	62	126	14	78	142	30	94	158	46	110	174	2033	2020	2148	2015	2008	1957	2028	2065	1983	2019	2015	1997
304998	62	126	14	78	142	30	94	158	46	110	174	2031	2026	2167	2016	2007	1929	2022	2078	1956	2021	2023	1991
304998	62	126	14	78	142	30	94	158	46	110	174	2026	2031	2163	2024	2003	1937	2020	2072	1959	2020	2019	1997
304998	62	126	14	78	142	30	94	158	46	110	174	2031	2036	2128	2014	2013	1971	2031	2075	1986	2022	2015	2018
304998	62	126	14	78	142	30	94	158	46	110	174	2034	2026	2101	2018	2008	2016	2032	2071	2018	2020	2010	2029
304998	62	126	14	78	142	30	94	158	46	110	174	2032	2029	2110	2018	2008	2011	2020	2076	2027	2020	2019	2026
304998	62	126	14	78	142	30	94	158	46	110	174	2033	2025	2135	2017	2015	1980	2023	2075	1996	2020	2018	2023
304998	62	126	14	78	142	30	94	158	46	110	174	2030	2033	2162	2015	2002	1944	2038	2076	1967	2016	2016	1998
304998	62	126	14	78	142	30	94	158	46	110	174	2026	2028	2163	2012	2012	1928	2025	2075	1950	2022	2011	1989
304998	62	126	14	78	142	30	94	158	46	110	174	2033	2029	2143	2016	2006	1955	2023	2074	1976	2017	2016	1997
304998	62	126	14	78	142	30	94	158	46	110	174	2028	2019	2130	2017	2001	1992	2021	2074	2006	2021	2019	2020
304998	62	126	14	78	142	30	94	158	46	110	174	2028	2025	2108	2016	2013	2015	2036	2074	2023	2022	2020	2043
304998	62	126	14	78	142	30	94	158	46	110	174	2033	2024	2129	2020	2009	2005	2026	2073	2011	2019	2016	2033
304998	62	126	14	78	142	30	94	158	46	110	174	2031	2034	2140	2016	2011	1964	2025	2067	1980	2017	2015	2004
304998	62	126	14	78	142	30	94	158	46	110	174	2034	2028	2152	2016	2005	1937	2027	2075	1959	2020	2015	1983
304998	62	126	14	78	142	30	94	158	46	110	174	2026	2019	2161	2021	1994	1936	2020	2075	1957	2020	2022	1990
304998	62	126	14	78	142	30	94	158	46	110	174	2025	2025	2139	2020	2009	1967	2021	2072	1984	2019	2018	2017
304998	62	126	14	78	142	30	94	158	46	110	174	2023	2023	2121	2019	2008	2005	2028	2073	2014	2017	2013	2037
304998	62	126	14	78	142	30	94	158	46	110	174	2029	2034	2112	2016	2013	2015	2028	2073	2023	2021	2014	2027
304998	62	126	14	78	142	30	94	158	46	110	174	2030	2031	2122	2015	2013	1984	2033	2078	2001	2021	2019	2019
304998	62	126	14	78	142	30	94	158	46	110	174	2031	2021	2150	2019	2003	1946	2020	2075	1966	2018	2016	2001
304998	62	126	14	78	142	30	94	158	46	110	174	2031	2023	2164	2016	2008	1927	2024	2071	1949	2022	2016	1988
304998	62	126	14	78	142	30	94	158	46	110	174	2025	2022	2160	2018	2003	1950	2026	2066	1970	2021	2011	1997
304998	62	126	14	78	142	30	94	158	46	110	174	2028	2031	2126	2017	2006	1989	2027	2073	2004	2019	2018	2015
304998	62	126	14	78	142	30	94	158	46	110	174	2029	2032	2105	2015	2015	2013	2028	2073	2022	2017	2017	2038
304998	62	126	14	78	142	30	94	158	46	110	174	2029	2028	2112	2019	2002	2004	2024	2076	2012	2021	2020	2040
304998	62	126	14	78	142	30	94	158	46	110	174	2027	2027	2138	2015	2012	1965	2028	2070	1982	2018	2013	2013
304998	62	126	14	78	142	30	94	158	46	110	174	2030	2024	2167	2017	1998	1936	2022	2075	1961	2017	2013	1983
304998	62	126	14	78	142	30	94	158	46	110	174	2025	2029	2166	2016	2010	1935	2027	2077	1960	2020	2021	1988
304998	62	126	14	78	142	30	94	158	46	110	174	2028	2035	2142	2012	2008	1969	2041	2076	1983	2018	2018	2011
304998	62	126	14	78	142	30	94	158	46	110	174	2033	2023	2109	2018	2009	2001	2026	2076	2007	2022	2016	2035
304998	62	126	14	78	142	30	94	158	46	110	174	2031	2027	2103	2016	2013	2012	2029	2074	2027	2020	2018	2037
304998	62	126	14	78	142	30	94	158	46	110	174	2028	2025	2136	2017	2007	1988	2018	2076	2007	2019	2015	2016
304998	62	126	14	78	142	30	94	158	46	110	174	2026	2025	2155	2016	2014	1945	2022	2074	1965	2021	2023	2001
304998	62	126	14	78	142	30	94	158	46	110	174	2028	2032	2165	2018	2008	1933	2027	2080	1946	2019	2019	1991
304998	62	126	14	78	142	30	94	158	46	110	174	2027	2024	2148	2017	2005	1943	2021	2071	1966	2022	2017	1995
304998	62	126	14	78	142	30	94	158	46	110	174	2035	2023	2124	2017	2010	1979	2031	2075	2001	2020	2015	2013
304998	62	126	14	78	142	30	94	158	46	110	174	2023	2023	2117	2016	2015	2008	2022	2071	2021	2017	2016	2028
304998	62	126	14	78	142	30	94	158	46	110	174	2031	2025	2117	2015	2017	2005	2029	2076	2017	2019	2019	2037
304998	62	126	14	78	142	30	94	158	46	110	174	2028	2031	2139	2015	2011	1973	2028	2069	1983	2021	2016	2021
304998	62	126	14	78	142	30	94	158	46	110	174	2035	2031	2152	2014	2008	1935	2019	2074	1966	2022	2012	1990
304998	62	126	14	78	142	30	94	158	46	110	174	2036	2025	2155	2016	2006	1932	2031	2078	1960	2017	2015	1986
304998	62	126	14	78	142	30	94	158	46	110	174	2024	2020	2145	2015	2009	1959	2020	2073	1977	2020	2022	2000
304998	62	126	14	78	142	30	94	158	46	110	174	2031	2026	2123	2016	2011	2004	2028	2072	2008	2018	2022	2031
304998	62	126	14	78	142	30	94	158	46	110	174	2025	2025	2121	2014	2013	2010	2028	2068	2022	2017	2016	2045
304998	62	126	14	78	142	30	94	158	46	110	174	2027	2028	2122	2014	2011	1989	2020	2064	2013	2019	2015	2021
304998	62	126	14	78	142	30	94	158	46	110	174	2036	2023	2142	2020	2003	1956	2026	2078	1979	2021	2018	1994
304998	62	126	14	78	142	30	94	158	46	110	174	2028	2023	2162	2013	2010	1925	2020	2070	1952	2020	2021	1995
304998	62	126	14	78	142	30	94	158	46	110	174	2027	2024	2163	2014	2007	1941	2020	2074	1957	2022	2017	1999
304998	62	126	14	78	142	30	94	158	46	110	174	2028	2028	2138	2015	2011	1981	2028	2067	1996	2023	2012	2017
304998	62	126	14	78	142	30	94	158	46	110	174	2027	2034	2110	2014	2015	2008	2022	2075	2025	2020	2011	2031
304998	62	126	14	78	142	30	94	158	46	110	174	2033	2028	2104	2017	2011	2001	2027	2075	2019	2019	2018	2031
304998	62	126	14	78	142	30	94	158	46	110	174	2036	2026	2137	2016	2011	1975	2033	2072	1991	2020	2020	2020
304998	62	126	14	78	142	30	94	158	46	110	174	2028	2023	2160	2010	2013	1941	2020	2073	1960	2017	2017	1996
304998	62	126	14	78	142	30	94	158	46	110	174	2027	2031	2167	2012	2008	1934	2026	2077	1959	2018	2015	1987
304998	62	126	14	78	142	30	94	158	46	110	174	2024	2029	2150	2011	2006	1950	2022	2074	1979	2018	2018	1999
304998	62	126	14	78	142	30	94	158	46	110	174	2034	2031	2119	2017	2015	1993	2024	2077	2008	2020	2020	2022
304998	62	126	14	78	142	30	94	158	46	110	174	2037	2024	2110	2016	2014	2011	2036	2074	2017	2022	2019	2043
304998	62	126	14	78	142	30	94	158	46	110	174	2031	2027	2119	2017	2015	1994	2026	2066	2006	2022	2018	2028
304998	62	126	14	78	142	30	94	158	46	110	174	2034	2026	2149	2018	2011	1963	2030	2075	1987	2019	2015	2005
304998	62	126	14	78	142	30	94	158	46	110	174	2026	2028	2166	2012	2003	1933	2017	2077	1956	2021	2019	1984
304998	62	126	14	78	142	30	94	158	46	110	174	2028	2035	2152	2013	2010	1937	2027	2081	1959	2020	2020	1995
304998	62	126	14	78	142	30	94	158	46	110	174	2035	2024	2134	2016	2007	1965	2031	2072	1987	2017	2016	2017
304998	62	126	14	78	142	30	94	158	46	110	174	2028	2025	2111	2015	2013	2008	2023	2070	2020	2022	2013	2032
304998	62	126	14	78	142	30	94	158	46	110	174	2028	2028	2115	2017	2008	2015	2028	2070	2025	2017	2015	2032
304998	62	126	14	78	142	30	94	158	46	110	174	2025	2028	2138	2018	2013	1982	2021	2072	1996	2022	2022	2021
304998	62	126	14	78	142	30	94	158	46	110	174	2027	2036	2152	2018	2008	1939	2019	2075	1967	2020	2022	1998
304998	62	126	14	78	142	30	94	158	46	110	174	2031	2031	2161	2014	2004	1929	2020	2072	1948	2020	2013	1993
304998	62	126	14	78	142	30	94	158	46	110	174	2032	2026	2147	2013	2007	1950	2021	2068	1975	2022	2010	1993
304998	62	126	14	78	142	30	94	158	46	110	174	2030	2023	2125	2018	2015	1991	2019	2072	2005	2020	2017	2015
304998	62	126	14	78	142	30	94	158	46	110	174	2027	2026	2118	2015	2010	2017	2026	2071	2020	2016	2020	2040
304998	62	126	14	78	142	30	94	158	46	110	174	2028	2026	2127	2017	2012	2003	2024	2074	2009	2022	2016	2037
304998	62	126	14	78	142	30	94	158	46	110	174	2029	2031	2136	2014	2013	1961	2023	2075	1983	2019	2015	2014
304998	62	126	14	78	142	30	94	158	46	110	174	2035	2028	2152	2015	2005	1929	2034	2072	1963	2020	2011	1983
304998	62	126	14	78	142	30	94	158	46	110	174	2026	2020	2161	2012	2009	1934	2019	2078	1962	2018	2022	1988
304998	62	126	14	78	142	30	94	158	46	110	174	2034	2025	2143	2012	2013	1972	2042	2079	1983	2017	2018	2015
304998	62	126	14	78	142	30	94	158	46	110	174	2025	2022	2136	2017	2014	2003	2030	2070	2007	2022	2017	2037
304998	62	126	14	78	142	30	94	158	46	110	174	2027	2034	2107	2015	2011	2011	2040	2069	2025	2018	2015	2042
304998	62	126	14	78	142	30	94	158	46	110	174	2034	2028	2118	2020	2009	1989	2035	2077	2002	2018	2018	2019
304998	62	126	14	78	142	30	94	158	46	110	174	2028	2027	2148	2014	2010	1946	2021	2077	1965	2020	2022	1996
304998	62	126	14	78	142	30	94	158	46	110	174	2027	2025	2167	2011	2006	1932	2028	2077	1953	2018	2019	1995
304998	62	126	14	78	142	30	94	158	46	110	174	2025	2024	2166	2012	2004	1949	2022	2075	1969	2020	2015	1999
304998	62	126	14	78	142	30	94	158	46	110	174	2024	2031	2128	2015	2008	1984	2024	2074	2005	2020	2012	2011
304998	62	126	14	78	142	30	94	158	46	110	174	2028	2030	2108	2016	2014	2014	2020	2071	2024	2020	2020	2038
304998	62	126	14	78	142	30	94	158	46	110	174	2027	2023	2113	2022	2010	2003	2025	2075	2015	2021	2021	2039
304998	62	126	14	78	142	30	94	158	46	110	174	2027	2023	2140	2017	2013	1967	2024	2075	1978	2020	2016	2015
304998	62	126	14	78	142	30	94	158	46	110	174	2031	2025	2166	2012	2003	1938	2026	2077	1957	2016	2014	1995
304998	62	126	14	78	142	30	94	158	46	110	174	2026	2036	2165	2011	2003	1938	2025	2074	1968	2020	2017	1985
304998	62	126	14	78	142	30	94	158	46	110	174	2025	2031	2141	2013	2011	1960	2019	2077	1984	2017	2018	2007
304998	62	126	14	78	142	30	94	158	46	110	174	2035	2031	2111	2016	2006	1999	2046	2081	2011	2019	2018	2037
304998	62	126	14	78	142	30	94	158	46	110	174	2025	2021	2118	2018	2015	2011	2027	2074	2017	2018	2013	2040
304998	62	126	14	78	142	30	94	158	46	110	174	2031	2023	2127	2016	2013	1992	2040	2075	2004	2017	2012	2022
304998	62	126	14	78	142	30	94	158	46	110	174	2027	2031	2154	2020	1998	1961	2048	2081	1971	2020	2019	1999
304998	62	126	14	78	142	30	94	158	46	110	174	2019	2034	2167	2010	2005	1928	2019	2076	1949	2017	2020	1995
304998	62	126	14	78	142	30	94	158	46	110	174	2031	2035	2154	2011	2005	1946	2039	2083	1966	2019	2019	2002
304998	62	126	14	78	142	30	94	158	46	110	174	2027	2020	2139	2016	2006	1980	2025	2072	1996	2022	2015	2018
304998	62	126	14	78	142	30	94	158	46	110	174	2028	2026	2113	2017	2014	2006	2025	2074	2026	2021	2021	2030
304998	62	126	14	78	142	30	94	158	46	110	174	2027	2026	2124	2020	2009	2011	2024	2071	2021	2022	2019	2036
304998	62	126	14	78	142	30	94	158	46	110	174	2023	2028	2142	2020	2008	1975	2024	2076	1991	2018	2019	2023
304998	62	126	14	78	142	30	94	158	46	110	174	2023	2032	2156	2012	2007	1937	2021	2071	1960	2017	2016	1993
304998	62	126	14	78	142	30	94	158	46	110	174	2028	2027	2156	2012	2002	1928	2029	2071	1953	2016	2014	1982
304998	62	126	14	78	142	30	94	158	46	110	174	2028	2020	2154	2015	2005	1959	2018	2071	1985	2017	2020	1999
304998	62	126	14	78	142	30	94	158	46	110	174	2026	2022	2123	2015	2011	1997	2028	2076	2009	2020	2020	2029
304998	62	126	14	78	142	30	94	158	46	110	174	2030	2026	2122	2017	2013	2016	2050	2071	2017	2017	2014	2044
304998	62	126	14	78	142	30	94	158	46	110	174	2029	2034	2117	2016	2011	1994	2028	2072	2003	2017	2015	2032
304998	62	126	14	78	142	30	94	158	46	110	174	2031	2030	2138	2018	2005	1958	2049	2079	1987	2019	2019	1996
304998	62	126	14	78	142	30	94	158	46	110	174	2031	2027	2160	2017	2004	1927	2037	2084	1957	2018	2020	1987
304998	62	126	14	78	142	30	94	158	46	110	174	2022	2026	2157	2009	2005	1944	2022	2078	1959	2019	2019	2004
304998	62	126	14	78	142	30	94	158	46	110	174	2025	2023	2148	2013	2006	1985	2031	2076	1986	2020	2014	2018
304998	62	126	14	78	142	30	94	158	46	110	174	2022	2026	2122	2018	2012	2006	2023	2063	2015	2019	2013	2027
304998	62	126	14	78	142	30	94	158	46	110	174	2035	2031	2103	2018	2009	2008	2027	2070	2026	2021	2018	2035
304998	62	126	14	78	142	30	94	158	46	110	174	2033	2025	2129	2019	2006	1976	2026	2072	1992	2020	2018	2023
304998	62	126	14	78	142	30	94	158	46	110	174	2028	2026	2158	2013	2012	1940	2021	2079	1962	2020	2015	2001
304998	62	126	14	78	142	30	94	158	46	110	174	2026	2026	2172	2011	2000	1940	2022	2077	1952	2021	2012	1983
304998	62	126	14	78	142	30	94	158	46	110	174	2024	2031	2155	2011	2004	1953	2023	2073	1979	2016	2020	1992
304998	62	126	14	78	142	30	94	158	46	110	174	2027	2032	2118	2015	2014	1992	2025	2070	2009	2020	2021	2031
304998	62	126	14	78	142	30	94	158	46	110	174	2033	2028	2108	2021	2011	2008	2031	2076	2023	2021	2017	2041
304998	62	126	14	78	142	30	94	158	46	110	174	2033	2020	2121	2015	2016	1999	2031	2072	2005	2021	2013	2029
304998	62	126	14	78	142	30	94	158	46	110	174	2028	2026	2148	2013	2005	1967	2043	2074	1981	2021	2014	1997
304998	62	126	14	78	142	30	94	158	46	110	174	2027	2028	2173	2012	2008	1934	2023	2079	1960	2017	2022	1989
304998	62	126	14	78	142	30	94	158	46	110	174	2017	2030	2155	2009	2010	1938	2016	2081	1958	2021	2019	1998
304998	62	126	14	78	142	30	94	158	46	110	174	2031	2026	2130	2014	2004	1971	2039	2077	1989	2021	2014	2015
304998	62	126	14	78	142	30	94	158	46	110	174	2019	2017	2129	2020	2015	2005	2022	2064	2014	2021	2013	2031
304998	62	126	14	78	142	30	94	158	46	110	174	2031	2023	2110	2020	2014	2013	2030	2070	2026	2017	2019	2031
304998	62	126	14	78	142	30	94	158	46	110	174	2030	2027	2133	2021	2002	1991	2029	2074	2002	2019	2020	2019
304998	62	126	14	78	142	30	94	158	46	110	174	2018	2028	2152	2013	2006	1947	2021	2073	1967	2017	2016	2006
304998	62	126	14	78	142	30	94	158	46	110	174	2027	2026	2168	2008	1998	1935	2018	2073	1954	2019	2017	1991
304998	62	126	14	78	142	30	94	158	46	110	174	2022	2023	2160	2013	2008	1949	2019	2074	1970	2019	2017	1991
304998	62	126	14	78	142	30	94	158	46	110	174	2031	2024	2132	2015	2010	1985	2028	2075	2004	2017	2024	2020
304998	62	126	14	78	142	30	94	158	46	110	174	2030	2031	2115	2027	1996	2013	2022	2074	2020	2016	2018	2043
304998	62	126	14	78	142	30	94	158	46	110	174	2028	2028	2118	2016	2015	2007	2031	2074	2011	2021	2011	2035
304998	62	126	14	78	142	30	94	158	46	110	174	2030	2026	2137	2019	2000	1971	2024	2071	1981	2016	2014	2001
304998	62	126	14	78	142	30	94	158	46	110	174	2026	2024	2162	2011	2008	1931	2017	2078	1965	2016	2020	1985
304998	62	126	14	78	142	30	94	158	46	110	174	2018	2018	2177	2008	2008	1934	2015	2078	1959	2020	2022	1993
304998	62	126	14	78	142	30	94	158	46	110	174	2025	2030	2154	2015	2008	1968	2033	2077	1985	2021	2016	2015
304998	62	126	14	78	142	30	94	158	46	110	174	2018	2024	2127	2015	2013	2000	2023	2072	2007	2018	2014	2029
304998	62	126	14	78	142	30	94	158	46	110	174	2037	2025	2100	2020	2005	2011	2038	2065	2025	2017	2018	2034
304998	62	126	14	78	142	30	94	158	46	110	174	2029	2017	2128	2018	2012	1981	2018	2074	2009	2017	2020	2030
304998	62	126	14	78	142	30	94	158	46	110	174	2019	2023	2160	2018	2011	1954	2020	2076	1970	2021	2024	2007
304998	62	126	14	78	142	30	94	158	46	110	174	2024	2033	2172	2011	2004	1939	2029	2078	1955	2018	2014	1989
304998	62	126	14	78	142	30	94	158	46	110	174	2026	2037	2154	2013	2009	1949	2020	2073	1965	2017	2015	1990
304998	62	126	14	78	142	30	94	158	46	110	174	2034	2025	2120	2018	2010	1981	2026	2073	1999	2018	2020	2018
304998	62	126	14	78	142	30	94	158	46	110	174	2031	2023	2111	2018	2015	2006	2029	2071	2022	2018	2025	2041
304998	62	126	14	78	142	30	94	158	46	110	174	2031	2024	2122	2018	2018	2006	2025	2068	2014	2022	2015	2036
304998	62	126	14	78	142	30	94	158	46	110	174	2026	2028	2140	2021	2014	1969	2024	2072	1986	2018	2013	2008
304998	62	126	14	78	142	30	94	158	46	110	174	2027	2029	2156	2012	2005	1938	2022	2071	1961	2020	2021	1988
304998	62	126	14	78	142	30	94	158	46	110	174	2030	2030	2156	2011	2005	1932	2013	2078	1964	2017	2021	1989
304998	62	126	14	78	142	30	94	158	46	110	174	2028	2024	2144	2012	2011	1958	2028	2077	1981	2019	2014	2013
304998	62	126	14	78	142	30	94	158	46	110	174	2025	2024	2124	2018	2006	2003	2028	2070	2008	2020	2013	2030
304998	62	126	14	78	142	30	94	158	46	110	174	2029	2027	2111	2020	2017	2014	2027	2070	2026	2018	2015	2033
304998	62	126	14	78	142	30	94	158	46	110	174	2028	2029	2120	2018	2013	1989	2026	2068	2012	2018	2022	2023
304998	62	126	14	78	142	30	94	158	46	110	174	2035	2025	2142	2018	2000	1959	2021	2077	1980	2022	2020	2008
304998	62	126	14	78	142	30	94	158	46	110	174	2028	2026	2161	2017	2002	1927	2023	2081	1955	2020	2015	1988
304998	62	126	14	78	142	30	94	158	46	110	174	2031	2025	2162	2013	2001	1941	2023	2076	1960	2020	2015	1986
304998	62	126	14	78	142	30	94	158	46	110	174	2022	2026	2144	2016	2009	1976	2026	2072	1993	2016	2023	2015
304998	62	126	14	78	142	30	94	158	46	110	174	2025	2027	2114	2020	2012	2011	2027	2070	2027	2021	2020	2038
