304998	62	126	14	78	142	30	94	158	46	110	174	2026	2028	2166	2012	2003	1933	2017	2077	1956	2021	2019	1984
304998	62	126	14	78	142	30	94	158	46	110	174	2028	2035	2152	2013	2010	1937	2027	2081	1959	2020	2020	1995
304998	62	126	14	78	142	30	94	158	46	110	174	2035	2024	2134	2016	2007	1965	2031	2072	1987	2017	2016	2017
304998	62	126	14	78	142	30	94	158	46	110	174	2028	2025	2111	2015	2013	2008	2023	2070	2020	2022	2013	2032
304998	62	126	14	78	142	30	94	158	46	110	174	2028	2028	2115	2017	2008	2015	2028	2070	2025	2017	2015	2032
304998	62	126	14	78	142	30	94	158	46	110	174	2025	2028	2138	2018	2013	1982	2021	2072	1996	2022	2022	2021
304998	62	126	14	78	142	30	94	158	46	110	174	2027	2036	2152	2018	2008	1939	2019	2075	1967	2020	2022	1998
304998	62	126	14	78	142	30	94	158	46	110	174	2031	2031	2161	2014	2004	1929	2020	2072	1948	2020	2013	1993
304998	62	126	14	78	142	30	94	158	46	110	174	2032	2026	2147	2013	2007	1950	2021	2068	1975	2022	2010	1993
304998	62	126	14	78	142	30	94	158	46	110	174	2030	2023	2125	2018	2015	1991	2019	2072	2005	2020	2017	2015
304998	62	126	14	78	142	30	94	158	46	110	174	2027	2026	2118	2015	2010	2017	2026	2071	2020	2016	2020	2040
304998	62	126	14	78	142	30	94	158	46	110	174	2028	2026	2127	2017	2012	2003	2024	2074	2009	2022	2016	2037
304998	62	126	14	78	142	30	94	158	46	110	174	2029	2031	2136	2014	2013	1961	2023	2075	1983	2019	2015	2014
304998	62	126	14	78	142	30	94	158	46	110	174	2035	2028	2152	2015	2005	1929	2034	2072	1963	2020	2011	1983
304998	62	126	14	78	142	30	94	158	46	110	174	2026	2020	2161	2012	2009	1934	2019	2078	1962	2018	2022	1988
304998	62	126	14	78	142	30	94	158	46	110	174	2034	2025	2143	2012	2013	1972	2042	2079	1983	2017	2018	2015
304998	62	126	14	78	142	30	94	158	46	110	174	2025	2022	2136	2017	2014	2003	2030	2070	2007	2022	2017	2037
304998	62	126	14	78	142	30	94	158	46	110	174	2027	2034	2107	2015	2011	2011	2040	2069	2025	2018	2015	2042
304998	62	126	14	78	142	30	94	158	46	110	174	2034	2028	2118	2020	2009	1989	2035	2077	2002	2018	2018	2019
304998	62	126	14	78	142	30	94	158	46	110	174	2028	2027	2148	2014	2010	1946	2021	2077	1965	2020	2022	1996
304998	62	126	14	78	142	30	94	158	46	110	174	2027	2025	2167	2011	2006	1932	2028	2077	1953	2018	2019	1995
304998	62	126	14	78	142	30	94	158	46	110	174	2025	2024	2166	2012	2004	1949	2022	2075	1969	2020	2015	1999
304998	62	126	14	78	142	30	94	158	46	110	174	2024	2031	2128	2015	2008	1984	2024	2074	2005	2020	2012	2011
304998	62	126	14	78	142	30	94	158	46	110	174	2028	2030	2108	2016	2014	2014	2020	2071	2024	2020	2020	2038
304998	62	126	14	78	142	30	94	158	46	110	174	2027	2023	2113	2022	2010	2003	2025	2075	2015	2021	2021	2039
304998	62	126	14	78	142	30	94	158	46	110	174	2027	2023	2140	2017	2013	1967	2024	2075	1978	2020	2016	2015
304998	62	126	14	78	142	30	94	158	46	110	174	2031	2025	2166	2012	2003	1938	2026	2077	1957	2016	2014	1995
304998	62	126	14	78	142	30	94	158	46	110	174	2026	2036	2165	2011	2003	1938	2025	2074	1968	2020	2017	1985
304998	62	126	14	78	142	30	94	158	46	110	174	2025	2031	2141	2013	2011	1960	2019	2077	1984	2017	2018	2007
304998	62	126	14	78	142	30	94	158	46	110	174	2035	2031	2111	2016	2006	1999	2046	2081	2011	2019	2018	2037
304998	62	126	14	78	142	30	94	158	46	110	174	2025	2021	2118	2018	2015	2011	2027	2074	2017	2018	2013	2040
304998	62	126	14	78	142	30	94	158	46	110	174	2031	2023	2127	2016	2013	1992	2040	2075	2004	2017	2012	2022
304998	62	126	14	78	142	30	94	158	46	110	174	2027	2031	2154	2020	1998	1961	2048	2081	1971	2020	2019	1999
304998	62	126	14	78	142	30	94	158	46	110	174	2019	2034	2167	2010	2005	1928	2019	2076	1949	2017	2020	1995
304998	62	126	14	78	142	30	94	158	46	110	174	2031	2035	2154	2011	2005	1946	2039	2083	1966	2019	2019	2002
304998	62	126	14	78	142	30	94	158	46	110	174	2027	2020	2139	2016	2006	1980	2025	2072	1996	2022	2015	2018
304998	62	126	14	78	142	30	94	158	46	110	174	2028	2026	2113	2017	2014	2006	2025	2074	2026	2021	2021	2030
304998	62	126	14	78	142	30	94	158	46	110	174	2027	2026	2124	2020	2009	2011	2024	2071	2021	2022	2019	2036
304998	62	126	14	78	142	30	94	158	46	110	174	2023	2028	2142	2020	2008	1975	2024	2076	1991	2018	2019	2023
304998	62	126	14	78	142	30	94	158	46	110	174	2023	2032	2156	2012	2007	1937	2021	2071	1960	2017	2016	1993
304998	62	126	14	78	142	30	94	158	46	110	174	2028	2027	2156	2012	2002	1928	2029	2071	1953	2016	2014	1982
304998	62	126	14	78	142	30	94	158	46	110	174	2028	2020	2154	2015	2005	1959	2018	2071	1985	2017	2020	1999
304998	62	126	14	78	142	30	94	158	46	110	174	2026	2022	2123	2015	2011	1997	2028	2076	2009	2020	2020	2029
304998	62	126	14	78	142	30	94	158	46	110	174	2030	2026	2122	2017	2013	2016	2050	2071	2017	2017	2014	2044
304998	62	126	14	78	142	30	94	158	46	110	174	2029	2034	2117	2016	2011	1994	2028	2072	2003	2017	2015	2032
304998	62	126	14	78	142	30	94	158	46	110	174	2031	2030	2138	2018	2005	1958	2049	2079	1987	2019	2019	1996
304998	62	126	14	78	142	30	94	158	46	110	174	2031	2027	2160	2017	2004	1927	2037	2084	1957	2018	2020	1987
304998	62	126	14	78	142	30	94	158	46	110	174	2022	2026	2157	2009	2005	1944	2022	2078	1959	2019	2019	2004
304998	62	126	14	78	142	30	94	158	46	110	174	2025	2023	2148	2013	2006	1985	2031	2076	1986	2020	2014	2018
304998	62	126	14	78	142	30	94	158	46	110	174	2022	2026	2122	2018	2012	2006	2023	2063	2015	2019	2013	2027
304998	62	126	14	78	142	30	94	158	46	110	174	2035	2031	2103	2018	2009	2008	2027	2070	2026	2021	2018	2035
304998	62	126	14	78	142	30	94	158	46	110	174	2033	2025	2129	2019	2006	1976	2026	2072	1992	2020	2018	2023
304998	62	126	14	78	142	30	94	158	46	110	174	2028	2026	2158	2013	2012	1940	2021	2079	1962	2020	2015	2001
304998	62	126	14	78	142	30	94	158	46	110	174	2026	2026	2172	2011	2000	1940	2022	2077	1952	2021	2012	1983
304998	62	126	14	78	142	30	94	158	46	110	174	2024	2031	2155	2011	2004	1953	2023	2073	1979	2016	2020	1992
304998	62	126	14	78	142	30	94	158	46	110	174	2027	2032	2118	2015	2014	1992	2025	2070	2009	2020	2021	2031
304998	62	126	14	78	142	30	94	158	46	110	174	2033	2028	2108	2021	2011	2008	2031	2076	2023	2021	2017	2041
304998	62	126	14	78	142	30	94	158	46	110	174	2033	2020	2121	2015	2016	1999	2031	2072	2005	2021	2013	2029
304998	62	126	14	78	142	30	94	158	46	110	174	2028	2026	2148	2013	2005	1967	2043	2074	1981	2021	2014	1997
304998	62	126	14	78	142	30	94	158	46	110	174	2027	2028	2173	2012	2008	1934	2023	2079	1960	2017	2022	1989
304998	62	126	14	78	142	30	94	158	46	110	174	2017	2030	2155	2009	2010	1938	2016	2081	1958	2021	2019	1998
304998	62	126	14	78	142	30	94	158	46	110	174	2031	2026	2130	2014	2004	1971	2039	2077	1989	2021	2014	2015
304998	62	126	14	78	142	30	94	158	46	110	174	2019	2017	2129	2020	2015	2005	2022	2064	2014	2021	2013	2031
304998	62	126	14	78	142	30	94	158	46	110	174	2031	2023	2110	2020	2014	2013	2030	2070	2026	2017	2019	2031
304998	62	126	14	78	142	30	94	158	46	110	174	2030	2027	2133	2021	2002	1991	2029	2074	2002	2019	2020	2019
304998	62	126	14	78	142	30	94	158	46	110	174	2018	2028	2152	2013	2006	1947	2021	2073	1967	2017	2016	2006
304998	62	126	14	78	142	30	94	158	46	110	174	2027	2026	2168	2008	1998	1935	2018	2073	1954	2019	2017	1991
304998	62	126	14	78	142	30	94	158	46	110	174	2022	2023	2160	2013	2008	1949	2019	2074	1970	2019	2017	1991
304998	62	126	14	78	142	30	94	158	46	110	174	2031	2024	2132	2015	2010	1985	2028	2075	2004	2017	2024	2020
304998	62	126	14	78	142	30	94	158	46	110	174	2030	2031	2115	2027	1996	2013	2022	2074	2020	2016	2018	2043
304998	62	126	14	78	142	30	94	158	46	110	174	2028	2028	2118	2016	2015	2007	2031	2074	2011	2021	2011	2035
304998	62	126	14	78	142	30	94	158	46	110	174	2030	2026	2137	2019	2000	1971	2024	2071	1981	2016	2014	2001
304998	62	126	14	78	142	30	94	158	46	110	174	2026	2024	2162	2011	2008	1931	2017	2078	1965	2016	2020	1985
304998	62	126	14	78	142	30	94	158	46	110	174	2018	2018	2177	2008	2008	1934	2015	2078	1959	2020	2022	1993
304998	62	126	14	78	142	30	94	158	46	110	174	2025	2030	2154	2015	2008	1968	2033	2077	1985	2021	2016	2015
304998	62	126	14	78	142	30	94	158	46	110	174	2018	2024	2127	2015	2013	2000	2023	2072	2007	2018	2014	2029
304998	62	126	14	78	142	30	94	158	46	110	174	2037	2025	2100	2020	2005	2011	2038	2065	2025	2017	2018	2034
304998	62	126	14	78	142	30	94	158	46	110	174	2029	2017	2128	2018	2012	1981	2018	2074	2009	2017	2020	2030
304998	62	126	14	78	142	30	94	158	46	110	174	2019	2023	2160	2018	2011	1954	2020	2076	1970	2021	2024	2007
304998	62	126	14	78	142	30	94	158	46	110	174	2024	2033	2172	2011	2004	1939	2029	2078	1955	2018	2014	1989
304998	62	126	14	78	142	30	94	158	46	110	174	2026	2037	2154	2013	2009	1949	2020	2073	1965	2017	2015	1990
304998	62	126	14	78	142	30	94	158	46	110	174	2034	2025	2120	2018	2010	1981	2026	2073	1999	2018	2020	2018
304998	62	126	14	78	142	30	94	158	46	110	174	2031	2023	2111	2018	2015	2006	2029	2071	2022	2018	2025	2041
304998	62	126	14	78	142	30	94	158	46	110	174	2031	2024	2122	2018	2018	2006	2025	2068	2014	2022	2015	2036
304998	62	126	14	78	142	30	94	158	46	110	174	2026	2028	2140	2021	2014	1969	2024	2072	1986	2018	2013	2008
304998	62	126	14	78	142	30	94	158	46	110	174	2027	2029	2156	2012	2005	1938	2022	2071	1961	2020	2021	1988
304998	62	126	14	78	142	30	94	158	46	110	174	2030	2030	2156	2011	2005	1932	2013	2078	1964	2017	2021	1989
304998	62	126	14	78	142	30	94	158	46	110	174	2028	2024	2144	2012	2011	1958	2028	2077	1981	2019	2014	2013
304998	62	126	14	78	142	30	94	158	46	110	174	2025	2024	2124	2018	2006	2003	2028	2070	2008	2020	2013	2030
304998	62	126	14	78	142	30	94	158	46	110	174	2029	2027	2111	2020	2017	2014	2027	2070	2026	2018	2015	2033
304998	62	126	14	78	142	30	94	158	46	110	174	2028	2029	2120	2018	2013	1989	2026	2068	2012	2018	2022	2023
304998	62	126	14	78	142	30	94	158	46	110	174	2035	2025	2142	2018	2000	1959	2021	2077	1980	2022	2020	2008
304998	62	126	14	78	142	30	94	158	46	110	174	2028	2026	2161	2017	2002	1927	2023	2081	1955	2020	2015	1988
304998	62	126	14	78	142	30	94	158	46	110	174	2031	2025	2162	2013	2001	1941	2023	2076	1960	2020	2015	1986
304998	62	126	14	78	142	30	94	158	46	110	174	2022	2026	2144	2016	2009	1976	2026	2072	1993	2016	2023	2015
304998	62	126	14	78	142	30	94	158	46	110	174	2025	2027	2114	2020	2012	2011	2027	2070	2027	2021	2020	2038
304998	62	126	14	78	142	30	94	158	46	110	174	2023	2023	2112	2020	2011	2012	2021	2074	2021	2018	2016	2040
304998	62	126	14	78	142	30	94	158	46	110	174	2028	2028	2130	2016	2013	1975	2034	2073	1992	2022	2013	2016
304998	62	126	14	78	142	30	94	158	46	110	174	2024	2025	2167	2016	2007	1938	2020	2073	1959	2021	2020	1988
304998	62	126	14	78	142	30	94	158	46	110	174	2028	2032	2170	2011	1998	1933	2024	2076	1957	2017	2020	1985
304998	62	126	14	78	142	30	94	158	46	110	174	2031	2035	2143	2013	2013	1954	2032	2072	1983	2017	2018	2013
304998	62	126	14	78	142	30	94	158	46	110	174	2028	2022	2116	2021	2002	2001	2023	2074	2005	2021	2013	2030
304998	62	126	14	78	142	30	94	158	46	110	174	2034	2018	2111	2024	2016	2009	2035	2073	2021	2020	2014	2033
304998	62	126	14	78	142	30	94	158	46	110	174	2025	2020	2130	2021	2013	1994	2029	2069	2009	2021	2018	2021
304998	62	126	14	78	142	30	94	158	46	110	174	2030	2027	2152	2022	2004	1962	2023	2073	1980	2016	2016	2010
304998	62	126	14	78	142	30	94	158	46	110	174	2020	2034	2161	2012	2008	1929	2022	2078	1955	2018	2020	1999
304998	62	126	14	78	142	30	94	158	46	110	174	2034	2027	2151	2014	2003	1941	2025	2078	1958	2018	2015	1991
304998	62	126	14	78	142	30	94	158	46	110	174	2028	2023	2138	2015	2010	1971	2023	2074	1984	2018	2016	2002
304998	62	126	14	78	142	30	94	158	46	110	174	2028	2025	2118	2021	2011	2004	2041	2068	2019	2021	2021	2032
304998	62	126	14	78	142	30	94	158	46	110	174	2028	2025	2118	2023	2009	2011	2025	2065	2025	2022	2022	2039
304998	62	126	14	78	142	30	94	158	46	110	174	2026	2031	2127	2020	2014	1980	2026	2074	1999	2021	2018	2017
304998	62	126	14	78	142	30	94	158	46	110	174	2034	2028	2154	2011	2001	1950	2032	2072	1967	2020	2012	1993
304998	62	126	14	78	142	30	94	158	46	110	174	2026	2022	2165	2015	2004	1925	2019	2074	1954	2022	2022	1981
304998	62	126	14	78	142	30	94	158	46	110	174	2033	2025	2151	2014	2006	1951	2031	2071	1979	2020	2022	1998
304998	62	126	14	78	142	30	94	158	46	110	174	2023	2022	2137	2023	2003	1987	2020	2076	2005	2017	2017	2029
304998	62	126	14	78	142	30	94	158	46	110	174	2030	2027	2108	2018	2015	2014	2032	2074	2018	2022	2014	2034
304998	62	126	14	78	142	30	94	158	46	110	174	2033	2025	2117	2019	2011	2002	2031	2064	2011	2020	2014	2027
304998	62	126	14	78	142	30	94	158	46	110	174	2034	2021	2138	2018	2004	1964	2026	2067	1985	2019	2021	2005
304998	62	126	14	78	142	30	94	158	46	110	174	2027	2028	2167	2018	2007	1931	2027	2080	1962	2020	2019	1997
304998	62	126	14	78	142	30	94	158	46	110	174	2023	2025	2166	2020	2002	1934	2020	2077	1961	2017	2017	1997
304998	62	126	14	78	142	30	94	158	46	110	174	2032	2034	2139	2017	2011	1970	2023	2071	1982	2021	2014	2008
304998	62	126	14	78	142	30	94	158	46	110	174	2027	2027	2114	2021	2008	2008	2026	2070	2008	2018	2017	2026
304998	62	126	14	78	142	30	94	158	46	110	174	2031	2019	2107	2023	2008	2015	2028	2063	2026	2018	2020	2040
304998	62	126	14	78	142	30	94	158	46	110	174	2028	2018	2130	2020	2011	1984	2026	2073	2002	2022	2015	2027
304998	62	126	14	78	142	30	94	158	46	110	174	2023	2024	2159	2018	2006	1949	2027	2077	1971	2018	2015	1999
304998	62	126	14	78	142	30	94	158	46	110	174	2025	2033	2168	2015	2009	1928	2023	2076	1950	2022	2012	1981
304998	62	126	14	78	142	30	94	158	46	110	174	2028	2031	2147	2016	2007	1949	2022	2074	1969	2020	2022	1998
304998	62	126	14	78	142	30	94	158	46	110	174	2028	2015	2127	2016	2008	1988	2020	2067	2006	2020	2020	2020
304998	62	126	14	78	142	30	94	158	46	110	174	2034	2021	2113	2020	2017	2009	2034	2074	2018	2017	2012	2045
304998	62	126	14	78	142	30	94	158	46	110	174	2028	2026	2125	2023	2013	2003	2034	2071	2014	2017	2011	2030
304998	62	126	14	78	142	30	94	158	46	110	174	2025	2028	2141	2017	2013	1969	2031	2074	1983	2020	2013	2007
304998	62	126	14	78	142	30	94	158	46	110	174	2031	2028	2154	2016	1998	1943	2020	2074	1958	2019	2023	1994
304998	62	126	14	78	142	30	94	158	46	110	174	2025	2019	2163	2016	1994	1940	2016	2077	1961	2018	2016	1989
304998	62	126	14	78	142	30	94	158	46	110	174	2027	2024	2145	2015	2010	1967	2028	2074	1983	2021	2016	2011
304998	62	126	14	78	142	30	94	158	46	110	174	2026	2023	2128	2026	2008	2001	2028	2070	2005	2021	2013	2027
304998	62	126	14	78	142	30	94	158	46	110	174	2028	2030	2112	2021	2015	2013	2026	2065	2019	2021	2015	2034
304998	62	126	14	78	142	30	94	158	46	110	174	2037	2030	2117	2020	2009	1994	2030	2070	2012	2021	2023	2026
304998	62	126	14	78	142	30	94	158	46	110	174	2027	2022	2148	2019	2001	1953	2022	2078	1974	2022	2018	2007
304998	62	126	14	78	142	30	94	158	46	110	174	2029	2024	2166	2011	2006	1925	2023	2079	1950	2017	2016	1989
304998	62	126	14	78	142	30	94	158	46	110	174	2025	2024	2167	2016	2002	1940	2030	2074	1961	2017	2012	1986
304998	62	126	14	78	142	30	94	158	46	110	174	2027	2029	2130	2015	2014	1976	2020	2067	1995	2017	2020	2017
304998	62	126	14	78	142	30	94	158	46	110	174	2035	2031	2105	2023	2015	2014	2024	2073	2027	2017	2021	2039
304998	62	126	14	78	142	30	94	158	46	110	174	2028	2020	2109	2020	2014	2009	2030	2066	2019	2017	2015	2041
304998	62	126	14	78	142	30	94	158	46	110	174	2029	2023	2136	2018	2011	1968	2021	2074	1985	2019	2015	2016
304998	62	126	14	78	142	30	94	158	46	110	174	2023	2027	2169	2015	2008	1932	2024	2073	1958	2017	2017	1982
304998	62	126	14	78	142	30	94	158	46	110	174	2025	2027	2169	2017	2008	1931	2020	2076	1959	2021	2024	1993
304998	62	126	14	78	142	30	94	158	46	110	174	2031	2032	2143	2013	2009	1959	2022	2077	1976	2017	2020	2007
304998	62	126	14	78	142	30	94	158	46	110	174	2031	2021	2123	2016	2011	2002	2028	2066	2008	2017	2015	2029
304998	62	126	14	78	142	30	94	158	46	110	174	2030	2020	2112	2018	2014	2014	2032	2065	2019	2022	2013	2034
304998	62	126	14	78	142	30	94	158	46	110	174	2031	2023	2128	2021	2008	1992	2023	2064	2007	2020	2017	2017
304998	62	126	14	78	142	30	94	158	46	110	174	2029	2025	2155	2020	2009	1955	2024	2073	1984	2020	2020	2003
304998	62	126	14	78	142	30	94	158	46	110	174	2028	2034	2157	2014	2005	1933	2027	2078	1954	2020	2018	1992
304998	62	126	14	78	142	30	94	158	46	110	174	2032	2020	2159	2018	2000	1945	2022	2074	1962	2017	2016	1997
304998	62	126	14	78	142	30	94	158	46	110	174	2022	2018	2143	2018	2005	1974	2022	2068	1986	2016	2015	2010
304998	62	126	14	78	142	30	94	158	46	110	174	2028	2020	2121	2025	2005	2010	2023	2062	2025	2021	2020	2034
304998	62	126	14	78	142	30	94	158	46	110	174	2026	2023	2118	2021	2015	2004	2020	2064	2020	2017	2019	2039
304998	62	126	14	78	142	30	94	158	46	110	174	2034	2027	2125	2018	2015	1979	2029	2076	1995	2022	2018	2022
304998	62	126	14	78	142	30	94	158	46	110	174	2033	2020	2157	2015	2004	1943	2020	2072	1964	2022	2014	1996
304998	62	126	14	78	142	30	94	158	46	110	174	2030	2023	2166	2014	2004	1926	2028	2074	1956	2017	2017	1981
304998	62	126	14	78	142	30	94	158	46	110	174	2032	2028	2153	2018	2004	1952	2021	2072	1975	2019	2022	1999
