304998	62	126	14	78	142	30	94	158	46	110	174	2026	2022	2165	2015	2004	1925	2019	2074	1954	2022	2022	1981
304998	62	126	14	78	142	30	94	158	46	110	174	2033	2025	2151	2014	2006	1951	2031	2071	1979	2020	2022	1998
304998	62	126	14	78	142	30	94	158	46	110	174	2023	2022	2137	2023	2003	1987	2020	2076	2005	2017	2017	2029
304998	62	126	14	78	142	30	94	158	46	110	174	2030	2027	2108	2018	2015	2014	2032	2074	2018	2022	2014	2034
304998	62	126	14	78	142	30	94	158	46	110	174	2033	2025	2117	2019	2011	2002	2031	2064	2011	2020	2014	2027
304998	62	126	14	78	142	30	94	158	46	110	174	2034	2021	2138	2018	2004	1964	2026	2067	1985	2019	2021	2005
304998	62	126	14	78	142	30	94	158	46	110	174	2027	2028	2167	2018	2007	1931	2027	2080	1962	2020	2019	1997
304998	62	126	14	78	142	30	94	158	46	110	174	2023	2025	2166	2020	2002	1934	2020	2077	1961	2017	2017	1997
304998	62	126	14	78	142	30	94	158	46	110	174	2032	2034	2139	2017	2011	1970	2023	2071	1982	2021	2014	2008
304998	62	126	14	78	142	30	94	158	46	110	174	2027	2027	2114	2021	2008	2008	2026	2070	2008	2018	2017	2026
304998	62	126	14	78	142	30	94	158	46	110	174	2031	2019	2107	2023	2008	2015	2028	2063	2026	2018	2020	2040
304998	62	126	14	78	142	30	94	158	46	110	174	2028	2018	2130	2020	2011	1984	2026	2073	2002	2022	2015	2027
304998	62	126	14	78	142	30	94	158	46	110	174	2023	2024	2159	2018	2006	1949	2027	2077	1971	2018	2015	1999
304998	62	126	14	78	142	30	94	158	46	110	174	2025	2033	2168	2015	2009	1928	2023	2076	1950	2022	2012	1981
304998	62	126	14	78	142	30	94	158	46	110	174	2028	2031	2147	2016	2007	1949	2022	2074	1969	2020	2022	1998
304998	62	126	14	78	142	30	94	158	46	110	174	2028	2015	2127	2016	2008	1988	2020	2067	2006	2020	2020	2020
304998	62	126	14	78	142	30	94	158	46	110	174	2034	2021	2113	2020	2017	2009	2034	2074	2018	2017	2012	2045
304998	62	126	14	78	142	30	94	158	46	110	174	2028	2026	2125	2023	2013	2003	2034	2071	2014	2017	2011	2030
304998	62	126	14	78	142	30	94	158	46	110	174	2025	2028	2141	2017	2013	1969	2031	2074	1983	2020	2013	2007
304998	62	126	14	78	142	30	94	158	46	110	174	2031	2028	2154	2016	1998	1943	2020	2074	1958	2019	2023	1994
304998	62	126	14	78	142	30	94	158	46	110	174	2025	2019	2163	2016	1994	1940	2016	2077	1961	2018	2016	1989
304998	62	126	14	78	142	30	94	158	46	110	174	2027	2024	2145	2015	2010	1967	2028	2074	1983	2021	2016	2011
304998	62	126	14	78	142	30	94	158	46	110	174	2026	2023	2128	2026	2008	2001	2028	2070	2005	2021	2013	2027
304998	62	126	14	78	142	30	94	158	46	110	174	2028	2030	2112	2021	2015	2013	2026	2065	2019	2021	2015	2034
304998	62	126	14	78	142	30	94	158	46	110	174	2037	2030	2117	2020	2009	1994	2030	2070	2012	2021	2023	2026
304998	62	126	14	78	142	30	94	158	46	110	174	2027	2022	2148	2019	2001	1953	2022	2078	1974	2022	2018	2007
304998	62	126	14	78	142	30	94	158	46	110	174	2029	2024	2166	2011	2006	1925	2023	2079	1950	2017	2016	1989
304998	62	126	14	78	142	30	94	158	46	110	174	2025	2024	2167	2016	2002	1940	2030	2074	1961	2017	2012	1986
304998	62	126	14	78	142	30	94	158	46	110	174	2027	2029	2130	2015	2014	1976	2020	2067	1995	2017	2020	2017
304998	62	126	14	78	142	30	94	158	46	110	174	2035	2031	2105	2023	2015	2014	2024	2073	2027	2017	2021	2039
304998	62	126	14	78	142	30	94	158	46	110	174	2028	2020	2109	2020	2014	2009	2030	2066	2019	2017	2015	2041
304998	62	126	14	78	142	30	94	158	46	110	174	2029	2023	2136	2018	2011	1968	2021	2074	1985	2019	2015	2016
304998	62	126	14	78	142	30	94	158	46	110	174	2023	2027	2169	2015	2008	1932	2024	2073	1958	2017	2017	1982
304998	62	126	14	78	142	30	94	158	46	110	174	2025	2027	2169	2017	2008	1931	2020	2076	1959	2021	2024	1993
304998	62	126	14	78	142	30	94	158	46	110	174	2031	2032	2143	2013	2009	1959	2022	2077	1976	2017	2020	2007
304998	62	126	14	78	142	30	94	158	46	110	174	2031	2021	2123	2016	2011	2002	2028	2066	2008	2017	2015	2029
304998	62	126	14	78	142	30	94	158	46	110	174	2030	2020	2112	2018	2014	2014	2032	2065	2019	2022	2013	2034
304998	62	126	14	78	142	30	94	158	46	110	174	2031	2023	2128	2021	2008	1992	2023	2064	2007	2020	2017	2017
304998	62	126	14	78	142	30	94	158	46	110	174	2029	2025	2155	2020	2009	1955	2024	2073	1984	2020	2020	2003
304998	62	126	14	78	142	30	94	158	46	110	174	2028	2034	2157	2014	2005	1933	2027	2078	1954	2020	2018	1992
304998	62	126	14	78	142	30	94	158	46	110	174	2032	2020	2159	2018	2000	1945	2022	2074	1962	2017	2016	1997
304998	62	126	14	78	142	30	94	158	46	110	174	2022	2018	2143	2018	2005	1974	2022	2068	1986	2016	2015	2010
304998	62	126	14	78	142	30	94	158	46	110	174	2028	2020	2121	2025	2005	2010	2023	2062	2025	2021	2020	2034
304998	62	126	14	78	142	30	94	158	46	110	174	2026	2023	2118	2021	2015	2004	2020	2064	2020	2017	2019	2039
304998	62	126	14	78	142	30	94	158	46	110	174	2034	2027	2125	2018	2015	1979	2029	2076	1995	2022	2018	2022
304998	62	126	14	78	142	30	94	158	46	110	174	2033	2020	2157	2015	2004	1943	2020	2072	1964	2022	2014	1996
304998	62	126	14	78	142	30	94	158	46	110	174	2030	2023	2166	2014	2004	1926	2028	2074	1956	2017	2017	1981
304998	62	126	14	78	142	30	94	158	46	110	174	2032	2028	2153	2018	2004	1952	2021	2072	1975	2019	2022	1999
304998	62	126	14	78	142	30	94	158	46	110	174	2029	2026	2127	2022	2010	1992	2028	2066	2006	2018	2020	2032
304998	62	126	14	78	142	30	94	158	46	110	174	2027	2031	2103	2022	2011	2016	2028	2070	2016	2022	2015	2039
304998	62	126	14	78	142	30	94	158	46	110	174	2032	2020	2113	2023	2015	1996	2033	2067	2007	2020	2013	2028
304998	62	126	14	78	142	30	94	158	46	110	174	2027	2020	2146	2017	2009	1959	2024	2065	1982	2021	2018	1998
304998	62	126	14	78	142	30	94	158	46	110	174	2029	2023	2166	2018	2000	1932	2021	2080	1960	2018	2020	1990
304998	62	126	14	78	142	30	94	158	46	110	174	2027	2031	2165	2016	2006	1927	2021	2074	1955	2022	2019	1997
304998	62	126	14	78	142	30	94	158	46	110	174	2029	2029	2136	2016	2008	1974	2021	2076	1983	2020	2015	2014
304998	62	126	14	78	142	30	94	158	46	110	174	2031	2023	2110	2017	2015	2008	2025	2063	2013	2021	2013	2030
304998	62	126	14	78	142	30	94	158	46	110	174	2031	2013	2118	2022	2015	2006	2023	2063	2028	2017	2016	2027
304998	62	126	14	78	142	30	94	158	46	110	174	2031	2025	2134	2020	2008	1981	2026	2074	2000	2018	2020	2021
304998	62	126	14	78	142	30	94	158	46	110	174	2026	2028	2166	2015	2005	1939	2030	2074	1968	2017	2021	1998
304998	62	126	14	78	142	30	94	158	46	110	174	2028	2028	2161	2015	2001	1933	2026	2078	1946	2018	2016	1987
304998	62	126	14	78	142	30	94	158	46	110	174	2026	2024	2148	2013	2006	1950	2022	2074	1970	2020	2016	1988
304998	62	126	14	78	142	30	94	158	46	110	174	2027	2016	2135	2018	2013	1989	2020	2071	2008	2016	2021	2018
304998	62	126	14	78	142	30	94	158	46	110	174	2031	2023	2119	2022	2012	2011	2034	2074	2019	2019	2024	2045
304998	62	126	14	78	142	30	94	158	46	110	174	2027	2026	2125	2026	2012	2001	2035	2072	2009	2020	2014	2038
304998	62	126	14	78	142	30	94	158	46	110	174	2031	2031	2143	2017	2015	1967	2024	2074	1981	2018	2013	2009
304998	62	126	14	78	142	30	94	158	46	110	174	2029	2023	2155	2015	2005	1932	2023	2072	1963	2016	2017	1982
304998	62	126	14	78	142	30	94	158	46	110	174	2010	2010	2172	2010	2005	1936	2015	2073	1960	2016	2021	1987
304998	62	126	14	78	142	30	94	158	46	110	174	2027	2023	2150	2015	2006	1967	2021	2075	1985	2017	2019	2015
304998	62	126	14	78	142	30	94	158	46	110	174	2026	2024	2126	2021	2013	1999	2035	2074	2009	2021	2017	2033
304998	62	126	14	78	142	30	94	158	46	110	174	2033	2027	2104	2022	2021	2012	2036	2072	2018	2022	2011	2043
304998	62	126	14	78	142	30	94	158	46	110	174	2035	2028	2120	2025	2007	1992	2042	2073	2009	2017	2016	2016
304998	62	126	14	78	142	30	94	158	46	110	174	2026	2021	2150	2017	2006	1952	2027	2077	1968	2022	2022	1999
304998	62	126	14	78	142	30	94	158	46	110	174	2027	2026	2175	2018	1996	1931	2023	2081	1954	2021	2022	1998
304998	62	126	14	78	142	30	94	158	46	110	174	2027	2031	2163	2018	2008	1941	2025	2075	1964	2019	2018	2001
304998	62	126	14	78	142	30	94	158	46	110	174	2027	2027	2123	2019	2007	1985	2028	2070	1998	2021	2012	2019
304998	62	126	14	78	142	30	94	158	46	110	174	2024	2015	2114	2026	2006	2011	2020	2070	2028	2019	2016	2034
304998	62	126	14	78	142	30	94	158	46	110	174	2027	2014	2120	2025	2014	2008	2034	2070	2016	2020	2020	2041
304998	62	126	14	78	142	30	94	158	46	110	174	2023	2017	2151	2023	1997	1975	2020	2072	1982	2022	2018	2021
304998	62	126	14	78	142	30	94	158	46	110	174	2019	2022	2176	2018	1997	1935	2018	2073	1957	2020	2014	1991
304998	62	126	14	78	142	30	94	158	46	110	174	2027	2027	2160	2011	2003	1931	2023	2073	1961	2022	2017	1985
304998	62	126	14	78	142	30	94	158	46	110	174	2026	2020	2144	2019	1996	1966	2019	2071	1981	2017	2020	2002
304998	62	126	14	78	142	30	94	158	46	110	174	2026	2015	2126	2020	2013	2002	2037	2067	2009	2020	2018	2036
304998	62	126	14	78	142	30	94	158	46	110	174	2023	2019	2129	2024	2004	2021	2029	2063	2017	2018	2014	2044
304998	62	126	14	78	142	30	94	158	46	110	174	2029	2026	2128	2027	2006	1995	2030	2065	2006	2021	2014	2024
304998	62	126	14	78	142	30	94	158	46	110	174	2028	2023	2148	2016	2008	1946	2026	2071	1981	2019	2019	1995
304998	62	126	14	78	142	30	94	158	46	110	174	2030	2021	2159	2016	2000	1929	2022	2080	1951	2016	2022	1985
304998	62	126	14	78	142	30	94	158	46	110	174	2022	2021	2167	2018	2007	1940	2023	2077	1956	2017	2021	1999
304998	62	126	14	78	142	30	94	158	46	110	174	2024	2020	2139	2019	1997	1982	2038	2070	1994	2017	2016	2017
304998	62	126	14	78	142	30	94	158	46	110	174	2031	2025	2112	2025	2011	2014	2032	2064	2022	2019	2014	2035
304998	62	126	14	78	142	30	94	158	46	110	174	2027	2023	2111	2025	2016	2010	2029	2073	2019	2016	2017	2024
304998	62	126	14	78	142	30	94	158	46	110	174	2026	2018	2141	2022	2008	1979	2030	2072	1991	2018	2017	2016
304998	62	126	14	78	142	30	94	158	46	110	174	2023	2020	2167	2015	2007	1939	2025	2073	1955	2017	2021	1997
304998	62	126	14	78	142	30	94	158	46	110	174	2021	2022	2176	2015	1987	1935	2025	2072	1953	2021	2016	1990
304998	62	126	14	78	142	30	94	158	46	110	174	2023	2026	2153	2015	2006	1953	2026	2075	1980	2022	2015	1997
304998	62	126	14	78	142	30	94	158	46	110	174	2027	2018	2116	2020	2009	1997	2033	2071	2006	2018	2016	2019
304998	62	126	14	78	142	30	94	158	46	110	174	2027	2016	2107	2023	2016	2014	2029	2070	2020	2019	2017	2045
304998	62	126	14	78	142	30	94	158	46	110	174	2028	2020	2126	2021	2015	1998	2047	2070	2012	2018	2018	2030
304998	62	126	14	78	142	30	94	158	46	110	174	2026	2026	2149	2016	2008	1957	2030	2075	1981	2016	2011	2003
304998	62	126	14	78	142	30	94	158	46	110	174	2027	2033	2162	2022	1992	1926	2023	2080	1952	2016	2020	1985
304998	62	126	14	78	142	30	94	158	46	110	174	2028	2027	2158	2015	2000	1936	2042	2077	1959	2017	2020	1991
304998	62	126	14	78	142	30	94	158	46	110	174	2028	2018	2143	2020	2005	1975	2032	2070	1988	2016	2019	2017
304998	62	126	14	78	142	30	94	158	46	110	174	2028	2020	2123	2022	2014	2008	2026	2065	2020	2020	2011	2041
304998	62	126	14	78	142	30	94	158	46	110	174	2025	2023	2124	2020	2008	2018	2026	2070	2024	2020	2011	2027
304998	62	126	14	78	142	30	94	158	46	110	174	2031	2027	2124	2024	2011	1978	2036	2074	1996	2018	2016	2018
304998	62	126	14	78	142	30	94	158	46	110	174	2033	2020	2156	2017	2004	1939	2044	2077	1958	2020	2019	1997
304998	62	126	14	78	142	30	94	158	46	110	174	2027	2027	2170	2014	2007	1925	2025	2071	1949	2018	2017	1997
304998	62	126	14	78	142	30	94	158	46	110	174	2026	2028	2161	2012	2011	1951	2024	2082	1973	2020	2015	2005
304998	62	126	14	78	142	30	94	158	46	110	174	2027	2024	2129	2021	2010	1990	2025	2072	2008	2019	2015	2016
304998	62	126	14	78	142	30	94	158	46	110	174	2028	2030	2100	2026	2016	2013	2035	2066	2022	2020	2020	2042
304998	62	126	14	78	142	30	94	158	46	110	174	2034	2018	2120	2024	2013	2001	2037	2066	2007	2018	2020	2037
304998	62	126	14	78	142	30	94	158	46	110	174	2024	2019	2149	2021	2007	1968	2021	2068	1983	2017	2018	2008
304998	62	126	14	78	142	30	94	158	46	110	174	2025	2026	2172	2016	1999	1936	2020	2081	1955	2018	2017	1985
304998	62	126	14	78	142	30	94	158	46	110	174	2027	2028	2161	2018	2003	1934	2025	2077	1957	2017	2019	1985
304998	62	126	14	78	142	30	94	158	46	110	174	2027	2026	2133	2015	2006	1968	2030	2073	1981	2019	2020	2013
304998	62	126	14	78	142	30	94	158	46	110	174	2031	2018	2114	2024	2008	2007	2028	2062	2016	2021	2015	2040
304998	62	126	14	78	142	30	94	158	46	110	174	2029	2022	2117	2023	2018	2017	2025	2073	2027	2017	2013	2036
304998	62	126	14	78	142	30	94	158	46	110	174	2031	2024	2130	2022	2011	1988	2038	2074	1998	2019	2012	2013
304998	62	126	14	78	142	30	94	158	46	110	174	2023	2034	2153	2018	2003	1946	2026	2075	1963	2019	2019	1999
304998	62	126	14	78	142	30	94	158	46	110	174	2030	2026	2158	2018	2002	1928	2028	2070	1954	2018	2019	1991
304998	62	126	14	78	142	30	94	158	46	110	174	2034	2022	2153	2017	2003	1945	2026	2077	1971	2016	2013	1999
304998	62	126	14	78	142	30	94	158	46	110	174	2030	2023	2132	2019	2013	1988	2027	2074	1997	2018	2013	2022
304998	62	126	14	78	142	30	94	158	46	110	174	2032	2026	2115	2023	2007	2020	2033	2073	2019	2017	2017	2033
304998	62	126	14	78	142	30	94	158	46	110	174	2029	2027	2109	2025	2014	1999	2027	2064	2015	2018	2018	2041
304998	62	126	14	78	142	30	94	158	46	110	174	2035	2023	2130	2022	2002	1969	2038	2075	1991	2017	2016	2014
304998	62	126	14	78	142	30	94	158	46	110	174	2024	2022	2173	2014	2003	1926	2018	2079	1954	2019	2013	1989
304998	62	126	14	78	142	30	94	158	46	110	174	2029	2028	2169	2015	2010	1928	2029	2082	1950	2020	2018	1983
304998	62	126	14	78	142	30	94	158	46	110	174	2031	2025	2145	2020	2003	1968	2025	2068	1977	2017	2020	2002
304998	62	126	14	78	142	30	94	158	46	110	174	2038	2027	2110	2021	2014	2004	2026	2068	2020	2020	2020	2036
304998	62	126	14	78	142	30	94	158	46	110	174	2035	2019	2108	2031	2011	2016	2029	2068	2027	2017	2015	2045
304998	62	126	14	78	142	30	94	158	46	110	174	2028	2017	2130	2023	2017	1989	2031	2066	2004	2018	2013	2017
304998	62	126	14	78	142	30	94	158	46	110	174	2030	2025	2160	2019	2008	1951	2037	2076	1966	2022	2017	1990
304998	62	126	14	78	142	30	94	158	46	110	174	2025	2032	2166	2009	2006	1928	2020	2071	1954	2017	2021	1986
304998	62	126	14	78	142	30	94	158	46	110	174	2032	2027	2154	2015	2004	1938	2025	2079	1966	2017	2017	1998
304998	62	126	14	78	142	30	94	158	46	110	174	2034	2020	2126	2017	2006	1985	2037	2076	1998	2023	2014	2020
304998	62	126	14	78	142	30	94	158	46	110	174	2034	2022	2115	2027	2015	2012	2044	2071	2019	2020	2011	2033
304998	62	126	14	78	142	30	94	158	46	110	174	2034	2023	2118	2025	2020	2015	2038	2062	2020	2016	2018	2033
304998	62	126	14	78	142	30	94	158	46	110	174	2028	2026	2143	2021	2006	1972	2026	2069	1993	2018	2019	2016
304998	62	126	14	78	142	30	94	158	46	110	174	2038	2028	2154	2011	2011	1933	2025	2077	1952	2021	2013	1990
304998	62	126	14	78	142	30	94	158	46	110	174	2033	2028	2165	2017	1998	1927	2025	2079	1948	2019	2013	1985
304998	62	126	14	78	142	30	94	158	46	110	174	2024	2020	2150	2016	2009	1957	2020	2067	1971	2017	2015	1992
304998	62	126	14	78	142	30	94	158	46	110	174	2032	2026	2126	2019	2008	2009	2045	2072	2015	2019	2019	2029
304998	62	126	14	78	142	30	94	158	46	110	174	2027	2030	2112	2025	2016	2020	2043	2064	2028	2022	2015	2051
304998	62	126	14	78	142	30	94	158	46	110	174	2033	2026	2115	2021	2014	1995	2047	2075	2008	2022	2013	2026
304998	62	126	14	78	142	30	94	158	46	110	174	2031	2021	2152	2016	2007	1951	2029	2068	1970	2021	2009	1993
304998	62	126	14	78	142	30	94	158	46	110	174	2028	2025	2176	2013	2008	1928	2025	2075	1956	2019	2021	1979
304998	62	126	14	78	142	30	94	158	46	110	174	2030	2029	2167	2014	2005	1941	2027	2078	1952	2021	2025	1992
304998	62	126	14	78	142	30	94	158	46	110	174	2031	2028	2127	2015	2013	1974	2025	2072	1986	2016	2014	2022
304998	62	126	14	78	142	30	94	158	46	110	174	2034	2020	2103	2024	2015	2013	2029	2065	2017	2020	2011	2035
304998	62	126	14	78	142	30	94	158	46	110	174	2038	2021	2110	2025	2013	2011	2036	2062	2027	2021	2012	2029
304998	62	126	14	78	142	30	94	158	46	110	174	2034	2022	2136	2020	2018	1982	2027	2070	1994	2020	2020	2018
304998	62	126	14	78	142	30	94	158	46	110	174	2034	2028	2167	2010	2005	1939	2036	2078	1954	2020	2015	1993
304998	62	126	14	78	142	30	94	158	46	110	174	2023	2031	2172	2010	2007	1925	2022	2074	1942	2021	2015	1986
304998	62	126	14	78	142	30	94	158	46	110	174	2035	2028	2143	2012	2011	1950	2033	2077	1969	2020	2012	1995
304998	62	126	14	78	142	30	94	158	46	110	174	2036	2020	2126	2023	2014	1998	2031	2076	2009	2017	2016	2019
304998	62	126	14	78	142	30	94	158	46	110	174	2034	2021	2107	2028	2020	2017	2029	2066	2022	2017	2015	2047
304998	62	126	14	78	142	30	94	158	46	110	174	2035	2026	2123	2031	2009	2009	2041	2069	2006	2020	2012	2037
304998	62	126	14	78	142	30	94	158	46	110	174	2025	2029	2155	2016	2008	1956	2019	2065	1980	2016	2013	2008
304998	62	126	14	78	142	30	94	158	46	110	174	2034	2029	2160	2010	2007	1923	2039	2081	1956	2016	2011	1981
304998	62	126	14	78	142	30	94	158	46	110	174	2034	2027	2167	2015	2006	1933	2024	2079	1957	2020	2018	1984
304998	62	126	14	78	142	30	94	158	46	110	174	2037	2024	2137	2013	2013	1974	2030	2070	1983	2017	2017	2022
