304998	62	126	14	78	142	30	94	158	46	110	174	2027	2028	2161	2018	2003	1934	2025	2077	1957	2017	2019	1985
304998	62	126	14	78	142	30	94	158	46	110	174	2027	2026	2133	2015	2006	1968	2030	2073	1981	2019	2020	2013
304998	62	126	14	78	142	30	94	158	46	110	174	2031	2018	2114	2024	2008	2007	2028	2062	2016	2021	2015	2040
304998	62	126	14	78	142	30	94	158	46	110	174	2029	2022	2117	2023	2018	2017	2025	2073	2027	2017	2013	2036
304998	62	126	14	78	142	30	94	158	46	110	174	2031	2024	2130	2022	2011	1988	2038	2074	1998	2019	2012	2013
304998	62	126	14	78	142	30	94	158	46	110	174	2023	2034	2153	2018	2003	1946	2026	2075	1963	2019	2019	1999
304998	62	126	14	78	142	30	94	158	46	110	174	2030	2026	2158	2018	2002	1928	2028	2070	1954	2018	2019	1991
304998	62	126	14	78	142	30	94	158	46	110	174	2034	2022	2153	2017	2003	1945	2026	2077	1971	2016	2013	1999
304998	62	126	14	78	142	30	94	158	46	110	174	2030	2023	2132	2019	2013	1988	2027	2074	1997	2018	2013	2022
304998	62	126	14	78	142	30	94	158	46	110	174	2032	2026	2115	2023	2007	2020	2033	2073	2019	2017	2017	2033
304998	62	126	14	78	142	30	94	158	46	110	174	2029	2027	2109	2025	2014	1999	2027	2064	2015	2018	2018	2041
304998	62	126	14	78	142	30	94	158	46	110	174	2035	2023	2130	2022	2002	1969	2038	2075	1991	2017	2016	2014
304998	62	126	14	78	142	30	94	158	46	110	174	2024	2022	2173	2014	2003	1926	2018	2079	1954	2019	2013	1989
304998	62	126	14	78	142	30	94	158	46	110	174	2029	2028	2169	2015	2010	1928	2029	2082	1950	2020	2018	1983
304998	62	126	14	78	142	30	94	158	46	110	174	2031	2025	2145	2020	2003	1968	2025	2068	1977	2017	2020	2002
304998	62	126	14	78	142	30	94	158	46	110	174	2038	2027	2110	2021	2014	2004	2026	2068	2020	2020	2020	2036
304998	62	126	14	78	142	30	94	158	46	110	174	2035	2019	2108	2031	2011	2016	2029	2068	2027	2017	2015	2045
304998	62	126	14	78	142	30	94	158	46	110	174	2028	2017	2130	2023	2017	1989	2031	2066	2004	2018	2013	2017
304998	62	126	14	78	142	30	94	158	46	110	174	2030	2025	2160	2019	2008	1951	2037	2076	1966	2022	2017	1990
304998	62	126	14	78	142	30	94	158	46	110	174	2025	2032	2166	2009	2006	1928	2020	2071	1954	2017	2021	1986
304998	62	126	14	78	142	30	94	158	46	110	174	2032	2027	2154	2015	2004	1938	2025	2079	1966	2017	2017	1998
304998	62	126	14	78	142	30	94	158	46	110	174	2034	2020	2126	2017	2006	1985	2037	2076	1998	2023	2014	2020
304998	62	126	14	78	142	30	94	158	46	110	174	2034	2022	2115	2027	2015	2012	2044	2071	2019	2020	2011	2033
304998	62	126	14	78	142	30	94	158	46	110	174	2034	2023	2118	2025	2020	2015	2038	2062	2020	2016	2018	2033
304998	62	126	14	78	142	30	94	158	46	110	174	2028	2026	2143	2021	2006	1972	2026	2069	1993	2018	2019	2016
304998	62	126	14	78	142	30	94	158	46	110	174	2038	2028	2154	2011	2011	1933	2025	2077	1952	2021	2013	1990
304998	62	126	14	78	142	30	94	158	46	110	174	2033	2028	2165	2017	1998	1927	2025	2079	1948	2019	2013	1985
304998	62	126	14	78	142	30	94	158	46	110	174	2024	2020	2150	2016	2009	1957	2020	2067	1971	2017	2015	1992
304998	62	126	14	78	142	30	94	158	46	110	174	2032	2026	2126	2019	2008	2009	2045	2072	2015	2019	2019	2029
304998	62	126	14	78	142	30	94	158	46	110	174	2027	2030	2112	2025	2016	2020	2043	2064	2028	2022	2015	2051
304998	62	126	14	78	142	30	94	158	46	110	174	2033	2026	2115	2021	2014	1995	2047	2075	2008	2022	2013	2026
304998	62	126	14	78	142	30	94	158	46	110	174	2031	2021	2152	2016	2007	1951	2029	2068	1970	2021	2009	1993
304998	62	126	14	78	142	30	94	158	46	110	174	2028	2025	2176	2013	2008	1928	2025	2075	1956	2019	2021	1979
304998	62	126	14	78	142	30	94	158	46	110	174	2030	2029	2167	2014	2005	1941	2027	2078	1952	2021	2025	1992
304998	62	126	14	78	142	30	94	158	46	110	174	2031	2028	2127	2015	2013	1974	2025	2072	1986	2016	2014	2022
304998	62	126	14	78	142	30	94	158	46	110	174	2034	2020	2103	2024	2015	2013	2029	2065	2017	2020	2011	2035
304998	62	126	14	78	142	30	94	158	46	110	174	2038	2021	2110	2025	2013	2011	2036	2062	2027	2021	2012	2029
304998	62	126	14	78	142	30	94	158	46	110	174	2034	2022	2136	2020	2018	1982	2027	2070	1994	2020	2020	2018
304998	62	126	14	78	142	30	94	158	46	110	174	2034	2028	2167	2010	2005	1939	2036	2078	1954	2020	2015	1993
304998	62	126	14	78	142	30	94	158	46	110	174	2023	2031	2172	2010	2007	1925	2022	2074	1942	2021	2015	1986
304998	62	126	14	78	142	30	94	158	46	110	174	2035	2028	2143	2012	2011	1950	2033	2077	1969	2020	2012	1995
304998	62	126	14	78	142	30	94	158	46	110	174	2036	2020	2126	2023	2014	1998	2031	2076	2009	2017	2016	2019
304998	62	126	14	78	142	30	94	158	46	110	174	2034	2021	2107	2028	2020	2017	2029	2066	2022	2017	2015	2047
304998	62	126	14	78	142	30	94	158	46	110	174	2035	2026	2123	2031	2009	2009	2041	2069	2006	2020	2012	2037
304998	62	126	14	78	142	30	94	158	46	110	174	2025	2029	2155	2016	2008	1956	2019	2065	1980	2016	2013	2008
304998	62	126	14	78	142	30	94	158	46	110	174	2034	2029	2160	2010	2007	1923	2039	2081	1956	2016	2011	1981
304998	62	126	14	78	142	30	94	158	46	110	174	2034	2027	2167	2015	2006	1933	2024	2079	1957	2020	2018	1984
304998	62	126	14	78	142	30	94	158	46	110	174	2037	2024	2137	2013	2013	1974	2030	2070	1983	2017	2017	2022
304998	62	126	14	78	142	30	94	158	46	110	174	2034	2026	2120	2025	2010	2017	2029	2063	2019	2022	2014	2038
304998	62	126	14	78	142	30	94	158	46	110	174	2031	2026	2110	2029	2014	2020	2026	2064	2033	2017	2009	2037
304998	62	126	14	78	142	30	94	158	46	110	174	2035	2026	2122	2021	2017	1980	2035	2074	1997	2017	2012	2016
304998	62	126	14	78	142	30	94	158	46	110	174	2033	2019	2159	2012	2010	1937	2037	2076	1957	2017	2024	1996
304998	62	126	14	78	142	30	94	158	46	110	174	2032	2032	2172	2010	2014	1918	2037	2081	1948	2017	2015	1991
304998	62	126	14	78	142	30	94	158	46	110	174	2028	2025	2157	2009	2004	1949	2039	2079	1975	2020	2015	1996
304998	62	126	14	78	142	30	94	158	46	110	174	2022	2028	2128	2020	2009	1992	2027	2072	2005	2018	2011	2016
304998	62	126	14	78	142	30	94	158	46	110	174	2034	2027	2101	2025	2015	2018	2042	2065	2020	2020	2018	2037
304998	62	126	14	78	142	30	94	158	46	110	174	2026	2018	2122	2028	2020	2009	2025	2059	2014	2018	2016	2037
304998	62	126	14	78	142	30	94	158	46	110	174	2034	2024	2143	2015	2011	1967	2030	2071	1984	2018	2014	2015
304998	62	126	14	78	142	30	94	158	46	110	174	2028	2031	2178	2011	2000	1926	2026	2080	1955	2019	2013	1985
304998	62	126	14	78	142	30	94	158	46	110	174	2025	2035	2173	2010	1998	1926	2026	2077	1953	2020	2013	1977
304998	62	126	14	78	142	30	94	158	46	110	174	2034	2031	2137	2012	2009	1963	2033	2074	1982	2023	2016	2009
304998	62	126	14	78	142	30	94	158	46	110	174	2035	2019	2113	2025	2014	2012	2041	2065	2022	2022	2017	2042
304998	62	126	14	78	142	30	94	158	46	110	174	2037	2019	2112	2026	2018	2019	2033	2067	2029	2022	2011	2045
304998	62	126	14	78	142	30	94	158	46	110	174	2036	2026	2128	2022	2012	1993	2042	2073	2002	2018	2009	2016
304998	62	126	14	78	142	30	94	158	46	110	174	2023	2034	2158	2016	2011	1939	2025	2077	1964	2020	2023	1996
304998	62	126	14	78	142	30	94	158	46	110	174	2030	2034	2162	2005	2009	1917	2022	2085	1949	2020	2021	1987
304998	62	126	14	78	142	30	94	158	46	110	174	2027	2025	2157	2010	2003	1940	2023	2082	1967	2016	2013	1995
304998	62	126	14	78	142	30	94	158	46	110	174	2026	2020	2139	2015	2015	1987	2030	2073	2001	2017	2008	2020
304998	62	126	14	78	142	30	94	158	46	110	174	2035	2027	2119	2024	2016	2017	2049	2066	2024	2022	2016	2035
304998	62	126	14	78	142	30	94	158	46	110	174	2023	2023	2118	2031	2018	2007	2029	2058	2020	2021	2022	2036
304998	62	126	14	78	142	30	94	158	46	110	174	2031	2027	2130	2017	2016	1967	2039	2075	1985	2018	2018	2014
304998	62	126	14	78	142	30	94	158	46	110	174	2022	2019	2177	2008	2001	1931	2021	2078	1951	2023	2009	1989
304998	62	126	14	78	142	30	94	158	46	110	174	2025	2027	2173	2002	2009	1926	2027	2085	1942	2018	2015	1980
304998	62	126	14	78	142	30	94	158	46	110	174	2028	2031	2156	2010	2007	1964	2030	2075	1977	2020	2021	2003
304998	62	126	14	78	142	30	94	158	46	110	174	2029	2031	2114	2022	2017	2006	2028	2068	2018	2017	2014	2039
304998	62	126	14	78	142	30	94	158	46	110	174	2039	2030	2094	2027	2021	2015	2043	2068	2033	2020	2011	2048
304998	62	126	14	78	142	30	94	158	46	110	174	2027	2013	2128	2029	2013	1999	2036	2067	2009	2021	2008	2023
304998	62	126	14	78	142	30	94	158	46	110	174	2028	2026	2157	2014	2015	1947	2028	2074	1969	2021	2018	1995
304998	62	126	14	78	142	30	94	158	46	110	174	2025	2030	2188	1999	1998	1929	2027	2079	1954	2020	2018	1984
304998	62	126	14	78	142	30	94	158	46	110	174	2023	2036	2168	1998	2008	1936	2019	2084	1958	2022	2012	1998
304998	62	126	14	78	142	30	94	158	46	110	174	2036	2028	2124	2013	2010	1979	2033	2083	1994	2016	2013	2019
304998	62	126	14	78	142	30	94	158	46	110	174	2024	2012	2109	2028	2017	2016	2032	2065	2024	2016	2015	2033
304998	62	126	14	78	142	30	94	158	46	110	174	2031	2019	2114	2029	2021	2016	2030	2057	2028	2022	2018	2036
304998	62	126	14	78	142	30	94	158	46	110	174	2033	2027	2147	2022	2003	1981	2039	2071	1998	2022	2018	2019
304998	62	126	14	78	142	30	94	158	46	110	174	2026	2036	2166	2006	2009	1927	2025	2087	1954	2016	2012	1993
304998	62	126	14	78	142	30	94	158	46	110	174	2031	2032	2165	1997	2005	1920	2029	2093	1944	2020	2013	1983
304998	62	126	14	78	142	30	94	158	46	110	174	2018	2018	2154	2009	2003	1955	2017	2077	1975	2019	2019	2006
304998	62	126	14	78	142	30	94	158	46	110	174	2028	2023	2124	2016	2016	2007	2029	2075	2015	2020	2022	2034
304998	62	126	14	78	142	30	94	158	46	110	174	2026	2015	2121	2032	2011	2023	2031	2063	2028	2017	2013	2047
304998	62	126	14	78	142	30	94	158	46	110	174	2032	2026	2114	2029	2017	1995	2039	2073	2007	2019	2009	2021
304998	62	126	14	78	142	30	94	158	46	110	174	2032	2025	2144	2013	2009	1955	2038	2075	1975	2020	2018	2000
304998	62	126	14	78	142	30	94	158	46	110	174	2018	2030	2173	2002	2005	1921	2015	2087	1955	2020	2018	1990
304998	62	126	14	78	142	30	94	158	46	110	174	2025	2037	2172	1996	2002	1937	2018	2092	1952	2017	2016	1993
304998	62	126	14	78	142	30	94	158	46	110	174	2020	2027	2150	2014	2003	1983	2028	2077	1991	2017	2012	2016
304998	62	126	14	78	142	30	94	158	46	110	174	2032	2023	2101	2024	2019	2013	2032	2059	2022	2019	2019	2036
304998	62	126	14	78	142	30	94	158	46	110	174	2031	2018	2111	2037	2015	2022	2035	2061	2036	2021	2015	2042
304998	62	126	14	78	142	30	94	158	46	110	174	2018	2020	2140	2023	2015	1979	2025	2070	1995	2020	2014	2020
304998	62	126	14	78	142	30	94	158	46	110	174	2027	2037	2171	2007	2000	1941	2024	2084	1954	2021	2014	1990
304998	62	126	14	78	142	30	94	158	46	110	174	2015	2033	2184	1994	2000	1924	2016	2089	1944	2017	2020	1973
304998	62	126	14	78	142	30	94	158	46	110	174	2029	2032	2145	2001	2004	1950	2020	2086	1975	2020	2021	2005
304998	62	126	14	78	142	30	94	158	46	110	174	2028	2020	2127	2018	2007	1993	2037	2078	2014	2017	2016	2039
304998	62	126	14	78	142	30	94	158	46	110	174	2031	2023	2110	2031	2023	2022	2035	2066	2029	2022	2011	2045
304998	62	126	14	78	142	30	94	158	46	110	174	2025	2028	2122	2034	2015	2013	2041	2064	2014	2018	2014	2026
304998	62	126	14	78	142	30	94	158	46	110	174	2033	2033	2144	2013	2010	1964	2024	2074	1981	2018	2022	2006
304998	62	126	14	78	142	30	94	158	46	110	174	2022	2035	2170	2000	1991	1926	2016	2096	1953	2017	2019	1990
304998	62	126	14	78	142	30	94	158	46	110	174	2019	2036	2169	1996	2003	1928	2018	2088	1949	2018	2015	1984
304998	62	126	14	78	142	30	94	158	46	110	174	2024	2031	2149	2009	1997	1973	2027	2083	1987	2020	2018	2007
304998	62	126	14	78	142	30	94	158	46	110	174	2018	2027	2116	2026	2020	2016	2033	2061	2026	2018	2024	2040
304998	62	126	14	78	142	30	94	158	46	110	174	2034	2029	2093	2033	2020	2018	2043	2064	2033	2018	2018	2050
304998	62	126	14	78	142	30	94	158	46	110	174	2025	2016	2137	2031	2004	1989	2024	2074	1999	2019	2010	2025
304998	62	126	14	78	142	30	94	158	46	110	174	2023	2036	2163	2004	2000	1940	2022	2087	1958	2017	2016	1991
304998	62	126	14	78	142	30	94	158	46	110	174	2013	2035	2190	1997	1989	1928	2011	2086	1949	2021	2026	1984
304998	62	126	14	78	142	30	94	158	46	110	174	2021	2039	2151	1996	2002	1950	2028	2088	1973	2022	2019	2007
304998	62	126	14	78	142	30	94	158	46	110	174	2030	2025	2123	2014	2008	2000	2037	2081	2008	2021	2013	2031
304998	62	126	14	78	142	30	94	158	46	110	174	2022	2020	2105	2033	2021	2021	2031	2062	2028	2017	2013	2043
304998	62	126	14	78	142	30	94	158	46	110	174	2031	2019	2123	2033	2015	2013	2043	2062	2016	2020	2018	2036
304998	62	126	14	78	142	30	94	158	46	110	174	2020	2034	2147	2017	2003	1969	2028	2077	1990	2020	2019	2015
304998	62	126	14	78	142	30	94	158	46	110	174	2030	2037	2156	1993	2007	1932	2020	2096	1953	2023	2020	1992
304998	62	126	14	78	142	30	94	158	46	110	174	2021	2032	2179	1994	1983	1931	2020	2098	1949	2018	2017	1978
304998	62	126	14	78	142	30	94	158	46	110	174	2018	2033	2151	2007	2001	1966	2024	2083	1980	2020	2021	2001
304998	62	126	14	78	142	30	94	158	46	110	174	2025	2029	2121	2029	2010	2011	2038	2068	2023	2022	2022	2044
304998	62	126	14	78	142	30	94	158	46	110	174	2025	2019	2107	2034	2021	2023	2033	2063	2033	2022	2013	2044
304998	62	126	14	78	142	30	94	158	46	110	174	2037	2021	2120	2028	2012	1996	2041	2073	2006	2021	2013	2017
304998	62	126	14	78	142	30	94	158	46	110	174	2027	2029	2163	2008	2001	1948	2033	2083	1968	2021	2023	1992
304998	62	126	14	78	142	30	94	158	46	110	174	2022	2043	2179	1992	1990	1926	2014	2089	1949	2020	2023	1989
304998	62	126	14	78	142	30	94	158	46	110	174	2020	2042	2161	1995	1993	1935	2017	2089	1966	2021	2015	1997
304998	62	126	14	78	142	30	94	158	46	110	174	2030	2025	2124	2012	2013	1987	2022	2077	1999	2017	2015	2017
304998	62	126	14	78	142	30	94	158	46	110	174	2033	2017	2106	2037	2012	2027	2034	2062	2025	2021	2018	2040
304998	62	126	14	78	142	30	94	158	46	110	174	2026	2022	2114	2031	2015	2016	2029	2058	2024	2022	2020	2048
304998	62	126	14	78	142	30	94	158	46	110	174	2023	2028	2146	2024	2001	1980	2031	2072	1994	2017	2015	2016
304998	62	126	14	78	142	30	94	158	46	110	174	2027	2039	2156	1995	1999	1924	2034	2096	1952	2022	2015	1989
304998	62	126	14	78	142	30	94	158	46	110	174	2023	2036	2166	1990	1988	1924	2033	2098	1945	2020	2026	1981
304998	62	126	14	78	142	30	94	158	46	110	174	2018	2034	2146	2000	2005	1960	2018	2077	1976	2019	2023	2010
304998	62	126	14	78	142	30	94	158	46	110	174	2027	2023	2123	2019	2009	2011	2026	2063	2023	2020	2018	2041
304998	62	126	14	78	142	30	94	158	46	110	174	2031	2021	2106	2041	2019	2024	2029	2058	2028	2018	2011	2044
304998	62	126	14	78	142	30	94	158	46	110	174	2037	2029	2110	2029	2019	1995	2040	2069	2008	2017	2025	2025
304998	62	126	14	78	142	30	94	158	46	110	174	2019	2024	2155	2017	1995	1954	2020	2078	1974	2022	2020	2005
304998	62	126	14	78	142	30	94	158	46	110	174	2023	2042	2174	1989	1992	1931	2018	2097	1955	2022	2016	1985
304998	62	126	14	78	142	30	94	158	46	110	174	2018	2040	2180	1994	1985	1939	2018	2089	1959	2017	2017	1987
304998	62	126	14	78	142	30	94	158	46	110	174	2031	2033	2123	2012	2011	1975	2040	2078	1995	2016	2021	2007
304998	62	126	14	78	142	30	94	158	46	110	174	2031	2017	2108	2037	2015	2018	2030	2057	2026	2021	2020	2046
304998	62	126	14	78	142	30	94	158	46	110	174	2025	2018	2108	2038	2024	2020	2028	2053	2035	2021	2013	2049
304998	62	126	14	78	142	30	94	158	46	110	174	2029	2026	2144	2023	2002	1990	2034	2078	1994	2020	2009	2016
304998	62	126	14	78	142	30	94	158	46	110	174	2028	2040	2164	1996	1997	1930	2020	2093	1952	2020	2018	1987
304998	62	126	14	78	142	30	94	158	46	110	174	2026	2042	2163	1984	1990	1922	2021	2101	1942	2017	2025	1986
304998	62	126	14	78	142	30	94	158	46	110	174	2023	2029	2150	1999	1994	1949	2017	2084	1974	2018	2019	2009
304998	62	126	14	78	142	30	94	158	46	110	174	2030	2025	2123	2017	2010	2011	2030	2073	2012	2018	2015	2032
304998	62	126	14	78	142	30	94	158	46	110	174	2032	2024	2102	2042	2020	2027	2042	2058	2028	2017	2014	2037
304998	62	126	14	78	142	30	94	158	46	110	174	2039	2026	2114	2039	2015	2001	2036	2061	2009	2020	2016	2033
304998	62	126	14	78	142	30	94	158	46	110	174	2030	2028	2141	2015	2000	1955	2025	2074	1979	2016	2020	2009
304998	62	126	14	78	142	30	94	158	46	110	174	2020	2035	2176	1989	1994	1924	2010	2094	1949	2020	2020	1984
304998	62	126	14	78	142	30	94	158	46	110	174	2021	2041	2169	1985	1988	1939	2018	2097	1953	2022	2017	1985
304998	62	126	14	78	142	30	94	158	46	110	174	2023	2032	2139	2006	2006	1976	2023	2078	1986	2020	2024	2013
304998	62	126	14	78	142	30	94	158	46	110	174	2036	2021	2097	2029	2022	2017	2039	2056	2027	2019	2019	2044
304998	62	126	14	78	142	30	94	158	46	110	174	2035	2018	2100	2051	2018	2018	2043	2058	2034	2016	2011	2044
304998	62	126	14	78	142	30	94	158	46	110	174	2023	2026	2136	2026	2013	1984	2028	2070	1998	2022	2010	2020
304998	62	126	14	78	142	30	94	158	46	110	174	2024	2040	2166	2003	1988	1944	2017	2086	1957	2022	2024	1988
304998	62	126	14	78	142	30	94	158	46	110	174	2020	2048	2174	1983	1989	1922	2010	2092	1946	2021	2023	1987
304998	62	126	14	78	142	30	94	158	46	110	174	2026	2032	2150	1995	1996	1950	2016	2094	1975	2017	2018	2001
304998	62	126	14	78	142	30	94	158	46	110	174	2025	2021	2118	2019	2013	1994	2020	2072	2007	2019	2014	2018
