304998	62	126	14	78	142	30	94	158	46	110	174	2022	2035	2170	2000	1991	1926	2016	2096	1953	2017	2019	1990
304998	62	126	14	78	142	30	94	158	46	110	174	2019	2036	2169	1996	2003	1928	2018	2088	1949	2018	2015	1984
304998	62	126	14	78	142	30	94	158	46	110	174	2024	2031	2149	2009	1997	1973	2027	2083	1987	2020	2018	2007
304998	62	126	14	78	142	30	94	158	46	110	174	2018	2027	2116	2026	2020	2016	2033	2061	2026	2018	2024	2040
304998	62	126	14	78	142	30	94	158	46	110	174	2034	2029	2093	2033	2020	2018	2043	2064	2033	2018	2018	2050
304998	62	126	14	78	142	30	94	158	46	110	174	2025	2016	2137	2031	2004	1989	2024	2074	1999	2019	2010	2025
304998	62	126	14	78	142	30	94	158	46	110	174	2023	2036	2163	2004	2000	1940	2022	2087	1958	2017	2016	1991
304998	62	126	14	78	142	30	94	158	46	110	174	2013	2035	2190	1997	1989	1928	2011	2086	1949	2021	2026	1984
304998	62	126	14	78	142	30	94	158	46	110	174	2021	2039	2151	1996	2002	1950	2028	2088	1973	2022	2019	2007
304998	62	126	14	78	142	30	94	158	46	110	174	2030	2025	2123	2014	2008	2000	2037	2081	2008	2021	2013	2031
304998	62	126	14	78	142	30	94	158	46	110	174	2022	2020	2105	2033	2021	2021	2031	2062	2028	2017	2013	2043
304998	62	126	14	78	142	30	94	158	46	110	174	2031	2019	2123	2033	2015	2013	2043	2062	2016	2020	2018	2036
304998	62	126	14	78	142	30	94	158	46	110	174	2020	2034	2147	2017	2003	1969	2028	2077	1990	2020	2019	2015
304998	62	126	14	78	142	30	94	158	46	110	174	2030	2037	2156	1993	2007	1932	2020	2096	1953	2023	2020	1992
304998	62	126	14	78	142	30	94	158	46	110	174	2021	2032	2179	1994	1983	1931	2020	2098	1949	2018	2017	1978
304998	62	126	14	78	142	30	94	158	46	110	174	2018	2033	2151	2007	2001	1966	2024	2083	1980	2020	2021	2001
304998	62	126	14	78	142	30	94	158	46	110	174	2025	2029	2121	2029	2010	2011	2038	2068	2023	2022	2022	2044
304998	62	126	14	78	142	30	94	158	46	110	174	2025	2019	2107	2034	2021	2023	2033	2063	2033	2022	2013	2044
304998	62	126	14	78	142	30	94	158	46	110	174	2037	2021	2120	2028	2012	1996	2041	2073	2006	2021	2013	2017
304998	62	126	14	78	142	30	94	158	46	110	174	2027	2029	2163	2008	2001	1948	2033	2083	1968	2021	2023	1992
304998	62	126	14	78	142	30	94	158	46	110	174	2022	2043	2179	1992	1990	1926	2014	2089	1949	2020	2023	1989
304998	62	126	14	78	142	30	94	158	46	110	174	2020	2042	2161	1995	1993	1935	2017	2089	1966	2021	2015	1997
304998	62	126	14	78	142	30	94	158	46	110	174	2030	2025	2124	2012	2013	1987	2022	2077	1999	2017	2015	2017
304998	62	126	14	78	142	30	94	158	46	110	174	2033	2017	2106	2037	2012	2027	2034	2062	2025	2021	2018	2040
304998	62	126	14	78	142	30	94	158	46	110	174	2026	2022	2114	2031	2015	2016	2029	2058	2024	2022	2020	2048
304998	62	126	14	78	142	30	94	158	46	110	174	2023	2028	2146	2024	2001	1980	2031	2072	1994	2017	2015	2016
304998	62	126	14	78	142	30	94	158	46	110	174	2027	2039	2156	1995	1999	1924	2034	2096	1952	2022	2015	1989
304998	62	126	14	78	142	30	94	158	46	110	174	2023	2036	2166	1990	1988	1924	2033	2098	1945	2020	2026	1981
304998	62	126	14	78	142	30	94	158	46	110	174	2018	2034	2146	2000	2005	1960	2018	2077	1976	2019	2023	2010
304998	62	126	14	78	142	30	94	158	46	110	174	2027	2023	2123	2019	2009	2011	2026	2063	2023	2020	2018	2041
304998	62	126	14	78	142	30	94	158	46	110	174	2031	2021	2106	2041	2019	2024	2029	2058	2028	2018	2011	2044
304998	62	126	14	78	142	30	94	158	46	110	174	2037	2029	2110	2029	2019	1995	2040	2069	2008	2017	2025	2025
304998	62	126	14	78	142	30	94	158	46	110	174	2019	2024	2155	2017	1995	1954	2020	2078	1974	2022	2020	2005
304998	62	126	14	78	142	30	94	158	46	110	174	2023	2042	2174	1989	1992	1931	2018	2097	1955	2022	2016	1985
304998	62	126	14	78	142	30	94	158	46	110	174	2018	2040	2180	1994	1985	1939	2018	2089	1959	2017	2017	1987
304998	62	126	14	78	142	30	94	158	46	110	174	2031	2033	2123	2012	2011	1975	2040	2078	1995	2016	2021	2007
304998	62	126	14	78	142	30	94	158	46	110	174	2031	2017	2108	2037	2015	2018	2030	2057	2026	2021	2020	2046
304998	62	126	14	78	142	30	94	158	46	110	174	2025	2018	2108	2038	2024	2020	2028	2053	2035	2021	2013	2049
304998	62	126	14	78	142	30	94	158	46	110	174	2029	2026	2144	2023	2002	1990	2034	2078	1994	2020	2009	2016
304998	62	126	14	78	142	30	94	158	46	110	174	2028	2040	2164	1996	1997	1930	2020	2093	1952	2020	2018	1987
304998	62	126	14	78	142	30	94	158	46	110	174	2026	2042	2163	1984	1990	1922	2021	2101	1942	2017	2025	1986
304998	62	126	14	78	142	30	94	158	46	110	174	2023	2029	2150	1999	1994	1949	2017	2084	1974	2018	2019	2009
304998	62	126	14	78	142	30	94	158	46	110	174	2030	2025	2123	2017	2010	2011	2030	2073	2012	2018	2015	2032
304998	62	126	14	78	142	30	94	158	46	110	174	2032	2024	2102	2042	2020	2027	2042	2058	2028	2017	2014	2037
304998	62	126	14	78	142	30	94	158	46	110	174	2039	2026	2114	2039	2015	2001	2036	2061	2009	2020	2016	2033
304998	62	126	14	78	142	30	94	158	46	110	174	2030	2028	2141	2015	2000	1955	2025	2074	1979	2016	2020	2009
304998	62	126	14	78	142	30	94	158	46	110	174	2020	2035	2176	1989	1994	1924	2010	2094	1949	2020	2020	1984
304998	62	126	14	78	142	30	94	158	46	110	174	2021	2041	2169	1985	1988	1939	2018	2097	1953	2022	2017	1985
304998	62	126	14	78	142	30	94	158	46	110	174	2023	2032	2139	2006	2006	1976	2023	2078	1986	2020	2024	2013
304998	62	126	14	78	142	30	94	158	46	110	174	2036	2021	2097	2029	2022	2017	2039	2056	2027	2019	2019	2044
304998	62	126	14	78	142	30	94	158	46	110	174	2035	2018	2100	2051	2018	2018	2043	2058	2034	2016	2011	2044
304998	62	126	14	78	142	30	94	158	46	110	174	2023	2026	2136	2026	2013	1984	2028	2070	1998	2022	2010	2020
304998	62	126	14	78	142	30	94	158	46	110	174	2024	2040	2166	2003	1988	1944	2017	2086	1957	2022	2024	1988
304998	62	126	14	78	142	30	94	158	46	110	174	2020	2048	2174	1983	1989	1922	2010	2092	1946	2021	2023	1987
304998	62	126	14	78	142	30	94	158	46	110	174	2026	2032	2150	1995	1996	1950	2016	2094	1975	2017	2018	2001
304998	62	126	14	78	142	30	94	158	46	110	174	2025	2021	2118	2019	2013	1994	2020	2072	2007	2019	2014	2018
304998	62	126	14	78	142	30	94	158	46	110	174	2035	2018	2105	2041	2021	2026	2041	2058	2033	2020	2013	2039
304998	62	126	14	78	142	30	94	158	46	110	174	2029	2020	2115	2045	2017	2013	2033	2056	2017	2018	2015	2043
304998	62	126	14	78	142	30	94	158	46	110	174	2032	2035	2134	2018	2003	1958	2025	2074	1986	2021	2019	2014
304998	62	126	14	78	142	30	94	158	46	110	174	2018	2031	2167	1993	1981	1927	2009	2093	1953	2017	2019	1983
304998	62	126	14	78	142	30	94	158	46	110	174	2019	2034	2171	1984	1997	1926	2016	2094	1951	2016	2019	1981
304998	62	126	14	78	142	30	94	158	46	110	174	2024	2028	2148	2005	1995	1975	2021	2079	1983	2019	2022	2013
304998	62	126	14	78	142	30	94	158	46	110	174	2035	2024	2106	2032	2023	2012	2036	2058	2022	2019	2018	2044
304998	62	126	14	78	142	30	94	158	46	110	174	2037	2018	2096	2047	2016	2019	2034	2054	2037	2016	2010	2045
304998	62	126	14	78	142	30	94	158	46	110	174	2034	2021	2121	2040	2012	1990	2028	2066	2003	2017	2012	2020
304998	62	126	14	78	142	30	94	158	46	110	174	2026	2027	2169	2005	1996	1946	2026	2080	1963	2020	2021	1993
304998	62	126	14	78	142	30	94	158	46	110	174	2019	2043	2174	1987	1989	1929	2014	2093	1944	2020	2027	1978
304998	62	126	14	78	142	30	94	158	46	110	174	2021	2038	2155	1993	1993	1941	2012	2091	1969	2020	2022	1993
304998	62	126	14	78	142	30	94	158	46	110	174	2028	2027	2115	2020	2008	1987	2022	2069	2002	2017	2012	2024
304998	62	126	14	78	142	30	94	158	46	110	174	2037	2013	2104	2042	2028	2016	2046	2055	2027	2021	2013	2037
304998	62	126	14	78	142	30	94	158	46	110	174	2035	2014	2114	2043	2024	2015	2037	2049	2023	2022	2017	2040
304998	62	126	14	78	142	30	94	158	46	110	174	2032	2031	2142	2021	2005	1974	2028	2069	1991	2022	2019	2017
304998	62	126	14	78	142	30	94	158	46	110	174	2026	2037	2168	1994	1990	1931	2011	2091	1952	2021	2020	1985
304998	62	126	14	78	142	30	94	158	46	110	174	2029	2039	2167	1987	1987	1923	2022	2099	1950	2016	2020	1981
304998	62	126	14	78	142	30	94	158	46	110	174	2028	2026	2148	2004	2005	1959	2017	2075	1971	2018	2020	2000
304998	62	126	14	78	142	30	94	158	46	110	174	2034	2020	2117	2031	2021	2008	2029	2055	2025	2022	2021	2037
304998	62	126	14	78	142	30	94	158	46	110	174	2035	2021	2103	2047	2024	2029	2030	2048	2037	2022	2014	2054
304998	62	126	14	78	142	30	94	158	46	110	174	2035	2022	2117	2041	2017	1994	2033	2059	2009	2019	2013	2028
304998	62	126	14	78	142	30	94	158	46	110	174	2028	2031	2156	2014	1997	1942	2022	2080	1968	2020	2023	1993
304998	62	126	14	78	142	30	94	158	46	110	174	2023	2036	2178	1983	1996	1920	2012	2092	1945	2023	2029	1974
304998	62	126	14	78	142	30	94	158	46	110	174	2020	2037	2167	1987	1986	1944	2006	2090	1968	2018	2026	1998
304998	62	126	14	78	142	30	94	158	46	110	174	2023	2028	2130	2012	2008	1986	2017	2073	1997	2020	2016	2023
304998	62	126	14	78	142	30	94	158	46	110	174	2039	2021	2096	2041	2029	2019	2037	2056	2025	2020	2008	2038
304998	62	126	14	78	142	30	94	158	46	110	174	2037	2009	2109	2054	2028	2012	2038	2050	2020	2019	2012	2036
304998	62	126	14	78	142	30	94	158	46	110	174	2034	2021	2140	2031	2016	1976	2028	2063	1993	2016	2021	2015
304998	62	126	14	78	142	30	94	158	46	110	174	2021	2033	2174	2002	1990	1940	2012	2089	1958	2017	2024	1991
304998	62	126	14	78	142	30	94	158	46	110	174	2020	2041	2175	1981	1984	1922	2010	2099	1948	2020	2019	1986
304998	62	126	14	78	142	30	94	158	46	110	174	2024	2034	2147	1999	1999	1959	2017	2084	1971	2017	2016	1993
304998	62	126	14	78	142	30	94	158	46	110	174	2032	2016	2110	2027	2020	1993	2028	2057	2013	2020	2015	2030
304998	62	126	14	78	142	30	94	158	46	110	174	2036	2010	2103	2053	2028	2026	2046	2045	2039	2022	2015	2048
304998	62	126	14	78	142	30	94	158	46	110	174	2032	2018	2124	2047	2019	2001	2031	2058	2015	2021	2013	2037
304998	62	126	14	78	142	30	94	158	46	110	174	2028	2033	2149	2016	2001	1952	2020	2074	1973	2020	2014	2001
304998	62	126	14	78	142	30	94	158	46	110	174	2020	2038	2171	1987	1991	1917	2007	2095	1943	2017	2021	1975
304998	62	126	14	78	142	30	94	158	46	110	174	2019	2035	2166	1985	1991	1932	2006	2091	1958	2016	2028	1982
304998	62	126	14	78	142	30	94	158	46	110	174	2024	2027	2142	2009	2009	1978	2023	2074	1994	2019	2021	2021
304998	62	126	14	78	142	30	94	158	46	110	174	2038	2020	2109	2041	2023	2022	2037	2052	2023	2022	2011	2050
304998	62	126	14	78	142	30	94	158	46	110	174	2033	2014	2098	2059	2023	2016	2039	2043	2028	2021	2006	2043
304998	62	126	14	78	142	30	94	158	46	110	174	2033	2019	2125	2033	2017	1977	2034	2057	1992	2017	2013	2013
304998	62	126	14	78	142	30	94	158	46	110	174	2024	2028	2168	2002	1997	1936	2009	2082	1966	2022	2028	1987
304998	62	126	14	78	142	30	94	158	46	110	174	2021	2042	2184	1978	1988	1925	2012	2101	1948	2021	2029	1987
304998	62	126	14	78	142	30	94	158	46	110	174	2021	2033	2154	1995	1994	1954	2011	2089	1970	2021	2019	2002
304998	62	126	14	78	142	30	94	158	46	110	174	2026	2024	2117	2029	2016	1991	2022	2060	2007	2017	2015	2029
304998	62	126	14	78	142	30	94	158	46	110	174	2040	2014	2096	2051	2032	2018	2037	2042	2030	2017	2011	2036
304998	62	126	14	78	142	30	94	158	46	110	174	2038	2013	2113	2050	2025	2001	2029	2049	2024	2020	2016	2032
304998	62	126	14	78	142	30	94	158	46	110	174	2025	2023	2150	2017	2007	1959	2023	2077	1981	2020	2020	2013
304998	62	126	14	78	142	30	94	158	46	110	174	2017	2039	2179	1986	1986	1924	2005	2097	1947	2017	2023	1986
304998	62	126	14	78	142	30	94	158	46	110	174	2016	2042	2164	1981	1993	1926	2007	2093	1949	2017	2018	1982
304998	62	126	14	78	142	30	94	158	46	110	174	2026	2031	2131	2005	2005	1966	2014	2070	1991	2017	2019	2005
304998	62	126	14	78	142	30	94	158	46	110	174	2032	2010	2104	2039	2027	2011	2028	2052	2028	2021	2019	2040
304998	62	126	14	78	142	30	94	158	46	110	174	2038	2008	2102	2057	2034	2023	2036	2046	2026	2018	2012	2050
304998	62	126	14	78	142	30	94	158	46	110	174	2035	2023	2131	2040	2012	1985	2036	2056	2001	2020	2013	2024
304998	62	126	14	78	142	30	94	158	46	110	174	2020	2042	2156	2003	1995	1937	2017	2083	1957	2022	2016	1994
304998	62	126	14	78	142	30	94	158	46	110	174	2016	2039	2167	1979	1986	1917	2001	2099	1953	2022	2028	1972
304998	62	126	14	78	142	30	94	158	46	110	174	2018	2031	2161	1987	1992	1950	2003	2091	1970	2018	2028	1999
304998	62	126	14	78	142	30	94	158	46	110	174	2031	2023	2128	2020	2016	1991	2027	2067	2006	2022	2017	2028
304998	62	126	14	78	142	30	94	158	46	110	174	2035	2014	2109	2053	2028	2018	2034	2044	2030	2020	2008	2048
304998	62	126	14	78	142	30	94	158	46	110	174	2040	2021	2106	2059	2025	2003	2042	2045	2016	2018	2010	2040
304998	62	126	14	78	142	30	94	158	46	110	174	2031	2026	2133	2022	2011	1966	2021	2070	1990	2020	2016	2003
304998	62	126	14	78	142	30	94	158	46	110	174	2019	2035	2171	1982	1993	1929	2004	2098	1952	2021	2033	1981
304998	62	126	14	78	142	30	94	158	46	110	174	2015	2041	2177	1968	1987	1931	2005	2101	1950	2022	2029	1988
304998	62	126	14	78	142	30	94	158	46	110	174	2017	2034	2147	1998	2001	1965	2013	2078	1980	2018	2018	2014
304998	62	126	14	78	142	30	94	158	46	110	174	2035	2020	2102	2039	2024	2002	2028	2049	2016	2016	2012	2040
304998	62	126	14	78	142	30	94	158	46	110	174	2038	2009	2094	2063	2039	2009	2037	2035	2032	2019	2008	2039
304998	62	126	14	78	142	30	94	158	46	110	174	2032	2012	2125	2044	2025	1994	2030	2056	2005	2022	2020	2021
304998	62	126	14	78	142	30	94	158	46	110	174	2023	2034	2162	2004	2000	1952	2018	2085	1967	2023	2028	1999
304998	62	126	14	78	142	30	94	158	46	110	174	2014	2043	2183	1971	1981	1925	2002	2103	1946	2020	2026	1978
304998	62	126	14	78	142	30	94	158	46	110	174	2019	2047	2157	1979	1989	1940	2007	2093	1964	2017	2020	1993
304998	62	126	14	78	142	30	94	158	46	110	174	2027	2023	2120	2018	2013	1986	2022	2067	2009	2022	2016	2014
304998	62	126	14	78	142	30	94	158	46	110	174	2034	2004	2100	2053	2034	2015	2031	2046	2027	2022	2018	2044
304998	62	126	14	78	142	30	94	158	46	110	174	2039	2011	2112	2061	2032	2005	2042	2047	2020	2017	2016	2043
304998	62	126	14	78	142	30	94	158	46	110	174	2027	2023	2146	2026	2006	1970	2024	2066	1986	2019	2015	2015
304998	62	126	14	78	142	30	94	158	46	110	174	2019	2046	2166	1988	1989	1931	2009	2089	1953	2017	2021	1984
304998	62	126	14	78	142	30	94	158	46	110	174	2013	2040	2170	1969	1982	1930	2000	2107	1956	2020	2023	1976
304998	62	126	14	78	142	30	94	158	46	110	174	2022	2031	2140	1991	1995	1963	2010	2091	1977	2020	2026	1997
304998	62	126	14	78	142	30	94	158	46	110	174	2034	2009	2115	2036	2021	2001	2034	2054	2011	2020	2020	2039
304998	62	126	14	78	142	30	94	158	46	110	174	2033	2005	2107	2064	2032	2014	2042	2036	2022	2017	2011	2055
304998	62	126	14	78	142	30	94	158	46	110	174	2036	2018	2116	2051	2018	1991	2037	2046	2006	2020	2011	2027
304998	62	126	14	78	142	30	94	158	46	110	174	2030	2035	2150	2010	2001	1952	2020	2086	1978	2021	2022	1994
304998	62	126	14	78	142	30	94	158	46	110	174	2019	2043	2171	1971	1987	1929	2011	2108	1950	2019	2028	1978
304998	62	126	14	78	142	30	94	158	46	110	174	2018	2039	2171	1974	1983	1943	2002	2104	1960	2016	2030	1992
304998	62	126	14	78	142	30	94	158	46	110	174	2022	2028	2141	2012	2008	1986	2022	2070	1991	2019	2020	2025
304998	62	126	14	78	142	30	94	158	46	110	174	2036	2014	2099	2053	2033	2005	2037	2040	2026	2021	2011	2047
304998	62	126	14	78	142	30	94	158	46	110	174	2042	2008	2097	2065	2034	2005	2039	2038	2028	2019	2011	2039
304998	62	126	14	78	142	30	94	158	46	110	174	2033	2023	2127	2037	2016	1978	2030	2065	1996	2021	2019	2015
304998	62	126	14	78	142	30	94	158	46	110	174	2019	2033	2173	1986	1989	1939	2007	2094	1955	2017	2029	1985
304998	62	126	14	78	142	30	94	158	46	110	174	2011	2046	2185	1964	1979	1933	2008	2108	1951	2017	2027	1984
304998	62	126	14	78	142	30	94	158	46	110	174	2019	2043	2151	1984	1992	1954	2009	2087	1979	2022	2019	2005
304998	62	126	14	78	142	30	94	158	46	110	174	2029	2016	2109	2030	2021	1998	2028	2058	2012	2018	2012	2026
304998	62	126	14	78	142	30	94	158	46	110	174	2043	2006	2097	2064	2035	2010	2041	2042	2028	2019	2013	2045
304998	62	126	14	78	142	30	94	158	46	110	174	2037	2013	2117	2058	2033	1997	2043	2052	2005	2023	2016	2038
304998	62	126	14	78	142	30	94	158	46	110	174	2027	2031	2154	2015	1998	1966	2023	2080	1974	2021	2022	2009
304998	62	126	14	78	142	30	94	158	46	110	174	2018	2051	2177	1969	1982	1935	2005	2104	1956	2016	2025	1983
304998	62	126	14	78	142	30	94	158	46	110	174	2016	2048	2165	1968	1983	1942	2006	2110	1967	2022	2022	1981
304998	62	126	14	78	142	30	94	158	46	110	174	2027	2027	2128	2006	2005	1975	2020	2076	1991	2022	2020	2010
304998	62	126	14	78	142	30	94	158	46	110	174	2036	2007	2103	2050	2032	2004	2040	2040	2020	2021	2013	2047
304998	62	126	14	78	142	30	94	158	46	110	174	2039	2003	2109	2066	2034	2008	2041	2038	2017	2018	2013	2050
304998	62	126	14	78	142	30	94	158	46	110	174	2033	2021	2131	2041	2017	1979	2038	2056	2006	2018	2010	2024
304998	62	126	14	78	142	30	94	158	46	110	174	2023	2040	2157	1991	1992	1946	2007	2100	1968	2021	2019	1984
304998	62	126	14	78	142	30	94	158	46	110	174	2015	2048	2172	1965	1976	1929	2008	2112	1951	2020	2029	1967
304998	62	126	14	78	142	30	94	158	46	110	174	2015	2037	2155	1979	1996	1952	2009	2097	1969	2017	2027	1999
