304998	62	126	14	78	142	30	94	158	46	110	174	2020	2037	2167	1987	1986	1944	2006	2090	1968	2018	2026	1998
304998	62	126	14	78	142	30	94	158	46	110	174	2023	2028	2130	2012	2008	1986	2017	2073	1997	2020	2016	2023
304998	62	126	14	78	142	30	94	158	46	110	174	2039	2021	2096	2041	2029	2019	2037	2056	2025	2020	2008	2038
304998	62	126	14	78	142	30	94	158	46	110	174	2037	2009	2109	2054	2028	2012	2038	2050	2020	2019	2012	2036
304998	62	126	14	78	142	30	94	158	46	110	174	2034	2021	2140	2031	2016	1976	2028	2063	1993	2016	2021	2015
304998	62	126	14	78	142	30	94	158	46	110	174	2021	2033	2174	2002	1990	1940	2012	2089	1958	2017	2024	1991
304998	62	126	14	78	142	30	94	158	46	110	174	2020	2041	2175	1981	1984	1922	2010	2099	1948	2020	2019	1986
304998	62	126	14	78	142	30	94	158	46	110	174	2024	2034	2147	1999	1999	1959	2017	2084	1971	2017	2016	1993
304998	62	126	14	78	142	30	94	158	46	110	174	2032	2016	2110	2027	2020	1993	2028	2057	2013	2020	2015	2030
304998	62	126	14	78	142	30	94	158	46	110	174	2036	2010	2103	2053	2028	2026	2046	2045	2039	2022	2015	2048
304998	62	126	14	78	142	30	94	158	46	110	174	2032	2018	2124	2047	2019	2001	2031	2058	2015	2021	2013	2037
304998	62	126	14	78	142	30	94	158	46	110	174	2028	2033	2149	2016	2001	1952	2020	2074	1973	2020	2014	2001
304998	62	126	14	78	142	30	94	158	46	110	174	2020	2038	2171	1987	1991	1917	2007	2095	1943	2017	2021	1975
304998	62	126	14	78	142	30	94	158	46	110	174	2019	2035	2166	1985	1991	1932	2006	2091	1958	2016	2028	1982
304998	62	126	14	78	142	30	94	158	46	110	174	2024	2027	2142	2009	2009	1978	2023	2074	1994	2019	2021	2021
304998	62	126	14	78	142	30	94	158	46	110	174	2038	2020	2109	2041	2023	2022	2037	2052	2023	2022	2011	2050
304998	62	126	14	78	142	30	94	158	46	110	174	2033	2014	2098	2059	2023	2016	2039	2043	2028	2021	2006	2043
304998	62	126	14	78	142	30	94	158	46	110	174	2033	2019	2125	2033	2017	1977	2034	2057	1992	2017	2013	2013
304998	62	126	14	78	142	30	94	158	46	110	174	2024	2028	2168	2002	1997	1936	2009	2082	1966	2022	2028	1987
304998	62	126	14	78	142	30	94	158	46	110	174	2021	2042	2184	1978	1988	1925	2012	2101	1948	2021	2029	1987
304998	62	126	14	78	142	30	94	158	46	110	174	2021	2033	2154	1995	1994	1954	2011	2089	1970	2021	2019	2002
304998	62	126	14	78	142	30	94	158	46	110	174	2026	2024	2117	2029	2016	1991	2022	2060	2007	2017	2015	2029
304998	62	126	14	78	142	30	94	158	46	110	174	2040	2014	2096	2051	2032	2018	2037	2042	2030	2017	2011	2036
304998	62	126	14	78	142	30	94	158	46	110	174	2038	2013	2113	2050	2025	2001	2029	2049	2024	2020	2016	2032
304998	62	126	14	78	142	30	94	158	46	110	174	2025	2023	2150	2017	2007	1959	2023	2077	1981	2020	2020	2013
304998	62	126	14	78	142	30	94	158	46	110	174	2017	2039	2179	1986	1986	1924	2005	2097	1947	2017	2023	1986
304998	62	126	14	78	142	30	94	158	46	110	174	2016	2042	2164	1981	1993	1926	2007	2093	1949	2017	2018	1982
304998	62	126	14	78	142	30	94	158	46	110	174	2026	2031	2131	2005	2005	1966	2014	2070	1991	2017	2019	2005
304998	62	126	14	78	142	30	94	158	46	110	174	2032	2010	2104	2039	2027	2011	2028	2052	2028	2021	2019	2040
304998	62	126	14	78	142	30	94	158	46	110	174	2038	2008	2102	2057	2034	2023	2036	2046	2026	2018	2012	2050
304998	62	126	14	78	142	30	94	158	46	110	174	2035	2023	2131	2040	2012	1985	2036	2056	2001	2020	2013	2024
304998	62	126	14	78	142	30	94	158	46	110	174	2020	2042	2156	2003	1995	1937	2017	2083	1957	2022	2016	1994
304998	62	126	14	78	142	30	94	158	46	110	174	2016	2039	2167	1979	1986	1917	2001	2099	1953	2022	2028	1972
304998	62	126	14	78	142	30	94	158	46	110	174	2018	2031	2161	1987	1992	1950	2003	2091	1970	2018	2028	1999
304998	62	126	14	78	142	30	94	158	46	110	174	2031	2023	2128	2020	2016	1991	2027	2067	2006	2022	2017	2028
304998	62	126	14	78	142	30	94	158	46	110	174	2035	2014	2109	2053	2028	2018	2034	2044	2030	2020	2008	2048
304998	62	126	14	78	142	30	94	158	46	110	174	2040	2021	2106	2059	2025	2003	2042	2045	2016	2018	2010	2040
304998	62	126	14	78	142	30	94	158	46	110	174	2031	2026	2133	2022	2011	1966	2021	2070	1990	2020	2016	2003
304998	62	126	14	78	142	30	94	158	46	110	174	2019	2035	2171	1982	1993	1929	2004	2098	1952	2021	2033	1981
304998	62	126	14	78	142	30	94	158	46	110	174	2015	2041	2177	1968	1987	1931	2005	2101	1950	2022	2029	1988
304998	62	126	14	78	142	30	94	158	46	110	174	2017	2034	2147	1998	2001	1965	2013	2078	1980	2018	2018	2014
304998	62	126	14	78	142	30	94	158	46	110	174	2035	2020	2102	2039	2024	2002	2028	2049	2016	2016	2012	2040
304998	62	126	14	78	142	30	94	158	46	110	174	2038	2009	2094	2063	2039	2009	2037	2035	2032	2019	2008	2039
304998	62	126	14	78	142	30	94	158	46	110	174	2032	2012	2125	2044	2025	1994	2030	2056	2005	2022	2020	2021
304998	62	126	14	78	142	30	94	158	46	110	174	2023	2034	2162	2004	2000	1952	2018	2085	1967	2023	2028	1999
304998	62	126	14	78	142	30	94	158	46	110	174	2014	2043	2183	1971	1981	1925	2002	2103	1946	2020	2026	1978
304998	62	126	14	78	142	30	94	158	46	110	174	2019	2047	2157	1979	1989	1940	2007	2093	1964	2017	2020	1993
304998	62	126	14	78	142	30	94	158	46	110	174	2027	2023	2120	2018	2013	1986	2022	2067	2009	2022	2016	2014
304998	62	126	14	78	142	30	94	158	46	110	174	2034	2004	2100	2053	2034	2015	2031	2046	2027	2022	2018	2044
304998	62	126	14	78	142	30	94	158	46	110	174	2039	2011	2112	2061	2032	2005	2042	2047	2020	2017	2016	2043
304998	62	126	14	78	142	30	94	158	46	110	174	2027	2023	2146	2026	2006	1970	2024	2066	1986	2019	2015	2015
304998	62	126	14	78	142	30	94	158	46	110	174	2019	2046	2166	1988	1989	1931	2009	2089	1953	2017	2021	1984
304998	62	126	14	78	142	30	94	158	46	110	174	2013	2040	2170	1969	1982	1930	2000	2107	1956	2020	2023	1976
304998	62	126	14	78	142	30	94	158	46	110	174	2022	2031	2140	1991	1995	1963	2010	2091	1977	2020	2026	1997
304998	62	126	14	78	142	30	94	158	46	110	174	2034	2009	2115	2036	2021	2001	2034	2054	2011	2020	2020	2039
304998	62	126	14	78	142	30	94	158	46	110	174	2033	2005	2107	2064	2032	2014	2042	2036	2022	2017	2011	2055
304998	62	126	14	78	142	30	94	158	46	110	174	2036	2018	2116	2051	2018	1991	2037	2046	2006	2020	2011	2027
304998	62	126	14	78	142	30	94	158	46	110	174	2030	2035	2150	2010	2001	1952	2020	2086	1978	2021	2022	1994
304998	62	126	14	78	142	30	94	158	46	110	174	2019	2043	2171	1971	1987	1929	2011	2108	1950	2019	2028	1978
304998	62	126	14	78	142	30	94	158	46	110	174	2018	2039	2171	1974	1983	1943	2002	2104	1960	2016	2030	1992
304998	62	126	14	78	142	30	94	158	46	110	174	2022	2028	2141	2012	2008	1986	2022	2070	1991	2019	2020	2025
304998	62	126	14	78	142	30	94	158	46	110	174	2036	2014	2099	2053	2033	2005	2037	2040	2026	2021	2011	2047
304998	62	126	14	78	142	30	94	158	46	110	174	2042	2008	2097	2065	2034	2005	2039	2038	2028	2019	2011	2039
304998	62	126	14	78	142	30	94	158	46	110	174	2033	2023	2127	2037	2016	1978	2030	2065	1996	2021	2019	2015
304998	62	126	14	78	142	30	94	158	46	110	174	2019	2033	2173	1986	1989	1939	2007	2094	1955	2017	2029	1985
304998	62	126	14	78	142	30	94	158	46	110	174	2011	2046	2185	1964	1979	1933	2008	2108	1951	2017	2027	1984
304998	62	126	14	78	142	30	94	158	46	110	174	2019	2043	2151	1984	1992	1954	2009	2087	1979	2022	2019	2005
304998	62	126	14	78	142	30	94	158	46	110	174	2029	2016	2109	2030	2021	1998	2028	2058	2012	2018	2012	2026
304998	62	126	14	78	142	30	94	158	46	110	174	2043	2006	2097	2064	2035	2010	2041	2042	2028	2019	2013	2045
304998	62	126	14	78	142	30	94	158	46	110	174	2037	2013	2117	2058	2033	1997	2043	2052	2005	2023	2016	2038
304998	62	126	14	78	142	30	94	158	46	110	174	2027	2031	2154	2015	1998	1966	2023	2080	1974	2021	2022	2009
304998	62	126	14	78	142	30	94	158	46	110	174	2018	2051	2177	1969	1982	1935	2005	2104	1956	2016	2025	1983
304998	62	126	14	78	142	30	94	158	46	110	174	2016	2048	2165	1968	1983	1942	2006	2110	1967	2022	2022	1981
304998	62	126	14	78	142	30	94	158	46	110	174	2027	2027	2128	2006	2005	1975	2020	2076	1991	2022	2020	2010
304998	62	126	14	78	142	30	94	158	46	110	174	2036	2007	2103	2050	2032	2004	2040	2040	2020	2021	2013	2047
304998	62	126	14	78	142	30	94	158	46	110	174	2039	2003	2109	2066	2034	2008	2041	2038	2017	2018	2013	2050
304998	62	126	14	78	142	30	94	158	46	110	174	2033	2021	2131	2041	2017	1979	2038	2056	2006	2018	2010	2024
304998	62	126	14	78	142	30	94	158	46	110	174	2023	2040	2157	1991	1992	1946	2007	2100	1968	2021	2019	1984
304998	62	126	14	78	142	30	94	158	46	110	174	2015	2048	2172	1965	1976	1929	2008	2112	1951	2020	2029	1967
304998	62	126	14	78	142	30	94	158	46	110	174	2015	2037	2155	1979	1996	1952	2009	2097	1969	2017	2027	1999
304998	62	126	14	78	142	30	94	158	46	110	174	2029	2020	2123	2025	2018	1989	2036	2060	2003	2022	2016	2029
304998	62	126	14	78	142	30	94	158	46	110	174	2039	2010	2105	2066	2036	2013	2045	2035	2035	2019	2011	2050
304998	62	126	14	78	142	30	94	158	46	110	174	2037	2015	2107	2061	2031	1994	2049	2046	2015	2016	2008	2035
304998	62	126	14	78	142	30	94	158	46	110	174	2031	2029	2136	2021	2004	1965	2027	2081	1983	2021	2020	2004
304998	62	126	14	78	142	30	94	158	46	110	174	2017	2046	2170	1973	1982	1933	2010	2111	1949	2020	2030	1983
304998	62	126	14	78	142	30	94	158	46	110	174	2016	2046	2174	1959	1979	1945	2009	2109	1955	2019	2029	1987
304998	62	126	14	78	142	30	94	158	46	110	174	2022	2035	2147	1997	2007	1967	2024	2080	1988	2021	2023	2013
304998	62	126	14	78	142	30	94	158	46	110	174	2038	2016	2109	2048	2029	1999	2035	2050	2021	2021	2010	2036
304998	62	126	14	78	142	30	94	158	46	110	174	2041	2005	2093	2076	2030	2006	2049	2037	2021	2021	2013	2042
304998	62	126	14	78	142	30	94	158	46	110	174	2034	2012	2122	2051	2022	1979	2037	2059	1998	2017	2019	2031
304998	62	126	14	78	142	30	94	158	46	110	174	2027	2038	2168	1994	1995	1955	2024	2090	1967	2020	2023	1996
304998	62	126	14	78	142	30	94	158	46	110	174	2015	2052	2178	1959	1974	1937	2003	2117	1954	2018	2026	1979
304998	62	126	14	78	142	30	94	158	46	110	174	2019	2048	2161	1970	1984	1950	2018	2107	1970	2022	2020	1982
304998	62	126	14	78	142	30	94	158	46	110	174	2034	2025	2119	2019	2015	1984	2032	2064	1996	2018	2019	2022
304998	62	126	14	78	142	30	94	158	46	110	174	2044	2003	2095	2071	2037	2005	2054	2037	2019	2016	2013	2048
304998	62	126	14	78	142	30	94	158	46	110	174	2041	2003	2110	2072	2031	1997	2050	2038	2022	2021	2011	2051
304998	62	126	14	78	142	30	94	158	46	110	174	2030	2026	2147	2031	2004	1969	2027	2076	1989	2022	2011	2012
304998	62	126	14	78	142	30	94	158	46	110	174	2013	2052	2175	1974	1983	1943	2017	2113	1957	2022	2022	1974
304998	62	126	14	78	142	30	94	158	46	110	174	2011	2056	2166	1954	1977	1940	1998	2116	1947	2021	2029	1979
304998	62	126	14	78	142	30	94	158	46	110	174	2025	2035	2139	1991	1999	1965	2021	2088	1983	2022	2023	2010
304998	62	126	14	78	142	30	94	158	46	110	174	2035	2008	2110	2046	2025	1996	2043	2048	2018	2016	2008	2049
304998	62	126	14	78	142	30	94	158	46	110	174	2042	2002	2107	2080	2027	2014	2047	2033	2026	2020	2005	2048
304998	62	126	14	78	142	30	94	158	46	110	174	2034	2017	2123	2057	2017	1992	2045	2050	2005	2018	2009	2023
304998	62	126	14	78	142	30	94	158	46	110	174	2022	2039	2154	2007	1990	1966	2025	2091	1966	2016	2024	1989
304998	62	126	14	78	142	30	94	158	46	110	174	2020	2054	2165	1958	1973	1936	2009	2123	1954	2017	2029	1983
304998	62	126	14	78	142	30	94	158	46	110	174	2015	2044	2159	1962	1991	1948	2013	2113	1967	2020	2020	1989
304998	62	126	14	78	142	30	94	158	46	110	174	2025	2021	2134	2014	2010	1981	2029	2075	1999	2021	2015	2025
304998	62	126	14	78	142	30	94	158	46	110	174	2039	2003	2113	2066	2038	2006	2052	2039	2021	2017	2006	2037
304998	62	126	14	78	142	30	94	158	46	110	174	2042	2008	2105	2074	2034	1995	2058	2031	2022	2017	2016	2047
304998	62	126	14	78	142	30	94	158	46	110	174	2033	2026	2130	2038	2011	1972	2035	2065	1993	2020	2017	2017
304998	62	126	14	78	142	30	94	158	46	110	174	2018	2044	2170	1980	1987	1949	2012	2116	1962	2021	2022	1987
304998	62	126	14	78	142	30	94	158	46	110	174	2018	2054	2178	1948	1977	1943	2020	2124	1953	2017	2017	1971
304998	62	126	14	78	142	30	94	158	46	110	174	2016	2041	2160	1977	1991	1965	2018	2097	1970	2021	2019	1996
304998	62	126	14	78	142	30	94	158	46	110	174	2035	2018	2114	2041	2021	1996	2037	2050	2016	2017	2017	2036
304998	62	126	14	78	142	30	94	158	46	110	174	2046	2003	2094	2083	2036	2006	2059	2028	2031	2020	2009	2056
304998	62	126	14	78	142	30	94	158	46	110	174	2040	2006	2114	2068	2027	1989	2050	2047	2007	2021	2006	2032
304998	62	126	14	78	142	30	94	158	46	110	174	2027	2034	2157	2003	2001	1966	2025	2090	1965	2022	2011	1995
304998	62	126	14	78	142	30	94	158	46	110	174	2013	2053	2184	1957	1976	1944	2012	2117	1950	2017	2027	1969
304998	62	126	14	78	142	30	94	158	46	110	174	2010	2057	2176	1953	1983	1949	2013	2112	1964	2020	2027	1991
304998	62	126	14	78	142	30	94	158	46	110	174	2031	2033	2125	2004	2008	1977	2037	2083	1991	2019	2016	2020
304998	62	126	14	78	142	30	94	158	46	110	174	2039	2002	2100	2071	2026	2005	2047	2038	2015	2018	2006	2051
304998	62	126	14	78	142	30	94	158	46	110	174	2041	1999	2102	2081	2041	2003	2056	2030	2019	2017	2005	2043
304998	62	126	14	78	142	30	94	158	46	110	174	2039	2018	2142	2047	2009	1981	2053	2061	1995	2021	2017	2019
304998	62	126	14	78	142	30	94	158	46	110	174	2019	2052	2172	1979	1990	1952	2024	2110	1965	2018	2028	1989
304998	62	126	14	78	142	30	94	158	46	110	174	2016	2061	2171	1948	1975	1941	2007	2128	1949	2021	2025	1981
304998	62	126	14	78	142	30	94	158	46	110	174	2019	2038	2153	1970	1986	1965	2008	2102	1970	2019	2019	1995
304998	62	126	14	78	142	30	94	158	46	110	174	2031	2010	2116	2036	2017	1993	2033	2051	2009	2021	2006	2025
304998	62	126	14	78	142	30	94	158	46	110	174	2039	1993	2110	2083	2029	2006	2055	2025	2030	2015	2015	2053
304998	62	126	14	78	142	30	94	158	46	110	174	2041	2006	2116	2079	2029	1994	2057	2039	2012	2022	2012	2039
304998	62	126	14	78	142	30	94	158	46	110	174	2031	2034	2148	2017	2003	1963	2038	2082	1975	2020	2018	2008
304998	62	126	14	78	142	30	94	158	46	110	174	2018	2056	2167	1958	1974	1950	2003	2121	1947	2022	2019	1971
304998	62	126	14	78	142	30	94	158	46	110	174	2019	2049	2172	1949	1986	1952	2006	2127	1964	2017	2023	1974
304998	62	126	14	78	142	30	94	158	46	110	174	2022	2031	2148	2000	1989	1977	2027	2089	1988	2017	2019	2013
304998	62	126	14	78	142	30	94	158	46	110	174	2041	2007	2108	2067	2031	1997	2061	2039	2015	2020	2008	2053
304998	62	126	14	78	142	30	94	158	46	110	174	2046	2002	2100	2089	2048	1999	2068	2020	2020	2019	2005	2057
304998	62	126	14	78	142	30	94	158	46	110	174	2043	2016	2120	2060	2014	1993	2052	2052	2004	2020	2009	2014
304998	62	126	14	78	142	30	94	158	46	110	174	2026	2040	2167	1985	1993	1956	2023	2110	1962	2020	2023	1984
304998	62	126	14	78	142	30	94	158	46	110	174	2014	2059	2186	1945	1964	1949	2003	2134	1950	2017	2029	1978
304998	62	126	14	78	142	30	94	158	46	110	174	2018	2047	2168	1970	1979	1962	2011	2111	1966	2017	2020	1999
304998	62	126	14	78	142	30	94	158	46	110	174	2031	2018	2120	2028	2018	1985	2032	2061	2005	2021	2010	2033
304998	62	126	14	78	142	30	94	158	46	110	174	2045	1998	2094	2086	2036	2003	2054	2026	2026	2018	2007	2044
304998	62	126	14	78	142	30	94	158	46	110	174	2045	1997	2111	2085	2033	1994	2057	2034	2015	2017	2013	2044
304998	62	126	14	78	142	30	94	158	46	110	174	2034	2024	2150	2023	2011	1962	2039	2074	1982	2022	2018	2011
304998	62	126	14	78	142	30	94	158	46	110	174	2017	2054	2187	1958	1984	1947	2020	2122	1958	2018	2020	1982
304998	62	126	14	78	142	30	94	158	46	110	174	2005	2070	2172	1938	1983	1951	2005	2136	1954	2016	2020	1974
304998	62	126	14	78	142	30	94	158	46	110	174	2026	2039	2136	1988	2000	1974	2028	2095	1984	2022	2021	1998
304998	62	126	14	78	142	30	94	158	46	110	174	2037	1998	2113	2064	2025	1992	2049	2040	2014	2019	2011	2046
304998	62	126	14	78	142	30	94	158	46	110	174	2049	1996	2094	2093	2048	1987	2066	2014	2024	2021	2006	2057
304998	62	126	14	78	142	30	94	158	46	110	174	2040	2007	2131	2070	2025	1984	2047	2049	2001	2017	2007	2031
304998	62	126	14	78	142	30	94	158	46	110	174	2026	2048	2166	1995	1991	1966	2021	2104	1964	2016	2017	1988
304998	62	126	14	78	142	30	94	158	46	110	174	2005	2061	2178	1937	1965	1959	1998	2138	1949	2018	2032	1968
304998	62	126	14	78	142	30	94	158	46	110	174	2013	2046	2165	1950	1979	1961	2002	2112	1969	2017	2025	1991
304998	62	126	14	78	142	30	94	158	46	110	174	2032	2021	2135	2018	2018	1982	2029	2070	2003	2020	2012	2030
304998	62	126	14	78	142	30	94	158	46	110	174	2039	1996	2100	2090	2039	1998	2052	2022	2021	2019	2002	2048
304998	62	126	14	78	142	30	94	158	46	110	174	2049	2001	2105	2092	2045	1989	2061	2023	2013	2016	2003	2047
304998	62	126	14	78	142	30	94	158	46	110	174	2033	2022	2134	2037	2004	1973	2042	2069	1992	2020	2020	2011
304998	62	126	14	78	142	30	94	158	46	110	174	2020	2049	2172	1965	1971	1957	2015	2125	1966	2022	2025	1981
304998	62	126	14	78	142	30	94	158	46	110	174	2009	2064	2183	1930	1973	1955	2004	2139	1953	2021	2027	1972
304998	62	126	14	78	142	30	94	158	46	110	174	2019	2041	2154	1973	1992	1975	2026	2100	1973	2020	2015	1998
304998	62	126	14	78	142	30	94	158	46	110	174	2037	2014	2114	2050	2030	1987	2049	2040	2013	2022	2012	2042
