304998	62	126	14	78	142	30	94	158	46	110	174	2080	1940	2156	2068	2017	1914	2064	2010	1933	2016	1972	2029
304998	62	126	14	78	142	30	94	158	46	110	174	2049	1991	2145	2040	2010	1964	2033	2052	1981	2018	1999	2014
304998	62	126	14	78	142	30	94	158	46	110	174	1999	2075	2125	1994	1992	2020	2010	2117	2025	2017	2050	1998
304998	62	126	14	78	142	30	94	158	46	110	174	1963	2112	2128	1971	1979	2044	1996	2132	2046	2016	2073	2006
304998	62	126	14	78	142	30	94	158	46	110	174	1987	2081	2127	1983	1991	2009	2007	2105	2017	2020	2045	2016
304998	62	126	14	78	142	30	94	158	46	110	174	2036	1997	2149	2024	2002	1945	2031	2053	1969	2018	2006	2015
304998	62	126	14	78	142	30	94	158	46	110	174	2073	1938	2164	2062	2020	1902	2049	2028	1931	2019	1970	2017
304998	62	126	14	78	142	30	94	158	46	110	174	2068	1954	2164	2058	2017	1922	2058	2031	1945	2021	1988	2017
304998	62	126	14	78	142	30	94	158	46	110	174	2027	2028	2139	2024	1997	1991	2031	2076	1998	2017	2023	2015
304998	62	126	14	78	142	30	94	158	46	110	174	1983	2104	2109	1984	1984	2043	2009	2120	2050	2018	2056	2015
304998	62	126	14	78	142	30	94	158	46	110	174	1974	2104	2109	1970	1976	2043	1996	2126	2043	2021	2056	2005
304998	62	126	14	78	142	30	94	158	46	110	174	2006	2041	2138	2003	1999	1977	2017	2088	1991	2017	2029	2004
304998	62	126	14	78	142	30	94	158	46	110	174	2054	1962	2167	2041	2018	1913	2045	2039	1941	2020	1988	2022
304998	62	126	14	78	142	30	94	158	46	110	174	2070	1940	2180	2068	2016	1909	2053	2012	1932	2022	1974	2021
304998	62	126	14	78	142	30	94	158	46	110	174	2054	1989	2147	2043	2012	1955	2039	2049	1971	2020	1996	2011
304998	62	126	14	78	142	30	94	158	46	110	174	2005	2068	2114	2007	1983	2017	2019	2104	2025	2019	2041	2003
304998	62	126	14	78	142	30	94	158	46	110	174	1972	2106	2105	1969	1989	2038	1998	2130	2048	2020	2072	2017
304998	62	126	14	78	142	30	94	158	46	110	174	1984	2088	2123	1986	1997	2014	2017	2112	2022	2021	2058	2016
304998	62	126	14	78	142	30	94	158	46	110	174	2028	2010	2154	2023	2008	1952	2029	2063	1974	2018	2009	2018
304998	62	126	14	78	142	30	94	158	46	110	174	2073	1951	2166	2054	2011	1909	2054	2031	1926	2017	1967	2012
304998	62	126	14	78	142	30	94	158	46	110	174	2073	1946	2172	2064	2011	1920	2049	2028	1933	2018	1980	2004
304998	62	126	14	78	142	30	94	158	46	110	174	2032	2017	2141	2025	2011	1978	2033	2072	1990	2018	2026	2015
304998	62	126	14	78	142	30	94	158	46	110	174	1985	2090	2117	1988	1987	2040	2008	2114	2052	2020	2056	2021
304998	62	126	14	78	142	30	94	158	46	110	174	1972	2110	2096	1974	1987	2040	1997	2128	2048	2020	2064	2021
304998	62	126	14	78	142	30	94	158	46	110	174	1998	2051	2128	1999	1990	1986	2015	2093	2000	2018	2037	2006
304998	62	126	14	78	142	30	94	158	46	110	174	2047	1966	2178	2035	2014	1925	2040	2043	1942	2021	1993	2011
304998	62	126	14	78	142	30	94	158	46	110	174	2075	1941	2187	2057	2019	1905	2049	2020	1926	2018	1974	2016
304998	62	126	14	78	142	30	94	158	46	110	174	2059	1983	2163	2045	2009	1944	2038	2047	1962	2022	1988	2016
304998	62	126	14	78	142	30	94	158	46	110	174	2015	2060	2111	2008	1998	2011	2019	2094	2019	2017	2031	2008
304998	62	126	14	78	142	30	94	158	46	110	174	1972	2103	2101	1981	1993	2041	2000	2118	2052	2016	2073	2018
304998	62	126	14	78	142	30	94	158	46	110	174	1983	2083	2114	1983	1993	2022	1998	2107	2036	2018	2063	2027
304998	62	126	14	78	142	30	94	158	46	110	174	2022	2019	2159	2014	2006	1967	2018	2067	1976	2018	2014	2013
304998	62	126	14	78	142	30	94	158	46	110	174	2064	1958	2183	2047	2010	1909	2040	2036	1926	2021	1974	1999
304998	62	126	14	78	142	30	94	158	46	110	174	2076	1954	2170	2053	2019	1910	2045	2035	1930	2021	1977	1994
304998	62	126	14	78	142	30	94	158	46	110	174	2037	2005	2146	2029	2006	1973	2031	2060	1988	2022	2020	2016
304998	62	126	14	78	142	30	94	158	46	110	174	1991	2080	2104	1994	1995	2034	2012	2106	2051	2016	2054	2032
304998	62	126	14	78	142	30	94	158	46	110	174	1973	2110	2098	1982	1982	2044	2009	2124	2051	2020	2062	2029
304998	62	126	14	78	142	30	94	158	46	110	174	1998	2063	2119	1995	1997	1993	2021	2094	2006	2022	2035	2015
304998	62	126	14	78	142	30	94	158	46	110	174	2039	1985	2166	2032	2012	1927	2026	2046	1945	2021	2001	2000
304998	62	126	14	78	142	30	94	158	46	110	174	2064	1941	2199	2052	2014	1902	2037	2025	1930	2021	1974	1996
304998	62	126	14	78	142	30	94	158	46	110	174	2058	1976	2174	2042	2013	1939	2037	2048	1954	2017	1985	2009
304998	62	126	14	78	142	30	94	158	46	110	174	2015	2049	2124	2015	1996	2004	2021	2088	2010	2021	2030	2022
304998	62	126	14	78	142	30	94	158	46	110	174	1986	2107	2076	1987	1993	2042	2018	2115	2054	2020	2070	2031
304998	62	126	14	78	142	30	94	158	46	110	174	1982	2086	2098	1984	1991	2032	2001	2104	2040	2019	2066	2030
304998	62	126	14	78	142	30	94	158	46	110	174	2014	2023	2150	2008	2001	1968	2017	2077	1982	2018	2020	2017
304998	62	126	14	78	142	30	94	158	46	110	174	2057	1965	2200	2040	2015	1913	2038	2041	1934	2018	1979	1990
304998	62	126	14	78	142	30	94	158	46	110	174	2067	1959	2193	2047	2017	1905	2038	2036	1928	2022	1971	1982
304998	62	126	14	78	142	30	94	158	46	110	174	2045	2008	2141	2029	2008	1965	2033	2058	1985	2021	2012	2006
304998	62	126	14	78	142	30	94	158	46	110	174	1995	2066	2098	2003	1990	2030	2007	2100	2042	2020	2050	2040
304998	62	126	14	78	142	30	94	158	46	110	174	1981	2100	2081	1979	1997	2041	2009	2118	2051	2016	2067	2047
304998	62	126	14	78	142	30	94	158	46	110	174	1998	2065	2118	1994	1995	1999	2012	2094	2015	2016	2043	2018
304998	62	126	14	78	142	30	94	158	46	110	174	2039	2002	2166	2023	2009	1935	2036	2052	1951	2017	2007	1999
304998	62	126	14	78	142	30	94	158	46	110	174	2063	1955	2196	2051	2005	1908	2034	2031	1933	2018	1981	1989
304998	62	126	14	78	142	30	94	158	46	110	174	2063	1968	2182	2039	2008	1926	2034	2046	1945	2020	1984	1997
304998	62	126	14	78	142	30	94	158	46	110	174	2024	2036	2127	2019	2002	1997	2023	2084	2006	2016	2022	2019
304998	62	126	14	78	142	30	94	158	46	110	174	1984	2099	2076	1989	2004	2037	2008	2107	2052	2017	2063	2042
304998	62	126	14	78	142	30	94	158	46	110	174	1986	2097	2079	1988	1995	2030	2005	2103	2048	2016	2069	2047
304998	62	126	14	78	142	30	94	158	46	110	174	2012	2030	2142	2011	1993	1979	2014	2079	1990	2020	2026	2021
304998	62	126	14	78	142	30	94	158	46	110	174	2049	1972	2197	2032	2011	1913	2031	2048	1931	2018	1982	1985
304998	62	126	14	78	142	30	94	158	46	110	174	2063	1955	2211	2048	2012	1901	2035	2035	1919	2022	1972	1967
304998	62	126	14	78	142	30	94	158	46	110	174	2047	2004	2151	2032	2008	1958	2030	2056	1970	2017	2008	2001
304998	62	126	14	78	142	30	94	158	46	110	174	2007	2062	2090	2004	1995	2022	2013	2094	2037	2018	2048	2043
304998	62	126	14	78	142	30	94	158	46	110	174	1988	2094	2065	1986	1994	2043	2007	2112	2052	2016	2064	2060
304998	62	126	14	78	142	30	94	158	46	110	174	1995	2064	2108	1998	1992	2005	2005	2099	2022	2016	2048	2030
304998	62	126	14	78	142	30	94	158	46	110	174	2029	2012	2173	2016	2009	1944	2029	2065	1965	2020	2009	1991
304998	62	126	14	78	142	30	94	158	46	110	174	2062	1965	2202	2040	2013	1910	2030	2042	1929	2019	1979	1971
304998	62	126	14	78	142	30	94	158	46	110	174	2060	1974	2180	2042	2006	1926	2033	2048	1940	2017	1985	1987
304998	62	126	14	78	142	30	94	158	46	110	174	2027	2020	2125	2018	2006	1982	2019	2074	1997	2017	2017	2018
304998	62	126	14	78	142	30	94	158	46	110	174	1997	2084	2078	1998	1999	2034	2018	2103	2050	2021	2058	2050
304998	62	126	14	78	142	30	94	158	46	110	174	1985	2089	2075	1985	1999	2039	2005	2101	2055	2021	2068	2059
304998	62	126	14	78	142	30	94	158	46	110	174	2017	2048	2120	2002	2000	1982	2013	2086	1998	2018	2035	2024
304998	62	126	14	78	142	30	94	158	46	110	174	2040	1986	2190	2026	2005	1927	2025	2056	1935	2017	1990	1975
304998	62	126	14	78	142	30	94	158	46	110	174	2062	1964	2210	2039	2015	1904	2033	2043	1919	2018	1973	1964
304998	62	126	14	78	142	30	94	158	46	110	174	2043	1997	2174	2027	2007	1948	2031	2055	1966	2021	2004	1985
304998	62	126	14	78	142	30	94	158	46	110	174	2015	2058	2092	2004	2005	2016	2018	2088	2030	2019	2044	2047
304998	62	126	14	78	142	30	94	158	46	110	174	1996	2092	2054	1989	1993	2042	2018	2110	2059	2020	2069	2082
304998	62	126	14	78	142	30	94	158	46	110	174	1996	2070	2091	1996	2000	2011	2011	2098	2025	2022	2048	2045
304998	62	126	14	78	142	30	94	158	46	110	174	2026	2017	2166	2014	2004	1956	2023	2071	1966	2019	2010	1990
304998	62	126	14	78	142	30	94	158	46	110	174	2049	1974	2219	2032	2011	1911	2025	2044	1935	2021	1988	1960
304998	62	126	14	78	142	30	94	158	46	110	174	2062	1985	2193	2031	2009	1917	2039	2051	1936	2019	1987	1970
304998	62	126	14	78	142	30	94	158	46	110	174	2031	2022	2125	2019	2002	1975	2023	2077	1993	2020	2013	2016
304998	62	126	14	78	142	30	94	158	46	110	174	1999	2066	2067	1999	1996	2031	2013	2096	2046	2020	2047	2067
304998	62	126	14	78	142	30	94	158	46	110	174	1993	2081	2072	1989	2001	2043	2020	2095	2056	2022	2063	2063
304998	62	126	14	78	142	30	94	158	46	110	174	2005	2054	2125	2003	2001	1988	2013	2086	2008	2017	2038	2030
304998	62	126	14	78	142	30	94	158	46	110	174	2042	2002	2185	2025	2005	1922	2027	2065	1943	2020	1998	1981
304998	62	126	14	78	142	30	94	158	46	110	174	2049	1971	2216	2037	2007	1903	2027	2046	1921	2020	1984	1950
304998	62	126	14	78	142	30	94	158	46	110	174	2046	1996	2175	2030	2010	1941	2028	2059	1953	2020	1996	1971
304998	62	126	14	78	142	30	94	158	46	110	174	2017	2041	2112	2012	1998	2011	2016	2083	2022	2017	2037	2043
304998	62	126	14	78	142	30	94	158	46	110	174	1997	2086	2054	1998	1991	2045	2023	2103	2062	2018	2060	2085
304998	62	126	14	78	142	30	94	158	46	110	174	2000	2073	2074	1999	1999	2022	2019	2098	2035	2022	2048	2061
304998	62	126	14	78	142	30	94	158	46	110	174	2022	2020	2151	2014	2002	1962	2018	2072	1969	2020	2016	1998
304998	62	126	14	78	142	30	94	158	46	110	174	2049	1980	2214	2032	2008	1911	2035	2049	1931	2018	1992	1950
304998	62	126	14	78	142	30	94	158	46	110	174	2049	1983	2216	2031	2007	1919	2033	2054	1933	2018	1992	1954
304998	62	126	14	78	142	30	94	158	46	110	174	2032	2021	2143	2019	2004	1968	2024	2071	1987	2022	2013	2016
304998	62	126	14	78	142	30	94	158	46	110	174	1995	2055	2084	2005	1993	2027	2010	2091	2041	2019	2043	2069
304998	62	126	14	78	142	30	94	158	46	110	174	1993	2072	2062	1995	1995	2039	2008	2099	2052	2020	2059	2073
304998	62	126	14	78	142	30	94	158	46	110	174	2005	2051	2120	2001	1999	2003	2015	2085	2019	2021	2041	2041
304998	62	126	14	78	142	30	94	158	46	110	174	2035	2012	2188	2019	2007	1935	2029	2072	1949	2023	2009	1981
304998	62	126	14	78	142	30	94	158	46	110	174	2050	1988	2212	2033	2010	1901	2040	2058	1922	2019	1981	1945
304998	62	126	14	78	142	30	94	158	46	110	174	2046	1994	2181	2028	2009	1938	2037	2063	1946	2021	1994	1963
304998	62	126	14	78	142	30	94	158	46	110	174	2028	2038	2113	2015	2005	2000	2020	2080	2018	2022	2029	2038
304998	62	126	14	78	142	30	94	158	46	110	174	2001	2073	2066	1997	1996	2043	2019	2099	2058	2022	2055	2090
304998	62	126	14	78	142	30	94	158	46	110	174	1996	2068	2078	2000	1992	2025	2021	2096	2042	2021	2048	2072
304998	62	126	14	78	142	30	94	158	46	110	174	2019	2035	2139	2008	2006	1968	2025	2079	1983	2018	2019	2008
304998	62	126	14	78	142	30	94	158	46	110	174	2039	1992	2206	2021	2004	1921	2026	2056	1930	2017	1992	1943
304998	62	126	14	78	142	30	94	158	46	110	174	2044	1986	2215	2029	2010	1917	2034	2053	1933	2020	1997	1943
304998	62	126	14	78	142	30	94	158	46	110	174	2033	2018	2156	2022	1998	1961	2032	2075	1979	2020	2013	2005
304998	62	126	14	78	142	30	94	158	46	110	174	2008	2059	2086	2009	1999	2020	2021	2089	2029	2019	2037	2069
304998	62	126	14	78	142	30	94	158	46	110	174	2005	2069	2049	1993	2004	2040	2018	2105	2048	2022	2050	2085
304998	62	126	14	78	142	30	94	158	46	110	174	2006	2048	2104	2008	2002	2005	2025	2088	2023	2021	2044	2048
304998	62	126	14	78	142	30	94	158	46	110	174	2028	2018	2179	2017	2000	1946	2032	2076	1964	2017	2012	1985
304998	62	126	14	78	142	30	94	158	46	110	174	2043	1993	2227	2032	2001	1910	2026	2063	1919	2017	1993	1937
304998	62	126	14	78	142	30	94	158	46	110	174	2039	2002	2190	2025	2008	1932	2027	2063	1939	2020	1990	1957
304998	62	126	14	78	142	30	94	158	46	110	174	2028	2035	2116	2016	2009	1991	2028	2076	2010	2021	2023	2027
304998	62	126	14	78	142	30	94	158	46	110	174	2006	2062	2061	2001	1997	2040	2021	2095	2058	2016	2050	2091
304998	62	126	14	78	142	30	94	158	46	110	174	2002	2060	2074	2000	1996	2033	2024	2094	2045	2018	2047	2087
304998	62	126	14	78	142	30	94	158	46	110	174	2012	2038	2145	2006	2004	1980	2022	2079	1990	2020	2024	2019
304998	62	126	14	78	142	30	94	158	46	110	174	2037	2005	2198	2022	2007	1925	2030	2065	1937	2018	2001	1941
304998	62	126	14	78	142	30	94	158	46	110	174	2045	1989	2218	2023	2003	1916	2025	2057	1932	2022	1995	1935
304998	62	126	14	78	142	30	94	158	46	110	174	2037	2007	2165	2019	2003	1953	2028	2074	1971	2022	2008	2000
304998	62	126	14	78	142	30	94	158	46	110	174	2012	2045	2097	2008	1999	2015	2023	2085	2024	2017	2030	2067
304998	62	126	14	78	142	30	94	158	46	110	174	2002	2065	2061	2006	1996	2041	2015	2089	2048	2020	2048	2088
304998	62	126	14	78	142	30	94	158	46	110	174	2010	2052	2087	2007	1997	2015	2020	2087	2030	2018	2042	2058
304998	62	126	14	78	142	30	94	158	46	110	174	2021	2018	2167	2015	2001	1955	2020	2079	1974	2020	2016	1991
304998	62	126	14	78	142	30	94	158	46	110	174	2041	2000	2221	2023	2000	1911	2043	2065	1923	2017	1996	1942
304998	62	126	14	78	142	30	94	158	46	110	174	2035	2004	2208	2023	1998	1927	2029	2064	1934	2021	1997	1950
304998	62	126	14	78	142	30	94	158	46	110	174	2024	2030	2125	2016	2003	1986	2022	2074	1999	2017	2022	2016
304998	62	126	14	78	142	30	94	158	46	110	174	2014	2049	2062	2005	1999	2035	2017	2092	2051	2020	2047	2089
304998	62	126	14	78	142	30	94	158	46	110	174	2005	2056	2066	2003	2001	2029	2021	2097	2051	2017	2046	2098
304998	62	126	14	78	142	30	94	158	46	110	174	2013	2036	2133	2008	2000	1983	2029	2081	2001	2016	2025	2031
304998	62	126	14	78	142	30	94	158	46	110	174	2030	2016	2199	2021	2003	1933	2030	2064	1943	2017	2008	1945
304998	62	126	14	78	142	30	94	158	46	110	174	2043	2003	2213	2023	2007	1918	2027	2064	1931	2018	1999	1932
304998	62	126	14	78	142	30	94	158	46	110	174	2038	2015	2164	2020	1997	1952	2026	2074	1960	2017	2009	1980
304998	62	126	14	78	142	30	94	158	46	110	174	2020	2035	2099	2012	2003	2004	2028	2085	2015	2020	2027	2062
304998	62	126	14	78	142	30	94	158	46	110	174	2002	2057	2067	2005	1999	2042	2024	2087	2052	2020	2042	2098
304998	62	126	14	78	142	30	94	158	46	110	174	2009	2053	2085	2008	1997	2019	2027	2085	2035	2019	2042	2067
304998	62	126	14	78	142	30	94	158	46	110	174	2021	2027	2152	2015	2003	1962	2022	2082	1969	2020	2020	1997
304998	62	126	14	78	142	30	94	158	46	110	174	2043	2001	2215	2020	2001	1914	2025	2074	1927	2019	1997	1936
304998	62	126	14	78	142	30	94	158	46	110	174	2037	2008	2208	2017	2009	1919	2031	2070	1932	2021	1997	1940
304998	62	126	14	78	142	30	94	158	46	110	174	2024	2034	2142	2015	1997	1977	2028	2079	1992	2016	2026	2010
304998	62	126	14	78	142	30	94	158	46	110	174	2015	2052	2064	2004	1992	2027	2025	2092	2043	2021	2045	2088
304998	62	126	14	78	142	30	94	158	46	110	174	2015	2051	2060	2005	1995	2036	2034	2090	2051	2022	2042	2101
304998	62	126	14	78	142	30	94	158	46	110	174	2018	2042	2118	2004	2006	1985	2032	2082	2003	2020	2025	2035
304998	62	126	14	78	142	30	94	158	46	110	174	2031	2020	2192	2013	2000	1936	2028	2069	1954	2020	2010	1957
304998	62	126	14	78	142	30	94	158	46	110	174	2032	2010	2216	2017	2003	1914	2022	2072	1934	2021	2004	1930
304998	62	126	14	78	142	30	94	158	46	110	174	2037	2018	2176	2016	2001	1945	2028	2077	1957	2020	2009	1973
304998	62	126	14	78	142	30	94	158	46	110	174	2021	2028	2109	2016	2002	1999	2019	2082	2007	2018	2023	2049
304998	62	126	14	78	142	30	94	158	46	110	174	2015	2050	2058	2007	2007	2033	2030	2088	2054	2022	2040	2090
304998	62	126	14	78	142	30	94	158	46	110	174	2010	2047	2088	2007	2004	2024	2023	2089	2045	2021	2037	2080
304998	62	126	14	78	142	30	94	158	46	110	174	2022	2035	2146	2008	2002	1963	2028	2078	1985	2020	2022	2010
304998	62	126	14	78	142	30	94	158	46	110	174	2034	2012	2206	2018	2004	1918	2034	2071	1935	2021	2001	1937
304998	62	126	14	78	142	30	94	158	46	110	174	2036	2005	2206	2016	2008	1919	2026	2070	1933	2020	1999	1926
304998	62	126	14	78	142	30	94	158	46	110	174	2025	2023	2153	2013	2001	1966	2017	2074	1985	2016	2018	2002
304998	62	126	14	78	142	30	94	158	46	110	174	2013	2041	2082	2010	2001	2022	2019	2085	2036	2017	2032	2084
304998	62	126	14	78	142	30	94	158	46	110	174	2014	2055	2056	2006	2001	2035	2024	2092	2046	2018	2035	2104
304998	62	126	14	78	142	30	94	158	46	110	174	2018	2041	2104	2011	2005	1996	2026	2082	2014	2019	2022	2046
304998	62	126	14	78	142	30	94	158	46	110	174	2026	2020	2181	2013	2007	1946	2024	2076	1965	2020	2016	1968
304998	62	126	14	78	142	30	94	158	46	110	174	2027	2009	2228	2013	2005	1917	2024	2074	1934	2022	2006	1931
304998	62	126	14	78	142	30	94	158	46	110	174	2037	2028	2190	2015	1999	1939	2037	2077	1956	2020	2008	1962
304998	62	126	14	78	142	30	94	158	46	110	174	2020	2037	2111	2012	2008	1984	2023	2078	2005	2016	2020	2035
