304998	62	126	14	78	142	30	94	158	46	110	174	2028	2036	2072	2012	2015	2022	2028	2079	2038	2020	2021	2073
304998	62	126	14	78	142	30	94	158	46	110	174	2030	2036	2093	2011	2006	2008	2024	2079	2019	2020	2027	2061
304998	62	126	14	78	142	30	94	158	46	110	174	2026	2031	2146	2005	2002	1962	2016	2077	1985	2020	2024	2005
304998	62	126	14	78	142	30	94	158	46	110	174	2020	2036	2194	2001	1992	1933	2014	2083	1955	2020	2021	1957
304998	62	126	14	78	142	30	94	158	46	110	174	2018	2037	2188	2003	1995	1937	2016	2091	1955	2022	2019	1954
304998	62	126	14	78	142	30	94	158	46	110	174	2023	2039	2128	2005	2007	1977	2017	2080	1996	2018	2029	2014
304998	62	126	14	78	142	30	94	158	46	110	174	2025	2038	2077	2010	2006	2015	2024	2077	2026	2020	2023	2072
304998	62	126	14	78	142	30	94	158	46	110	174	2031	2031	2077	2009	2006	2018	2021	2073	2040	2020	2021	2081
304998	62	126	14	78	142	30	94	158	46	110	174	2024	2032	2124	2008	2009	1982	2022	2081	2006	2020	2020	2031
304998	62	126	14	78	142	30	94	158	46	110	174	2019	2038	2175	2008	1995	1940	2028	2086	1959	2021	2022	1966
304998	62	126	14	78	142	30	94	158	46	110	174	2016	2042	2192	2003	2000	1928	2012	2083	1941	2016	2027	1954
304998	62	126	14	78	142	30	94	158	46	110	174	2026	2042	2152	2004	1994	1957	2026	2082	1971	2021	2024	1989
304998	62	126	14	78	142	30	94	158	46	110	174	2026	2028	2102	2009	2001	1996	2023	2079	2016	2019	2018	2050
304998	62	126	14	78	142	30	94	158	46	110	174	2027	2028	2075	2013	2008	2023	2025	2084	2036	2019	2020	2075
304998	62	126	14	78	142	30	94	158	46	110	174	2026	2033	2103	2016	2001	2008	2024	2081	2022	2017	2024	2057
304998	62	126	14	78	142	30	94	158	46	110	174	2021	2038	2147	2011	2005	1970	2018	2079	1977	2022	2031	2004
304998	62	126	14	78	142	30	94	158	46	110	174	2021	2041	2178	2004	1994	1940	2017	2078	1951	2020	2023	1965
304998	62	126	14	78	142	30	94	158	46	110	174	2020	2030	2179	2008	1986	1940	2013	2081	1955	2022	2022	1962
304998	62	126	14	78	142	30	94	158	46	110	174	2023	2030	2143	2007	2003	1969	2027	2082	1986	2021	2019	2006
304998	62	126	14	78	142	30	94	158	46	110	174	2023	2034	2101	2015	2005	2013	2017	2076	2025	2020	2024	2056
304998	62	126	14	78	142	30	94	158	46	110	174	2027	2038	2083	2013	2015	2016	2021	2073	2038	2018	2029	2084
304998	62	126	14	78	142	30	94	158	46	110	174	2025	2036	2113	2013	2007	1992	2029	2078	2013	2017	2023	2041
304998	62	126	14	78	142	30	94	158	46	110	174	2025	2034	2158	2008	1992	1956	2018	2085	1968	2020	2019	1983
304998	62	126	14	78	142	30	94	158	46	110	174	2025	2031	2186	2001	1997	1926	2024	2082	1943	2022	2019	1942
304998	62	126	14	78	142	30	94	158	46	110	174	2022	2034	2173	2005	1995	1949	2022	2082	1957	2017	2026	1971
304998	62	126	14	78	142	30	94	158	46	110	174	2023	2034	2123	2008	2008	1993	2019	2072	2008	2021	2023	2037
304998	62	126	14	78	142	30	94	158	46	110	174	2027	2040	2076	2011	2012	2018	2028	2080	2039	2018	2020	2081
304998	62	126	14	78	142	30	94	158	46	110	174	2033	2037	2082	2016	2000	2020	2028	2079	2023	2018	2018	2064
304998	62	126	14	78	142	30	94	158	46	110	174	2027	2027	2131	2013	2009	1966	2023	2080	1985	2019	2017	2004
304998	62	126	14	78	142	30	94	158	46	110	174	2024	2032	2187	2004	1992	1935	2023	2077	1954	2022	2023	1959
304998	62	126	14	78	142	30	94	158	46	110	174	2020	2035	2192	2006	1999	1937	2024	2081	1957	2021	2024	1961
304998	62	126	14	78	142	30	94	158	46	110	174	2024	2039	2144	2006	2004	1971	2022	2086	1980	2020	2020	2012
304998	62	126	14	78	142	30	94	158	46	110	174	2024	2038	2095	2013	1999	2006	2021	2081	2023	2022	2017	2049
304998	62	126	14	78	142	30	94	158	46	110	174	2028	2027	2078	2013	2011	2012	2025	2076	2038	2020	2023	2075
304998	62	126	14	78	142	30	94	158	46	110	174	2023	2027	2111	2013	1997	1995	2022	2074	2018	2022	2025	2040
304998	62	126	14	78	142	30	94	158	46	110	174	2024	2031	2165	2008	2004	1958	2018	2083	1973	2018	2023	1998
304998	62	126	14	78	142	30	94	158	46	110	174	2023	2038	2194	2007	2006	1930	2032	2085	1945	2018	2018	1955
304998	62	126	14	78	142	30	94	158	46	110	174	2018	2034	2173	2008	1996	1945	2016	2078	1954	2022	2015	1966
304998	62	126	14	78	142	30	94	158	46	110	174	2022	2032	2116	2013	2000	1981	2020	2075	1999	2018	2023	2018
304998	62	126	14	78	142	30	94	158	46	110	174	2027	2025	2086	2014	2006	2018	2021	2075	2040	2021	2026	2078
304998	62	126	14	78	142	30	94	158	46	110	174	2025	2026	2095	2018	2009	2018	2032	2079	2034	2022	2022	2072
304998	62	126	14	78	142	30	94	158	46	110	174	2020	2033	2142	2014	2005	1981	2024	2077	1992	2021	2016	2019
304998	62	126	14	78	142	30	94	158	46	110	174	2022	2038	2177	2007	1996	1939	2020	2079	1954	2020	2016	1956
304998	62	126	14	78	142	30	94	158	46	110	174	2029	2037	2183	2008	1997	1934	2025	2077	1950	2019	2023	1952
304998	62	126	14	78	142	30	94	158	46	110	174	2024	2027	2150	2008	2005	1955	2022	2083	1979	2018	2022	1992
304998	62	126	14	78	142	30	94	158	46	110	174	2026	2028	2103	2014	2006	2004	2022	2078	2017	2021	2019	2060
304998	62	126	14	78	142	30	94	158	46	110	174	2020	2035	2086	2013	2008	2021	2033	2081	2038	2020	2019	2077
304998	62	126	14	78	142	30	94	158	46	110	174	2027	2037	2107	2012	2008	2002	2030	2073	2015	2020	2021	2047
304998	62	126	14	78	142	30	94	158	46	110	174	2024	2037	2149	2013	2003	1958	2020	2077	1978	2021	2025	1993
304998	62	126	14	78	142	30	94	158	46	110	174	2024	2031	2183	2008	2005	1927	2020	2084	1949	2016	2021	1962
304998	62	126	14	78	142	30	94	158	46	110	174	2021	2026	2186	2006	2004	1943	2020	2082	1952	2019	2019	1968
304998	62	126	14	78	142	30	94	158	46	110	174	2019	2030	2140	2011	2003	1986	2023	2076	1990	2020	2017	2015
304998	62	126	14	78	142	30	94	158	46	110	174	2020	2034	2091	2011	2009	2010	2017	2071	2040	2022	2020	2063
304998	62	126	14	78	142	30	94	158	46	110	174	2030	2034	2079	2017	2005	2016	2034	2079	2038	2022	2022	2068
304998	62	126	14	78	142	30	94	158	46	110	174	2023	2026	2124	2013	2003	1985	2021	2078	1998	2020	2021	2037
304998	62	126	14	78	142	30	94	158	46	110	174	2022	2026	2175	2009	2005	1943	2018	2082	1952	2020	2019	1972
304998	62	126	14	78	142	30	94	158	46	110	174	2027	2032	2200	2013	1999	1932	2031	2079	1950	2021	2018	1946
304998	62	126	14	78	142	30	94	158	46	110	174	2022	2036	2161	2010	2003	1956	2021	2083	1980	2016	2021	1985
304998	62	126	14	78	142	30	94	158	46	110	174	2023	2034	2097	2014	2002	1993	2027	2084	2008	2016	2027	2049
304998	62	126	14	78	142	30	94	158	46	110	174	2026	2027	2082	2015	2011	2018	2023	2075	2032	2021	2022	2082
304998	62	126	14	78	142	30	94	158	46	110	174	2025	2026	2095	2011	2011	2005	2027	2074	2019	2022	2020	2054
304998	62	126	14	78	142	30	94	158	46	110	174	2023	2030	2157	2013	2000	1970	2026	2074	1984	2021	2018	1993
304998	62	126	14	78	142	30	94	158	46	110	174	2018	2037	2192	2006	2006	1929	2017	2085	1947	2020	2024	1952
304998	62	126	14	78	142	30	94	158	46	110	174	2028	2035	2180	2012	1998	1935	2018	2084	1951	2016	2020	1970
304998	62	126	14	78	142	30	94	158	46	110	174	2021	2026	2128	2014	2002	1971	2018	2081	1989	2020	2021	2016
304998	62	126	14	78	142	30	94	158	46	110	174	2025	2026	2092	2015	2009	2016	2029	2070	2030	2022	2016	2060
304998	62	126	14	78	142	30	94	158	46	110	174	2021	2030	2090	2013	2010	2021	2021	2077	2036	2017	2022	2071
304998	62	126	14	78	142	30	94	158	46	110	174	2026	2037	2128	2013	2008	1986	2027	2078	2004	2020	2026	2031
304998	62	126	14	78	142	30	94	158	46	110	174	2024	2034	2168	2011	2002	1946	2029	2084	1960	2020	2021	1986
304998	62	126	14	78	142	30	94	158	46	110	174	2023	2029	2188	2011	2001	1924	2021	2077	1943	2021	2014	1955
304998	62	126	14	78	142	30	94	158	46	110	174	2023	2026	2165	2009	2003	1953	2013	2079	1970	2017	2013	1979
304998	62	126	14	78	142	30	94	158	46	110	174	2019	2025	2125	2014	2000	1995	2024	2081	2009	2021	2021	2031
304998	62	126	14	78	142	30	94	158	46	110	174	2020	2035	2086	2015	2002	2020	2025	2074	2038	2017	2026	2080
304998	62	126	14	78	142	30	94	158	46	110	174	2023	2036	2096	2016	2005	2007	2020	2074	2020	2018	2022	2069
304998	62	126	14	78	142	30	94	158	46	110	174	2021	2027	2137	2015	2006	1966	2017	2075	1990	2020	2015	2008
304998	62	126	14	78	142	30	94	158	46	110	174	2028	2025	2183	2010	2004	1932	2031	2090	1955	2019	2015	1954
304998	62	126	14	78	142	30	94	158	46	110	174	2018	2027	2193	2004	1996	1940	2022	2079	1945	2022	2025	1956
304998	62	126	14	78	142	30	94	158	46	110	174	2020	2032	2148	2010	2002	1966	2016	2079	1983	2018	2021	2011
304998	62	126	14	78	142	30	94	158	46	110	174	2026	2035	2098	2016	2011	2008	2024	2072	2029	2022	2017	2065
304998	62	126	14	78	142	30	94	158	46	110	174	2027	2028	2076	2014	2011	2019	2019	2077	2039	2019	2015	2069
304998	62	126	14	78	142	30	94	158	46	110	174	2028	2027	2109	2012	2013	1991	2032	2080	2005	2018	2021	2036
304998	62	126	14	78	142	30	94	158	46	110	174	2022	2025	2173	2013	1996	1955	2017	2079	1964	2021	2025	1982
304998	62	126	14	78	142	30	94	158	46	110	174	2020	2032	2196	2007	1999	1930	2019	2077	1943	2019	2021	1956
304998	62	126	14	78	142	30	94	158	46	110	174	2022	2032	2168	2007	2003	1937	2020	2080	1970	2020	2016	1975
304998	62	126	14	78	142	30	94	158	46	110	174	2029	2032	2113	2009	2011	1985	2020	2077	2005	2021	2017	2027
304998	62	126	14	78	142	30	94	158	46	110	174	2026	2028	2077	2014	2013	2018	2028	2079	2033	2017	2025	2070
304998	62	126	14	78	142	30	94	158	46	110	174	2026	2030	2098	2019	1991	2017	2031	2073	2024	2021	2027	2068
304998	62	126	14	78	142	30	94	158	46	110	174	2027	2038	2142	2013	2007	1972	2024	2077	1993	2022	2020	2020
304998	62	126	14	78	142	30	94	158	46	110	174	2028	2034	2176	2010	1996	1938	2015	2083	1953	2020	2019	1964
304998	62	126	14	78	142	30	94	158	46	110	174	2026	2028	2184	2010	2006	1934	2019	2079	1948	2021	2016	1949
304998	62	126	14	78	142	30	94	158	46	110	174	2026	2030	2148	2006	2005	1964	2024	2078	1973	2016	2026	2000
304998	62	126	14	78	142	30	94	158	46	110	174	2026	2028	2108	2013	2006	2001	2029	2075	2019	2021	2022	2059
304998	62	126	14	78	142	30	94	158	46	110	174	2024	2035	2088	2015	2014	2014	2020	2077	2044	2017	2019	2080
304998	62	126	14	78	142	30	94	158	46	110	174	2025	2034	2102	2014	2004	1997	2033	2077	2015	2022	2015	2041
304998	62	126	14	78	142	30	94	158	46	110	174	2023	2027	2156	2011	2006	1958	2021	2081	1965	2017	2020	1980
304998	62	126	14	78	142	30	94	158	46	110	174	2025	2031	2187	2008	2003	1930	2023	2082	1941	2020	2022	1959
304998	62	126	14	78	142	30	94	158	46	110	174	2029	2027	2179	2009	1998	1940	2024	2079	1962	2016	2018	1976
304998	62	126	14	78	142	30	94	158	46	110	174	2023	2031	2133	2014	2002	1984	2023	2080	2001	2020	2018	2030
304998	62	126	14	78	142	30	94	158	46	110	174	2026	2037	2082	2013	2010	2008	2023	2077	2032	2021	2021	2065
304998	62	126	14	78	142	30	94	158	46	110	174	2021	2030	2084	2018	2013	2015	2024	2075	2028	2020	2028	2068
304998	62	126	14	78	142	30	94	158	46	110	174	2025	2031	2129	2013	2004	1981	2027	2072	1995	2017	2023	2025
304998	62	126	14	78	142	30	94	158	46	110	174	2027	2024	2187	2008	2000	1940	2021	2079	1963	2022	2018	1969
304998	62	126	14	78	142	30	94	158	46	110	174	2021	2034	2195	2008	2002	1929	2019	2086	1947	2021	2016	1956
304998	62	126	14	78	142	30	94	158	46	110	174	2026	2034	2155	2009	2004	1958	2026	2082	1970	2022	2018	1982
304998	62	126	14	78	142	30	94	158	46	110	174	2026	2031	2105	2015	2011	2002	2022	2075	2011	2022	2025	2050
304998	62	126	14	78	142	30	94	158	46	110	174	2031	2027	2080	2018	2008	2019	2027	2082	2039	2021	2023	2079
304998	62	126	14	78	142	30	94	158	46	110	174	2029	2029	2112	2011	2004	2006	2034	2078	2020	2020	2020	2057
304998	62	126	14	78	142	30	94	158	46	110	174	2027	2033	2157	2013	2008	1954	2032	2079	1972	2018	2016	1997
304998	62	126	14	78	142	30	94	158	46	110	174	2019	2032	2194	2011	2005	1929	2023	2083	1943	2020	2019	1947
304998	62	126	14	78	142	30	94	158	46	110	174	2028	2034	2173	2006	2005	1937	2023	2077	1953	2021	2022	1971
304998	62	126	14	78	142	30	94	158	46	110	174	2028	2027	2134	2014	2005	1975	2025	2080	1998	2021	2022	2024
304998	62	126	14	78	142	30	94	158	46	110	174	2023	2023	2094	2015	2005	2019	2018	2076	2028	2018	2017	2069
304998	62	126	14	78	142	30	94	158	46	110	174	2027	2034	2092	2015	2006	2017	2023	2078	2029	2016	2021	2065
304998	62	126	14	78	142	30	94	158	46	110	174	2023	2034	2126	2018	2006	1984	2030	2074	2001	2022	2025	2023
304998	62	126	14	78	142	30	94	158	46	110	174	2026	2034	2166	2011	2005	1946	2023	2077	1967	2019	2022	1976
304998	62	126	14	78	142	30	94	158	46	110	174	2028	2027	2188	2008	2008	1929	2020	2085	1943	2018	2024	1957
304998	62	126	14	78	142	30	94	158	46	110	174	2025	2027	2164	2006	2003	1952	2026	2082	1969	2019	2015	1983
304998	62	126	14	78	142	30	94	158	46	110	174	2018	2031	2117	2012	2010	1990	2035	2077	2010	2020	2022	2041
304998	62	126	14	78	142	30	94	158	46	110	174	2024	2036	2082	2014	2013	2015	2030	2078	2037	2017	2029	2072
304998	62	126	14	78	142	30	94	158	46	110	174	2027	2036	2094	2015	2010	2008	2030	2083	2023	2022	2021	2062
304998	62	126	14	78	142	30	94	158	46	110	174	2025	2025	2143	2011	2008	1965	2030	2084	1981	2017	2016	2002
304998	62	126	14	78	142	30	94	158	46	110	174	2020	2024	2193	2010	1993	1936	2023	2077	1942	2016	2018	1947
304998	62	126	14	78	142	30	94	158	46	110	174	2019	2028	2192	2009	1995	1936	2021	2078	1951	2019	2022	1957
304998	62	126	14	78	142	30	94	158	46	110	174	2026	2038	2138	2011	2008	1969	2023	2083	1992	2021	2024	2013
304998	62	126	14	78	142	30	94	158	46	110	174	2026	2038	2092	2012	2012	2011	2029	2078	2025	2018	2019	2064
304998	62	126	14	78	142	30	94	158	46	110	174	2029	2028	2077	2011	2013	2022	2032	2078	2033	2020	2017	2073
304998	62	126	14	78	142	30	94	158	46	110	174	2024	2029	2117	2014	2005	1993	2027	2079	2000	2020	2020	2026
304998	62	126	14	78	142	30	94	158	46	110	174	2025	2031	2172	2010	2002	1945	2021	2081	1969	2016	2025	1979
304998	62	126	14	78	142	30	94	158	46	110	174	2026	2034	2194	2011	2001	1927	2032	2089	1949	2016	2018	1966
304998	62	126	14	78	142	30	94	158	46	110	174	2023	2036	2163	2012	2000	1949	2030	2079	1963	2021	2017	1980
304998	62	126	14	78	142	30	94	158	46	110	174	2022	2028	2117	2015	1998	1995	2020	2078	2004	2018	2016	2031
304998	62	126	14	78	142	30	94	158	46	110	174	2031	2027	2082	2017	2011	2019	2026	2073	2039	2022	2026	2075
304998	62	126	14	78	142	30	94	158	46	110	174	2026	2034	2096	2015	2013	2006	2025	2083	2031	2022	2026	2061
304998	62	126	14	78	142	30	94	158	46	110	174	2026	2037	2145	2012	2005	1966	2020	2078	1984	2020	2020	2014
304998	62	126	14	78	142	30	94	158	46	110	174	2024	2035	2179	2008	2001	1934	2017	2078	1947	2022	2018	1964
304998	62	126	14	78	142	30	94	158	46	110	174	2021	2027	2183	2014	1987	1943	2015	2071	1953	2022	2016	1950
304998	62	126	14	78	142	30	94	158	46	110	174	2022	2031	2146	2008	2001	1969	2019	2080	1985	2018	2025	2001
304998	62	126	14	78	142	30	94	158	46	110	174	2022	2028	2102	2012	2008	2008	2017	2076	2022	2022	2023	2060
304998	62	126	14	78	142	30	94	158	46	110	174	2025	2032	2088	2019	2014	2013	2030	2077	2033	2019	2020	2076
304998	62	126	14	78	142	30	94	158	46	110	174	2031	2041	2104	2013	2004	2001	2029	2077	2004	2019	2021	2035
304998	62	126	14	78	142	30	94	158	46	110	174	2026	2028	2155	2010	2008	1955	2023	2079	1972	2022	2020	1978
304998	62	126	14	78	142	30	94	158	46	110	174	2026	2029	2196	2009	1999	1929	2020	2085	1947	2017	2022	1955
304998	62	126	14	78	142	30	94	158	46	110	174	2021	2027	2178	2010	2003	1942	2027	2081	1956	2021	2020	1981
304998	62	126	14	78	142	30	94	158	46	110	174	2023	2035	2134	2015	2008	1986	2023	2081	1998	2018	2018	2026
304998	62	126	14	78	142	30	94	158	46	110	174	2027	2039	2077	2018	2010	2016	2025	2075	2038	2019	2016	2065
304998	62	126	14	78	142	30	94	158	46	110	174	2029	2034	2084	2018	1998	2019	2028	2076	2036	2020	2023	2062
304998	62	126	14	78	142	30	94	158	46	110	174	2024	2031	2133	2011	1997	1976	2026	2078	1994	2021	2021	2021
304998	62	126	14	78	142	30	94	158	46	110	174	2021	2025	2188	2009	2003	1938	2019	2081	1947	2020	2017	1969
304998	62	126	14	78	142	30	94	158	46	110	174	2021	2033	2196	2011	2006	1930	2016	2071	1946	2020	2015	1950
304998	62	126	14	78	142	30	94	158	46	110	174	2026	2035	2151	2008	2007	1955	2020	2074	1986	2021	2019	1993
304998	62	126	14	78	142	30	94	158	46	110	174	2026	2028	2096	2011	2009	1998	2025	2080	2018	2021	2027	2049
304998	62	126	14	78	142	30	94	158	46	110	174	2031	2031	2079	2012	2008	2016	2025	2077	2035	2020	2022	2080
304998	62	126	14	78	142	30	94	158	46	110	174	2023	2033	2115	2011	2012	1997	2024	2073	2013	2020	2022	2047
304998	62	126	14	78	142	30	94	158	46	110	174	2028	2035	2157	2011	2001	1957	2030	2074	1981	2021	2016	1988
304998	62	126	14	78	142	30	94	158	46	110	174	2027	2036	2188	2008	2002	1931	2018	2081	1947	2020	2022	1951
304998	62	126	14	78	142	30	94	158	46	110	174	2025	2031	2175	2009	2007	1940	2014	2078	1950	2016	2022	1968
304998	62	126	14	78	142	30	94	158	46	110	174	2022	2025	2134	2014	2007	1977	2020	2077	1996	2022	2020	2030
304998	62	126	14	78	142	30	94	158	46	110	174	2026	2031	2091	2016	2000	2018	2028	2070	2034	2018	2017	2067
304998	62	126	14	78	142	30	94	158	46	110	174	2026	2033	2092	2020	2004	2018	2023	2081	2036	2021	2019	2064
304998	62	126	14	78	142	30	94	158	46	110	174	2020	2037	2124	2014	2011	1979	2017	2074	2000	2017	2021	2021
