304998	62	126	14	78	142	30	94	158	46	110	174	2027	2035	2105	2011	2011	1999	2023	2080	2018	2020	2023	2056
304998	62	126	14	78	142	30	94	158	46	110	174	2025	2035	2072	2014	2005	2020	2032	2073	2033	2016	2024	2079
304998	62	126	14	78	142	30	94	158	46	110	174	2028	2027	2100	2018	2010	2001	2028	2070	2016	2017	2021	2057
304998	62	126	14	78	142	30	94	158	46	110	174	2020	2024	2158	2006	2004	1951	2018	2079	1976	2016	2017	1994
304998	62	126	14	78	142	30	94	158	46	110	174	2021	2037	2193	2004	2000	1928	2033	2087	1943	2019	2022	1948
304998	62	126	14	78	142	30	94	158	46	110	174	2020	2038	2176	2004	2000	1944	2025	2081	1955	2017	2025	1969
304998	62	126	14	78	142	30	94	158	46	110	174	2026	2034	2120	2008	2007	1981	2021	2080	1995	2022	2023	2031
304998	62	126	14	78	142	30	94	158	46	110	174	2028	2028	2078	2012	2010	2017	2034	2074	2041	2021	2018	2070
304998	62	126	14	78	142	30	94	158	46	110	174	2022	2023	2088	2015	2008	2010	2021	2073	2029	2016	2016	2065
304998	62	126	14	78	142	30	94	158	46	110	174	2024	2034	2134	2012	2010	1980	2022	2079	1988	2018	2023	2021
304998	62	126	14	78	142	30	94	158	46	110	174	2021	2039	2174	2006	2005	1941	2026	2085	1954	2022	2030	1975
304998	62	126	14	78	142	30	94	158	46	110	174	2022	2038	2186	2005	1999	1937	2026	2080	1952	2020	2021	1957
304998	62	126	14	78	142	30	94	158	46	110	174	2026	2034	2145	2007	1994	1960	2019	2083	1972	2018	2023	1993
304998	62	126	14	78	142	30	94	158	46	110	174	2021	2021	2109	2014	2008	1996	2013	2076	2014	2021	2018	2041
304998	62	126	14	78	142	30	94	158	46	110	174	2024	2027	2085	2013	2014	2016	2028	2075	2033	2021	2026	2076
304998	62	126	14	78	142	30	94	158	46	110	174	2023	2036	2102	2015	2010	2001	2026	2074	2020	2022	2020	2053
304998	62	126	14	78	142	30	94	158	46	110	174	2026	2035	2150	2014	2003	1962	2019	2076	1983	2020	2018	1997
304998	62	126	14	78	142	30	94	158	46	110	174	2024	2028	2185	2009	1993	1931	2015	2084	1950	2018	2018	1952
304998	62	126	14	78	142	30	94	158	46	110	174	2018	2028	2181	2012	1994	1935	2017	2081	1954	2016	2026	1960
304998	62	126	14	78	142	30	94	158	46	110	174	2023	2027	2141	2010	2000	1976	2020	2078	1986	2018	2021	2021
304998	62	126	14	78	142	30	94	158	46	110	174	2024	2035	2092	2014	2004	2019	2022	2074	2031	2018	2019	2075
304998	62	126	14	78	142	30	94	158	46	110	174	2030	2032	2080	2018	2014	2020	2024	2078	2033	2021	2021	2070
304998	62	126	14	78	142	30	94	158	46	110	174	2027	2028	2116	2011	2001	1985	2024	2076	1999	2017	2025	2023
304998	62	126	14	78	142	30	94	158	46	110	174	2024	2032	2170	2010	2001	1939	2018	2085	1958	2017	2027	1981
304998	62	126	14	78	142	30	94	158	46	110	174	2020	2036	2198	2007	1996	1930	2018	2076	1952	2020	2020	1957
304998	62	126	14	78	142	30	94	158	46	110	174	2018	2038	2165	2010	1999	1960	2020	2083	1969	2020	2020	1981
304998	62	126	14	78	142	30	94	158	46	110	174	2025	2034	2104	2008	2007	1994	2022	2084	2011	2022	2016	2031
304998	62	126	14	78	142	30	94	158	46	110	174	2025	2025	2077	2017	2006	2017	2022	2072	2037	2022	2025	2074
304998	62	126	14	78	142	30	94	158	46	110	174	2031	2026	2094	2018	2008	2001	2026	2074	2022	2017	2023	2069
304998	62	126	14	78	142	30	94	158	46	110	174	2026	2029	2147	2011	2006	1966	2017	2079	1989	2016	2022	2007
304998	62	126	14	78	142	30	94	158	46	110	174	2018	2038	2192	2001	2000	1937	2012	2085	1952	2020	2022	1953
304998	62	126	14	78	142	30	94	158	46	110	174	2025	2039	2177	2004	1997	1936	2039	2088	1949	2017	2026	1959
304998	62	126	14	78	142	30	94	158	46	110	174	2020	2030	2142	2011	2002	1974	2015	2080	1984	2017	2023	2010
304998	62	126	14	78	142	30	94	158	46	110	174	2026	2026	2091	2012	2011	2003	2019	2074	2027	2018	2017	2065
304998	62	126	14	78	142	30	94	158	46	110	174	2025	2026	2086	2014	2008	2017	2020	2075	2041	2021	2015	2075
304998	62	126	14	78	142	30	94	158	46	110	174	2022	2036	2121	2013	2007	1994	2019	2073	2008	2018	2022	2033
304998	62	126	14	78	142	30	94	158	46	110	174	2026	2038	2164	2009	2005	1951	2022	2081	1965	2020	2028	1978
304998	62	126	14	78	142	30	94	158	46	110	174	2022	2034	2182	2008	1997	1925	2014	2079	1941	2020	2022	1958
304998	62	126	14	78	142	30	94	158	46	110	174	2026	2029	2166	2004	2007	1948	2014	2082	1972	2020	2018	1981
304998	62	126	14	78	142	30	94	158	46	110	174	2023	2032	2121	2010	2004	1992	2016	2081	2008	2016	2019	2030
304998	62	126	14	78	142	30	94	158	46	110	174	2024	2038	2086	2018	2008	2020	2025	2076	2033	2022	2025	2070
304998	62	126	14	78	142	30	94	158	46	110	174	2030	2035	2091	2013	2011	2007	2028	2071	2024	2022	2023	2068
304998	62	126	14	78	142	30	94	158	46	110	174	2033	2037	2129	2012	2001	1973	2023	2077	1992	2020	2024	2014
304998	62	126	14	78	142	30	94	158	46	110	174	2018	2028	2182	2006	2004	1938	2010	2080	1956	2017	2018	1957
304998	62	126	14	78	142	30	94	158	46	110	174	2017	2030	2198	2008	1995	1937	2010	2083	1951	2021	2026	1951
304998	62	126	14	78	142	30	94	158	46	110	174	2020	2037	2151	2006	2001	1968	2023	2080	1982	2018	2026	2001
304998	62	126	14	78	142	30	94	158	46	110	174	2023	2036	2096	2013	2008	2002	2025	2072	2025	2021	2018	2064
304998	62	126	14	78	142	30	94	158	46	110	174	2026	2031	2075	2016	2011	2018	2022	2074	2044	2018	2014	2074
304998	62	126	14	78	142	30	94	158	46	110	174	2027	2031	2108	2015	2011	1992	2018	2078	2017	2022	2020	2033
304998	62	126	14	78	142	30	94	158	46	110	174	2020	2032	2168	2007	2005	1956	2015	2082	1971	2018	2027	1984
304998	62	126	14	78	142	30	94	158	46	110	174	2015	2037	2196	2003	1996	1936	2016	2083	1944	2020	2026	1962
304998	62	126	14	78	142	30	94	158	46	110	174	2016	2036	2174	2005	1999	1940	2016	2080	1957	2018	2021	1976
304998	62	126	14	78	142	30	94	158	46	110	174	2027	2031	2117	2014	1996	1986	2018	2078	2010	2019	2015	2021
304998	62	126	14	78	142	30	94	158	46	110	174	2024	2023	2081	2014	2013	2013	2025	2077	2033	2017	2021	2071
304998	62	126	14	78	142	30	94	158	46	110	174	2028	2023	2091	2015	2011	2018	2023	2072	2025	2017	2026	2074
304998	62	126	14	78	142	30	94	158	46	110	174	2025	2034	2138	2015	2001	1980	2025	2081	1995	2022	2019	2023
304998	62	126	14	78	142	30	94	158	46	110	174	2022	2042	2179	2009	1996	1936	2015	2081	1957	2017	2020	1964
304998	62	126	14	78	142	30	94	158	46	110	174	2019	2034	2182	2008	1996	1927	2015	2087	1954	2017	2021	1947
304998	62	126	14	78	142	30	94	158	46	110	174	2020	2028	2147	2009	2002	1963	2022	2081	1978	2020	2029	2000
304998	62	126	14	78	142	30	94	158	46	110	174	2027	2029	2101	2011	2006	2002	2022	2081	2015	2019	2023	2058
304998	62	126	14	78	142	30	94	158	46	110	174	2025	2031	2084	2014	2011	2021	2031	2072	2033	2018	2018	2079
304998	62	126	14	78	142	30	94	158	46	110	174	2026	2034	2106	2015	2008	1995	2023	2074	2025	2017	2019	2046
304998	62	126	14	78	142	30	94	158	46	110	174	2020	2036	2150	2010	2001	1954	2025	2084	1981	2016	2025	1992
304998	62	126	14	78	142	30	94	158	46	110	174	2007	2023	2194	2011	1992	1933	2007	2083	1949	2016	2025	1959
304998	62	126	14	78	142	30	94	158	46	110	174	2012	2027	2182	2004	2000	1942	2015	2083	1955	2020	2020	1970
304998	62	126	14	78	142	30	94	158	46	110	174	2018	2031	2138	2008	1997	1982	2030	2075	1996	2020	2017	2020
304998	62	126	14	78	142	30	94	158	46	110	174	2025	2036	2087	2011	2008	2014	2020	2075	2036	2022	2021	2064
304998	62	126	14	78	142	30	94	158	46	110	174	2028	2033	2078	2015	2011	2014	2041	2081	2038	2017	2023	2074
304998	62	126	14	78	142	30	94	158	46	110	174	2028	2031	2118	2013	2001	1984	2027	2079	1995	2021	2021	2032
304998	62	126	14	78	142	30	94	158	46	110	174	2018	2032	2177	2006	2002	1944	2023	2085	1960	2022	2021	1974
304998	62	126	14	78	142	30	94	158	46	110	174	2019	2035	2194	2009	1983	1932	2021	2076	1953	2017	2023	1946
304998	62	126	14	78	142	30	94	158	46	110	174	2017	2034	2162	2008	2001	1953	2014	2081	1974	2016	2029	1987
304998	62	126	14	78	142	30	94	158	46	110	174	2024	2037	2100	2011	2008	1999	2027	2080	2015	2018	2022	2054
304998	62	126	14	78	142	30	94	158	46	110	174	2031	2024	2076	2016	2008	2019	2022	2072	2035	2021	2018	2080
304998	62	126	14	78	142	30	94	158	46	110	174	2025	2025	2096	2017	2011	2005	2023	2072	2018	2017	2019	2048
304998	62	126	14	78	142	30	94	158	46	110	174	2019	2027	2159	2015	1992	1965	2013	2076	1987	2020	2027	1995
304998	62	126	14	78	142	30	94	158	46	110	174	2017	2034	2188	2011	1989	1937	2009	2083	1950	2020	2029	1961
304998	62	126	14	78	142	30	94	158	46	110	174	2022	2040	2174	2006	2002	1936	2026	2087	1952	2021	2023	1970
304998	62	126	14	78	142	30	94	158	46	110	174	2020	2027	2134	2011	1998	1978	2015	2079	1989	2020	2020	2011
304998	62	126	14	78	142	30	94	158	46	110	174	2028	2031	2090	2010	2010	2013	2024	2073	2028	2022	2022	2058
304998	62	126	14	78	142	30	94	158	46	110	174	2023	2031	2091	2017	2004	2020	2022	2074	2039	2022	2025	2078
304998	62	126	14	78	142	30	94	158	46	110	174	2020	2037	2119	2014	2002	1981	2019	2075	2004	2016	2023	2043
304998	62	126	14	78	142	30	94	158	46	110	174	2022	2041	2162	2006	2007	1945	2019	2079	1960	2020	2019	1976
304998	62	126	14	78	142	30	94	158	46	110	174	2020	2034	2190	2004	1998	1934	2010	2075	1945	2019	2021	1949
304998	62	126	14	78	142	30	94	158	46	110	174	2023	2033	2162	2001	2001	1949	2017	2079	1971	2021	2029	1984
304998	62	126	14	78	142	30	94	158	46	110	174	2018	2027	2119	2010	1999	1996	2020	2078	2010	2020	2023	2045
304998	62	126	14	78	142	30	94	158	46	110	174	2024	2037	2082	2016	2007	2016	2023	2076	2033	2022	2025	2076
304998	62	126	14	78	142	30	94	158	46	110	174	2031	2037	2092	2014	2009	2011	2025	2075	2024	2018	2016	2060
304998	62	126	14	78	142	30	94	158	46	110	174	2026	2034	2131	2012	2000	1975	2027	2076	1985	2017	2026	2005
304998	62	126	14	78	142	30	94	158	46	110	174	2020	2027	2188	2005	1992	1934	2009	2085	1955	2017	2027	1962
304998	62	126	14	78	142	30	94	158	46	110	174	2018	2032	2191	2003	1991	1931	2013	2085	1955	2018	2022	1960
304998	62	126	14	78	142	30	94	158	46	110	174	2021	2036	2144	2011	2000	1969	2017	2080	1980	2017	2019	2005
304998	62	126	14	78	142	30	94	158	46	110	174	2026	2035	2092	2016	2006	2008	2019	2074	2022	2021	2022	2058
304998	62	126	14	78	142	30	94	158	46	110	174	2028	2031	2072	2018	2008	2025	2029	2074	2045	2022	2025	2082
304998	62	126	14	78	142	30	94	158	46	110	174	2026	2025	2111	2018	2005	1992	2020	2081	2009	2018	2022	2044
304998	62	126	14	78	142	30	94	158	46	110	174	2023	2028	2169	2008	2002	1947	2024	2083	1969	2017	2018	1981
304998	62	126	14	78	142	30	94	158	46	110	174	2013	2038	2198	2008	1994	1933	2016	2083	1939	2017	2022	1949
304998	62	126	14	78	142	30	94	158	46	110	174	2018	2036	2171	2006	1996	1948	2015	2079	1961	2018	2032	1971
304998	62	126	14	78	142	30	94	158	46	110	174	2023	2028	2114	2016	1995	1997	2023	2075	2009	2017	2023	2037
304998	62	126	14	78	142	30	94	158	46	110	174	2028	2025	2078	2014	2004	2016	2026	2079	2038	2017	2019	2080
304998	62	126	14	78	142	30	94	158	46	110	174	2021	2026	2091	2015	2010	2014	2023	2076	2032	2020	2017	2062
304998	62	126	14	78	142	30	94	158	46	110	174	2024	2029	2141	2016	1999	1977	2028	2079	1987	2018	2025	2006
304998	62	126	14	78	142	30	94	158	46	110	174	2018	2036	2187	2007	2000	1935	2009	2072	1953	2019	2031	1967
304998	62	126	14	78	142	30	94	158	46	110	174	2024	2039	2179	2008	1988	1938	2015	2086	1957	2017	2025	1963
304998	62	126	14	78	142	30	94	158	46	110	174	2019	2024	2150	2007	1995	1965	2012	2077	1980	2018	2019	1999
304998	62	126	14	78	142	30	94	158	46	110	174	2025	2026	2099	2018	2006	1998	2017	2078	2017	2021	2025	2047
304998	62	126	14	78	142	30	94	158	46	110	174	2023	2033	2087	2017	2004	2020	2026	2073	2037	2018	2026	2078
304998	62	126	14	78	142	30	94	158	46	110	174	2028	2035	2107	2013	2011	1995	2023	2074	2016	2016	2024	2049
304998	62	126	14	78	142	30	94	158	46	110	174	2026	2035	2151	2013	2003	1955	2026	2082	1974	2022	2019	1989
304998	62	126	14	78	142	30	94	158	46	110	174	2022	2033	2190	2012	1996	1925	2010	2085	1942	2017	2019	1950
304998	62	126	14	78	142	30	94	158	46	110	174	2021	2028	2176	2008	2000	1937	2015	2087	1952	2017	2029	1970
304998	62	126	14	78	142	30	94	158	46	110	174	2016	2025	2134	2015	1995	1986	2018	2071	1999	2021	2025	2030
304998	62	126	14	78	142	30	94	158	46	110	174	2019	2030	2085	2016	2003	2020	2015	2071	2038	2018	2018	2078
304998	62	126	14	78	142	30	94	158	46	110	174	2027	2030	2084	2017	2014	2017	2040	2079	2029	2022	2015	2079
304998	62	126	14	78	142	30	94	158	46	110	174	2025	2024	2127	2018	1995	1978	2022	2077	1994	2017	2020	2012
304998	62	126	14	78	142	30	94	158	46	110	174	2022	2027	2177	2005	1997	1939	2019	2082	1954	2016	2029	1967
304998	62	126	14	78	142	30	94	158	46	110	174	2018	2030	2196	2006	1987	1940	2015	2077	1954	2022	2023	1957
304998	62	126	14	78	142	30	94	158	46	110	174	2016	2036	2154	2012	1996	1964	2012	2081	1976	2021	2023	1998
304998	62	126	14	78	142	30	94	158	46	110	174	2024	2033	2097	2015	2007	1996	2026	2077	2018	2022	2020	2047
304998	62	126	14	78	142	30	94	158	46	110	174	2029	2025	2076	2016	2003	2020	2026	2076	2033	2021	2024	2073
304998	62	126	14	78	142	30	94	158	46	110	174	2025	2025	2102	2013	2011	2003	2024	2075	2018	2016	2024	2063
304998	62	126	14	78	142	30	94	158	46	110	174	2018	2028	2157	2011	1997	1960	2025	2078	1982	2017	2023	2000
304998	62	126	14	78	142	30	94	158	46	110	174	2013	2035	2194	2008	1991	1935	2012	2084	1945	2017	2021	1948
304998	62	126	14	78	142	30	94	158	46	110	174	2020	2034	2177	2004	1993	1939	2030	2084	1957	2018	2027	1960
304998	62	126	14	78	142	30	94	158	46	110	174	2024	2031	2124	2014	2004	1975	2024	2078	1986	2017	2024	2023
304998	62	126	14	78	142	30	94	158	46	110	174	2025	2026	2088	2013	2010	2015	2022	2075	2037	2017	2020	2075
304998	62	126	14	78	142	30	94	158	46	110	174	2024	2023	2090	2018	2007	2018	2024	2077	2039	2021	2018	2072
304998	62	126	14	78	142	30	94	158	46	110	174	2024	2035	2126	2015	1998	1982	2023	2078	1999	2021	2021	2021
304998	62	126	14	78	142	30	94	158	46	110	174	2021	2032	2173	2011	2002	1939	2018	2079	1960	2020	2028	1971
304998	62	126	14	78	142	30	94	158	46	110	174	2019	2034	2182	2010	1991	1930	2017	2081	1941	2022	2029	1956
304998	62	126	14	78	142	30	94	158	46	110	174	2018	2024	2164	2008	1995	1953	2007	2075	1976	2016	2022	1985
304998	62	126	14	78	142	30	94	158	46	110	174	2022	2026	2112	2011	2007	1999	2015	2076	2012	2019	2024	2043
304998	62	126	14	78	142	30	94	158	46	110	174	2024	2033	2080	2017	2007	2018	2037	2077	2037	2016	2023	2073
304998	62	126	14	78	142	30	94	158	46	110	174	2024	2033	2091	2018	2010	2001	2024	2076	2019	2022	2025	2060
304998	62	126	14	78	142	30	94	158	46	110	174	2027	2038	2140	2018	1997	1970	2034	2073	1984	2021	2021	2008
304998	62	126	14	78	142	30	94	158	46	110	174	2021	2032	2191	2011	1992	1936	2009	2080	1949	2020	2019	1956
304998	62	126	14	78	142	30	94	158	46	110	174	2017	2028	2187	2005	1997	1940	2009	2084	1948	2016	2022	1953
304998	62	126	14	78	142	30	94	158	46	110	174	2020	2028	2145	2015	1997	1971	2030	2078	1989	2017	2027	2008
304998	62	126	14	78	142	30	94	158	46	110	174	2025	2035	2087	2018	2009	2005	2027	2075	2018	2020	2023	2075
304998	62	126	14	78	142	30	94	158	46	110	174	2030	2036	2072	2015	2013	2020	2028	2073	2043	2020	2017	2079
304998	62	126	14	78	142	30	94	158	46	110	174	2018	2027	2114	2017	2000	1993	2015	2075	2007	2019	2021	2027
304998	62	126	14	78	142	30	94	158	46	110	174	2021	2027	2170	2009	1998	1949	2017	2081	1967	2018	2029	1976
304998	62	126	14	78	142	30	94	158	46	110	174	2016	2023	2208	2010	1990	1932	2007	2080	1942	2016	2030	1954
304998	62	126	14	78	142	30	94	158	46	110	174	2019	2038	2170	2009	2002	1945	2017	2072	1966	2017	2024	1981
304998	62	126	14	78	142	30	94	158	46	110	174	2028	2035	2111	2015	2000	1991	2015	2079	2012	2018	2018	2031
304998	62	126	14	78	142	30	94	158	46	110	174	2026	2026	2072	2015	2007	2019	2019	2073	2037	2020	2019	2071
304998	62	126	14	78	142	30	94	158	46	110	174	2027	2030	2092	2013	2006	2006	2033	2078	2026	2016	2025	2071
304998	62	126	14	78	142	30	94	158	46	110	174	2021	2027	2149	2016	1995	1973	2019	2077	1979	2022	2024	2018
304998	62	126	14	78	142	30	94	158	46	110	174	2022	2038	2187	2009	2003	1932	2022	2079	1953	2017	2021	1962
304998	62	126	14	78	142	30	94	158	46	110	174	2013	2037	2182	2008	1998	1936	2009	2079	1951	2020	2018	1950
304998	62	126	14	78	142	30	94	158	46	110	174	2024	2030	2140	2012	1996	1970	2016	2082	1981	2017	2030	1999
304998	62	126	14	78	142	30	94	158	46	110	174	2024	2023	2101	2014	2005	2008	2019	2075	2021	2016	2025	2063
304998	62	126	14	78	142	30	94	158	46	110	174	2030	2028	2082	2016	2004	2018	2030	2074	2038	2020	2018	2083
304998	62	126	14	78	142	30	94	158	46	110	174	2021	2030	2113	2017	2006	1994	2020	2072	2016	2022	2025	2039
304998	62	126	14	78	142	30	94	158	46	110	174	2020	2035	2157	2011	2000	1950	2020	2081	1970	2021	2026	1976
304998	62	126	14	78	142	30	94	158	46	110	174	2024	2031	2184	2007	1993	1928	2012	2083	1938	2017	2027	1956
304998	62	126	14	78	142	30	94	158	46	110	174	2018	2025	2174	2006	1997	1941	2017	2076	1956	2020	2020	1980
304998	62	126	14	78	142	30	94	158	46	110	174	2023	2028	2124	2015	2008	1984	2021	2075	2007	2020	2018	2027
304998	62	126	14	78	142	30	94	158	46	110	174	2019	2033	2092	2016	2006	2021	2022	2076	2038	2016	2022	2067
304998	62	126	14	78	142	30	94	158	46	110	174	2027	2033	2083	2016	2006	2016	2027	2076	2033	2021	2025	2066
