304998	62	126	14	78	142	30	94	158	46	110	174	2019	2023	2199	2011	2002	1925	2018	2076	1937	2018	2022	1948
304998	62	126	14	78	142	30	94	158	46	110	174	2018	2027	2171	2016	1996	1944	2018	2072	1958	2017	2022	1972
304998	62	126	14	78	142	30	94	158	46	110	174	2020	2027	2116	2021	1996	1991	2016	2071	2017	2021	2020	2037
304998	62	126	14	78	142	30	94	158	46	110	174	2029	2034	2066	2017	2015	2020	2031	2078	2038	2018	2025	2084
304998	62	126	14	78	142	30	94	158	46	110	174	2028	2029	2084	2021	2000	2016	2023	2072	2025	2019	2025	2069
304998	62	126	14	78	142	30	94	158	46	110	174	2020	2020	2148	2017	1999	1972	2022	2073	1984	2016	2016	2009
304998	62	126	14	78	142	30	94	158	46	110	174	2018	2027	2198	2010	1992	1926	2014	2072	1950	2021	2020	1943
304998	62	126	14	78	142	30	94	158	46	110	174	2015	2024	2199	2014	1995	1926	2011	2074	1950	2020	2026	1944
304998	62	126	14	78	142	30	94	158	46	110	174	2020	2034	2146	2013	2001	1967	2016	2075	1982	2020	2026	2003
304998	62	126	14	78	142	30	94	158	46	110	174	2029	2031	2079	2015	2009	2016	2033	2073	2030	2021	2024	2078
304998	62	126	14	78	142	30	94	158	46	110	174	2028	2023	2070	2018	2008	2022	2031	2077	2033	2020	2017	2088
304998	62	126	14	78	142	30	94	158	46	110	174	2027	2019	2121	2013	2008	1994	2020	2064	2015	2018	2020	2039
304998	62	126	14	78	142	30	94	158	46	110	174	2022	2031	2178	2018	1997	1946	2018	2084	1963	2017	2023	1964
304998	62	126	14	78	142	30	94	158	46	110	174	2018	2026	2207	2014	1992	1925	2014	2076	1939	2020	2029	1946
304998	62	126	14	78	142	30	94	158	46	110	174	2020	2029	2166	2013	2000	1942	2021	2077	1954	2017	2025	1972
304998	62	126	14	78	142	30	94	158	46	110	174	2022	2026	2113	2018	1998	1988	2036	2075	2008	2020	2019	2037
304998	62	126	14	78	142	30	94	158	46	110	174	2021	2025	2074	2017	2008	2018	2024	2069	2046	2016	2017	2078
304998	62	126	14	78	142	30	94	158	46	110	174	2024	2027	2092	2021	2006	2017	2033	2080	2036	2020	2021	2070
304998	62	126	14	78	142	30	94	158	46	110	174	2023	2028	2144	2016	2001	1971	2032	2075	1984	2022	2024	2013
304998	62	126	14	78	142	30	94	158	46	110	174	2023	2034	2186	2014	1999	1933	2022	2075	1941	2020	2021	1960
304998	62	126	14	78	142	30	94	158	46	110	174	2020	2026	2197	2011	1991	1930	2028	2074	1940	2021	2022	1943
304998	62	126	14	78	142	30	94	158	46	110	174	2016	2020	2154	2016	1998	1957	2011	2075	1979	2021	2018	1989
304998	62	126	14	78	142	30	94	158	46	110	174	2022	2025	2098	2018	2004	2007	2023	2081	2020	2021	2024	2061
304998	62	126	14	78	142	30	94	158	46	110	174	2025	2030	2078	2023	2002	2031	2030	2074	2044	2019	2021	2091
304998	62	126	14	78	142	30	94	158	46	110	174	2028	2036	2099	2017	2011	2000	2032	2074	2013	2020	2019	2062
304998	62	126	14	78	142	30	94	158	46	110	174	2025	2030	2158	2012	2003	1950	2024	2073	1974	2018	2018	1976
304998	62	126	14	78	142	30	94	158	46	110	174	2023	2026	2196	2010	2002	1919	2018	2078	1939	2020	2020	1937
304998	62	126	14	78	142	30	94	158	46	110	174	2019	2027	2185	2017	1993	1942	2018	2078	1952	2017	2030	1960
304998	62	126	14	78	142	30	94	158	46	110	174	2023	2028	2136	2015	2007	1985	2027	2078	1994	2021	2022	2031
304998	62	126	14	78	142	30	94	158	46	110	174	2028	2034	2075	2020	2010	2022	2034	2072	2039	2018	2017	2084
304998	62	126	14	78	142	30	94	158	46	110	174	2028	2031	2077	2019	2008	2022	2025	2074	2036	2017	2015	2074
304998	62	126	14	78	142	30	94	158	46	110	174	2025	2026	2126	2020	2006	1978	2030	2081	1996	2021	2024	2021
304998	62	126	14	78	142	30	94	158	46	110	174	2024	2025	2192	2017	1994	1943	2020	2075	1951	2017	2025	1956
304998	62	126	14	78	142	30	94	158	46	110	174	2021	2027	2208	2011	2000	1929	2022	2078	1931	2018	2020	1946
304998	62	126	14	78	142	30	94	158	46	110	174	2022	2031	2163	2015	1999	1955	2017	2074	1975	2020	2021	1985
304998	62	126	14	78	142	30	94	158	46	110	174	2029	2033	2094	2015	2008	1999	2031	2079	2020	2022	2017	2051
304998	62	126	14	78	142	30	94	158	46	110	174	2031	2026	2066	2016	2017	2023	2028	2074	2041	2018	2022	2091
304998	62	126	14	78	142	30	94	158	46	110	174	2033	2023	2099	2015	2014	2007	2033	2077	2016	2019	2022	2063
304998	62	126	14	78	142	30	94	158	46	110	174	2026	2031	2164	2014	1999	1961	2041	2074	1974	2022	2025	1995
304998	62	126	14	78	142	30	94	158	46	110	174	2017	2031	2208	2010	1995	1927	2023	2077	1943	2017	2017	1940
304998	62	126	14	78	142	30	94	158	46	110	174	2021	2035	2189	2013	2002	1930	2019	2079	1947	2017	2019	1948
304998	62	126	14	78	142	30	94	158	46	110	174	2027	2024	2134	2015	2001	1979	2025	2078	1991	2021	2023	2019
304998	62	126	14	78	142	30	94	158	46	110	174	2032	2026	2078	2014	2015	2019	2039	2068	2037	2016	2019	2086
304998	62	126	14	78	142	30	94	158	46	110	174	2028	2026	2079	2021	2006	2021	2029	2073	2044	2020	2017	2085
304998	62	126	14	78	142	30	94	158	46	110	174	2029	2031	2127	2017	2008	1980	2027	2078	1999	2022	2015	2021
304998	62	126	14	78	142	30	94	158	46	110	174	2029	2033	2177	2013	2001	1936	2024	2081	1954	2016	2022	1960
304998	62	126	14	78	142	30	94	158	46	110	174	2020	2026	2199	2013	1996	1930	2017	2076	1931	2021	2024	1937
304998	62	126	14	78	142	30	94	158	46	110	174	2025	2024	2162	2013	2003	1950	2017	2073	1969	2021	2020	1984
304998	62	126	14	78	142	30	94	158	46	110	174	2031	2024	2114	2016	2002	2001	2027	2077	2017	2022	2016	2048
304998	62	126	14	78	142	30	94	158	46	110	174	2033	2031	2076	2025	2012	2020	2037	2077	2041	2019	2017	2079
304998	62	126	14	78	142	30	94	158	46	110	174	2033	2034	2091	2018	2008	2005	2031	2072	2020	2019	2022	2066
304998	62	126	14	78	142	30	94	158	46	110	174	2034	2029	2144	2013	2000	1964	2027	2071	1977	2020	2021	2003
304998	62	126	14	78	142	30	94	158	46	110	174	2024	2026	2193	2009	2005	1929	2020	2080	1945	2020	2016	1944
304998	62	126	14	78	142	30	94	158	46	110	174	2024	2027	2195	2008	1995	1925	2025	2082	1941	2022	2015	1945
304998	62	126	14	78	142	30	94	158	46	110	174	2023	2027	2146	2014	2007	1967	2032	2079	1983	2021	2020	2004
304998	62	126	14	78	142	30	94	158	46	110	174	2024	2031	2089	2017	2009	2016	2025	2073	2030	2019	2020	2078
304998	62	126	14	78	142	30	94	158	46	110	174	2031	2028	2065	2018	2009	2023	2026	2067	2046	2020	2019	2094
304998	62	126	14	78	142	30	94	158	46	110	174	2031	2027	2110	2016	2007	1993	2029	2078	2009	2021	2015	2034
304998	62	126	14	78	142	30	94	158	46	110	174	2026	2025	2178	2014	2005	1942	2022	2077	1957	2019	2018	1964
304998	62	126	14	78	142	30	94	158	46	110	174	2021	2026	2206	2011	1999	1919	2021	2081	1932	2017	2024	1938
304998	62	126	14	78	142	30	94	158	46	110	174	2026	2038	2175	2011	2005	1948	2019	2073	1964	2022	2020	1974
304998	62	126	14	78	142	30	94	158	46	110	174	2028	2035	2111	2016	2009	1992	2025	2077	2013	2019	2016	2045
304998	62	126	14	78	142	30	94	158	46	110	174	2032	2028	2070	2017	2005	2024	2033	2074	2038	2018	2015	2083
304998	62	126	14	78	142	30	94	158	46	110	174	2028	2022	2086	2016	2014	2006	2028	2071	2026	2021	2021	2066
304998	62	126	14	78	142	30	94	158	46	110	174	2027	2025	2144	2018	2009	1969	2034	2074	1984	2021	2023	2009
304998	62	126	14	78	142	30	94	158	46	110	174	2023	2027	2201	2012	2001	1929	2025	2081	1951	2020	2017	1952
304998	62	126	14	78	142	30	94	158	46	110	174	2022	2034	2199	2008	2004	1927	2018	2084	1937	2020	2015	1947
304998	62	126	14	78	142	30	94	158	46	110	174	2024	2028	2144	2013	1997	1966	2023	2077	1975	2016	2018	1994
304998	62	126	14	78	142	30	94	158	46	110	174	2033	2022	2086	2017	2012	2007	2028	2075	2024	2020	2022	2060
304998	62	126	14	78	142	30	94	158	46	110	174	2034	2023	2073	2021	2012	2026	2034	2065	2047	2020	2022	2098
304998	62	126	14	78	142	30	94	158	46	110	174	2024	2023	2119	2018	2006	1995	2029	2075	2016	2020	2016	2054
304998	62	126	14	78	142	30	94	158	46	110	174	2026	2036	2172	2011	2007	1950	2028	2081	1965	2022	2016	1975
304998	62	126	14	78	142	30	94	158	46	110	174	2023	2037	2201	2012	1993	1917	2011	2080	1935	2018	2021	1930
304998	62	126	14	78	142	30	94	158	46	110	174	2027	2030	2184	2008	2004	1936	2018	2074	1956	2021	2024	1964
304998	62	126	14	78	142	30	94	158	46	110	174	2025	2028	2123	2013	2006	1985	2021	2076	2009	2021	2019	2035
304998	62	126	14	78	142	30	94	158	46	110	174	2025	2024	2076	2018	2013	2028	2026	2071	2042	2020	2014	2086
304998	62	126	14	78	142	30	94	158	46	110	174	2024	2031	2087	2016	2013	2015	2027	2069	2037	2022	2015	2070
304998	62	126	14	78	142	30	94	158	46	110	174	2028	2032	2139	2015	2003	1974	2029	2074	1992	2022	2023	2012
304998	62	126	14	78	142	30	94	158	46	110	174	2030	2033	2185	2011	2006	1932	2027	2078	1954	2022	2021	1957
304998	62	126	14	78	142	30	94	158	46	110	174	2024	2028	2199	2008	2004	1920	2014	2079	1937	2019	2019	1944
304998	62	126	14	78	142	30	94	158	46	110	174	2024	2033	2164	2006	2008	1963	2019	2082	1972	2020	2016	1986
304998	62	126	14	78	142	30	94	158	46	110	174	2027	2026	2108	2018	2010	2004	2026	2073	2018	2022	2024	2055
304998	62	126	14	78	142	30	94	158	46	110	174	2032	2027	2074	2021	2014	2023	2026	2067	2045	2018	2023	2091
304998	62	126	14	78	142	30	94	158	46	110	174	2035	2031	2090	2020	2002	1999	2026	2074	2018	2020	2019	2058
304998	62	126	14	78	142	30	94	158	46	110	174	2021	2022	2161	2010	2006	1951	2021	2078	1971	2018	2016	1985
304998	62	126	14	78	142	30	94	158	46	110	174	2024	2035	2204	2011	1996	1929	2025	2083	1935	2018	2016	1929
304998	62	126	14	78	142	30	94	158	46	110	174	2023	2033	2192	2007	1996	1938	2024	2077	1949	2016	2022	1950
304998	62	126	14	78	142	30	94	158	46	110	174	2026	2035	2125	2013	2011	1977	2024	2080	2002	2021	2020	2034
304998	62	126	14	78	142	30	94	158	46	110	174	2030	2027	2075	2018	2014	2017	2039	2072	2040	2022	2017	2087
304998	62	126	14	78	142	30	94	158	46	110	174	2028	2023	2070	2021	2019	2020	2026	2066	2035	2019	2014	2080
304998	62	126	14	78	142	30	94	158	46	110	174	2031	2028	2128	2018	2006	1984	2028	2073	1995	2017	2019	2019
304998	62	126	14	78	142	30	94	158	46	110	174	2013	2024	2209	2012	1996	1934	2015	2076	1954	2016	2020	1961
304998	62	126	14	78	142	30	94	158	46	110	174	2021	2042	2204	2008	2001	1917	2022	2085	1941	2017	2022	1940
304998	62	126	14	78	142	30	94	158	46	110	174	2019	2036	2159	2008	2007	1957	2019	2081	1968	2020	2017	1982
304998	62	126	14	78	142	30	94	158	46	110	174	2031	2029	2094	2015	2014	2003	2021	2079	2007	2017	2015	2051
304998	62	126	14	78	142	30	94	158	46	110	174	2030	2019	2072	2020	2009	2023	2030	2063	2049	2019	2023	2089
304998	62	126	14	78	142	30	94	158	46	110	174	2028	2020	2098	2022	2000	2008	2029	2072	2027	2020	2019	2067
304998	62	126	14	78	142	30	94	158	46	110	174	2027	2033	2158	2015	2010	1954	2028	2079	1976	2022	2017	1998
304998	62	126	14	78	142	30	94	158	46	110	174	2020	2043	2196	2011	1994	1930	2015	2079	1932	2016	2014	1937
304998	62	126	14	78	142	30	94	158	46	110	174	2023	2035	2185	2007	2005	1936	2020	2077	1942	2019	2024	1945
304998	62	126	14	78	142	30	94	158	46	110	174	2023	2023	2138	2009	2008	1971	2019	2074	1996	2019	2023	2016
304998	62	126	14	78	142	30	94	158	46	110	174	2032	2027	2085	2016	2010	2014	2027	2077	2035	2017	2016	2086
304998	62	126	14	78	142	30	94	158	46	110	174	2033	2025	2082	2020	2015	2021	2037	2074	2042	2022	2015	2087
304998	62	126	14	78	142	30	94	158	46	110	174	2030	2038	2113	2016	2011	1985	2020	2073	1998	2020	2017	2025
304998	62	126	14	78	142	30	94	158	46	110	174	2026	2038	2171	2009	2004	1943	2018	2077	1957	2022	2023	1967
304998	62	126	14	78	142	30	94	158	46	110	174	2021	2035	2203	2003	1998	1917	2015	2083	1941	2017	2025	1947
304998	62	126	14	78	142	30	94	158	46	110	174	2023	2034	2170	2008	2005	1945	2023	2081	1958	2016	2021	1975
304998	62	126	14	78	142	30	94	158	46	110	174	2023	2031	2116	2015	2011	1995	2022	2076	2011	2020	2016	2043
304998	62	126	14	78	142	30	94	158	46	110	174	2029	2027	2074	2019	2011	2029	2028	2064	2042	2016	2022	2089
304998	62	126	14	78	142	30	94	158	46	110	174	2033	2026	2080	2017	2011	2013	2030	2073	2037	2022	2018	2072
304998	62	126	14	78	142	30	94	158	46	110	174	2024	2026	2144	2013	2003	1966	2019	2078	1980	2018	2018	2003
304998	62	126	14	78	142	30	94	158	46	110	174	2022	2032	2198	2009	2001	1929	2025	2085	1944	2016	2018	1941
304998	62	126	14	78	142	30	94	158	46	110	174	2020	2036	2200	2006	2004	1924	2023	2081	1935	2022	2022	1940
304998	62	126	14	78	142	30	94	158	46	110	174	2021	2032	2145	2009	2004	1967	2020	2072	1984	2018	2025	2003
304998	62	126	14	78	142	30	94	158	46	110	174	2031	2028	2077	2014	2007	2018	2030	2078	2034	2021	2018	2076
304998	62	126	14	78	142	30	94	158	46	110	174	2032	2020	2067	2021	2010	2020	2026	2072	2041	2016	2012	2094
304998	62	126	14	78	142	30	94	158	46	110	174	2033	2026	2113	2015	2010	1991	2025	2076	2002	2021	2017	2037
304998	62	126	14	78	142	30	94	158	46	110	174	2024	2027	2181	2013	2001	1947	2033	2076	1957	2021	2025	1968
304998	62	126	14	78	142	30	94	158	46	110	174	2017	2039	2207	2003	2004	1919	2019	2081	1943	2021	2026	1939
304998	62	126	14	78	142	30	94	158	46	110	174	2027	2046	2167	2004	2000	1943	2021	2085	1953	2017	2022	1975
304998	62	126	14	78	142	30	94	158	46	110	174	2023	2023	2110	2016	2002	1988	2019	2073	2006	2022	2016	2031
304998	62	126	14	78	142	30	94	158	46	110	174	2028	2023	2070	2022	2015	2020	2025	2070	2036	2017	2018	2085
304998	62	126	14	78	142	30	94	158	46	110	174	2027	2019	2093	2022	2008	2017	2022	2065	2036	2022	2019	2079
304998	62	126	14	78	142	30	94	158	46	110	174	2027	2035	2144	2016	2009	1973	2034	2082	1991	2021	2017	2016
304998	62	126	14	78	142	30	94	158	46	110	174	2025	2044	2189	2007	2002	1931	2026	2084	1942	2019	2017	1945
304998	62	126	14	78	142	30	94	158	46	110	174	2020	2034	2192	2013	1998	1922	2016	2084	1933	2020	2020	1936
304998	62	126	14	78	142	30	94	158	46	110	174	2024	2032	2147	2008	2007	1956	2031	2080	1973	2017	2024	1994
304998	62	126	14	78	142	30	94	158	46	110	174	2031	2026	2094	2017	2005	2014	2022	2067	2033	2017	2017	2067
304998	62	126	14	78	142	30	94	158	46	110	174	2034	2027	2073	2019	2014	2027	2031	2076	2044	2021	2013	2100
304998	62	126	14	78	142	30	94	158	46	110	174	2034	2028	2102	2018	2009	1998	2035	2075	2015	2017	2018	2048
304998	62	126	14	78	142	30	94	158	46	110	174	2032	2034	2157	2016	1999	1950	2032	2084	1960	2016	2023	1974
304998	62	126	14	78	142	30	94	158	46	110	174	2028	2034	2197	2002	2006	1917	2017	2079	1938	2020	2029	1935
304998	62	126	14	78	142	30	94	158	46	110	174	2026	2034	2182	2002	2003	1937	2030	2089	1958	2016	2021	1967
304998	62	126	14	78	142	30	94	158	46	110	174	2026	2031	2125	2013	2001	1989	2032	2078	1996	2020	2017	2026
304998	62	126	14	78	142	30	94	158	46	110	174	2028	2030	2073	2017	2014	2017	2033	2075	2039	2016	2012	2078
304998	62	126	14	78	142	30	94	158	46	110	174	2038	2026	2071	2017	2008	2019	2035	2070	2037	2020	2017	2083
304998	62	126	14	78	142	30	94	158	46	110	174	2032	2024	2124	2016	2010	1975	2025	2071	1998	2022	2019	2030
304998	62	126	14	78	142	30	94	158	46	110	174	2026	2035	2186	2006	2005	1933	2018	2086	1951	2021	2021	1953
304998	62	126	14	78	142	30	94	158	46	110	174	2023	2036	2206	2006	1990	1933	2019	2087	1936	2020	2018	1928
304998	62	126	14	78	142	30	94	158	46	110	174	2019	2038	2161	2004	2004	1955	2022	2081	1969	2021	2024	1984
304998	62	126	14	78	142	30	94	158	46	110	174	2030	2035	2094	2017	2007	2002	2028	2070	2021	2017	2020	2067
304998	62	126	14	78	142	30	94	158	46	110	174	2034	2021	2060	2021	2016	2019	2024	2069	2049	2017	2014	2094
304998	62	126	14	78	142	30	94	158	46	110	174	2033	2020	2097	2016	2011	2002	2029	2073	2018	2016	2013	2056
304998	62	126	14	78	142	30	94	158	46	110	174	2027	2033	2158	2013	2001	1957	2044	2082	1968	2018	2018	1979
304998	62	126	14	78	142	30	94	158	46	110	174	2023	2039	2208	2005	2007	1921	2020	2085	1936	2020	2028	1940
304998	62	126	14	78	142	30	94	158	46	110	174	2028	2044	2186	2001	2005	1927	2026	2093	1955	2021	2022	1955
304998	62	126	14	78	142	30	94	158	46	110	174	2029	2037	2122	2013	2001	1986	2031	2084	1996	2021	2016	2020
304998	62	126	14	78	142	30	94	158	46	110	174	2035	2024	2070	2020	2009	2020	2029	2074	2032	2019	2014	2079
304998	62	126	14	78	142	30	94	158	46	110	174	2033	2020	2077	2019	2014	2031	2035	2065	2037	2016	2019	2083
304998	62	126	14	78	142	30	94	158	46	110	174	2027	2027	2130	2019	2004	1982	2026	2075	2004	2017	2020	2037
304998	62	126	14	78	142	30	94	158	46	110	174	2026	2041	2183	2006	2008	1931	2029	2087	1953	2017	2020	1961
304998	62	126	14	78	142	30	94	158	46	110	174	2023	2046	2199	2006	1993	1925	2022	2087	1931	2020	2020	1933
304998	62	126	14	78	142	30	94	158	46	110	174	2028	2036	2158	2010	2003	1950	2022	2083	1959	2020	2020	1972
304998	62	126	14	78	142	30	94	158	46	110	174	2031	2026	2100	2009	2000	2001	2025	2072	2017	2017	2022	2052
304998	62	126	14	78	142	30	94	158	46	110	174	2037	2017	2070	2020	2008	2033	2025	2074	2049	2017	2015	2096
304998	62	126	14	78	142	30	94	158	46	110	174	2033	2025	2095	2018	2015	2006	2035	2071	2023	2021	2011	2065
304998	62	126	14	78	142	30	94	158	46	110	174	2028	2041	2150	2012	2012	1965	2019	2078	1971	2018	2018	1990
304998	62	126	14	78	142	30	94	158	46	110	174	2025	2043	2192	2004	2003	1927	2025	2085	1938	2019	2025	1940
304998	62	126	14	78	142	30	94	158	46	110	174	2024	2038	2187	1999	2006	1930	2021	2081	1951	2017	2022	1953
304998	62	126	14	78	142	30	94	158	46	110	174	2033	2031	2139	2008	2010	1965	2024	2081	1985	2020	2016	2012
