304998	62	126	14	78	142	30	94	158	46	110	174	2026	2038	2171	2009	2004	1943	2018	2077	1957	2022	2023	1967
304998	62	126	14	78	142	30	94	158	46	110	174	2021	2035	2203	2003	1998	1917	2015	2083	1941	2017	2025	1947
304998	62	126	14	78	142	30	94	158	46	110	174	2023	2034	2170	2008	2005	1945	2023	2081	1958	2016	2021	1975
304998	62	126	14	78	142	30	94	158	46	110	174	2023	2031	2116	2015	2011	1995	2022	2076	2011	2020	2016	2043
304998	62	126	14	78	142	30	94	158	46	110	174	2029	2027	2074	2019	2011	2029	2028	2064	2042	2016	2022	2089
304998	62	126	14	78	142	30	94	158	46	110	174	2033	2026	2080	2017	2011	2013	2030	2073	2037	2022	2018	2072
304998	62	126	14	78	142	30	94	158	46	110	174	2024	2026	2144	2013	2003	1966	2019	2078	1980	2018	2018	2003
304998	62	126	14	78	142	30	94	158	46	110	174	2022	2032	2198	2009	2001	1929	2025	2085	1944	2016	2018	1941
304998	62	126	14	78	142	30	94	158	46	110	174	2020	2036	2200	2006	2004	1924	2023	2081	1935	2022	2022	1940
304998	62	126	14	78	142	30	94	158	46	110	174	2021	2032	2145	2009	2004	1967	2020	2072	1984	2018	2025	2003
304998	62	126	14	78	142	30	94	158	46	110	174	2031	2028	2077	2014	2007	2018	2030	2078	2034	2021	2018	2076
304998	62	126	14	78	142	30	94	158	46	110	174	2032	2020	2067	2021	2010	2020	2026	2072	2041	2016	2012	2094
304998	62	126	14	78	142	30	94	158	46	110	174	2033	2026	2113	2015	2010	1991	2025	2076	2002	2021	2017	2037
304998	62	126	14	78	142	30	94	158	46	110	174	2024	2027	2181	2013	2001	1947	2033	2076	1957	2021	2025	1968
304998	62	126	14	78	142	30	94	158	46	110	174	2017	2039	2207	2003	2004	1919	2019	2081	1943	2021	2026	1939
304998	62	126	14	78	142	30	94	158	46	110	174	2027	2046	2167	2004	2000	1943	2021	2085	1953	2017	2022	1975
304998	62	126	14	78	142	30	94	158	46	110	174	2023	2023	2110	2016	2002	1988	2019	2073	2006	2022	2016	2031
304998	62	126	14	78	142	30	94	158	46	110	174	2028	2023	2070	2022	2015	2020	2025	2070	2036	2017	2018	2085
304998	62	126	14	78	142	30	94	158	46	110	174	2027	2019	2093	2022	2008	2017	2022	2065	2036	2022	2019	2079
304998	62	126	14	78	142	30	94	158	46	110	174	2027	2035	2144	2016	2009	1973	2034	2082	1991	2021	2017	2016
304998	62	126	14	78	142	30	94	158	46	110	174	2025	2044	2189	2007	2002	1931	2026	2084	1942	2019	2017	1945
304998	62	126	14	78	142	30	94	158	46	110	174	2020	2034	2192	2013	1998	1922	2016	2084	1933	2020	2020	1936
304998	62	126	14	78	142	30	94	158	46	110	174	2024	2032	2147	2008	2007	1956	2031	2080	1973	2017	2024	1994
304998	62	126	14	78	142	30	94	158	46	110	174	2031	2026	2094	2017	2005	2014	2022	2067	2033	2017	2017	2067
304998	62	126	14	78	142	30	94	158	46	110	174	2034	2027	2073	2019	2014	2027	2031	2076	2044	2021	2013	2100
304998	62	126	14	78	142	30	94	158	46	110	174	2034	2028	2102	2018	2009	1998	2035	2075	2015	2017	2018	2048
304998	62	126	14	78	142	30	94	158	46	110	174	2032	2034	2157	2016	1999	1950	2032	2084	1960	2016	2023	1974
304998	62	126	14	78	142	30	94	158	46	110	174	2028	2034	2197	2002	2006	1917	2017	2079	1938	2020	2029	1935
304998	62	126	14	78	142	30	94	158	46	110	174	2026	2034	2182	2002	2003	1937	2030	2089	1958	2016	2021	1967
304998	62	126	14	78	142	30	94	158	46	110	174	2026	2031	2125	2013	2001	1989	2032	2078	1996	2020	2017	2026
304998	62	126	14	78	142	30	94	158	46	110	174	2028	2030	2073	2017	2014	2017	2033	2075	2039	2016	2012	2078
304998	62	126	14	78	142	30	94	158	46	110	174	2038	2026	2071	2017	2008	2019	2035	2070	2037	2020	2017	2083
304998	62	126	14	78	142	30	94	158	46	110	174	2032	2024	2124	2016	2010	1975	2025	2071	1998	2022	2019	2030
304998	62	126	14	78	142	30	94	158	46	110	174	2026	2035	2186	2006	2005	1933	2018	2086	1951	2021	2021	1953
304998	62	126	14	78	142	30	94	158	46	110	174	2023	2036	2206	2006	1990	1933	2019	2087	1936	2020	2018	1928
304998	62	126	14	78	142	30	94	158	46	110	174	2019	2038	2161	2004	2004	1955	2022	2081	1969	2021	2024	1984
304998	62	126	14	78	142	30	94	158	46	110	174	2030	2035	2094	2017	2007	2002	2028	2070	2021	2017	2020	2067
304998	62	126	14	78	142	30	94	158	46	110	174	2034	2021	2060	2021	2016	2019	2024	2069	2049	2017	2014	2094
304998	62	126	14	78	142	30	94	158	46	110	174	2033	2020	2097	2016	2011	2002	2029	2073	2018	2016	2013	2056
304998	62	126	14	78	142	30	94	158	46	110	174	2027	2033	2158	2013	2001	1957	2044	2082	1968	2018	2018	1979
304998	62	126	14	78	142	30	94	158	46	110	174	2023	2039	2208	2005	2007	1921	2020	2085	1936	2020	2028	1940
304998	62	126	14	78	142	30	94	158	46	110	174	2028	2044	2186	2001	2005	1927	2026	2093	1955	2021	2022	1955
304998	62	126	14	78	142	30	94	158	46	110	174	2029	2037	2122	2013	2001	1986	2031	2084	1996	2021	2016	2020
304998	62	126	14	78	142	30	94	158	46	110	174	2035	2024	2070	2020	2009	2020	2029	2074	2032	2019	2014	2079
304998	62	126	14	78	142	30	94	158	46	110	174	2033	2020	2077	2019	2014	2031	2035	2065	2037	2016	2019	2083
304998	62	126	14	78	142	30	94	158	46	110	174	2027	2027	2130	2019	2004	1982	2026	2075	2004	2017	2020	2037
304998	62	126	14	78	142	30	94	158	46	110	174	2026	2041	2183	2006	2008	1931	2029	2087	1953	2017	2020	1961
304998	62	126	14	78	142	30	94	158	46	110	174	2023	2046	2199	2006	1993	1925	2022	2087	1931	2020	2020	1933
304998	62	126	14	78	142	30	94	158	46	110	174	2028	2036	2158	2010	2003	1950	2022	2083	1959	2020	2020	1972
304998	62	126	14	78	142	30	94	158	46	110	174	2031	2026	2100	2009	2000	2001	2025	2072	2017	2017	2022	2052
304998	62	126	14	78	142	30	94	158	46	110	174	2037	2017	2070	2020	2008	2033	2025	2074	2049	2017	2015	2096
304998	62	126	14	78	142	30	94	158	46	110	174	2033	2025	2095	2018	2015	2006	2035	2071	2023	2021	2011	2065
304998	62	126	14	78	142	30	94	158	46	110	174	2028	2041	2150	2012	2012	1965	2019	2078	1971	2018	2018	1990
304998	62	126	14	78	142	30	94	158	46	110	174	2025	2043	2192	2004	2003	1927	2025	2085	1938	2019	2025	1940
304998	62	126	14	78	142	30	94	158	46	110	174	2024	2038	2187	1999	2006	1930	2021	2081	1951	2017	2022	1953
304998	62	126	14	78	142	30	94	158	46	110	174	2033	2031	2139	2008	2010	1965	2024	2081	1985	2020	2016	2012
304998	62	126	14	78	142	30	94	158	46	110	174	2031	2026	2089	2020	2008	2012	2030	2074	2025	2017	2014	2069
304998	62	126	14	78	142	30	94	158	46	110	174	2033	2026	2073	2022	2018	2022	2034	2064	2038	2021	2018	2084
304998	62	126	14	78	142	30	94	158	46	110	174	2036	2036	2114	2016	2008	1990	2031	2077	2010	2020	2017	2038
304998	62	126	14	78	142	30	94	158	46	110	174	2030	2033	2168	2006	2001	1938	2025	2081	1957	2021	2020	1971
304998	62	126	14	78	142	30	94	158	46	110	174	2025	2040	2199	2002	2003	1915	2018	2088	1932	2016	2020	1938
304998	62	126	14	78	142	30	94	158	46	110	174	2030	2035	2179	2010	2004	1946	2028	2089	1955	2017	2016	1961
304998	62	126	14	78	142	30	94	158	46	110	174	2028	2027	2118	2013	2004	1996	2030	2069	2008	2018	2019	2042
304998	62	126	14	78	142	30	94	158	46	110	174	2033	2025	2072	2016	2020	2020	2032	2074	2049	2019	2016	2099
304998	62	126	14	78	142	30	94	158	46	110	174	2033	2026	2077	2023	2008	2015	2032	2073	2024	2020	2014	2079
304998	62	126	14	78	142	30	94	158	46	110	174	2037	2032	2139	2015	2010	1962	2023	2082	1978	2019	2015	2002
304998	62	126	14	78	142	30	94	158	46	110	174	2027	2037	2190	2003	2003	1927	2034	2082	1942	2020	2023	1942
304998	62	126	14	78	142	30	94	158	46	110	174	2024	2034	2203	2006	2001	1930	2017	2084	1950	2021	2020	1946
304998	62	126	14	78	142	30	94	158	46	110	174	2024	2032	2150	2004	2007	1970	2024	2083	1980	2020	2016	2008
304998	62	126	14	78	142	30	94	158	46	110	174	2028	2027	2092	2018	2010	2011	2022	2071	2030	2019	2013	2073
304998	62	126	14	78	142	30	94	158	46	110	174	2032	2026	2063	2026	1999	2026	2030	2070	2041	2020	2013	2083
304998	62	126	14	78	142	30	94	158	46	110	174	2034	2022	2102	2017	2017	1994	2031	2063	2018	2020	2021	2044
304998	62	126	14	78	142	30	94	158	46	110	174	2032	2033	2167	2007	2004	1947	2024	2086	1967	2021	2019	1981
304998	62	126	14	78	142	30	94	158	46	110	174	2026	2040	2204	1998	2006	1921	2028	2092	1934	2022	2016	1937
304998	62	126	14	78	142	30	94	158	46	110	174	2023	2034	2188	2002	2005	1936	2017	2082	1951	2022	2015	1957
304998	62	126	14	78	142	30	94	158	46	110	174	2027	2033	2121	2013	2013	1984	2035	2074	2008	2021	2019	2032
304998	62	126	14	78	142	30	94	158	46	110	174	2032	2023	2073	2018	2015	2022	2024	2064	2045	2019	2019	2095
304998	62	126	14	78	142	30	94	158	46	110	174	2035	2022	2077	2019	2015	2017	2031	2066	2029	2021	2015	2082
304998	62	126	14	78	142	30	94	158	46	110	174	2029	2026	2137	2011	2010	1976	2025	2081	1984	2022	2013	2012
304998	62	126	14	78	142	30	94	158	46	110	174	2025	2034	2195	2011	1994	1931	2019	2084	1943	2022	2018	1944
304998	62	126	14	78	142	30	94	158	46	110	174	2021	2043	2205	1998	2010	1918	2015	2084	1943	2017	2025	1940
304998	62	126	14	78	142	30	94	158	46	110	174	2029	2043	2153	2006	2003	1963	2029	2090	1975	2020	2018	2001
304998	62	126	14	78	142	30	94	158	46	110	174	2027	2027	2090	2018	2015	2006	2028	2073	2016	2018	2014	2067
304998	62	126	14	78	142	30	94	158	46	110	174	2033	2022	2065	2020	2015	2023	2036	2073	2040	2020	2011	2089
304998	62	126	14	78	142	30	94	158	46	110	174	2036	2023	2101	2019	2006	1997	2037	2069	2023	2020	2019	2054
304998	62	126	14	78	142	30	94	158	46	110	174	2033	2038	2168	2013	2009	1948	2028	2085	1969	2018	2017	1984
304998	62	126	14	78	142	30	94	158	46	110	174	2021	2045	2208	2006	2002	1917	2019	2085	1939	2020	2021	1940
304998	62	126	14	78	142	30	94	158	46	110	174	2023	2049	2181	2007	1992	1944	2017	2088	1943	2020	2018	1956
304998	62	126	14	78	142	30	94	158	46	110	174	2027	2031	2121	2007	2005	1983	2023	2069	2003	2017	2024	2021
304998	62	126	14	78	142	30	94	158	46	110	174	2027	2018	2072	2022	2010	2020	2019	2072	2043	2023	2019	2085
304998	62	126	14	78	142	30	94	158	46	110	174	2034	2017	2078	2024	2012	2020	2047	2069	2038	2016	2013	2090
304998	62	126	14	78	142	30	94	158	46	110	174	2028	2021	2140	2014	2012	1974	2031	2075	1992	2021	2018	2027
304998	62	126	14	78	142	30	94	158	46	110	174	2024	2042	2188	2003	2009	1936	2022	2084	1946	2020	2018	1947
304998	62	126	14	78	142	30	94	158	46	110	174	2018	2046	2200	2002	1993	1925	2018	2089	1943	2022	2025	1936
304998	62	126	14	78	142	30	94	158	46	110	174	2020	2034	2156	2007	2005	1953	2024	2086	1967	2017	2017	1994
304998	62	126	14	78	142	30	94	158	46	110	174	2024	2021	2100	2015	2010	1999	2027	2071	2017	2022	2018	2059
304998	62	126	14	78	142	30	94	158	46	110	174	2034	2017	2078	2022	2014	2032	2030	2063	2039	2021	2012	2086
304998	62	126	14	78	142	30	94	158	46	110	174	2025	2023	2105	2020	2014	2005	2021	2066	2026	2017	2022	2060
304998	62	126	14	78	142	30	94	158	46	110	174	2027	2038	2155	2008	2002	1962	2026	2085	1981	2017	2019	1997
304998	62	126	14	78	142	30	94	158	46	110	174	2026	2042	2199	2008	1995	1925	2025	2088	1936	2016	2020	1945
304998	62	126	14	78	142	30	94	158	46	110	174	2025	2045	2181	2003	2005	1930	2021	2092	1941	2019	2018	1950
304998	62	126	14	78	142	30	94	158	46	110	174	2030	2030	2128	2012	2010	1972	2023	2076	1989	2020	2022	2013
304998	62	126	14	78	142	30	94	158	46	110	174	2032	2020	2080	2022	2003	2018	2030	2074	2039	2021	2021	2079
304998	62	126	14	78	142	30	94	158	46	110	174	2037	2022	2085	2025	2010	2019	2048	2074	2042	2019	2014	2097
304998	62	126	14	78	142	30	94	158	46	110	174	2028	2037	2116	2016	2005	1990	2022	2073	2000	2016	2015	2037
304998	62	126	14	78	142	30	94	158	46	110	174	2025	2042	2169	2008	2005	1936	2020	2077	1954	2022	2018	1957
304998	62	126	14	78	142	30	94	158	46	110	174	2013	2037	2206	2000	2000	1924	2008	2087	1943	2020	2029	1936
304998	62	126	14	78	142	30	94	158	46	110	174	2028	2036	2167	2001	2002	1953	2036	2090	1968	2020	2022	1982
304998	62	126	14	78	142	30	94	158	46	110	174	2024	2023	2125	2013	2009	2000	2031	2073	2014	2017	2013	2046
304998	62	126	14	78	142	30	94	158	46	110	174	2037	2026	2069	2022	2015	2018	2035	2069	2037	2020	2012	2087
304998	62	126	14	78	142	30	94	158	46	110	174	2032	2024	2089	2026	2002	2013	2024	2068	2035	2017	2025	2072
304998	62	126	14	78	142	30	94	158	46	110	174	2025	2033	2142	2011	2010	1960	2020	2082	1985	2018	2022	2007
304998	62	126	14	78	142	30	94	158	46	110	174	2024	2040	2197	1997	2005	1927	2031	2092	1940	2021	2023	1945
304998	62	126	14	78	142	30	94	158	46	110	174	2016	2038	2203	1999	1981	1938	2014	2090	1941	2020	2020	1937
304998	62	126	14	78	142	30	94	158	46	110	174	2020	2032	2147	2006	2009	1968	2019	2075	1994	2017	2026	2005
304998	62	126	14	78	142	30	94	158	46	110	174	2027	2024	2082	2021	2004	2014	2020	2076	2036	2020	2020	2078
304998	62	126	14	78	142	30	94	158	46	110	174	2036	2023	2067	2023	2009	2028	2031	2074	2041	2016	2011	2093
304998	62	126	14	78	142	30	94	158	46	110	174	2035	2026	2106	2016	2013	1994	2024	2072	2004	2018	2014	2040
304998	62	126	14	78	142	30	94	158	46	110	174	2026	2038	2177	2008	1999	1944	2022	2079	1958	2018	2023	1958
304998	62	126	14	78	142	30	94	158	46	110	174	2018	2045	2207	1997	2002	1920	2014	2093	1944	2017	2030	1941
304998	62	126	14	78	142	30	94	158	46	110	174	2020	2046	2175	2002	2002	1942	2031	2091	1957	2021	2027	1979
304998	62	126	14	78	142	30	94	158	46	110	174	2025	2033	2110	2008	2008	1999	2020	2077	2004	2020	2015	2039
304998	62	126	14	78	142	30	94	158	46	110	174	2032	2017	2066	2017	2016	2020	2028	2065	2037	2017	2015	2078
304998	62	126	14	78	142	30	94	158	46	110	174	2032	2014	2086	2019	2007	2015	2019	2063	2040	2020	2017	2072
304998	62	126	14	78	142	30	94	158	46	110	174	2027	2033	2144	2016	1995	1973	2032	2086	1993	2021	2019	2014
304998	62	126	14	78	142	30	94	158	46	110	174	2016	2043	2199	2005	2007	1928	2013	2089	1943	2021	2025	1952
304998	62	126	14	78	142	30	94	158	46	110	174	2018	2052	2194	1996	1998	1929	2010	2093	1938	2018	2025	1940
304998	62	126	14	78	142	30	94	158	46	110	174	2023	2037	2145	2002	1998	1968	2022	2081	1989	2020	2029	1997
304998	62	126	14	78	142	30	94	158	46	110	174	2031	2022	2088	2011	2011	2010	2025	2071	2030	2016	2022	2072
304998	62	126	14	78	142	30	94	158	46	110	174	2037	2013	2068	2023	2017	2020	2042	2074	2038	2020	2008	2095
304998	62	126	14	78	142	30	94	158	46	110	174	2031	2023	2113	2024	2009	1996	2020	2076	2009	2022	2013	2044
304998	62	126	14	78	142	30	94	158	46	110	174	2026	2042	2167	2007	2002	1955	2024	2083	1967	2022	2029	1977
304998	62	126	14	78	142	30	94	158	46	110	174	2015	2050	2201	2001	1988	1928	2009	2086	1943	2020	2032	1938
304998	62	126	14	78	142	30	94	158	46	110	174	2015	2042	2179	2004	1986	1942	2007	2089	1955	2019	2027	1968
304998	62	126	14	78	142	30	94	158	46	110	174	2025	2027	2113	2008	2005	1983	2021	2077	2003	2018	2016	2029
304998	62	126	14	78	142	30	94	158	46	110	174	2035	2020	2077	2025	2010	2021	2030	2064	2038	2022	2011	2080
304998	62	126	14	78	142	30	94	158	46	110	174	2038	2020	2087	2018	2016	2016	2025	2063	2038	2022	2020	2084
304998	62	126	14	78	142	30	94	158	46	110	174	2027	2033	2128	2014	2004	1976	2031	2080	1999	2022	2021	2025
304998	62	126	14	78	142	30	94	158	46	110	174	2023	2044	2177	2003	1993	1933	2015	2088	1952	2022	2027	1955
304998	62	126	14	78	142	30	94	158	46	110	174	2018	2045	2189	1999	1997	1919	2015	2095	1937	2020	2023	1932
304998	62	126	14	78	142	30	94	158	46	110	174	2020	2036	2153	2002	2007	1955	2013	2081	1972	2020	2028	1992
304998	62	126	14	78	142	30	94	158	46	110	174	2023	2024	2103	2015	2008	2009	2022	2073	2028	2019	2019	2071
304998	62	126	14	78	142	30	94	158	46	110	174	2031	2021	2075	2020	2015	2026	2027	2073	2045	2020	2009	2095
304998	62	126	14	78	142	30	94	158	46	110	174	2036	2026	2094	2022	1999	2006	2023	2076	2018	2020	2011	2053
304998	62	126	14	78	142	30	94	158	46	110	174	2026	2034	2150	2011	2002	1948	2023	2080	1971	2020	2029	1986
304998	62	126	14	78	142	30	94	158	46	110	174	2018	2042	2197	1997	1996	1929	2010	2086	1945	2021	2031	1947
304998	62	126	14	78	142	30	94	158	46	110	174	2020	2044	2189	1999	1996	1940	2013	2093	1954	2016	2029	1957
304998	62	126	14	78	142	30	94	158	46	110	174	2023	2035	2132	2006	2001	1981	2027	2086	2000	2020	2017	2023
304998	62	126	14	78	142	30	94	158	46	110	174	2036	2025	2075	2017	2010	2017	2026	2072	2035	2018	2019	2075
304998	62	126	14	78	142	30	94	158	46	110	174	2034	2021	2067	2020	2005	2020	2026	2059	2038	2020	2016	2085
304998	62	126	14	78	142	30	94	158	46	110	174	2029	2025	2117	2018	2012	1982	2019	2072	2008	2020	2018	2036
304998	62	126	14	78	142	30	94	158	46	110	174	2023	2038	2178	2002	1996	1939	2029	2088	1955	2020	2028	1959
304998	62	126	14	78	142	30	94	158	46	110	174	2014	2045	2208	1996	1990	1927	2009	2092	1936	2018	2029	1933
304998	62	126	14	78	142	30	94	158	46	110	174	2016	2045	2164	1999	1999	1955	2013	2082	1964	2021	2034	1982
304998	62	126	14	78	142	30	94	158	46	110	174	2033	2035	2096	2013	2009	1999	2037	2073	2022	2017	2018	2058
304998	62	126	14	78	142	30	94	158	46	110	174	2032	2018	2063	2020	2016	2025	2020	2068	2046	2018	2008	2094
304998	62	126	14	78	142	30	94	158	46	110	174	2034	2019	2084	2016	2017	2008	2031	2073	2022	2022	2015	2061
304998	62	126	14	78	142	30	94	158	46	110	174	2026	2033	2156	2007	2003	1962	2025	2079	1974	2017	2029	1994
304998	62	126	14	78	142	30	94	158	46	110	174	2014	2043	2203	1996	1995	1926	2011	2087	1938	2020	2034	1948
304998	62	126	14	78	142	30	94	158	46	110	174	2017	2050	2190	1993	1997	1927	2006	2088	1957	2016	2029	1952
