304998	62	126	14	78	142	30	94	158	46	110	174	2021	2043	2205	1998	2010	1918	2015	2084	1943	2017	2025	1940
304998	62	126	14	78	142	30	94	158	46	110	174	2029	2043	2153	2006	2003	1963	2029	2090	1975	2020	2018	2001
304998	62	126	14	78	142	30	94	158	46	110	174	2027	2027	2090	2018	2015	2006	2028	2073	2016	2018	2014	2067
304998	62	126	14	78	142	30	94	158	46	110	174	2033	2022	2065	2020	2015	2023	2036	2073	2040	2020	2011	2089
304998	62	126	14	78	142	30	94	158	46	110	174	2036	2023	2101	2019	2006	1997	2037	2069	2023	2020	2019	2054
304998	62	126	14	78	142	30	94	158	46	110	174	2033	2038	2168	2013	2009	1948	2028	2085	1969	2018	2017	1984
304998	62	126	14	78	142	30	94	158	46	110	174	2021	2045	2208	2006	2002	1917	2019	2085	1939	2020	2021	1940
304998	62	126	14	78	142	30	94	158	46	110	174	2023	2049	2181	2007	1992	1944	2017	2088	1943	2020	2018	1956
304998	62	126	14	78	142	30	94	158	46	110	174	2027	2031	2121	2007	2005	1983	2023	2069	2003	2017	2024	2021
304998	62	126	14	78	142	30	94	158	46	110	174	2027	2018	2072	2022	2010	2020	2019	2072	2043	2023	2019	2085
304998	62	126	14	78	142	30	94	158	46	110	174	2034	2017	2078	2024	2012	2020	2047	2069	2038	2016	2013	2090
304998	62	126	14	78	142	30	94	158	46	110	174	2028	2021	2140	2014	2012	1974	2031	2075	1992	2021	2018	2027
304998	62	126	14	78	142	30	94	158	46	110	174	2024	2042	2188	2003	2009	1936	2022	2084	1946	2020	2018	1947
304998	62	126	14	78	142	30	94	158	46	110	174	2018	2046	2200	2002	1993	1925	2018	2089	1943	2022	2025	1936
304998	62	126	14	78	142	30	94	158	46	110	174	2020	2034	2156	2007	2005	1953	2024	2086	1967	2017	2017	1994
304998	62	126	14	78	142	30	94	158	46	110	174	2024	2021	2100	2015	2010	1999	2027	2071	2017	2022	2018	2059
304998	62	126	14	78	142	30	94	158	46	110	174	2034	2017	2078	2022	2014	2032	2030	2063	2039	2021	2012	2086
304998	62	126	14	78	142	30	94	158	46	110	174	2025	2023	2105	2020	2014	2005	2021	2066	2026	2017	2022	2060
304998	62	126	14	78	142	30	94	158	46	110	174	2027	2038	2155	2008	2002	1962	2026	2085	1981	2017	2019	1997
304998	62	126	14	78	142	30	94	158	46	110	174	2026	2042	2199	2008	1995	1925	2025	2088	1936	2016	2020	1945
304998	62	126	14	78	142	30	94	158	46	110	174	2025	2045	2181	2003	2005	1930	2021	2092	1941	2019	2018	1950
304998	62	126	14	78	142	30	94	158	46	110	174	2030	2030	2128	2012	2010	1972	2023	2076	1989	2020	2022	2013
304998	62	126	14	78	142	30	94	158	46	110	174	2032	2020	2080	2022	2003	2018	2030	2074	2039	2021	2021	2079
304998	62	126	14	78	142	30	94	158	46	110	174	2037	2022	2085	2025	2010	2019	2048	2074	2042	2019	2014	2097
304998	62	126	14	78	142	30	94	158	46	110	174	2028	2037	2116	2016	2005	1990	2022	2073	2000	2016	2015	2037
304998	62	126	14	78	142	30	94	158	46	110	174	2025	2042	2169	2008	2005	1936	2020	2077	1954	2022	2018	1957
304998	62	126	14	78	142	30	94	158	46	110	174	2013	2037	2206	2000	2000	1924	2008	2087	1943	2020	2029	1936
304998	62	126	14	78	142	30	94	158	46	110	174	2028	2036	2167	2001	2002	1953	2036	2090	1968	2020	2022	1982
304998	62	126	14	78	142	30	94	158	46	110	174	2024	2023	2125	2013	2009	2000	2031	2073	2014	2017	2013	2046
304998	62	126	14	78	142	30	94	158	46	110	174	2037	2026	2069	2022	2015	2018	2035	2069	2037	2020	2012	2087
304998	62	126	14	78	142	30	94	158	46	110	174	2032	2024	2089	2026	2002	2013	2024	2068	2035	2017	2025	2072
304998	62	126	14	78	142	30	94	158	46	110	174	2025	2033	2142	2011	2010	1960	2020	2082	1985	2018	2022	2007
304998	62	126	14	78	142	30	94	158	46	110	174	2024	2040	2197	1997	2005	1927	2031	2092	1940	2021	2023	1945
304998	62	126	14	78	142	30	94	158	46	110	174	2016	2038	2203	1999	1981	1938	2014	2090	1941	2020	2020	1937
304998	62	126	14	78	142	30	94	158	46	110	174	2020	2032	2147	2006	2009	1968	2019	2075	1994	2017	2026	2005
304998	62	126	14	78	142	30	94	158	46	110	174	2027	2024	2082	2021	2004	2014	2020	2076	2036	2020	2020	2078
304998	62	126	14	78	142	30	94	158	46	110	174	2036	2023	2067	2023	2009	2028	2031	2074	2041	2016	2011	2093
304998	62	126	14	78	142	30	94	158	46	110	174	2035	2026	2106	2016	2013	1994	2024	2072	2004	2018	2014	2040
304998	62	126	14	78	142	30	94	158	46	110	174	2026	2038	2177	2008	1999	1944	2022	2079	1958	2018	2023	1958
304998	62	126	14	78	142	30	94	158	46	110	174	2018	2045	2207	1997	2002	1920	2014	2093	1944	2017	2030	1941
304998	62	126	14	78	142	30	94	158	46	110	174	2020	2046	2175	2002	2002	1942	2031	2091	1957	2021	2027	1979
304998	62	126	14	78	142	30	94	158	46	110	174	2025	2033	2110	2008	2008	1999	2020	2077	2004	2020	2015	2039
304998	62	126	14	78	142	30	94	158	46	110	174	2032	2017	2066	2017	2016	2020	2028	2065	2037	2017	2015	2078
304998	62	126	14	78	142	30	94	158	46	110	174	2032	2014	2086	2019	2007	2015	2019	2063	2040	2020	2017	2072
304998	62	126	14	78	142	30	94	158	46	110	174	2027	2033	2144	2016	1995	1973	2032	2086	1993	2021	2019	2014
304998	62	126	14	78	142	30	94	158	46	110	174	2016	2043	2199	2005	2007	1928	2013	2089	1943	2021	2025	1952
304998	62	126	14	78	142	30	94	158	46	110	174	2018	2052	2194	1996	1998	1929	2010	2093	1938	2018	2025	1940
304998	62	126	14	78	142	30	94	158	46	110	174	2023	2037	2145	2002	1998	1968	2022	2081	1989	2020	2029	1997
304998	62	126	14	78	142	30	94	158	46	110	174	2031	2022	2088	2011	2011	2010	2025	2071	2030	2016	2022	2072
304998	62	126	14	78	142	30	94	158	46	110	174	2037	2013	2068	2023	2017	2020	2042	2074	2038	2020	2008	2095
304998	62	126	14	78	142	30	94	158	46	110	174	2031	2023	2113	2024	2009	1996	2020	2076	2009	2022	2013	2044
304998	62	126	14	78	142	30	94	158	46	110	174	2026	2042	2167	2007	2002	1955	2024	2083	1967	2022	2029	1977
304998	62	126	14	78	142	30	94	158	46	110	174	2015	2050	2201	2001	1988	1928	2009	2086	1943	2020	2032	1938
304998	62	126	14	78	142	30	94	158	46	110	174	2015	2042	2179	2004	1986	1942	2007	2089	1955	2019	2027	1968
304998	62	126	14	78	142	30	94	158	46	110	174	2025	2027	2113	2008	2005	1983	2021	2077	2003	2018	2016	2029
304998	62	126	14	78	142	30	94	158	46	110	174	2035	2020	2077	2025	2010	2021	2030	2064	2038	2022	2011	2080
304998	62	126	14	78	142	30	94	158	46	110	174	2038	2020	2087	2018	2016	2016	2025	2063	2038	2022	2020	2084
304998	62	126	14	78	142	30	94	158	46	110	174	2027	2033	2128	2014	2004	1976	2031	2080	1999	2022	2021	2025
304998	62	126	14	78	142	30	94	158	46	110	174	2023	2044	2177	2003	1993	1933	2015	2088	1952	2022	2027	1955
304998	62	126	14	78	142	30	94	158	46	110	174	2018	2045	2189	1999	1997	1919	2015	2095	1937	2020	2023	1932
304998	62	126	14	78	142	30	94	158	46	110	174	2020	2036	2153	2002	2007	1955	2013	2081	1972	2020	2028	1992
304998	62	126	14	78	142	30	94	158	46	110	174	2023	2024	2103	2015	2008	2009	2022	2073	2028	2019	2019	2071
304998	62	126	14	78	142	30	94	158	46	110	174	2031	2021	2075	2020	2015	2026	2027	2073	2045	2020	2009	2095
304998	62	126	14	78	142	30	94	158	46	110	174	2036	2026	2094	2022	1999	2006	2023	2076	2018	2020	2011	2053
304998	62	126	14	78	142	30	94	158	46	110	174	2026	2034	2150	2011	2002	1948	2023	2080	1971	2020	2029	1986
304998	62	126	14	78	142	30	94	158	46	110	174	2018	2042	2197	1997	1996	1929	2010	2086	1945	2021	2031	1947
304998	62	126	14	78	142	30	94	158	46	110	174	2020	2044	2189	1999	1996	1940	2013	2093	1954	2016	2029	1957
304998	62	126	14	78	142	30	94	158	46	110	174	2023	2035	2132	2006	2001	1981	2027	2086	2000	2020	2017	2023
304998	62	126	14	78	142	30	94	158	46	110	174	2036	2025	2075	2017	2010	2017	2026	2072	2035	2018	2019	2075
304998	62	126	14	78	142	30	94	158	46	110	174	2034	2021	2067	2020	2005	2020	2026	2059	2038	2020	2016	2085
304998	62	126	14	78	142	30	94	158	46	110	174	2029	2025	2117	2018	2012	1982	2019	2072	2008	2020	2018	2036
304998	62	126	14	78	142	30	94	158	46	110	174	2023	2038	2178	2002	1996	1939	2029	2088	1955	2020	2028	1959
304998	62	126	14	78	142	30	94	158	46	110	174	2014	2045	2208	1996	1990	1927	2009	2092	1936	2018	2029	1933
304998	62	126	14	78	142	30	94	158	46	110	174	2016	2045	2164	1999	1999	1955	2013	2082	1964	2021	2034	1982
304998	62	126	14	78	142	30	94	158	46	110	174	2033	2035	2096	2013	2009	1999	2037	2073	2022	2017	2018	2058
304998	62	126	14	78	142	30	94	158	46	110	174	2032	2018	2063	2020	2016	2025	2020	2068	2046	2018	2008	2094
304998	62	126	14	78	142	30	94	158	46	110	174	2034	2019	2084	2016	2017	2008	2031	2073	2022	2022	2015	2061
304998	62	126	14	78	142	30	94	158	46	110	174	2026	2033	2156	2007	2003	1962	2025	2079	1974	2017	2029	1994
304998	62	126	14	78	142	30	94	158	46	110	174	2014	2043	2203	1996	1995	1926	2011	2087	1938	2020	2034	1948
304998	62	126	14	78	142	30	94	158	46	110	174	2017	2050	2190	1993	1997	1927	2006	2088	1957	2016	2029	1952
304998	62	126	14	78	142	30	94	158	46	110	174	2019	2039	2125	2008	1997	1979	2017	2082	1993	2020	2019	2008
304998	62	126	14	78	142	30	94	158	46	110	174	2037	2019	2070	2020	2005	2023	2024	2072	2033	2018	2021	2072
304998	62	126	14	78	142	30	94	158	46	110	174	2039	2017	2064	2017	2012	2025	2026	2064	2036	2017	2018	2090
304998	62	126	14	78	142	30	94	158	46	110	174	2032	2025	2120	2021	2005	1990	2025	2066	2015	2020	2019	2041
304998	62	126	14	78	142	30	94	158	46	110	174	2021	2039	2178	2006	1997	1939	2011	2087	1964	2019	2024	1965
304998	62	126	14	78	142	30	94	158	46	110	174	2013	2050	2200	1995	1992	1925	2018	2097	1939	2016	2033	1936
304998	62	126	14	78	142	30	94	158	46	110	174	2017	2041	2161	2004	1990	1950	2010	2085	1962	2019	2032	1976
304998	62	126	14	78	142	30	94	158	46	110	174	2031	2024	2101	2010	2004	1991	2020	2065	2011	2018	2020	2048
304998	62	126	14	78	142	30	94	158	46	110	174	2033	2010	2069	2020	2011	2025	2022	2064	2047	2018	2008	2090
304998	62	126	14	78	142	30	94	158	46	110	174	2035	2018	2091	2021	2015	2008	2034	2073	2028	2021	2014	2064
304998	62	126	14	78	142	30	94	158	46	110	174	2015	2031	2153	2010	2006	1965	2020	2077	1980	2017	2029	2009
304998	62	126	14	78	142	30	94	158	46	110	174	2017	2046	2192	2003	1996	1934	2021	2089	1938	2017	2034	1947
304998	62	126	14	78	142	30	94	158	46	110	174	2013	2042	2190	2002	1991	1930	2009	2081	1947	2018	2034	1944
304998	62	126	14	78	142	30	94	158	46	110	174	2022	2031	2130	2006	2001	1969	2014	2085	1985	2016	2022	2002
304998	62	126	14	78	142	30	94	158	46	110	174	2034	2019	2085	2022	2008	2011	2026	2076	2028	2021	2020	2069
304998	62	126	14	78	142	30	94	158	46	110	174	2037	2017	2072	2028	2004	2024	2028	2065	2040	2019	2018	2095
304998	62	126	14	78	142	30	94	158	46	110	174	2034	2026	2113	2020	2013	1997	2028	2070	2010	2016	2018	2046
304998	62	126	14	78	142	30	94	158	46	110	174	2015	2039	2173	2011	1986	1957	2010	2078	1966	2020	2025	1974
304998	62	126	14	78	142	30	94	158	46	110	174	2015	2047	2193	1995	1990	1917	2008	2090	1939	2020	2033	1934
304998	62	126	14	78	142	30	94	158	46	110	174	2015	2038	2171	2000	1996	1941	2009	2083	1956	2017	2034	1967
304998	62	126	14	78	142	30	94	158	46	110	174	2027	2028	2113	2016	1998	1990	2018	2074	2004	2020	2022	2045
304998	62	126	14	78	142	30	94	158	46	110	174	2035	2019	2077	2019	2016	2024	2025	2060	2049	2017	2011	2094
304998	62	126	14	78	142	30	94	158	46	110	174	2036	2021	2088	2021	2006	2016	2020	2065	2042	2019	2008	2070
304998	62	126	14	78	142	30	94	158	46	110	174	2025	2035	2128	2015	1996	1974	2021	2081	1988	2017	2028	2009
304998	62	126	14	78	142	30	94	158	46	110	174	2019	2041	2182	2006	1995	1931	2013	2086	1947	2018	2037	1958
304998	62	126	14	78	142	30	94	158	46	110	174	2015	2040	2190	1996	1990	1931	2012	2085	1939	2023	2032	1947
304998	62	126	14	78	142	30	94	158	46	110	174	2018	2033	2152	2006	2003	1962	2010	2081	1987	2018	2025	1993
304998	62	126	14	78	142	30	94	158	46	110	174	2029	2024	2099	2018	2008	2009	2021	2072	2026	2020	2019	2060
304998	62	126	14	78	142	30	94	158	46	110	174	2033	2021	2069	2021	2010	2021	2024	2064	2041	2021	2014	2093
304998	62	126	14	78	142	30	94	158	46	110	174	2034	2028	2100	2017	2006	2001	2036	2075	2015	2022	2017	2054
304998	62	126	14	78	142	30	94	158	46	110	174	2018	2035	2154	2009	1995	1954	2014	2076	1965	2020	2025	1979
304998	62	126	14	78	142	30	94	158	46	110	174	2012	2044	2196	2003	1994	1929	2015	2091	1949	2021	2033	1931
304998	62	126	14	78	142	30	94	158	46	110	174	2010	2039	2186	2001	1984	1939	2012	2090	1957	2019	2041	1955
304998	62	126	14	78	142	30	94	158	46	110	174	2022	2035	2128	2006	2008	1982	2014	2080	2000	2018	2026	2033
304998	62	126	14	78	142	30	94	158	46	110	174	2029	2027	2076	2021	2013	2021	2030	2068	2038	2020	2012	2088
304998	62	126	14	78	142	30	94	158	46	110	174	2033	2020	2070	2021	2011	2021	2023	2058	2041	2021	2011	2076
304998	62	126	14	78	142	30	94	158	46	110	174	2027	2027	2122	2011	2004	1986	2016	2076	2001	2019	2020	2017
304998	62	126	14	78	142	30	94	158	46	110	174	2016	2036	2187	2010	1989	1938	2005	2084	1953	2021	2037	1961
304998	62	126	14	78	142	30	94	158	46	110	174	2008	2039	2204	2008	1985	1918	2005	2085	1939	2020	2036	1943
304998	62	126	14	78	142	30	94	158	46	110	174	2013	2040	2161	2003	1998	1959	2009	2077	1971	2018	2029	1992
304998	62	126	14	78	142	30	94	158	46	110	174	2027	2031	2095	2020	1993	2014	2019	2074	2025	2022	2013	2051
304998	62	126	14	78	142	30	94	158	46	110	174	2035	2020	2060	2021	2015	2025	2029	2071	2043	2022	2017	2093
304998	62	126	14	78	142	30	94	158	46	110	174	2032	2021	2091	2019	2005	2004	2019	2066	2020	2021	2018	2068
304998	62	126	14	78	142	30	94	158	46	110	174	2025	2028	2155	2015	1999	1952	2026	2081	1973	2021	2026	1998
304998	62	126	14	78	142	30	94	158	46	110	174	2011	2043	2208	2000	1993	1928	2005	2078	1942	2017	2030	1936
304998	62	126	14	78	142	30	94	158	46	110	174	2004	2043	2196	1996	1999	1936	2006	2086	1953	2018	2037	1946
304998	62	126	14	78	142	30	94	158	46	110	174	2019	2034	2128	2006	1995	1982	2014	2083	1993	2022	2030	2023
304998	62	126	14	78	142	30	94	158	46	110	174	2025	2022	2075	2024	1999	2017	2026	2064	2039	2021	2014	2089
304998	62	126	14	78	142	30	94	158	46	110	174	2039	2017	2064	2021	2013	2019	2030	2065	2033	2019	2011	2090
304998	62	126	14	78	142	30	94	158	46	110	174	2027	2022	2123	2023	1992	1992	2026	2065	2004	2022	2015	2025
304998	62	126	14	78	142	30	94	158	46	110	174	2011	2033	2191	2006	1994	1939	2008	2084	1961	2021	2037	1963
304998	62	126	14	78	142	30	94	158	46	110	174	2004	2048	2205	2002	1985	1925	2013	2092	1935	2017	2040	1944
304998	62	126	14	78	142	30	94	158	46	110	174	2007	2037	2166	2001	1986	1948	2009	2085	1963	2019	2031	1984
304998	62	126	14	78	142	30	94	158	46	110	174	2022	2025	2094	2017	1999	1995	2020	2074	2013	2020	2017	2049
304998	62	126	14	78	142	30	94	158	46	110	174	2034	2015	2064	2017	2017	2028	2023	2063	2047	2016	2013	2086
304998	62	126	14	78	142	30	94	158	46	110	174	2034	2019	2094	2028	2001	2013	2022	2073	2035	2016	2017	2069
304998	62	126	14	78	142	30	94	158	46	110	174	2023	2029	2158	2016	1993	1963	2016	2076	1979	2018	2028	2005
304998	62	126	14	78	142	30	94	158	46	110	174	1999	2043	2202	2005	1989	1926	2001	2085	1940	2016	2037	1944
304998	62	126	14	78	142	30	94	158	46	110	174	2010	2046	2186	2005	1983	1933	2007	2080	1940	2017	2036	1942
304998	62	126	14	78	142	30	94	158	46	110	174	2012	2033	2142	2008	2003	1973	2006	2074	1994	2021	2031	2009
304998	62	126	14	78	142	30	94	158	46	110	174	2031	2020	2075	2021	2014	2016	2049	2072	2033	2017	2020	2081
304998	62	126	14	78	142	30	94	158	46	110	174	2034	2015	2078	2028	1999	2026	2033	2065	2044	2017	2011	2099
304998	62	126	14	78	142	30	94	158	46	110	174	2029	2025	2118	2018	2009	1991	2027	2073	2007	2020	2017	2040
304998	62	126	14	78	142	30	94	158	46	110	174	2011	2040	2177	2013	1989	1947	2009	2076	1961	2018	2034	1963
304998	62	126	14	78	142	30	94	158	46	110	174	2000	2039	2202	1999	1979	1928	1999	2082	1946	2020	2047	1937
304998	62	126	14	78	142	30	94	158	46	110	174	2010	2040	2168	2005	1996	1953	2003	2087	1965	2017	2035	1978
304998	62	126	14	78	142	30	94	158	46	110	174	2018	2016	2119	2015	1995	1998	2015	2073	2012	2019	2020	2043
304998	62	126	14	78	142	30	94	158	46	110	174	2037	2017	2074	2020	2014	2022	2030	2070	2039	2022	2008	2088
304998	62	126	14	78	142	30	94	158	46	110	174	2026	2018	2096	2025	2006	2017	2027	2060	2038	2017	2017	2070
304998	62	126	14	78	142	30	94	158	46	110	174	2027	2037	2136	2014	1999	1971	2017	2080	1994	2021	2030	2014
304998	62	126	14	78	142	30	94	158	46	110	174	2011	2041	2186	2000	1988	1934	2022	2088	1945	2019	2041	1956
304998	62	126	14	78	142	30	94	158	46	110	174	2006	2042	2188	1998	1985	1926	2001	2088	1939	2018	2038	1940
304998	62	126	14	78	142	30	94	158	46	110	174	2014	2034	2147	2010	1989	1965	2022	2082	1979	2019	2031	1994
304998	62	126	14	78	142	30	94	158	46	110	174	2017	2015	2106	2019	2007	2016	2020	2063	2031	2018	2018	2073
304998	62	126	14	78	142	30	94	158	46	110	174	2033	2018	2068	2023	2016	2031	2038	2064	2048	2020	2015	2102
304998	62	126	14	78	142	30	94	158	46	110	174	2036	2025	2107	2019	2004	2007	2028	2071	2016	2017	2018	2048
304998	62	126	14	78	142	30	94	158	46	110	174	2016	2033	2162	2011	1992	1944	2012	2083	1966	2021	2030	1974
304998	62	126	14	78	142	30	94	158	46	110	174	2008	2040	2197	2002	1986	1926	2002	2084	1933	2019	2049	1939
304998	62	126	14	78	142	30	94	158	46	110	174	2002	2034	2182	2012	1976	1948	2002	2081	1965	2019	2042	1968
304998	62	126	14	78	142	30	94	158	46	110	174	2019	2032	2119	2011	2005	1990	2008	2076	2009	2020	2021	2041
