304998	62	126	14	78	142	30	94	158	46	110	174	2032	2017	2074	2021	2002	2029	2023	2063	2044	2017	2010	2086
304998	62	126	14	78	142	30	94	158	46	110	174	2034	2014	2073	2022	2012	2016	2025	2067	2033	2021	2013	2075
304998	62	126	14	78	142	30	94	158	46	110	174	2024	2026	2130	2015	2003	1978	2016	2069	1994	2021	2027	2020
304998	62	126	14	78	142	30	94	158	46	110	174	2004	2036	2196	2008	1986	1937	2003	2080	1953	2019	2038	1963
304998	62	126	14	78	142	30	94	158	46	110	174	2001	2043	2205	1996	1986	1928	1995	2089	1944	2021	2043	1945
304998	62	126	14	78	142	30	94	158	46	110	174	2006	2040	2155	2006	1989	1964	2002	2078	1975	2020	2029	1985
304998	62	126	14	78	142	30	94	158	46	110	174	2028	2025	2088	2017	2010	2009	2028	2071	2022	2020	2023	2064
304998	62	126	14	78	142	30	94	158	46	110	174	2038	2013	2063	2027	2008	2032	2028	2058	2043	2016	2015	2096
304998	62	126	14	78	142	30	94	158	46	110	174	2030	2015	2100	2020	2014	2005	2024	2070	2025	2016	2013	2062
304998	62	126	14	78	142	30	94	158	46	110	174	2018	2027	2167	2015	1984	1961	2014	2080	1972	2020	2029	1980
304998	62	126	14	78	142	30	94	158	46	110	174	1999	2043	2205	2002	1983	1922	2002	2088	1938	2019	2051	1935
304998	62	126	14	78	142	30	94	158	46	110	174	2003	2047	2178	2006	1984	1939	2007	2090	1946	2020	2048	1962
304998	62	126	14	78	142	30	94	158	46	110	174	2015	2025	2121	2012	1993	1988	2018	2071	2005	2020	2029	2031
304998	62	126	14	78	142	30	94	158	46	110	174	2031	2017	2071	2025	2018	2028	2018	2069	2043	2020	2009	2087
304998	62	126	14	78	142	30	94	158	46	110	174	2034	2008	2080	2026	2003	2023	2041	2066	2039	2018	2009	2074
304998	62	126	14	78	142	30	94	158	46	110	174	2023	2025	2133	2014	2004	1983	2021	2073	1999	2018	2024	2029
304998	62	126	14	78	142	30	94	158	46	110	174	2009	2042	2183	2008	1992	1939	2025	2085	1953	2021	2042	1967
304998	62	126	14	78	142	30	94	158	46	110	174	1996	2045	2202	2002	1975	1931	1998	2079	1942	2020	2044	1940
304998	62	126	14	78	142	30	94	158	46	110	174	2004	2037	2154	2005	1995	1957	2002	2085	1981	2020	2034	1984
304998	62	126	14	78	142	30	94	158	46	110	174	2024	2017	2101	2018	1991	2009	2012	2070	2018	2018	2023	2054
304998	62	126	14	78	142	30	94	158	46	110	174	2033	2011	2078	2025	2007	2032	2023	2065	2046	2021	2013	2100
304998	62	126	14	78	142	30	94	158	46	110	174	2037	2020	2095	2022	2010	2007	2027	2064	2024	2019	2013	2068
304998	62	126	14	78	142	30	94	158	46	110	174	2020	2034	2149	2013	1992	1966	2013	2075	1985	2018	2029	1996
304998	62	126	14	78	142	30	94	158	46	110	174	2003	2043	2188	2001	1983	1930	2003	2092	1942	2021	2045	1934
304998	62	126	14	78	142	30	94	158	46	110	174	2004	2041	2185	2003	1982	1935	2008	2086	1951	2019	2045	1951
304998	62	126	14	78	142	30	94	158	46	110	174	2015	2027	2136	2011	1992	1978	2018	2078	1983	2018	2029	2022
304998	62	126	14	78	142	30	94	158	46	110	174	2026	2019	2080	2022	2011	2023	2028	2067	2037	2019	2011	2085
304998	62	126	14	78	142	30	94	158	46	110	174	2039	2020	2064	2023	2014	2029	2030	2063	2046	2017	2006	2082
304998	62	126	14	78	142	30	94	158	46	110	174	2029	2028	2107	2018	1999	1992	2024	2074	2006	2016	2024	2033
304998	62	126	14	78	142	30	94	158	46	110	174	2014	2038	2173	2007	1990	1938	2009	2082	1955	2022	2039	1971
304998	62	126	14	78	142	30	94	158	46	110	174	2003	2042	2201	2001	1978	1928	2013	2095	1938	2020	2044	1940
304998	62	126	14	78	142	30	94	158	46	110	174	2006	2039	2172	2005	1985	1957	2010	2078	1967	2022	2035	1971
304998	62	126	14	78	142	30	94	158	46	110	174	2019	2026	2111	2018	2007	2000	2012	2073	2022	2019	2019	2043
304998	62	126	14	78	142	30	94	158	46	110	174	2034	2013	2072	2027	2008	2027	2026	2065	2046	2020	2011	2096
304998	62	126	14	78	142	30	94	158	46	110	174	2030	2011	2090	2023	2009	2012	2020	2065	2031	2019	2015	2077
304998	62	126	14	78	142	30	94	158	46	110	174	2020	2023	2148	2015	2002	1967	2013	2073	1982	2018	2024	2005
304998	62	126	14	78	142	30	94	158	46	110	174	2003	2039	2199	2005	1989	1925	1998	2074	1951	2018	2039	1938
304998	62	126	14	78	142	30	94	158	46	110	174	1999	2045	2199	1995	1985	1929	2001	2090	1947	2021	2050	1944
304998	62	126	14	78	142	30	94	158	46	110	174	2012	2041	2136	2014	1990	1971	2007	2080	1985	2023	2036	2012
304998	62	126	14	78	142	30	94	158	46	110	174	2032	2019	2075	2022	2013	2015	2023	2069	2028	2016	2014	2080
304998	62	126	14	78	142	30	94	158	46	110	174	2039	2007	2068	2022	2016	2028	2033	2059	2038	2019	2006	2092
304998	62	126	14	78	142	30	94	158	46	110	174	2029	2021	2113	2017	2006	1997	2026	2070	2015	2020	2020	2040
304998	62	126	14	78	142	30	94	158	46	110	174	2011	2040	2179	2006	1992	1947	2011	2081	1965	2021	2042	1975
304998	62	126	14	78	142	30	94	158	46	110	174	2003	2051	2197	1999	1986	1918	1994	2086	1938	2020	2047	1942
304998	62	126	14	78	142	30	94	158	46	110	174	2005	2042	2167	2000	1985	1946	2001	2084	1958	2019	2040	1972
304998	62	126	14	78	142	30	94	158	46	110	174	2024	2024	2110	2013	2001	1992	2010	2074	2009	2021	2022	2031
304998	62	126	14	78	142	30	94	158	46	110	174	2034	2008	2073	2020	2010	2031	2029	2063	2049	2020	2011	2088
304998	62	126	14	78	142	30	94	158	46	110	174	2034	2012	2089	2028	2008	2019	2026	2066	2040	2019	2011	2085
304998	62	126	14	78	142	30	94	158	46	110	174	2019	2030	2141	2015	2005	1965	2019	2072	1990	2022	2022	2014
304998	62	126	14	78	142	30	94	158	46	110	174	2005	2046	2184	2008	1983	1932	2006	2090	1941	2020	2041	1939
304998	62	126	14	78	142	30	94	158	46	110	174	2002	2047	2188	1997	1992	1925	2003	2083	1941	2022	2048	1942
304998	62	126	14	78	142	30	94	158	46	110	174	2015	2037	2146	2003	1994	1965	2009	2081	1985	2022	2043	2004
304998	62	126	14	78	142	30	94	158	46	110	174	2028	2015	2093	2016	2007	2011	2025	2072	2032	2023	2018	2075
304998	62	126	14	78	142	30	94	158	46	110	174	2038	2015	2070	2023	2018	2022	2027	2064	2047	2021	2003	2090
304998	62	126	14	78	142	30	94	158	46	110	174	2037	2028	2101	2020	2011	2001	2031	2068	2013	2020	2014	2047
304998	62	126	14	78	142	30	94	158	46	110	174	2021	2036	2154	2008	1997	1955	2018	2084	1971	2017	2040	1986
304998	62	126	14	78	142	30	94	158	46	110	174	2008	2047	2195	1997	1981	1922	2014	2091	1943	2022	2044	1940
304998	62	126	14	78	142	30	94	158	46	110	174	2003	2039	2181	2004	1986	1939	2004	2086	1954	2022	2036	1965
304998	62	126	14	78	142	30	94	158	46	110	174	2018	2031	2132	2014	2009	1983	2024	2079	2000	2021	2023	2030
304998	62	126	14	78	142	30	94	158	46	110	174	2032	2019	2075	2021	2011	2026	2024	2061	2035	2020	2013	2083
304998	62	126	14	78	142	30	94	158	46	110	174	2042	2015	2074	2024	2015	2021	2036	2064	2044	2022	2011	2087
304998	62	126	14	78	142	30	94	158	46	110	174	2025	2021	2126	2016	2006	1979	2016	2072	1994	2019	2024	2025
304998	62	126	14	78	142	30	94	158	46	110	174	2012	2042	2183	2005	1990	1935	2008	2084	1948	2021	2036	1952
304998	62	126	14	78	142	30	94	158	46	110	174	2001	2048	2203	2002	1987	1925	2006	2088	1933	2022	2050	1934
304998	62	126	14	78	142	30	94	158	46	110	174	2007	2044	2160	2008	1995	1958	2011	2080	1972	2020	2038	1988
304998	62	126	14	78	142	30	94	158	46	110	174	2025	2027	2091	2016	2009	2010	2029	2075	2029	2017	2014	2071
304998	62	126	14	78	142	30	94	158	46	110	174	2042	2015	2061	2024	2014	2028	2026	2068	2046	2019	2002	2098
304998	62	126	14	78	142	30	94	158	46	110	174	2041	2017	2092	2021	2013	1997	2037	2066	2019	2016	2015	2057
304998	62	126	14	78	142	30	94	158	46	110	174	2017	2030	2158	2011	1994	1954	2017	2078	1974	2019	2032	1985
304998	62	126	14	78	142	30	94	158	46	110	174	1998	2046	2211	2001	1985	1931	1997	2087	1941	2019	2045	1946
304998	62	126	14	78	142	30	94	158	46	110	174	2000	2048	2187	1997	1985	1937	2003	2088	1953	2021	2037	1959
304998	62	126	14	78	142	30	94	158	46	110	174	2018	2034	2124	2009	2002	1980	2008	2081	1995	2017	2023	2016
304998	62	126	14	78	142	30	94	158	46	110	174	2035	2017	2067	2027	2009	2017	2038	2068	2040	2018	2016	2078
304998	62	126	14	78	142	30	94	158	46	110	174	2043	2010	2070	2028	2014	2021	2036	2065	2037	2020	2008	2096
304998	62	126	14	78	142	30	94	158	46	110	174	2028	2019	2124	2017	2006	1991	2036	2077	2004	2021	2018	2040
304998	62	126	14	78	142	30	94	158	46	110	174	2011	2045	2187	2003	1989	1937	2016	2091	1957	2016	2034	1958
304998	62	126	14	78	142	30	94	158	46	110	174	2000	2056	2200	1993	1987	1925	2012	2092	1937	2019	2047	1931
304998	62	126	14	78	142	30	94	158	46	110	174	2009	2040	2163	2005	1993	1952	2016	2082	1964	2018	2042	1982
304998	62	126	14	78	142	30	94	158	46	110	174	2020	2017	2103	2015	2006	1999	2016	2068	2018	2017	2016	2061
304998	62	126	14	78	142	30	94	158	46	110	174	2038	2005	2071	2029	2009	2035	2025	2059	2051	2021	2004	2094
304998	62	126	14	78	142	30	94	158	46	110	174	2041	2013	2097	2025	2006	2011	2028	2069	2025	2021	2011	2061
304998	62	126	14	78	142	30	94	158	46	110	174	2018	2037	2157	2015	1998	1962	2013	2074	1981	2020	2029	2001
304998	62	126	14	78	142	30	94	158	46	110	174	2010	2055	2194	1998	1988	1922	2021	2090	1932	2017	2042	1951
304998	62	126	14	78	142	30	94	158	46	110	174	1999	2046	2187	1996	1993	1933	1999	2085	1950	2023	2043	1954
304998	62	126	14	78	142	30	94	158	46	110	174	2018	2034	2128	2008	2004	1975	2019	2085	1996	2017	2027	2007
304998	62	126	14	78	142	30	94	158	46	110	174	2031	2011	2085	2023	2012	2020	2031	2065	2038	2019	2016	2074
304998	62	126	14	78	142	30	94	158	46	110	174	2034	2010	2074	2032	2016	2023	2026	2060	2038	2020	2005	2101
304998	62	126	14	78	142	30	94	158	46	110	174	2028	2025	2119	2019	2001	1993	2028	2070	2009	2019	2018	2045
304998	62	126	14	78	142	30	94	158	46	110	174	2006	2037	2177	2011	1984	1947	2006	2081	1965	2017	2030	1964
304998	62	126	14	78	142	30	94	158	46	110	174	2002	2047	2199	1999	1980	1929	2001	2091	1938	2022	2044	1932
304998	62	126	14	78	142	30	94	158	46	110	174	2004	2039	2174	2005	1984	1949	2009	2085	1959	2020	2042	1979
304998	62	126	14	78	142	30	94	158	46	110	174	2020	2021	2115	2014	1996	1998	2015	2071	2005	2018	2019	2054
304998	62	126	14	78	142	30	94	158	46	110	174	2036	2012	2071	2024	2021	2021	2043	2061	2046	2017	2002	2095
304998	62	126	14	78	142	30	94	158	46	110	174	2034	2017	2082	2031	2004	2018	2030	2063	2034	2020	2004	2069
304998	62	126	14	78	142	30	94	158	46	110	174	2027	2030	2135	2013	2002	1969	2026	2086	1985	2022	2027	2005
304998	62	126	14	78	142	30	94	158	46	110	174	2007	2045	2195	1999	1983	1933	2022	2091	1939	2018	2042	1952
304998	62	126	14	78	142	30	94	158	46	110	174	2002	2046	2199	2002	1981	1927	2000	2091	1940	2018	2040	1951
304998	62	126	14	78	142	30	94	158	46	110	174	2012	2033	2149	2009	1996	1969	2017	2079	1985	2020	2030	1997
304998	62	126	14	78	142	30	94	158	46	110	174	2029	2020	2086	2020	2013	2011	2031	2074	2031	2021	2016	2071
304998	62	126	14	78	142	30	94	158	46	110	174	2042	2015	2059	2027	2011	2034	2041	2069	2039	2020	2009	2100
304998	62	126	14	78	142	30	94	158	46	110	174	2036	2016	2106	2028	2005	1996	2041	2069	2007	2017	2013	2055
304998	62	126	14	78	142	30	94	158	46	110	174	2016	2035	2170	2008	1992	1949	2026	2081	1960	2018	2029	1969
304998	62	126	14	78	142	30	94	158	46	110	174	2007	2049	2204	2002	1984	1928	2011	2096	1937	2023	2047	1930
304998	62	126	14	78	142	30	94	158	46	110	174	1999	2043	2190	1994	1995	1945	2001	2090	1956	2017	2041	1970
304998	62	126	14	78	142	30	94	158	46	110	174	2018	2036	2113	2010	2001	1989	2013	2070	2008	2021	2022	2047
304998	62	126	14	78	142	30	94	158	46	110	174	2034	2009	2076	2027	2005	2028	2024	2057	2040	2017	2003	2090
304998	62	126	14	78	142	30	94	158	46	110	174	2042	2008	2079	2028	2013	2016	2032	2064	2045	2020	2005	2073
304998	62	126	14	78	142	30	94	158	46	110	174	2031	2028	2136	2014	2006	1976	2018	2077	1995	2021	2025	2017
304998	62	126	14	78	142	30	94	158	46	110	174	2005	2046	2195	2004	1989	1934	2003	2085	1942	2020	2038	1959
304998	62	126	14	78	142	30	94	158	46	110	174	1999	2055	2199	1997	1988	1925	2008	2092	1935	2019	2043	1942
304998	62	126	14	78	142	30	94	158	46	110	174	2012	2040	2144	2007	1988	1968	2017	2081	1979	2017	2027	1986
304998	62	126	14	78	142	30	94	158	46	110	174	2035	2017	2086	2024	1999	2017	2022	2068	2028	2020	2017	2060
304998	62	126	14	78	142	30	94	158	46	110	174	2027	1996	2069	2028	2020	2028	2025	2063	2048	2020	2008	2104
304998	62	126	14	78	142	30	94	158	46	110	174	2036	2014	2102	2023	2005	2009	2047	2073	2017	2020	2008	2063
304998	62	126	14	78	142	30	94	158	46	110	174	2019	2039	2167	2016	1994	1954	2009	2078	1967	2022	2027	1982
304998	62	126	14	78	142	30	94	158	46	110	174	2006	2055	2199	2001	1983	1918	2012	2092	1946	2017	2049	1929
304998	62	126	14	78	142	30	94	158	46	110	174	2006	2046	2176	1999	1989	1938	2003	2093	1958	2019	2043	1963
304998	62	126	14	78	142	30	94	158	46	110	174	2017	2021	2123	2009	1999	1987	2015	2077	1997	2021	2025	2033
304998	62	126	14	78	142	30	94	158	46	110	174	2035	2010	2077	2018	2014	2025	2025	2062	2035	2017	2006	2088
304998	62	126	14	78	142	30	94	158	46	110	174	2036	2005	2086	2032	2009	2020	2031	2056	2041	2017	2001	2081
304998	62	126	14	78	142	30	94	158	46	110	174	2030	2028	2132	2019	2006	1976	2025	2071	2001	2021	2025	2025
304998	62	126	14	78	142	30	94	158	46	110	174	2007	2045	2185	2003	1994	1934	2006	2087	1946	2020	2042	1963
304998	62	126	14	78	142	30	94	158	46	110	174	2004	2046	2197	1995	1991	1927	2013	2089	1934	2022	2041	1940
304998	62	126	14	78	142	30	94	158	46	110	174	2008	2037	2161	2003	1996	1951	2008	2082	1968	2022	2029	1977
304998	62	126	14	78	142	30	94	158	46	110	174	2026	2020	2104	2022	1998	2004	2028	2072	2025	2018	2025	2057
304998	62	126	14	78	142	30	94	158	46	110	174	2036	2010	2078	2028	2020	2029	2042	2063	2049	2017	2008	2105
304998	62	126	14	78	142	30	94	158	46	110	174	2033	2017	2092	2026	2015	2008	2031	2070	2023	2018	2009	2069
304998	62	126	14	78	142	30	94	158	46	110	174	2028	2030	2154	2014	1996	1964	2019	2078	1969	2020	2022	1986
304998	62	126	14	78	142	30	94	158	46	110	174	2008	2051	2198	2001	1989	1922	2008	2085	1941	2020	2045	1934
304998	62	126	14	78	142	30	94	158	46	110	174	1995	2046	2194	1997	1983	1932	2005	2089	1953	2022	2047	1954
304998	62	126	14	78	142	30	94	158	46	110	174	2016	2031	2137	2013	1993	1979	2010	2080	1996	2021	2023	2022
304998	62	126	14	78	142	30	94	158	46	110	174	2037	2018	2077	2020	2016	2027	2026	2064	2039	2020	2006	2080
304998	62	126	14	78	142	30	94	158	46	110	174	2039	2003	2069	2035	1999	2035	2028	2054	2039	2018	2000	2081
304998	62	126	14	78	142	30	94	158	46	110	174	2030	2017	2124	2020	2007	1986	2016	2066	2007	2020	2022	2037
304998	62	126	14	78	142	30	94	158	46	110	174	2010	2039	2186	2007	1994	1936	2009	2085	1954	2019	2036	1964
304998	62	126	14	78	142	30	94	158	46	110	174	2000	2056	2208	1993	1986	1921	2023	2098	1934	2021	2046	1938
304998	62	126	14	78	142	30	94	158	46	110	174	2006	2049	2171	1998	1995	1951	2004	2085	1957	2021	2031	1972
304998	62	126	14	78	142	30	94	158	46	110	174	2031	2023	2097	2015	2002	1998	2030	2068	2018	2017	2021	2050
304998	62	126	14	78	142	30	94	158	46	110	174	2028	1998	2079	2028	2018	2025	2023	2063	2051	2017	2008	2095
304998	62	126	14	78	142	30	94	158	46	110	174	2031	1997	2095	2028	2014	2013	2024	2064	2032	2020	2005	2070
304998	62	126	14	78	142	30	94	158	46	110	174	2027	2033	2165	2014	2004	1966	2026	2077	1981	2022	2021	2000
304998	62	126	14	78	142	30	94	158	46	110	174	2001	2056	2198	2003	1990	1929	2004	2092	1932	2020	2043	1940
304998	62	126	14	78	142	30	94	158	46	110	174	2005	2059	2186	1993	1986	1930	2002	2093	1945	2020	2051	1946
304998	62	126	14	78	142	30	94	158	46	110	174	2006	2027	2139	2013	1985	1977	2005	2086	1986	2017	2033	2016
304998	62	126	14	78	142	30	94	158	46	110	174	2037	2008	2083	2018	2016	2018	2032	2070	2031	2022	2002	2078
304998	62	126	14	78	142	30	94	158	46	110	174	2045	2001	2076	2034	2006	2031	2025	2058	2042	2021	2003	2087
304998	62	126	14	78	142	30	94	158	46	110	174	2031	2021	2114	2019	2011	1994	2031	2067	2013	2017	2017	2038
304998	62	126	14	78	142	30	94	158	46	110	174	2015	2046	2176	2007	1989	1948	2007	2081	1964	2022	2041	1970
304998	62	126	14	78	142	30	94	158	46	110	174	2001	2055	2195	2002	1982	1919	1998	2095	1933	2020	2047	1938
304998	62	126	14	78	142	30	94	158	46	110	174	2008	2041	2175	1993	1998	1945	2012	2087	1957	2018	2041	1967
304998	62	126	14	78	142	30	94	158	46	110	174	2022	2026	2116	2016	2005	1998	2013	2076	2007	2017	2020	2034
304998	62	126	14	78	142	30	94	158	46	110	174	2042	2010	2070	2028	2015	2023	2035	2056	2049	2021	2009	2096
304998	62	126	14	78	142	30	94	158	46	110	174	2042	2015	2079	2028	2015	2014	2034	2064	2038	2018	2005	2086
304998	62	126	14	78	142	30	94	158	46	110	174	2027	2033	2140	2014	2009	1965	2019	2078	1984	2017	2019	2010
304998	62	126	14	78	142	30	94	158	46	110	174	2005	2045	2197	2003	1986	1925	2015	2089	1938	2020	2038	1938
304998	62	126	14	78	142	30	94	158	46	110	174	2001	2052	2198	1992	1988	1925	2005	2084	1935	2020	2051	1942
304998	62	126	14	78	142	30	94	158	46	110	174	2005	2038	2151	2003	1990	1971	2008	2085	1987	2022	2034	2007
304998	62	126	14	78	142	30	94	158	46	110	174	2029	2018	2094	2021	2013	2009	2020	2063	2034	2018	2011	2076
304998	62	126	14	78	142	30	94	158	46	110	174	2046	2006	2064	2029	2021	2031	2044	2064	2045	2016	1995	2090
304998	62	126	14	78	142	30	94	158	46	110	174	2037	2017	2102	2026	2009	2000	2024	2065	2014	2022	2013	2047
