
















































































304998	62	126	14	78	142	30	94	158	46	110	174	2027	2022	2121	2077	2035	2093	2009	2066	2157	2025	2052	2083	
304998	62	126	14	78	142	30	94	158	46	110	174	2026	2023	2116	2081	2034	2072	2161	2047	2456	2032	2049	2064	
304998	62	126	14	78	142	30	94	158	46	110	174	2025	2023	2119	2082	2035	2076	2211	2052	2349	2036	2051	2073	
304998	62	126	14	78	142	30	94	158	46	110	174	2026	2023	2125	2083	2034	2099	2130	2068	1932	2033	2055	2093	
304998	62	126	14	78	142	30	94	158	46	110	174	2023	2023	2132	2075	2039	2126	1974	2084	1550	2028	2057	2114	
304998	62	126	14	78	142	30	94	158	46	110	174	2024	2026	2133	2071	2039	2128	1885	2088	1538	2023	2058	2112	
304998	62	126	14	78	142	30	94	158	46	110	174	2027	2025	2127	2072	2036	2107	1931	2077	1905	2026	2054	2099	
304998	62	126	14	78	142	30	94	158	46	110	174	2023	2022	2115	2073	2036	2080	2082	2054	2328	2034	2049	2074	
304998	62	126	14	78	142	30	94	158	46	110	174	2028	2023	2117	2080	2040	2071	2201	2045	2465	2036	2049	2062	
304998	62	126	14	78	142	30	94	158	46	110	174	2028	2022	2122	2082	2036	2085	2194	2057	2187	2033	2054	2082	
304998	62	126	14	78	142	30	94	158	46	110	174	2025	2026	2128	2077	2032	2113	2059	2073	1733	2031	2056	2103	
304998	62	126	14	78	142	30	94	158	46	110	174	2028	2023	2138	2073	2036	2132	1917	2089	1488	2026	2061	2114	
304998	62	126	14	78	142	30	94	158	46	110	174	2027	2023	2131	2071	2032	2118	1893	2082	1667	2028	2058	2105	
304998	62	126	14	78	142	30	94	158	46	110	174	2026	2023	2122	2072	2036	2098	1992	2068	2111	2025	2051	2084	
304998	62	126	14	78	142	30	94	158	46	110	174	2024	2028	2114	2079	2038	2077	2146	2051	2441	2035	2049	2071	
304998	62	126	14	78	142	30	94	158	46	110	174	2028	2023	2120	2081	2036	2078	2216	2047	2385	2036	2051	2069	
304998	62	126	14	78	142	30	94	158	46	110	174	2025	2028	2123	2080	2036	2099	2146	2066	1982	2038	2056	2092	
304998	62	126	14	78	142	30	94	158	46	110	174	2024	2025	2130	2080	2034	2124	1990	2084	1581	2031	2057	2112	
304998	62	126	14	78	142	30	94	158	46	110	174	2027	2024	2134	2070	2034	2132	1888	2091	1519	2025	2057	2116	
304998	62	126	14	78	142	30	94	158	46	110	174	2027	2026	2127	2071	2040	2112	1921	2078	1848	2023	2056	2094	
304998	62	126	14	78	142	30	94	158	46	110	174	2028	2024	2118	2078	2032	2085	2063	2058	2290	2030	2049	2075	
304998	62	126	14	78	142	30	94	158	46	110	174	2027	2024	2119	2084	2035	2074	2191	2045	2471	2038	2049	2068	
304998	62	126	14	78	142	30	94	158	46	110	174	2025	2026	2122	2083	2031	2085	2198	2054	2234	2035	2052	2079	
304998	62	126	14	78	142	30	94	158	46	110	174	2026	2023	2131	2081	2035	2111	2082	2074	1779	2031	2056	2104	
304998	62	126	14	78	142	30	94	158	46	110	174	2025	2026	2133	2073	2033	2132	1932	2088	1497	2025	2055	2116	
304998	62	126	14	78	142	30	94	158	46	110	174	2023	2026	2134	2069	2033	2122	1887	2087	1627	2024	2055	2112	
304998	62	126	14	78	142	30	94	158	46	110	174	2028	2029	2125	2075	2032	2102	1972	2072	2060	2025	2054	2091	
304998	62	126	14	78	142	30	94	158	46	110	174	2026	2029	2115	2078	2037	2073	2133	2048	2423	2033	2049	2074	
304998	62	126	14	78	142	30	94	158	46	110	174	2026	2023	2117	2082	2034	2073	2214	2048	2410	2036	2049	2066	
304998	62	126	14	78	142	30	94	158	46	110	174	2025	2025	2124	2082	2036	2100	2159	2059	2030	2038	2054	2086	
304998	62	126	14	78	142	30	94	158	46	110	174	2025	2026	2135	2075	2033	2122	2009	2079	1613	2031	2057	2106	
304998	62	126	14	78	142	30	94	158	46	110	174	2023	2023	2138	2071	2035	2132	1889	2090	1503	2029	2057	2115	
304998	62	126	14	78	142	30	94	158	46	110	174	2023	2025	2127	2069	2033	2116	1910	2081	1801	2023	2055	2102	
304998	62	126	14	78	142	30	94	158	46	110	174	2024	2022	2120	2074	2037	2085	2045	2055	2251	2027	2049	2081	
304998	62	126	14	78	142	30	94	158	46	110	174	2025	2023	2114	2084	2032	2069	2184	2046	2477	2032	2049	2067	
304998	62	126	14	78	142	30	94	158	46	110	174	2028	2023	2118	2082	2036	2085	2205	2052	2276	2036	2049	2073	
304998	62	126	14	78	142	30	94	158	46	110	174	2025	2024	2128	2083	2036	2108	2095	2071	1830	2032	2057	2100	
304998	62	126	14	78	142	30	94	158	46	110	174	2028	2024	2138	2074	2034	2131	1942	2090	1511	2026	2057	2117	
304998	62	126	14	78	142	30	94	158	46	110	174	2025	2028	2129	2069	2035	2131	1886	2090	1592	2025	2057	2112	
304998	62	126	14	78	142	30	94	158	46	110	174	2027	2023	2124	2072	2035	2100	1959	2074	2005	2024	2054	2091	
304998	62	126	14	78	142	30	94	158	46	110	174	2023	2024	2119	2078	2038	2075	2118	2051	2395	2031	2049	2069	
304998	62	126	14	78	142	30	94	158	46	110	174	2026	2028	2116	2081	2034	2073	2211	2044	2430	2036	2051	2064	
304998	62	126	14	78	142	30	94	158	46	110	174	2028	2023	2122	2080	2033	2094	2171	2060	2085	2034	2052	2086	
304998	62	126	14	78	142	30	94	158	46	110	174	2025	2024	2130	2076	2035	2123	2023	2083	1651	2034	2057	2106	
304998	62	126	14	78	142	30	94	158	46	110	174	2027	2022	2139	2072	2035	2129	1898	2090	1492	2028	2059	2117	
304998	62	126	14	78	142	30	94	158	46	110	174	2020	2029	2129	2068	2035	2113	1908	2078	1753	2023	2058	2100	
304998	62	126	14	78	142	30	94	158	46	110	174	2026	2024	2123	2073	2034	2090	2027	2056	2206	2028	2051	2083	
304998	62	126	14	78	142	30	94	158	46	110	174	2024	2028	2116	2079	2034	2071	2176	2046	2473	2033	2049	2064	
304998	62	126	14	78	142	30	94	158	46	110	174	2024	2023	2115	2084	2032	2081	2209	2048	2317	2038	2049	2072	
304998	62	126	14	78	142	30	94	158	46	110	174	2028	2023	2125	2082	2040	2107	2117	2074	1875	2035	2056	2095	
304998	62	126	14	78	142	30	94	158	46	110	174	2028	2024	2133	2071	2034	2129	1956	2085	1524	2025	2057	2113	
304998	62	126	14	78	142	30	94	158	46	110	174	2025	2028	2136	2070	2034	2124	1884	2088	1564	2023	2058	2115	
304998	62	126	14	78	142	30	94	158	46	110	174	2027	2026	2125	2072	2035	2106	1944	2071	1956	2027	2052	2094	
304998	62	126	14	78	142	30	94	158	46	110	174	2025	2022	2117	2082	2036	2077	2099	2052	2363	2028	2049	2072	
304998	62	126	14	78	142	30	94	158	46	110	174	2024	2025	2115	2081	2035	2070	2203	2049	2451	2036	2049	2070	
304998	62	126	14	78	142	30	94	158	46	110	174	2025	2023	2121	2082	2037	2091	2182	2060	2134	2035	2052	2082	
304998	62	126	14	78	142	30	94	158	46	110	174	2024	2026	2131	2078	2034	2117	2044	2081	1689	2034	2057	2102	
304998	62	126	14	78	142	30	94	158	46	110	174	2027	2023	2132	2073	2036	2129	1908	2086	1487	2024	2059	2118	
304998	62	126	14	78	142	30	94	158	46	110	174	2026	2028	2133	2068	2035	2120	1896	2083	1709	2025	2054	2104	
304998	62	126	14	78	142	30	94	158	46	110	174	2025	2029	2120	2075	2037	2090	2007	2061	2162	2026	2051	2083	
304998	62	126	14	78	142	30	94	158	46	110	174	2026	2023	2116	2083	2036	2073	2165	2046	2460	2036	2049	2063	
304998	62	126	14	78	142	30	94	158	46	110	174	2024	2029	2118	2082	2036	2077	2215	2050	2351	2036	2051	2074	
304998	62	126	14	78	142	30	94	158	46	110	174	2026	2026	2126	2081	2031	2102	2128	2068	1930	2032	2054	2091	
304998	62	126	14	78	142	30	94	158	46	110	174	2023	2023	2134	2074	2036	2127	1973	2083	1546	2028	2057	2111	
304998	62	126	14	78	142	30	94	158	46	110	174	2027	2025	2133	2068	2039	2126	1883	2089	1538	2024	2059	2112	
304998	62	126	14	78	142	30	94	158	46	110	174	2023	2027	2125	2072	2037	2106	1932	2075	1906	2028	2052	2098	
304998	62	126	14	78	142	30	94	158	46	110	174	2029	2023	2115	2077	2040	2083	2083	2056	2327	2028	2051	2071	
304998	62	126	14	78	142	30	94	158	46	110	174	2027	2023	2112	2081	2035	2070	2201	2047	2463	2037	2051	2065	
304998	62	126	14	78	142	30	94	158	46	110	174	2028	2023	2120	2082	2034	2088	2193	2057	2188	2035	2052	2080	
304998	62	126	14	78	142	30	94	158	46	110	174	2025	2026	2128	2078	2036	2117	2060	2079	1731	2030	2056	2103	
304998	62	126	14	78	142	30	94	158	46	110	174	2028	2023	2133	2072	2036	2129	1918	2092	1492	2025	2057	2119	
304998	62	126	14	78	142	30	94	158	46	110	174	2023	2028	2130	2072	2035	2118	1894	2086	1663	2024	2053	2104	
304998	62	126	14	78	142	30	94	158	46	110	174	2029	2023	2119	2077	2031	2098	1995	2068	2113	2024	2051	2082	
304998	62	126	14	78	142	30	94	158	46	110	174	2026	2024	2116	2078	2032	2073	2147	2051	2445	2035	2049	2070	
304998	62	126	14	78	142	30	94	158	46	110	174	2025	2024	2118	2085	2035	2075	2211	2046	2383	2036	2049	2069	
304998	62	126	14	78	142	30	94	158	46	110	174	2025	2025	2123	2084	2034	2103	2146	2064	1979	2038	2056	2091	
304998	62	126	14	78	142	30	94	158	46	110	174	2023	2026	2134	2074	2034	2126	1990	2084	1579	2028	2057	2112	
304998	62	126	14	78	142	30	94	158	46	110	174	2026	2023	2138	2069	2034	2128	1888	2091	1520	2028	2059	2116	
304998	62	126	14	78	142	30	94	158	46	110	174	2026	2024	2127	2071	2033	2112	1920	2077	1851	2025	2053	2100	
304998	62	126	14	78	142	30	94	158	46	110	174	2025	2028	2118	2074	2033	2086	2063	2059	2292	2028	2051	2077	
