Time_ch0	Time_ch1	Time_ch2	Time_ch3	Time_ch4	Time_ch5	Time_ch6	Time_ch7	Time_ch8	Time_ch9	Time_ch10	Time_ch11	Sample_ch0	Sample_ch1	Sample_ch2	Sample_ch3	Sample_ch4	Sample_ch5	Sample_ch6	Sample_ch7	Sample_ch8	Sample_ch9	Sample_ch10	Sample_ch11	
304998	62	126	14	78	142	30	94	158	46	110	174	2058	2043	2114	2089	2010	2164	2052	2086	1977	2020	1974	1993	
304998	62	126	14	78	142	30	94	158	46	110	174	2050	2029	2075	2077	2016	2129	2032	2064	2022	2017	2000	2039	
304998	62	126	14	78	142	30	94	158	46	110	174	2044	2026	2062	2069	2023	2117	2017	2044	2045	2016	2016	2066	
304998	62	126	14	78	142	30	94	158	46	110	174	2048	2030	2078	2071	2020	2134	2020	2052	2017	2021	2004	2039	
304998	62	126	14	78	142	30	94	158	46	110	174	2050	2040	2113	2079	2013	2165	2043	2080	1974	2018	1979	1994	
304998	62	126	14	78	142	30	94	158	46	110	174	2059	2047	2136	2091	2008	2185	2064	2096	1949	2019	1963	1956	
304998	62	126	14	78	142	30	94	158	46	110	174	2060	2046	2128	2093	2008	2176	2059	2099	1955	2021	1963	1969	
304998	62	126	14	78	142	30	94	158	46	110	174	2054	2040	2099	2084	2015	2145	2046	2074	1998	2017	1986	2019	
304998	62	126	14	78	142	30	94	158	46	110	174	2046	2029	2065	2073	2022	2121	2024	2050	2039	2017	2011	2056	
304998	62	126	14	78	142	30	94	158	46	110	174	2046	2023	2064	2068	2021	2120	2019	2046	2040	2021	2015	2060	
304998	62	126	14	78	142	30	94	158	46	110	174	2048	2033	2094	2077	2015	2148	2030	2066	2002	2017	1994	2017	
304998	62	126	14	78	142	30	94	158	46	110	174	2054	2043	2127	2086	2011	2176	2052	2090	1955	2021	1973	1971	
304998	62	126	14	78	142	30	94	158	46	110	174	2064	2048	2139	2094	2008	2187	2065	2101	1944	2022	1961	1960	
304998	62	126	14	78	142	30	94	158	46	110	174	2059	2044	2120	2089	2009	2165	2056	2086	1976	2018	1974	1989	
304998	62	126	14	78	142	30	94	158	46	110	174	2050	2031	2080	2079	2019	2132	2033	2062	2018	2018	1999	2039	
304998	62	126	14	78	142	30	94	158	46	110	174	2044	2024	2058	2071	2020	2117	2016	2048	2042	2022	2015	2062	
304998	62	126	14	78	142	30	94	158	46	110	174	2044	2028	2071	2071	2019	2128	2023	2048	2026	2021	2008	2043	
304998	62	126	14	78	142	30	94	158	46	110	174	2054	2038	2107	2079	2015	2159	2038	2075	1983	2022	1983	1995	
304998	62	126	14	78	142	30	94	158	46	110	174	2062	2047	2136	2091	2012	2186	2059	2098	1949	2021	1964	1962	
304998	62	126	14	78	142	30	94	158	46	110	174	2061	2049	2132	2092	2009	2180	2063	2098	1955	2021	1966	1968	
304998	62	126	14	78	142	30	94	158	46	110	174	2054	2036	2101	2083	2014	2151	2046	2076	1996	2016	1984	2013	
304998	62	126	14	78	142	30	94	158	46	110	174	2050	2026	2069	2075	2020	2122	2024	2049	2038	2022	2009	2058	
304998	62	126	14	78	142	30	94	158	46	110	174	2045	2025	2064	2068	2020	2121	2020	2046	2042	2018	2015	2062	
304998	62	126	14	78	142	30	94	158	46	110	174	2050	2031	2090	2076	2015	2142	2025	2066	2010	2018	1998	2026	
304998	62	126	14	78	142	30	94	158	46	110	174	2057	2043	2122	2083	2009	2176	2049	2084	1965	2018	1973	1976	
304998	62	126	14	78	142	30	94	158	46	110	174	2063	2048	2135	2093	2008	2190	2062	2102	1944	2021	1955	1956	
304998	62	126	14	78	142	30	94	158	46	110	174	2058	2043	2116	2088	2012	2167	2057	2088	1970	2018	1968	1982	
304998	62	126	14	78	142	30	94	158	46	110	174	2053	2033	2084	2077	2015	2137	2038	2065	2013	2022	1998	2030	
304998	62	126	14	78	142	30	94	158	46	110	174	2047	2026	2063	2072	2020	2117	2017	2047	2043	2021	2015	2062	
304998	62	126	14	78	142	30	94	158	46	110	174	2045	2026	2072	2071	2021	2126	2018	2050	2033	2021	2013	2048	
304998	62	126	14	78	142	30	94	158	46	110	174	2051	2041	2108	2079	2018	2156	2036	2074	1986	2019	1990	1999	
304998	62	126	14	78	142	30	94	158	46	110	174	2058	2047	2131	2089	2007	2184	2057	2093	1950	2020	1963	1965	
304998	62	126	14	78	142	30	94	158	46	110	174	2059	2047	2134	2094	2011	2183	2063	2094	1952	2022	1964	1963	
304998	62	126	14	78	142	30	94	158	46	110	174	2054	2042	2107	2084	2013	2158	2051	2080	1988	2022	1984	2009	
304998	62	126	14	78	142	30	94	158	46	110	174	2048	2029	2068	2076	2018	2124	2025	2055	2030	2022	2007	2048	
304998	62	126	14	78	142	30	94	158	46	110	174	2045	2021	2066	2068	2020	2119	2021	2045	2042	2018	2016	2062	
304998	62	126	14	78	142	30	94	158	46	110	174	2047	2028	2083	2076	2020	2142	2029	2062	2012	2020	2003	2033	
304998	62	126	14	78	142	30	94	158	46	110	174	2058	2042	2118	2083	2011	2168	2043	2083	1967	2022	1976	1983	
304998	62	126	14	78	142	30	94	158	46	110	174	2063	2049	2137	2092	2004	2188	2059	2097	1949	2022	1957	1954	
304998	62	126	14	78	142	30	94	158	46	110	174	2061	2043	2121	2088	2013	2174	2057	2093	1966	2020	1968	1980	
304998	62	126	14	78	142	30	94	158	46	110	174	2053	2035	2090	2079	2017	2142	2042	2071	2012	2020	1994	2028	
304998	62	126	14	78	142	30	94	158	46	110	174	2047	2030	2062	2072	2023	2117	2023	2048	2040	2022	2014	2057	
304998	62	126	14	78	142	30	94	158	46	110	174	2047	2024	2072	2071	2019	2123	2021	2046	2033	2017	2012	2050	
304998	62	126	14	78	142	30	94	158	46	110	174	2048	2035	2104	2080	2016	2152	2033	2065	1995	2016	1990	2007	
304998	62	126	14	78	142	30	94	158	46	110	174	2060	2048	2131	2087	2007	2185	2053	2095	1952	2022	1967	1966	
304998	62	126	14	78	142	30	94	158	46	110	174	2058	2046	2131	2092	2009	2184	2063	2097	1952	2017	1963	1963	
304998	62	126	14	78	142	30	94	158	46	110	174	2055	2040	2108	2088	2015	2156	2049	2080	1987	2021	1978	1999	
304998	62	126	14	78	142	30	94	158	46	110	174	2048	2034	2076	2080	2016	2126	2031	2057	2029	2018	2004	2047	
304998	62	126	14	78	142	30	94	158	46	110	174	2044	2024	2062	2068	2021	2118	2017	2048	2045	2022	2016	2067	
304998	62	126	14	78	142	30	94	158	46	110	174	2050	2030	2082	2070	2018	2140	2025	2057	2016	2022	2004	2034	
304998	62	126	14	78	142	30	94	158	46	110	174	2057	2039	2118	2083	2010	2167	2044	2083	1974	2016	1979	1984	
304998	62	126	14	78	142	30	94	158	46	110	174	2062	2046	2139	2091	2006	2191	2063	2096	1946	2021	1963	1959	
304998	62	126	14	78	142	30	94	158	46	110	174	2062	2044	2126	2091	2007	2174	2064	2096	1959	2021	1967	1973	
304998	62	126	14	78	142	30	94	158	46	110	174	2053	2034	2092	2081	2015	2146	2042	2074	2004	2016	1993	2022	
304998	62	126	14	78	142	30	94	158	46	110	174	2048	2027	2066	2072	2022	2120	2019	2051	2038	2016	2013	2060	
304998	62	126	14	78	142	30	94	158	46	110	174	2047	2024	2068	2074	2019	2123	2019	2045	2038	2020	2012	2057	
304998	62	126	14	78	142	30	94	158	46	110	174	2052	2036	2093	2080	2014	2153	2031	2068	1998	2018	1995	2012	
304998	62	126	14	78	142	30	94	158	46	110	174	2056	2047	2128	2090	2009	2181	2052	2092	1951	2022	1967	1967	
304998	62	126	14	78	142	30	94	158	46	110	174	2063	2048	2136	2092	2009	2186	2064	2100	1946	2018	1961	1961	
304998	62	126	14	78	142	30	94	158	46	110	174	2056	2041	2113	2088	2015	2161	2051	2085	1979	2019	1978	1996	
304998	62	126	14	78	142	30	94	158	46	110	174	2052	2032	2078	2076	2017	2129	2030	2058	2021	2020	2001	2044	
304998	62	126	14	78	142	30	94	158	46	110	174	2047	2028	2064	2069	2023	2115	2020	2043	2043	2018	2015	2062	
304998	62	126	14	78	142	30	94	158	46	110	174	2043	2028	2083	2073	2020	2134	2022	2052	2020	2020	2009	2038	
304998	62	126	14	78	142	30	94	158	46	110	174	2056	2038	2117	2078	2014	2166	2040	2081	1978	2021	1983	1992	
304998	62	126	14	78	142	30	94	158	46	110	174	2064	2050	2138	2090	2004	2190	2055	2096	1945	2017	1959	1955	
304998	62	126	14	78	142	30	94	158	46	110	174	2058	2050	2124	2092	2009	2178	2061	2098	1955	2019	1966	1971	
304998	62	126	14	78	142	30	94	158	46	110	174	2054	2040	2091	2083	2015	2148	2045	2075	1998	2017	1988	2016	
304998	62	126	14	78	142	30	94	158	46	110	174	2046	2028	2065	2077	2021	2124	2020	2050	2038	2020	2008	2058	
304998	62	126	14	78	142	30	94	158	46	110	174	2045	2025	2066	2073	2020	2120	2020	2045	2042	2022	2012	2061	
304998	62	126	14	78	142	30	94	158	46	110	174	2048	2033	2093	2076	2015	2148	2030	2064	2002	2020	1997	2018	
304998	62	126	14	78	142	30	94	158	46	110	174	2054	2041	2126	2085	2008	2177	2052	2087	1957	2022	1968	1970	
304998	62	126	14	78	142	30	94	158	46	110	174	2062	2047	2140	2092	2009	2185	2063	2097	1943	2017	1963	1956	
304998	62	126	14	78	142	30	94	158	46	110	174	2061	2044	2117	2087	2011	2165	2056	2082	1974	2021	1973	1989	
304998	62	126	14	78	142	30	94	158	46	110	174	2050	2033	2083	2079	2016	2134	2033	2061	2018	2022	1997	2033	
304998	62	126	14	78	142	30	94	158	46	110	174	2044	2027	2059	2072	2019	2120	2016	2049	2043	2017	2013	2069	
304998	62	126	14	78	142	30	94	158	46	110	174	2047	2032	2075	2073	2019	2127	2021	2049	2025	2022	2008	2045	
304998	62	126	14	78	142	30	94	158	46	110	174	2053	2038	2108	2079	2014	2163	2036	2074	1982	2017	1981	1995	
304998	62	126	14	78	142	30	94	158	46	110	174	2059	2048	2136	2091	2009	2184	2057	2093	1950	2021	1966	1961	
304998	62	126	14	78	142	30	94	158	46	110	174	2061	2047	2128	2091	2010	2182	2060	2097	1955	2020	1966	1970	
304998	62	126	14	78	142	30	94	158	46	110	174	2059	2036	2101	2083	2015	2151	2045	2076	1998	2018	1988	2009	
304998	62	126	14	78	142	30	94	158	46	110	174	2050	2034	2070	2071	2018	2123	2025	2049	2033	2016	2011	2051	
304998	62	126	14	78	142	30	94	158	46	110	174	2046	2024	2061	2068	2018	2118	2019	2045	2038	2021	2018	2062	
304998	62	126	14	78	142	30	94	158	46	110	174	2048	2032	2090	2076	2020	2145	2026	2057	2008	2017	1995	2025	
304998	62	126	14	78	142	30	94	158	46	110	174	2058	2041	2122	2085	2010	2173	2048	2086	1965	2016	1973	1976	
304998	62	126	14	78	142	30	94	158	46	110	174	2062	2045	2134	2092	2010	2189	2059	2099	1942	2022	1963	1958	
304998	62	126	14	78	142	30	94	158	46	110	174	2058	2046	2119	2088	2011	2167	2057	2087	1970	2017	1972	1981	
304998	62	126	14	78	142	30	94	158	46	110	174	2053	2033	2083	2078	2020	2139	2038	2065	2012	2016	1997	2031	
304998	62	126	14	78	142	30	94	158	46	110	174	2045	2025	2062	2070	2021	2118	2021	2046	2042	2021	2015	2062	
304998	62	126	14	78	142	30	94	158	46	110	174	2045	2028	2072	2070	2019	2129	2018	2050	2027	2020	2011	2048	
304998	62	126	14	78	142	30	94	158	46	110	174	2051	2037	2105	2081	2015	2157	2037	2077	1985	2021	1985	1999	
304998	62	126	14	78	142	30	94	158	46	110	174	2058	2044	2135	2090	2013	2184	2059	2096	1948	2021	1966	1965	
304998	62	126	14	78	142	30	94	158	46	110	174	2057	2047	2133	2087	2007	2184	2059	2098	1952	2020	1962	1964	
304998	62	126	14	78	142	30	94	158	46	110	174	2055	2040	2102	2082	2015	2158	2046	2078	1990	2021	1986	2010	
304998	62	126	14	78	142	30	94	158	46	110	174	2047	2029	2072	2075	2018	2127	2026	2054	2036	2020	2008	2050	
304998	62	126	14	78	142	30	94	158	46	110	174	2045	2028	2066	2070	2020	2120	2020	2045	2039	2019	2015	2058	
304998	62	126	14	78	142	30	94	158	46	110	174	2046	2034	2086	2076	2018	2141	2028	2061	2011	2022	1998	2026	
304998	62	126	14	78	142	30	94	158	46	110	174	2058	2038	2122	2086	2011	2170	2045	2087	1968	2016	1977	1979	
304998	62	126	14	78	142	30	94	158	46	110	174	2056	2047	2138	2090	2009	2189	2060	2099	1943	2022	1960	1955	
304998	62	126	14	78	142	30	94	158	46	110	174	2056	2041	2122	2088	2013	2170	2055	2091	1967	2020	1970	1977	
304998	62	126	14	78	142	30	94	158	46	110	174	2054	2036	2087	2083	2017	2140	2040	2064	2011	2016	1996	2027	
304998	62	126	14	78	142	30	94	158	46	110	174	2047	2026	2064	2071	2021	2120	2022	2046	2043	2022	2012	2060	
304998	62	126	14	78	142	30	94	158	46	110	174	2047	2029	2072	2072	2021	2127	2018	2049	2037	2021	2013	2050	
304998	62	126	14	78	142	30	94	158	46	110	174	2050	2036	2100	2081	2017	2153	2038	2074	1991	2020	1990	2008	
304998	62	126	14	78	142	30	94	158	46	110	174	2060	2047	2129	2088	2007	2185	2055	2089	1954	2018	1970	1968	
304998	62	126	14	78	142	30	94	158	46	110	174	2063	2049	2131	2092	2009	2183	2062	2096	1950	2021	1963	1963	
304998	62	126	14	78	142	30	94	158	46	110	174	2055	2040	2105	2084	2015	2160	2048	2079	1986	2019	1982	1999	
304998	62	126	14	78	142	30	94	158	46	110	174	2048	2032	2070	2079	2019	2128	2027	2058	2029	2016	2006	2047	
304998	62	126	14	78	142	30	94	158	46	110	174	2047	2022	2062	2071	2021	2115	2017	2043	2046	2018	2018	2061	
304998	62	126	14	78	142	30	94	158	46	110	174	2046	2030	2084	2078	2018	2135	2025	2060	2019	2021	2001	2032	
304998	62	126	14	78	142	30	94	158	46	110	174	2057	2041	2117	2082	2012	2173	2047	2078	1970	2018	1983	1985	
304998	62	126	14	78	142	30	94	158	46	110	174	2058	2050	2136	2088	2009	2186	2058	2098	1944	2020	1965	1954	
304998	62	126	14	78	142	30	94	158	46	110	174	2060	2043	2122	2088	2007	2176	2061	2094	1960	2022	1967	1976	
304998	62	126	14	78	142	30	94	158	46	110	174	2052	2032	2092	2084	2016	2144	2039	2074	2005	2018	1993	2018	
304998	62	126	14	78	142	30	94	158	46	110	174	2043	2029	2064	2074	2020	2120	2020	2047	2037	2021	2013	2059	
304998	62	126	14	78	142	30	94	158	46	110	174	2044	2026	2072	2070	2022	2127	2018	2046	2036	2017	2012	2055	
304998	62	126	14	78	142	30	94	158	46	110	174	2048	2033	2100	2077	2013	2152	2033	2065	1997	2019	1996	2016	
304998	62	126	14	78	142	30	94	158	46	110	174	2060	2046	2128	2084	2008	2180	2052	2092	1956	2017	1967	1967	
304998	62	126	14	78	142	30	94	158	46	110	174	2065	2050	2136	2091	2004	2187	2062	2098	1947	2021	1964	1958	
304998	62	126	14	78	142	30	94	158	46	110	174	2056	2041	2109	2090	2015	2162	2051	2081	1979	2021	1979	1993	
304998	62	126	14	78	142	30	94	158	46	110	174	2048	2029	2074	2075	2017	2129	2034	2064	2022	2021	2000	2044	
304998	62	126	14	78	142	30	94	158	46	110	174	2047	2023	2064	2067	2018	2115	2017	2045	2043	2022	2014	2067	
304998	62	126	14	78	142	30	94	158	46	110	174	2047	2030	2080	2073	2020	2135	2021	2053	2020	2021	2002	2038	
304998	62	126	14	78	142	30	94	158	46	110	174	2057	2038	2113	2084	2012	2168	2040	2081	1977	2017	1981	1993	
304998	62	126	14	78	142	30	94	158	46	110	174	2060	2046	2134	2091	2008	2192	2060	2098	1949	2018	1962	1955	
304998	62	126	14	78	142	30	94	158	46	110	174	2060	2048	2129	2088	2013	2178	2064	2094	1952	2020	1969	1968	
304998	62	126	14	78	142	30	94	158	46	110	174	2057	2035	2097	2082	2015	2148	2045	2074	1999	2021	1985	2014	
304998	62	126	14	78	142	30	94	158	46	110	174	2047	2026	2068	2073	2021	2123	2022	2048	2039	2017	2008	2057	
304998	62	126	14	78	142	30	94	158	46	110	174	2045	2027	2065	2071	2020	2121	2015	2049	2039	2021	2012	2059	
304998	62	126	14	78	142	30	94	158	46	110	174	2048	2034	2094	2078	2017	2148	2029	2064	2001	2020	1993	2016	
304998	62	126	14	78	142	30	94	158	46	110	174	2058	2044	2124	2085	2012	2177	2052	2088	1954	2022	1967	1969	
304998	62	126	14	78	142	30	94	158	46	110	174	2061	2046	2133	2092	2005	2187	2059	2098	1947	2020	1964	1957	
304998	62	126	14	78	142	30	94	158	46	110	174	2058	2042	2115	2090	2010	2165	2053	2084	1970	2018	1971	1990	
304998	62	126	14	78	142	30	94	158	46	110	174	2050	2031	2078	2079	2016	2138	2036	2062	2017	2020	1994	2035	
304998	62	126	14	78	142	30	94	158	46	110	174	2041	2023	2059	2072	2020	2118	2017	2049	2041	2018	2011	2062	
304998	62	126	14	78	142	30	94	158	46	110	174	2044	2028	2076	2075	2019	2130	2020	2049	2025	2020	2006	2043	
304998	62	126	14	78	142	30	94	158	46	110	174	2052	2038	2108	2078	2015	2163	2035	2074	1983	2020	1984	1996	
304998	62	126	14	78	142	30	94	158	46	110	174	2056	2048	2135	2091	2009	2186	2058	2093	1947	2018	1965	1962	
304998	62	126	14	78	142	30	94	158	46	110	174	2058	2050	2130	2093	2009	2183	2058	2093	1955	2017	1967	1968	
304998	62	126	14	78	142	30	94	158	46	110	174	2053	2036	2100	2084	2015	2154	2043	2077	1995	2020	1985	2008	
304998	62	126	14	78	142	30	94	158	46	110	174	2046	2027	2071	2073	2020	2124	2026	2051	2034	2022	2005	2051	
304998	62	126	14	78	142	30	94	158	46	110	174	2047	2028	2067	2068	2022	2120	2018	2045	2045	2019	2012	2060	
304998	62	126	14	78	142	30	94	158	46	110	174	2046	2031	2091	2076	2018	2144	2028	2056	2008	2022	1998	2022	
304998	62	126	14	78	142	30	94	158	46	110	174	2056	2041	2121	2083	2010	2174	2048	2086	1962	2018	1972	1976	
304998	62	126	14	78	142	30	94	158	46	110	174	2060	2047	2137	2092	2004	2190	2057	2099	1942	2020	1963	1958	
304998	62	126	14	78	142	30	94	158	46	110	174	2059	2044	2116	2087	2010	2167	2055	2091	1971	2021	1973	1984	
304998	62	126	14	78	142	30	94	158	46	110	174	2053	2034	2081	2080	2016	2138	2037	2065	2015	2022	1998	2031	
304998	62	126	14	78	142	30	94	158	46	110	174	2048	2023	2064	2071	2018	2115	2020	2048	2042	2017	2015	2064	
304998	62	126	14	78	142	30	94	158	46	110	174	2047	2025	2074	2071	2019	2128	2019	2050	2031	2018	2008	2047	
304998	62	126	14	78	142	30	94	158	46	110	174	2053	2032	2106	2080	2017	2156	2038	2077	1987	2020	1990	2001	
304998	62	126	14	78	142	30	94	158	46	110	174	2059	2047	2134	2090	2008	2186	2057	2094	1950	2020	1965	1964	
304998	62	126	14	78	142	30	94	158	46	110	174	2061	2050	2133	2091	2008	2183	2062	2096	1952	2020	1962	1967	
304998	62	126	14	78	142	30	94	158	46	110	174	2054	2040	2106	2085	2013	2155	2046	2080	1991	2018	1980	2005	
304998	62	126	14	78	142	30	94	158	46	110	174	2045	2031	2068	2078	2019	2125	2025	2054	2030	2022	2004	2050	
304998	62	126	14	78	142	30	94	158	46	110	174	2047	2025	2062	2071	2019	2116	2019	2045	2040	2021	2012	2063	
304998	62	126	14	78	142	30	94	158	46	110	174	2051	2032	2090	2077	2020	2142	2028	2059	2014	2021	2001	2031	
304998	62	126	14	78	142	30	94	158	46	110	174	2054	2042	2122	2082	2011	2170	2047	2082	1971	2016	1977	1979	
304998	62	126	14	78	142	30	94	158	46	110	174	2060	2051	2138	2091	2011	2188	2058	2097	1945	2017	1963	1956	
304998	62	126	14	78	142	30	94	158	46	110	174	2062	2046	2120	2091	2013	2175	2058	2091	1968	2017	1969	1981	
304998	62	126	14	78	142	30	94	158	46	110	174	2051	2039	2086	2083	2012	2141	2038	2063	2012	2021	1991	2030	
304998	62	126	14	78	142	30	94	158	46	110	174	2048	2029	2064	2071	2019	2120	2019	2047	2043	2019	2012	2058	
