304998	62	126	14	78	142	30	94	158	46	110	174	1992	2077	2173	1993	1989	1933	2012	2102	1951	2018	2073	1971
304998	62	126	14	78	142	30	94	158	46	110	174	1984	2066	2165	1989	1992	1951	2001	2091	1965	2022	2063	1989
304998	62	126	14	78	142	30	94	158	46	110	174	2008	2031	2136	2007	1997	1984	2008	2077	2005	2022	2023	2025
304998	62	126	14	78	142	30	94	158	46	110	174	2040	1990	2110	2025	2014	2012	2026	2056	2034	2020	1986	2050
304998	62	126	14	78	142	30	94	158	46	110	174	2057	1993	2094	2031	2011	2011	2034	2060	2027	2021	1989	2051
304998	62	126	14	78	142	30	94	158	46	110	174	2031	2019	2128	2016	2007	1982	2022	2075	1996	2020	2018	2026
304998	62	126	14	78	142	30	94	158	46	110	174	2000	2065	2165	1995	1994	1946	2008	2091	1968	2017	2053	1989
304998	62	126	14	78	142	30	94	158	46	110	174	1979	2085	2178	1984	1984	1934	1994	2108	1954	2017	2067	1969
304998	62	126	14	78	142	30	94	158	46	110	174	1993	2062	2150	1999	1988	1959	2003	2092	1975	2020	2045	1999
304998	62	126	14	78	142	30	94	158	46	110	174	2036	2020	2101	2017	2011	1997	2029	2073	2011	2017	2016	2043
304998	62	126	14	78	142	30	94	158	46	110	174	2058	1985	2091	2032	2011	2025	2028	2049	2041	2017	1981	2062
304998	62	126	14	78	142	30	94	158	46	110	174	2058	1994	2109	2024	2018	2003	2024	2070	2022	2019	1989	2040
304998	62	126	14	78	142	30	94	158	46	110	174	2020	2043	2147	2002	1998	1964	2028	2090	1983	2017	2029	2000
304998	62	126	14	78	142	30	94	158	46	110	174	1981	2080	2175	1991	1984	1937	2004	2104	1953	2018	2070	1979
304998	62	126	14	78	142	30	94	158	46	110	174	1985	2085	2156	1986	1987	1940	2002	2100	1959	2017	2071	1985
304998	62	126	14	78	142	30	94	158	46	110	174	2010	2036	2128	2004	2002	1982	2008	2077	2000	2021	2026	2022
304998	62	126	14	78	142	30	94	158	46	110	174	2049	1993	2102	2019	2017	2014	2028	2063	2028	2022	1989	2050
304998	62	126	14	78	142	30	94	158	46	110	174	2063	1985	2100	2030	2016	2015	2044	2060	2028	2018	1987	2050
304998	62	126	14	78	142	30	94	158	46	110	174	2037	2019	2126	2018	2005	1982	2026	2074	1998	2016	2017	2030
304998	62	126	14	78	142	30	94	158	46	110	174	2002	2074	2151	1995	1993	1946	2008	2095	1976	2021	2051	1999
304998	62	126	14	78	142	30	94	158	46	110	174	1979	2083	2170	1986	1984	1933	1994	2107	1953	2020	2070	1982
304998	62	126	14	78	142	30	94	158	46	110	174	1994	2065	2150	1990	1995	1956	1999	2094	1970	2022	2051	1991
304998	62	126	14	78	142	30	94	158	46	110	174	2029	2019	2124	2012	2005	1997	2023	2075	2008	2020	2016	2032
304998	62	126	14	78	142	30	94	158	46	110	174	2054	1988	2100	2029	2015	2020	2029	2049	2035	2022	1983	2064
304998	62	126	14	78	142	30	94	158	46	110	174	2055	2000	2099	2027	2014	2005	2028	2062	2023	2019	1988	2044
304998	62	126	14	78	142	30	94	158	46	110	174	2028	2037	2137	2011	2003	1968	2016	2087	1986	2021	2027	2007
304998	62	126	14	78	142	30	94	158	46	110	174	1990	2077	2166	1987	1988	1937	2006	2107	1955	2017	2071	1979
304998	62	126	14	78	142	30	94	158	46	110	174	1979	2083	2169	1987	1983	1946	2004	2104	1954	2017	2077	1990
304998	62	126	14	78	142	30	94	158	46	110	174	2003	2047	2140	2004	1993	1971	2013	2082	1998	2017	2031	2016
304998	62	126	14	78	142	30	94	158	46	110	174	2045	2007	2096	2019	2014	2008	2030	2063	2026	2020	1993	2043
304998	62	126	14	78	142	30	94	158	46	110	174	2064	1981	2089	2034	2017	2019	2042	2059	2030	2020	1984	2047
304998	62	126	14	78	142	30	94	158	46	110	174	2042	2007	2122	2020	2013	1989	2022	2070	2004	2018	2011	2027
304998	62	126	14	78	142	30	94	158	46	110	174	2004	2059	2158	2000	1993	1954	2007	2091	1974	2018	2047	2003
304998	62	126	14	78	142	30	94	158	46	110	174	1973	2091	2176	1984	1982	1936	1995	2104	1955	2021	2072	1985
304998	62	126	14	78	142	30	94	158	46	110	174	1989	2078	2147	1991	1993	1951	2005	2100	1970	2018	2058	1991
304998	62	126	14	78	142	30	94	158	46	110	174	2024	2021	2109	2014	2003	1991	2033	2079	2006	2018	2019	2023
304998	62	126	14	78	142	30	94	158	46	110	174	2059	1981	2089	2032	2020	2019	2036	2052	2030	2018	1985	2056
304998	62	126	14	78	142	30	94	158	46	110	174	2063	1988	2108	2029	2018	2018	2041	2059	2029	2020	1988	2046
304998	62	126	14	78	142	30	94	158	46	110	174	2024	2031	2139	2012	1995	1977	2017	2082	1991	2017	2024	2010
304998	62	126	14	78	142	30	94	158	46	110	174	1993	2083	2156	1990	1987	1938	2011	2108	1955	2018	2064	1983
304998	62	126	14	78	142	30	94	158	46	110	174	1977	2088	2161	1985	1979	1937	1998	2106	1951	2018	2078	1984
304998	62	126	14	78	142	30	94	158	46	110	174	1996	2046	2132	2002	1992	1971	2004	2083	1984	2019	2042	2014
304998	62	126	14	78	142	30	94	158	46	110	174	2041	1998	2109	2023	2006	2009	2025	2065	2026	2019	1998	2042
304998	62	126	14	78	142	30	94	158	46	110	174	2066	1979	2100	2034	2015	2023	2040	2052	2033	2021	1974	2043
304998	62	126	14	78	142	30	94	158	46	110	174	2049	2008	2120	2026	2008	1994	2025	2065	2005	2020	2003	2023
304998	62	126	14	78	142	30	94	158	46	110	174	2013	2059	2140	2002	1996	1957	2018	2090	1969	2016	2047	2004
304998	62	126	14	78	142	30	94	158	46	110	174	1980	2085	2164	1987	1985	1932	2005	2108	1956	2020	2073	1991
304998	62	126	14	78	142	30	94	158	46	110	174	1983	2072	2155	1993	1984	1950	1999	2106	1967	2021	2062	1992
304998	62	126	14	78	142	30	94	158	46	110	174	2021	2030	2127	2006	1998	1991	2021	2083	2006	2018	2022	2017
304998	62	126	14	78	142	30	94	158	46	110	174	2049	1986	2102	2029	2014	2016	2031	2052	2028	2017	1989	2044
304998	62	126	14	78	142	30	94	158	46	110	174	2072	1984	2094	2038	2015	2011	2041	2053	2033	2018	1979	2044
304998	62	126	14	78	142	30	94	158	46	110	174	2038	2021	2129	2016	2007	1979	2020	2072	1999	2017	2015	2017
304998	62	126	14	78	142	30	94	158	46	110	174	1991	2071	2164	1989	1988	1940	2004	2100	1956	2021	2059	1984
304998	62	126	14	78	142	30	94	158	46	110	174	1975	2091	2169	1983	1978	1941	2001	2113	1949	2021	2083	1985
304998	62	126	14	78	142	30	94	158	46	110	174	1988	2059	2148	1994	1993	1961	2001	2085	1979	2020	2050	2014
304998	62	126	14	78	142	30	94	158	46	110	174	2039	2009	2104	2023	2007	1999	2025	2068	2023	2017	1998	2036
304998	62	126	14	78	142	30	94	158	46	110	174	2072	1973	2089	2036	2023	2020	2039	2052	2036	2017	1973	2045
304998	62	126	14	78	142	30	94	158	46	110	174	2062	1992	2114	2026	2017	1996	2028	2064	2013	2022	1996	2026
304998	62	126	14	78	142	30	94	158	46	110	174	2016	2043	2153	2007	1995	1964	2023	2089	1973	2020	2046	2002
304998	62	126	14	78	142	30	94	158	46	110	174	1973	2091	2174	1991	1980	1931	2004	2100	1955	2020	2079	1989
304998	62	126	14	78	142	30	94	158	46	110	174	1979	2088	2151	1987	1980	1940	1996	2105	1958	2021	2071	1992
304998	62	126	14	78	142	30	94	158	46	110	174	2015	2039	2121	2007	1995	1984	2013	2080	2000	2018	2024	2011
304998	62	126	14	78	142	30	94	158	46	110	174	2060	1980	2101	2026	2020	2017	2031	2057	2029	2019	1988	2042
304998	62	126	14	78	142	30	94	158	46	110	174	2067	1975	2108	2034	2023	2021	2049	2048	2028	2020	1980	2047
304998	62	126	14	78	142	30	94	158	46	110	174	2040	2015	2137	2025	2003	1984	2022	2075	2004	2017	2010	2029
304998	62	126	14	78	142	30	94	158	46	110	174	2000	2076	2155	1995	1987	1940	2009	2103	1960	2018	2058	1999
304998	62	126	14	78	142	30	94	158	46	110	174	1972	2093	2158	1983	1978	1933	2006	2113	1946	2022	2078	1974
304998	62	126	14	78	142	30	94	158	46	110	174	1986	2055	2144	1996	1995	1958	1996	2089	1970	2017	2060	2000
304998	62	126	14	78	142	30	94	158	46	110	174	2040	2008	2116	2019	2011	2004	2026	2065	2021	2021	2007	2035
304998	62	126	14	78	142	30	94	158	46	110	174	2070	1974	2109	2041	2017	2017	2037	2048	2036	2020	1969	2044
304998	62	126	14	78	142	30	94	158	46	110	174	2063	1994	2114	2033	2017	1997	2036	2059	2016	2018	1981	2032
304998	62	126	14	78	142	30	94	158	46	110	174	2025	2048	2139	2013	2001	1961	2023	2084	1980	2017	2034	2001
304998	62	126	14	78	142	30	94	158	46	110	174	1984	2086	2155	1988	1981	1939	2002	2098	1949	2017	2075	1993
304998	62	126	14	78	142	30	94	158	46	110	174	1975	2086	2158	1983	1983	1940	1998	2107	1958	2017	2075	1999
304998	62	126	14	78	142	30	94	158	46	110	174	2004	2036	2141	2006	1994	1979	2007	2087	1996	2017	2028	2013
304998	62	126	14	78	142	30	94	158	46	110	174	2052	1990	2112	2029	2014	2013	2036	2059	2025	2017	1986	2035
304998	62	126	14	78	142	30	94	158	46	110	174	2074	1977	2103	2036	2023	2014	2040	2045	2028	2016	1977	2040
304998	62	126	14	78	142	30	94	158	46	110	174	2048	2013	2121	2028	2001	1993	2023	2064	2007	2022	2007	2030
304998	62	126	14	78	142	30	94	158	46	110	174	2000	2059	2151	2001	1989	1943	2007	2095	1966	2021	2051	2003
304998	62	126	14	78	142	30	94	158	46	110	174	1970	2088	2173	1990	1969	1944	1990	2109	1949	2017	2081	1986
304998	62	126	14	78	142	30	94	158	46	110	174	1981	2070	2154	2003	1971	1956	1998	2094	1968	2022	2058	1993
304998	62	126	14	78	142	30	94	158	46	110	174	2025	2014	2121	2014	2012	1992	2017	2063	2010	2018	2017	2027
304998	62	126	14	78	142	30	94	158	46	110	174	2068	1980	2094	2036	2018	2019	2039	2048	2039	2020	1977	2047
304998	62	126	14	78	142	30	94	158	46	110	174	2071	1976	2112	2038	2020	2008	2036	2056	2022	2018	1976	2036
304998	62	126	14	78	142	30	94	158	46	110	174	2031	2028	2140	2017	2001	1962	2024	2081	1984	2022	2024	1998
304998	62	126	14	78	142	30	94	158	46	110	174	1982	2080	2167	1997	1977	1936	2005	2104	1949	2017	2077	1986
304998	62	126	14	78	142	30	94	158	46	110	174	1964	2092	2168	1982	1983	1935	1989	2106	1956	2016	2080	1999
304998	62	126	14	78	142	30	94	158	46	110	174	2000	2052	2128	2000	1996	1977	2002	2089	1990	2018	2040	2017
304998	62	126	14	78	142	30	94	158	46	110	174	2051	1993	2110	2029	2012	2011	2030	2061	2024	2017	1987	2029
304998	62	126	14	78	142	30	94	158	46	110	174	2075	1968	2103	2038	2025	2014	2041	2049	2028	2020	1963	2032
304998	62	126	14	78	142	30	94	158	46	110	174	2052	2000	2130	2026	2017	1988	2042	2060	2007	2018	2001	2023
304998	62	126	14	78	142	30	94	158	46	110	174	2002	2062	2156	2007	1989	1948	2005	2088	1973	2017	2051	2007
304998	62	126	14	78	142	30	94	158	46	110	174	1970	2099	2156	1986	1979	1933	1994	2115	1948	2022	2081	2000
304998	62	126	14	78	142	30	94	158	46	110	174	1980	2081	2139	1988	1984	1950	2005	2105	1964	2018	2062	1999
304998	62	126	14	78	142	30	94	158	46	110	174	2022	2010	2127	2011	2004	1987	2012	2066	2005	2018	2020	2014
304998	62	126	14	78	142	30	94	158	46	110	174	2064	1966	2114	2040	2023	2019	2039	2045	2046	2017	1979	2038
304998	62	126	14	78	142	30	94	158	46	110	174	2073	1972	2120	2047	2021	2009	2039	2050	2033	2022	1977	2040
304998	62	126	14	78	142	30	94	158	46	110	174	2032	2027	2134	2015	2004	1973	2020	2076	1990	2021	2020	2021
304998	62	126	14	78	142	30	94	158	46	110	174	1982	2084	2148	1996	1969	1940	1999	2103	1954	2018	2067	1992
304998	62	126	14	78	142	30	94	158	46	110	174	1969	2093	2153	1985	1973	1928	1992	2103	1954	2021	2086	1997
304998	62	126	14	78	142	30	94	158	46	110	174	1993	2048	2139	1997	1989	1963	1999	2089	1986	2021	2051	2016
304998	62	126	14	78	142	30	94	158	46	110	174	2044	1991	2127	2029	2013	2007	2031	2063	2018	2020	1990	2031
304998	62	126	14	78	142	30	94	158	46	110	174	2075	1970	2117	2040	2033	2017	2051	2041	2035	2021	1969	2031
304998	62	126	14	78	142	30	94	158	46	110	174	2061	1997	2118	2033	2013	1997	2038	2056	2011	2020	1990	2019
304998	62	126	14	78	142	30	94	158	46	110	174	2012	2052	2139	2010	1991	1950	2012	2083	1978	2017	2050	2008
304998	62	126	14	78	142	30	94	158	46	110	174	1971	2089	2149	1984	1977	1930	1998	2116	1952	2022	2082	2001
304998	62	126	14	78	142	30	94	158	46	110	174	1969	2077	2154	1984	1973	1947	1987	2103	1958	2022	2069	2011
304998	62	126	14	78	142	30	94	158	46	110	174	2010	2023	2142	2010	1995	1989	2016	2075	1994	2021	2020	2014
304998	62	126	14	78	142	30	94	158	46	110	174	2058	1978	2118	2041	2019	2015	2039	2041	2032	2021	1974	2024
304998	62	126	14	78	142	30	94	158	46	110	174	2073	1966	2112	2048	2022	2014	2038	2042	2038	2021	1977	2028
304998	62	126	14	78	142	30	94	158	46	110	174	2040	2013	2130	2022	2010	1981	2026	2072	1996	2022	2016	2024
304998	62	126	14	78	142	30	94	158	46	110	174	1987	2073	2158	1997	1978	1949	2002	2098	1953	2017	2063	2008
304998	62	126	14	78	142	30	94	158	46	110	174	1966	2096	2155	1982	1969	1935	1992	2114	1950	2021	2080	1997
304998	62	126	14	78	142	30	94	158	46	110	174	1987	2061	2146	1997	1990	1957	1998	2091	1982	2016	2058	2011
304998	62	126	14	78	142	30	94	158	46	110	174	2041	2000	2114	2022	2008	2000	2018	2065	2017	2018	2002	2021
304998	62	126	14	78	142	30	94	158	46	110	174	2074	1958	2118	2046	2029	2017	2049	2041	2035	2019	1967	2036
304998	62	126	14	78	142	30	94	158	46	110	174	2070	1984	2124	2040	2018	2001	2043	2052	2011	2020	1982	2022
304998	62	126	14	78	142	30	94	158	46	110	174	2018	2043	2149	2016	1980	1961	2017	2086	1975	2022	2039	2003
304998	62	126	14	78	142	30	94	158	46	110	174	1963	2095	2154	1984	1978	1925	1987	2107	1956	2020	2086	2007
304998	62	126	14	78	142	30	94	158	46	110	174	1970	2089	2140	1982	1970	1944	1988	2109	1955	2017	2081	2015
304998	62	126	14	78	142	30	94	158	46	110	174	2008	2033	2127	2006	1997	1978	2007	2077	1996	2019	2033	2023
304998	62	126	14	78	142	30	94	158	46	110	174	2059	1968	2125	2037	2026	2014	2038	2042	2028	2017	1975	2016
304998	62	126	14	78	142	30	94	158	46	110	174	2076	1964	2131	2049	2022	2011	2051	2038	2034	2017	1968	2015
304998	62	126	14	78	142	30	94	158	46	110	174	2045	2010	2138	2032	2014	1983	2026	2068	2005	2022	2012	2016
304998	62	126	14	78	142	30	94	158	46	110	174	1991	2071	2142	1993	1984	1943	2000	2099	1961	2020	2060	2015
304998	62	126	14	78	142	30	94	158	46	110	174	1958	2089	2149	1980	1971	1936	1981	2114	1949	2020	2081	2013
304998	62	126	14	78	142	30	94	158	46	110	174	1986	2062	2134	1990	1984	1953	1994	2091	1971	2020	2058	2005
304998	62	126	14	78	142	30	94	158	46	110	174	2035	2003	2134	2020	2008	1995	2017	2059	2018	2019	2010	2013
304998	62	126	14	78	142	30	94	158	46	110	174	2074	1968	2124	2043	2033	2015	2045	2045	2040	2016	1972	2022
304998	62	126	14	78	142	30	94	158	46	110	174	2071	1987	2124	2044	2026	2004	2045	2047	2017	2019	1982	2025
304998	62	126	14	78	142	30	94	158	46	110	174	2020	2040	2134	2015	1997	1966	2011	2081	1984	2018	2032	2018
304998	62	126	14	78	142	30	94	158	46	110	174	1978	2088	2145	1986	1972	1936	1998	2110	1948	2017	2077	2002
304998	62	126	14	78	142	30	94	158	46	110	174	1963	2088	2147	1979	1968	1940	1977	2114	1962	2018	2086	2011
304998	62	126	14	78	142	30	94	158	46	110	174	2003	2041	2139	2004	1994	1967	2014	2089	1990	2017	2039	2021
304998	62	126	14	78	142	30	94	158	46	110	174	2051	1987	2133	2032	2024	2008	2036	2046	2025	2022	1982	2014
304998	62	126	14	78	142	30	94	158	46	110	174	2077	1964	2119	2051	2027	2020	2048	2037	2031	2017	1968	2013
304998	62	126	14	78	142	30	94	158	46	110	174	2057	2002	2131	2032	2011	1986	2043	2057	2010	2016	2003	2011
304998	62	126	14	78	142	30	94	158	46	110	174	2000	2059	2139	1997	1983	1948	1999	2100	1968	2016	2058	2020
304998	62	126	14	78	142	30	94	158	46	110	174	1966	2097	2144	1978	1970	1932	1996	2126	1952	2022	2086	2026
304998	62	126	14	78	142	30	94	158	46	110	174	1973	2077	2143	1983	1983	1951	1987	2101	1972	2021	2062	2018
304998	62	126	14	78	142	30	94	158	46	110	174	2028	2019	2126	2015	2010	1994	2023	2063	2009	2021	2009	2008
304998	62	126	14	78	142	30	94	158	46	110	174	2076	1965	2130	2047	2030	2015	2052	2035	2039	2020	1977	2006
304998	62	126	14	78	142	30	94	158	46	110	174	2076	1974	2129	2047	2026	2005	2042	2047	2024	2019	1978	2014
304998	62	126	14	78	142	30	94	158	46	110	174	2029	2027	2142	2019	2004	1970	2034	2075	1983	2021	2022	2023
304998	62	126	14	78	142	30	94	158	46	110	174	1970	2086	2150	1983	1975	1936	1985	2112	1954	2021	2072	2017
304998	62	126	14	78	142	30	94	158	46	110	174	1967	2100	2136	1970	1971	1939	1986	2119	1959	2020	2081	2014
304998	62	126	14	78	142	30	94	158	46	110	174	1994	2048	2129	1999	1989	1967	2004	2088	1988	2022	2047	2021
304998	62	126	14	78	142	30	94	158	46	110	174	2051	1987	2130	2030	2023	2000	2029	2049	2020	2021	1993	2015
304998	62	126	14	78	142	30	94	158	46	110	174	2075	1956	2138	2053	2034	2016	2048	2032	2033	2020	1968	2013
304998	62	126	14	78	142	30	94	158	46	110	174	2053	1996	2139	2040	2015	1991	2037	2049	2005	2017	1993	2007
304998	62	126	14	78	142	30	94	158	46	110	174	2006	2061	2136	2005	1988	1956	2008	2088	1982	2020	2053	2016
304998	62	126	14	78	142	30	94	158	46	110	174	1966	2098	2127	1974	1956	1936	1977	2121	1956	2017	2085	2031
304998	62	126	14	78	142	30	94	158	46	110	174	1975	2076	2130	1977	1973	1949	1985	2111	1970	2017	2070	2030
304998	62	126	14	78	142	30	94	158	46	110	174	2017	2020	2138	2014	2004	1980	2021	2072	1997	2020	2017	2010
304998	62	126	14	78	142	30	94	158	46	110	174	2065	1971	2146	2050	2024	2014	2046	2035	2025	2018	1976	1997
304998	62	126	14	78	142	30	94	158	46	110	174	2075	1976	2134	2051	2035	2012	2048	2038	2028	2022	1983	2008
304998	62	126	14	78	142	30	94	158	46	110	174	2038	2021	2127	2023	1998	1980	2023	2076	1994	2017	2022	2017
304998	62	126	14	78	142	30	94	158	46	110	174	1977	2072	2131	1986	1975	1939	1990	2108	1960	2019	2066	2027
304998	62	126	14	78	142	30	94	158	46	110	174	1966	2092	2130	1969	1965	1937	1989	2121	1949	2018	2079	2021
304998	62	126	14	78	142	30	94	158	46	110	174	1988	2060	2143	1990	1982	1968	1994	2091	1990	2023	2056	2015
