304998	62	126	14	78	142	30	94	158	46	110	174	2061	1974	2168	2065	2031	2007	2060	2028	2012	2016	1986	1987
304998	62	126	14	78	142	30	94	158	46	110	174	2065	1984	2150	2064	2036	1995	2058	2027	2012	2017	1984	1999
304998	62	126	14	78	142	30	94	158	46	110	174	2031	2028	2125	2026	1998	1971	2022	2078	1996	2020	2020	2014
304998	62	126	14	78	142	30	94	158	46	110	174	1985	2071	2108	1981	1963	1958	1994	2125	1972	2021	2063	2040
304998	62	126	14	78	142	30	94	158	46	110	174	1971	2082	2115	1959	1956	1954	1975	2138	1966	2020	2076	2053
304998	62	126	14	78	142	30	94	158	46	110	174	1998	2048	2133	1990	1977	1973	2002	2097	1988	2017	2044	2028
304998	62	126	14	78	142	30	94	158	46	110	174	2045	1999	2159	2038	2026	1992	2049	2041	2012	2020	1993	1991
304998	62	126	14	78	142	30	94	158	46	110	174	2071	1974	2156	2068	2037	2007	2062	2020	2016	2020	1978	1979
304998	62	126	14	78	142	30	94	158	46	110	174	2055	1993	2144	2055	2018	1992	2055	2046	2003	2022	2005	2003
304998	62	126	14	78	142	30	94	158	46	110	174	2006	2043	2127	2002	1986	1966	2015	2094	1977	2021	2044	2034
304998	62	126	14	78	142	30	94	158	46	110	174	1968	2082	2115	1967	1953	1952	1969	2129	1972	2021	2072	2050
304998	62	126	14	78	142	30	94	158	46	110	174	1975	2076	2118	1970	1968	1963	1980	2124	1985	2022	2060	2037
304998	62	126	14	78	142	30	94	158	46	110	174	2016	2025	2134	2008	2005	1983	2022	2072	1999	2021	2026	2005
304998	62	126	14	78	142	30	94	158	46	110	174	2058	1973	2159	2061	2030	2005	2057	2030	2008	2020	1989	1986
304998	62	126	14	78	142	30	94	158	46	110	174	2067	1972	2159	2068	2039	1990	2075	2022	2006	2021	1988	1991
304998	62	126	14	78	142	30	94	158	46	110	174	2032	2016	2144	2031	2002	1976	2042	2061	1998	2021	2014	2007
304998	62	126	14	78	142	30	94	158	46	110	174	1989	2072	2116	1981	1970	1960	1987	2119	1972	2020	2057	2042
304998	62	126	14	78	142	30	94	158	46	110	174	1969	2088	2100	1957	1962	1958	1973	2139	1973	2022	2076	2058
304998	62	126	14	78	142	30	94	158	46	110	174	1993	2045	2127	1987	1969	1968	1993	2100	1985	2021	2048	2031
304998	62	126	14	78	142	30	94	158	46	110	174	2036	1998	2159	2034	2019	1989	2032	2041	2006	2016	2001	1991
304998	62	126	14	78	142	30	94	158	46	110	174	2064	1969	2177	2070	2034	1999	2064	2021	2011	2017	1986	1965
304998	62	126	14	78	142	30	94	158	46	110	174	2054	1996	2156	2060	2024	1991	2056	2038	1999	2022	2000	1998
304998	62	126	14	78	142	30	94	158	46	110	174	2018	2042	2115	2007	1994	1972	2016	2094	1981	2020	2033	2036
304998	62	126	14	78	142	30	94	158	46	110	174	1981	2075	2102	1971	1957	1957	1973	2127	1976	2020	2063	2055
304998	62	126	14	78	142	30	94	158	46	110	174	1977	2071	2114	1965	1966	1950	1975	2128	1983	2017	2061	2038
304998	62	126	14	78	142	30	94	158	46	110	174	2012	2031	2144	2005	1996	1981	2020	2082	1993	2017	2028	2004
304998	62	126	14	78	142	30	94	158	46	110	174	2047	1987	2165	2057	2034	1997	2054	2027	2003	2018	1995	1987
304998	62	126	14	78	142	30	94	158	46	110	174	2069	1978	2157	2070	2046	1995	2074	2021	2004	2019	1984	1986
304998	62	126	14	78	142	30	94	158	46	110	174	2043	2007	2140	2038	2011	1977	2044	2056	1995	2020	2012	2004
304998	62	126	14	78	142	30	94	158	46	110	174	2000	2064	2107	1987	1977	1957	1997	2113	1985	2022	2057	2042
304998	62	126	14	78	142	30	94	158	46	110	174	1973	2077	2118	1964	1947	1967	1966	2134	1973	2020	2069	2055
304998	62	126	14	78	142	30	94	158	46	110	174	1987	2059	2123	1979	1972	1971	1981	2108	1985	2021	2044	2032
304998	62	126	14	78	142	30	94	158	46	110	174	2033	2009	2148	2031	2010	1982	2033	2047	2002	2020	2009	1993
304998	62	126	14	78	142	30	94	158	46	110	174	2061	1970	2174	2073	2042	1989	2062	2019	2006	2019	1983	1971
304998	62	126	14	78	142	30	94	158	46	110	174	2060	1988	2164	2062	2038	1984	2055	2037	1999	2020	1995	2000
304998	62	126	14	78	142	30	94	158	46	110	174	2018	2039	2131	2020	1988	1976	2018	2084	1980	2021	2029	2030
304998	62	126	14	78	142	30	94	158	46	110	174	1984	2081	2098	1969	1952	1959	1990	2129	1977	2020	2062	2050
304998	62	126	14	78	142	30	94	158	46	110	174	1984	2074	2104	1962	1955	1959	1973	2129	1984	2017	2055	2037
304998	62	126	14	78	142	30	94	158	46	110	174	2012	2033	2132	1993	1995	1970	2006	2088	1994	2021	2034	2016
304998	62	126	14	78	142	30	94	158	46	110	174	2049	1995	2167	2049	2040	1989	2052	2035	1995	2018	1995	1993
304998	62	126	14	78	142	30	94	158	46	110	174	2057	1980	2175	2073	2039	1990	2067	2017	1996	2018	1981	1981
304998	62	126	14	78	142	30	94	158	46	110	174	2041	2010	2143	2044	2018	1973	2039	2046	1996	2018	2004	1997
304998	62	126	14	78	142	30	94	158	46	110	174	2004	2052	2110	1990	1976	1968	1998	2106	1990	2021	2049	2035
304998	62	126	14	78	142	30	94	158	46	110	174	1980	2073	2100	1956	1959	1963	1970	2133	1982	2018	2067	2058
304998	62	126	14	78	142	30	94	158	46	110	174	1986	2058	2123	1972	1975	1970	1986	2117	1981	2022	2045	2039
304998	62	126	14	78	142	30	94	158	46	110	174	2023	2016	2154	2025	2008	1979	2017	2056	1997	2021	2011	1995
304998	62	126	14	78	142	30	94	158	46	110	174	2059	1985	2164	2069	2050	1986	2064	2015	2006	2022	1991	1972
304998	62	126	14	78	142	30	94	158	46	110	174	2062	1987	2152	2071	2035	1982	2064	2025	1996	2017	1994	1984
304998	62	126	14	78	142	30	94	158	46	110	174	2030	2024	2128	2022	1999	1976	2028	2076	1983	2019	2023	2024
304998	62	126	14	78	142	30	94	158	46	110	174	1989	2064	2107	1970	1964	1965	1983	2128	1983	2018	2053	2048
304998	62	126	14	78	142	30	94	158	46	110	174	1981	2077	2110	1959	1952	1963	1975	2125	1990	2018	2065	2043
304998	62	126	14	78	142	30	94	158	46	110	174	2005	2042	2125	1991	1990	1967	1996	2092	1998	2017	2040	2024
304998	62	126	14	78	142	30	94	158	46	110	174	2048	1998	2155	2049	2027	1986	2049	2041	1991	2020	1999	1992
304998	62	126	14	78	142	30	94	158	46	110	174	2063	1975	2174	2073	2052	1984	2069	2017	1992	2022	1984	1974
304998	62	126	14	78	142	30	94	158	46	110	174	2049	2004	2151	2053	2023	1982	2059	2040	1992	2017	2003	1990
304998	62	126	14	78	142	30	94	158	46	110	174	2012	2049	2121	2001	1984	1967	2004	2104	1992	2020	2043	2040
304998	62	126	14	78	142	30	94	158	46	110	174	1988	2078	2088	1956	1958	1964	1985	2145	1985	2019	2064	2067
304998	62	126	14	78	142	30	94	158	46	110	174	1988	2057	2108	1966	1963	1974	1983	2120	1988	2018	2045	2046
304998	62	126	14	78	142	30	94	158	46	110	174	2021	2015	2148	2019	2009	1978	2016	2061	1988	2020	2014	1992
304998	62	126	14	78	142	30	94	158	46	110	174	2058	1983	2185	2064	2044	1980	2058	2015	1999	2020	1993	1968
304998	62	126	14	78	142	30	94	158	46	110	174	2055	1986	2170	2074	2040	1977	2060	2021	1997	2020	1997	1983
304998	62	126	14	78	142	30	94	158	46	110	174	2035	2027	2124	2028	2011	1974	2039	2070	1984	2017	2019	2019
304998	62	126	14	78	142	30	94	158	46	110	174	1994	2060	2100	1981	1959	1974	1983	2121	1987	2022	2046	2047
304998	62	126	14	78	142	30	94	158	46	110	174	1983	2070	2099	1957	1951	1964	1964	2126	1993	2019	2062	2051
304998	62	126	14	78	142	30	94	158	46	110	174	2002	2042	2134	1989	1981	1973	1994	2094	1998	2017	2041	2026
304998	62	126	14	78	142	30	94	158	46	110	174	2036	2008	2166	2041	2030	1975	2043	2044	1989	2022	2004	1986
304998	62	126	14	78	142	30	94	158	46	110	174	2061	1987	2172	2073	2054	1981	2066	2011	1986	2022	1987	1965
304998	62	126	14	78	142	30	94	158	46	110	174	2048	1997	2149	2060	2023	1984	2054	2031	1987	2019	2006	1986
304998	62	126	14	78	142	30	94	158	46	110	174	2017	2036	2120	2001	1984	1969	2023	2091	1998	2022	2038	2042
304998	62	126	14	78	142	30	94	158	46	110	174	1986	2073	2100	1959	1954	1972	1970	2134	1991	2017	2058	2063
304998	62	126	14	78	142	30	94	158	46	110	174	1987	2064	2112	1962	1965	1974	1978	2124	1994	2017	2045	2044
304998	62	126	14	78	142	30	94	158	46	110	174	2021	2027	2139	2011	2008	1975	2012	2073	1988	2017	2019	2003
304998	62	126	14	78	142	30	94	158	46	110	174	2060	1985	2168	2060	2042	1979	2061	2021	1989	2022	1999	1973
304998	62	126	14	78	142	30	94	158	46	110	174	2059	1985	2176	2080	2049	1972	2064	2020	1987	2021	1998	1984
304998	62	126	14	78	142	30	94	158	46	110	174	2035	2018	2145	2035	2014	1974	2042	2061	1993	2016	2014	2014
304998	62	126	14	78	142	30	94	158	46	110	174	1996	2056	2106	1983	1964	1974	1994	2117	1991	2020	2045	2044
304998	62	126	14	78	142	30	94	158	46	110	174	1986	2073	2089	1955	1956	1975	1972	2133	1992	2016	2061	2052
304998	62	126	14	78	142	30	94	158	46	110	174	1999	2044	2125	1982	1976	1971	1995	2102	2001	2018	2042	2037
304998	62	126	14	78	142	30	94	158	46	110	174	2028	2002	2158	2041	2024	1967	2033	2048	1985	2021	2005	1995
304998	62	126	14	78	142	30	94	158	46	110	174	2053	1986	2189	2076	2045	1976	2066	2015	1987	2022	1985	1968
304998	62	126	14	78	142	30	94	158	46	110	174	2044	2001	2167	2063	2036	1975	2056	2030	1982	2017	2002	1980
304998	62	126	14	78	142	30	94	158	46	110	174	2027	2041	2117	2014	1997	1975	2024	2082	2000	2018	2037	2029
304998	62	126	14	78	142	30	94	158	46	110	174	1993	2063	2098	1969	1955	1975	1971	2134	2004	2020	2050	2066
304998	62	126	14	78	142	30	94	158	46	110	174	1990	2063	2104	1953	1969	1971	1976	2130	1992	2018	2051	2052
304998	62	126	14	78	142	30	94	158	46	110	174	2010	2028	2147	2009	1989	1983	2008	2075	1987	2020	2030	2003
304998	62	126	14	78	142	30	94	158	46	110	174	2040	1998	2180	2059	2039	1973	2055	2017	1984	2016	2002	1975
304998	62	126	14	78	142	30	94	158	46	110	174	2063	1995	2170	2080	2048	1971	2073	2019	1983	2017	1994	1973
304998	62	126	14	78	142	30	94	158	46	110	174	2040	2007	2142	2050	2013	1975	2041	2054	1988	2018	2011	2008
304998	62	126	14	78	142	30	94	158	46	110	174	2008	2045	2101	1986	1979	1973	2004	2106	1996	2019	2038	2040
304998	62	126	14	78	142	30	94	158	46	110	174	1984	2063	2107	1955	1950	1981	1968	2129	2000	2020	2061	2062
304998	62	126	14	78	142	30	94	158	46	110	174	1996	2052	2118	1974	1967	1982	1980	2104	2002	2017	2045	2041
304998	62	126	14	78	142	30	94	158	46	110	174	2035	2016	2153	2030	2019	1971	2031	2055	1987	2022	2011	1995
304998	62	126	14	78	142	30	94	158	46	110	174	2058	1987	2172	2082	2051	1968	2066	2015	1976	2018	1988	1968
304998	62	126	14	78	142	30	94	158	46	110	174	2053	1999	2165	2073	2043	1972	2062	2029	1981	2020	2003	1986
304998	62	126	14	78	142	30	94	158	46	110	174	2021	2029	2133	2017	2003	1981	2022	2076	1998	2020	2033	2025
304998	62	126	14	78	142	30	94	158	46	110	174	1996	2066	2096	1969	1953	1981	1988	2127	2006	2017	2050	2063
304998	62	126	14	78	142	30	94	158	46	110	174	1991	2063	2093	1957	1958	1979	1972	2129	1998	2022	2050	2050
304998	62	126	14	78	142	30	94	158	46	110	174	2014	2033	2131	1997	1994	1971	2008	2087	1990	2017	2028	2013
304998	62	126	14	78	142	30	94	158	46	110	174	2040	1992	2185	2056	2034	1968	2045	2030	1971	2016	2004	1979
304998	62	126	14	78	142	30	94	158	46	110	174	2053	1988	2189	2081	2046	1973	2064	2011	1981	2020	1990	1971
304998	62	126	14	78	142	30	94	158	46	110	174	2039	2013	2152	2054	2023	1965	2045	2051	1987	2018	2008	2000
304998	62	126	14	78	142	30	94	158	46	110	174	2013	2046	2099	1995	1983	1980	2012	2105	1996	2017	2034	2030
304998	62	126	14	78	142	30	94	158	46	110	174	1990	2059	2092	1959	1956	1986	1972	2130	2004	2021	2057	2058
304998	62	126	14	78	142	30	94	158	46	110	174	1997	2047	2119	1967	1972	1978	1986	2106	2000	2022	2043	2050
304998	62	126	14	78	142	30	94	158	46	110	174	2028	2015	2162	2026	2006	1970	2032	2062	1986	2018	2013	1998
304998	62	126	14	78	142	30	94	158	46	110	174	2046	1999	2179	2071	2051	1959	2064	2020	1971	2018	1995	1961
304998	62	126	14	78	142	30	94	158	46	110	174	2058	1996	2161	2073	2041	1962	2068	2027	1974	2018	2008	1972
304998	62	126	14	78	142	30	94	158	46	110	174	2025	2016	2133	2033	2003	1979	2027	2068	1988	2017	2024	2022
304998	62	126	14	78	142	30	94	158	46	110	174	2000	2052	2098	1973	1966	1983	1993	2120	2009	2021	2043	2061
304998	62	126	14	78	142	30	94	158	46	110	174	1986	2063	2104	1958	1955	1982	1966	2136	2009	2016	2047	2050
304998	62	126	14	78	142	30	94	158	46	110	174	2014	2040	2126	1988	1992	1971	2008	2094	1994	2020	2031	2017
304998	62	126	14	78	142	30	94	158	46	110	174	2035	2002	2168	2046	2029	1966	2043	2033	1971	2018	2010	1981
304998	62	126	14	78	142	30	94	158	46	110	174	2058	1987	2180	2077	2048	1963	2064	2008	1977	2018	1996	1969
304998	62	126	14	78	142	30	94	158	46	110	174	2044	2004	2159	2057	2028	1969	2057	2045	1984	2022	2003	1993
304998	62	126	14	78	142	30	94	158	46	110	174	2015	2042	2122	2000	1986	1979	2009	2095	1998	2017	2030	2035
304998	62	126	14	78	142	30	94	158	46	110	174	1992	2064	2086	1957	1966	1984	1977	2136	2007	2020	2057	2057
304998	62	126	14	78	142	30	94	158	46	110	174	1999	2052	2104	1970	1968	1982	1984	2112	2001	2020	2046	2048
304998	62	126	14	78	142	30	94	158	46	110	174	2027	2020	2146	2014	2013	1968	2025	2068	1991	2017	2017	2005
304998	62	126	14	78	142	30	94	158	46	110	174	2050	1990	2188	2067	2045	1959	2059	2027	1967	2017	1995	1965
304998	62	126	14	78	142	30	94	158	46	110	174	2048	1996	2184	2077	2046	1957	2059	2021	1970	2020	2004	1971
304998	62	126	14	78	142	30	94	158	46	110	174	2032	2028	2132	2034	2012	1974	2041	2062	1984	2022	2021	2018
304998	62	126	14	78	142	30	94	158	46	110	174	2003	2048	2089	1980	1969	1994	1996	2112	2013	2017	2042	2057
304998	62	126	14	78	142	30	94	158	46	110	174	1993	2058	2094	1955	1955	1989	1973	2133	2015	2020	2044	2058
304998	62	126	14	78	142	30	94	158	46	110	174	2007	2039	2129	1982	1985	1978	2003	2098	1994	2020	2036	2026
304998	62	126	14	78	142	30	94	158	46	110	174	2035	2008	2171	2045	2026	1959	2041	2040	1971	2021	2012	1989
304998	62	126	14	78	142	30	94	158	46	110	174	2054	2002	2177	2073	2050	1955	2065	2012	1969	2022	1992	1970
304998	62	126	14	78	142	30	94	158	46	110	174	2048	2004	2149	2063	2031	1965	2056	2039	1981	2016	1999	1985
304998	62	126	14	78	142	30	94	158	46	110	174	2023	2034	2113	2013	1989	1976	2021	2089	1999	2018	2026	2024
304998	62	126	14	78	142	30	94	158	46	110	174	1997	2060	2098	1961	1962	1991	1985	2126	2010	2020	2051	2060
304998	62	126	14	78	142	30	94	158	46	110	174	1999	2058	2106	1967	1967	1987	1982	2120	2005	2020	2046	2054
304998	62	126	14	78	142	30	94	158	46	110	174	2022	2033	2138	2007	2007	1966	2023	2074	1991	2018	2017	2007
304998	62	126	14	78	142	30	94	158	46	110	174	2047	1998	2169	2063	2032	1964	2051	2027	1965	2018	2001	1962
304998	62	126	14	78	142	30	94	158	46	110	174	2054	1993	2174	2077	2044	1955	2065	2022	1965	2019	2005	1969
304998	62	126	14	78	142	30	94	158	46	110	174	2035	2016	2147	2046	2010	1970	2038	2058	1985	2017	2015	2013
304998	62	126	14	78	142	30	94	158	46	110	174	2010	2046	2107	1986	1974	1989	2004	2104	2008	2016	2034	2051
304998	62	126	14	78	142	30	94	158	46	110	174	2000	2062	2087	1957	1958	1997	1969	2126	2020	2017	2044	2055
304998	62	126	14	78	142	30	94	158	46	110	174	2008	2041	2114	1983	1975	1986	1993	2104	2001	2022	2041	2031
304998	62	126	14	78	142	30	94	158	46	110	174	2030	2006	2160	2033	2026	1956	2043	2045	1974	2017	2016	1992
304998	62	126	14	78	142	30	94	158	46	110	174	2052	1993	2184	2074	2050	1950	2066	2020	1955	2018	1995	1964
304998	62	126	14	78	142	30	94	158	46	110	174	2046	2004	2172	2071	2041	1959	2059	2029	1979	2022	1999	1979
304998	62	126	14	78	142	30	94	158	46	110	174	2026	2040	2118	2019	1999	1979	2028	2081	1997	2020	2023	2024
304998	62	126	14	78	142	30	94	158	46	110	174	2004	2055	2093	1967	1967	1997	1987	2124	2015	2022	2047	2063
304998	62	126	14	78	142	30	94	158	46	110	174	1996	2046	2100	1965	1966	1991	1971	2119	2009	2017	2045	2056
304998	62	126	14	78	142	30	94	158	46	110	174	2021	2030	2139	2000	2006	1972	2012	2072	1990	2022	2019	2015
304998	62	126	14	78	142	30	94	158	46	110	174	2038	2002	2186	2060	2037	1959	2046	2032	1971	2018	1998	1966
304998	62	126	14	78	142	30	94	158	46	110	174	2052	1999	2175	2077	2045	1951	2066	2027	1962	2022	2004	1966
304998	62	126	14	78	142	30	94	158	46	110	174	2041	2015	2145	2047	2014	1970	2055	2050	1983	2020	2018	2002
304998	62	126	14	78	142	30	94	158	46	110	174	2015	2040	2101	1993	1985	1988	2006	2101	2006	2021	2029	2048
304998	62	126	14	78	142	30	94	158	46	110	174	1999	2052	2087	1960	1965	1999	1978	2128	2022	2022	2039	2053
304998	62	126	14	78	142	30	94	158	46	110	174	2005	2046	2123	1977	1978	1989	1995	2109	2006	2020	2036	2028
304998	62	126	14	78	142	30	94	158	46	110	174	2029	2019	2155	2034	2016	1961	2029	2055	1973	2020	2019	1994
304998	62	126	14	78	142	30	94	158	46	110	174	2048	1998	2177	2073	2042	1946	2057	2020	1955	2021	1999	1970
304998	62	126	14	78	142	30	94	158	46	110	174	2049	2001	2165	2068	2044	1952	2058	2028	1970	2016	1999	1975
304998	62	126	14	78	142	30	94	158	46	110	174	2026	2019	2136	2025	2005	1978	2020	2071	2001	2018	2025	2015
304998	62	126	14	78	142	30	94	158	46	110	174	2004	2051	2098	1977	1966	2000	1993	2120	2016	2019	2043	2057
304998	62	126	14	78	142	30	94	158	46	110	174	2004	2062	2096	1958	1968	1997	1992	2124	2016	2018	2047	2060
304998	62	126	14	78	142	30	94	158	46	110	174	2020	2033	2128	1997	1998	1972	2012	2082	1984	2020	2024	2020
304998	62	126	14	78	142	30	94	158	46	110	174	2041	2004	2165	2048	2033	1954	2042	2036	1971	2018	2002	1971
304998	62	126	14	78	142	30	94	158	46	110	174	2052	1995	2187	2073	2049	1948	2059	2023	1960	2017	2001	1962
304998	62	126	14	78	142	30	94	158	46	110	174	2043	2009	2163	2056	2020	1967	2049	2049	1973	2018	2018	1998
