304998	62	126	14	78	142	30	94	158	46	110	174	2038	2002	2186	2060	2037	1959	2046	2032	1971	2018	1998	1966
304998	62	126	14	78	142	30	94	158	46	110	174	2052	1999	2175	2077	2045	1951	2066	2027	1962	2022	2004	1966
304998	62	126	14	78	142	30	94	158	46	110	174	2041	2015	2145	2047	2014	1970	2055	2050	1983	2020	2018	2002
304998	62	126	14	78	142	30	94	158	46	110	174	2015	2040	2101	1993	1985	1988	2006	2101	2006	2021	2029	2048
304998	62	126	14	78	142	30	94	158	46	110	174	1999	2052	2087	1960	1965	1999	1978	2128	2022	2022	2039	2053
304998	62	126	14	78	142	30	94	158	46	110	174	2005	2046	2123	1977	1978	1989	1995	2109	2006	2020	2036	2028
304998	62	126	14	78	142	30	94	158	46	110	174	2029	2019	2155	2034	2016	1961	2029	2055	1973	2020	2019	1994
304998	62	126	14	78	142	30	94	158	46	110	174	2048	1998	2177	2073	2042	1946	2057	2020	1955	2021	1999	1970
304998	62	126	14	78	142	30	94	158	46	110	174	2049	2001	2165	2068	2044	1952	2058	2028	1970	2016	1999	1975
304998	62	126	14	78	142	30	94	158	46	110	174	2026	2019	2136	2025	2005	1978	2020	2071	2001	2018	2025	2015
304998	62	126	14	78	142	30	94	158	46	110	174	2004	2051	2098	1977	1966	2000	1993	2120	2016	2019	2043	2057
304998	62	126	14	78	142	30	94	158	46	110	174	2004	2062	2096	1958	1968	1997	1992	2124	2016	2018	2047	2060
304998	62	126	14	78	142	30	94	158	46	110	174	2020	2033	2128	1997	1998	1972	2012	2082	1984	2020	2024	2020
304998	62	126	14	78	142	30	94	158	46	110	174	2041	2004	2165	2048	2033	1954	2042	2036	1971	2018	2002	1971
304998	62	126	14	78	142	30	94	158	46	110	174	2052	1995	2187	2073	2049	1948	2059	2023	1960	2017	2001	1962
304998	62	126	14	78	142	30	94	158	46	110	174	2043	2009	2163	2056	2020	1967	2049	2049	1973	2018	2018	1998
304998	62	126	14	78	142	30	94	158	46	110	174	2017	2042	2114	1999	1987	1987	2007	2091	2004	2022	2029	2047
304998	62	126	14	78	142	30	94	158	46	110	174	2004	2056	2082	1965	1970	1999	1985	2118	2020	2019	2038	2061
304998	62	126	14	78	142	30	94	158	46	110	174	2006	2043	2105	1973	1975	1989	1988	2107	2013	2018	2033	2032
304998	62	126	14	78	142	30	94	158	46	110	174	2022	2015	2152	2021	2016	1964	2018	2060	1978	2020	2018	1995
304998	62	126	14	78	142	30	94	158	46	110	174	2045	1994	2191	2069	2034	1947	2065	2023	1954	2017	2006	1975
304998	62	126	14	78	142	30	94	158	46	110	174	2042	2005	2181	2074	2042	1941	2063	2024	1959	2022	1999	1977
304998	62	126	14	78	142	30	94	158	46	110	174	2035	2025	2126	2033	2007	1976	2031	2067	1995	2017	2018	2014
304998	62	126	14	78	142	30	94	158	46	110	174	2015	2044	2092	1981	1968	1997	1998	2116	2018	2021	2038	2049
304998	62	126	14	78	142	30	94	158	46	110	174	2001	2049	2093	1964	1969	2005	1983	2122	2015	2017	2044	2058
304998	62	126	14	78	142	30	94	158	46	110	174	2012	2035	2132	1994	1985	1980	2004	2089	1990	2021	2026	2026
304998	62	126	14	78	142	30	94	158	46	110	174	2028	2006	2180	2048	2024	1945	2038	2034	1969	2017	2006	1983
304998	62	126	14	78	142	30	94	158	46	110	174	2049	2002	2180	2078	2045	1942	2060	2021	1956	2022	1995	1957
304998	62	126	14	78	142	30	94	158	46	110	174	2039	2006	2156	2058	2023	1954	2046	2042	1970	2020	2015	1993
304998	62	126	14	78	142	30	94	158	46	110	174	2018	2031	2115	2004	1994	1984	2015	2086	2001	2017	2031	2037
304998	62	126	14	78	142	30	94	158	46	110	174	2000	2045	2097	1969	1959	2006	1983	2117	2021	2021	2036	2068
304998	62	126	14	78	142	30	94	158	46	110	174	2006	2046	2107	1970	1977	1989	1983	2108	2020	2021	2032	2044
304998	62	126	14	78	142	30	94	158	46	110	174	2028	2031	2146	2014	2011	1967	2026	2073	1985	2020	2021	1996
304998	62	126	14	78	142	30	94	158	46	110	174	2042	2001	2176	2066	2040	1947	2047	2027	1950	2020	2011	1971
304998	62	126	14	78	142	30	94	158	46	110	174	2045	1994	2175	2072	2040	1942	2061	2026	1951	2017	2006	1978
304998	62	126	14	78	142	30	94	158	46	110	174	2023	2013	2153	2037	2009	1970	2037	2055	1991	2016	2014	2008
304998	62	126	14	78	142	30	94	158	46	110	174	2008	2045	2103	1990	1974	1997	1996	2106	2020	2016	2029	2047
304998	62	126	14	78	142	30	94	158	46	110	174	2003	2058	2088	1962	1970	2004	1987	2125	2028	2018	2046	2054
304998	62	126	14	78	142	30	94	158	46	110	174	2012	2036	2113	1988	1985	1990	2000	2089	1999	2021	2030	2034
304998	62	126	14	78	142	30	94	158	46	110	174	2032	2004	2169	2035	2022	1948	2030	2042	1966	2018	2011	1990
304998	62	126	14	78	142	30	94	158	46	110	174	2040	1996	2196	2080	2031	1939	2059	2016	1955	2018	1999	1958
304998	62	126	14	78	142	30	94	158	46	110	174	2038	2007	2174	2067	2024	1959	2048	2038	1971	2021	2009	1976
304998	62	126	14	78	142	30	94	158	46	110	174	2021	2035	2118	2013	1999	1986	2014	2080	2002	2020	2034	2032
304998	62	126	14	78	142	30	94	158	46	110	174	2008	2046	2085	1973	1968	2013	1993	2117	2020	2017	2038	2062
304998	62	126	14	78	142	30	94	158	46	110	174	2003	2037	2103	1973	1977	1996	1982	2108	2017	2018	2034	2059
304998	62	126	14	78	142	30	94	158	46	110	174	2022	2022	2148	2012	1995	1970	2016	2073	1993	2018	2020	2003
304998	62	126	14	78	142	30	94	158	46	110	174	2038	2006	2182	2057	2033	1939	2052	2034	1951	2022	2011	1963
304998	62	126	14	78	142	30	94	158	46	110	174	2046	2006	2181	2071	2046	1941	2056	2027	1952	2020	2009	1975
304998	62	126	14	78	142	30	94	158	46	110	174	2033	2018	2141	2045	2015	1971	2042	2057	1979	2018	2014	2006
304998	62	126	14	78	142	30	94	158	46	110	174	2010	2035	2104	1994	1987	1996	2001	2092	2019	2021	2029	2049
304998	62	126	14	78	142	30	94	158	46	110	174	2004	2046	2091	1972	1970	2006	1985	2126	2031	2017	2039	2054
304998	62	126	14	78	142	30	94	158	46	110	174	2005	2040	2122	1984	1984	1988	2003	2096	2004	2018	2035	2031
304998	62	126	14	78	142	30	94	158	46	110	174	2033	2021	2154	2031	2020	1956	2030	2058	1963	2018	2018	1995
304998	62	126	14	78	142	30	94	158	46	110	174	2043	1996	2179	2072	2035	1931	2052	2020	1950	2021	2003	1967
304998	62	126	14	78	142	30	94	158	46	110	174	2049	2003	2167	2064	2035	1943	2052	2033	1968	2018	2001	1981
304998	62	126	14	78	142	30	94	158	46	110	174	2028	2027	2130	2020	2005	1986	2022	2078	1998	2021	2025	2019
304998	62	126	14	78	142	30	94	158	46	110	174	2003	2045	2100	1978	1975	2009	1998	2112	2025	2022	2038	2058
304998	62	126	14	78	142	30	94	158	46	110	174	2008	2051	2092	1968	1970	2007	1994	2116	2019	2022	2038	2059
304998	62	126	14	78	142	30	94	158	46	110	174	2017	2024	2135	2006	1996	1973	2005	2076	1994	2022	2021	2014
304998	62	126	14	78	142	30	94	158	46	110	174	2038	2001	2177	2054	2030	1939	2042	2038	1962	2018	2010	1966
304998	62	126	14	78	142	30	94	158	46	110	174	2046	2000	2189	2071	2043	1935	2060	2031	1948	2022	2012	1961
304998	62	126	14	78	142	30	94	158	46	110	174	2034	2017	2154	2050	2019	1967	2040	2052	1974	2020	2017	2004
304998	62	126	14	78	142	30	94	158	46	110	174	2024	2039	2102	2001	1990	1997	2020	2093	2012	2017	2029	2049
304998	62	126	14	78	142	30	94	158	46	110	174	2002	2043	2090	1968	1963	2012	1981	2114	2038	2017	2031	2058
304998	62	126	14	78	142	30	94	158	46	110	174	2011	2033	2112	1984	1984	1989	1998	2103	2015	2018	2031	2033
304998	62	126	14	78	142	30	94	158	46	110	174	2026	2015	2163	2024	2017	1959	2025	2060	1975	2020	2019	1990
304998	62	126	14	78	142	30	94	158	46	110	174	2046	2006	2188	2068	2032	1940	2051	2031	1941	2022	2004	1970
304998	62	126	14	78	142	30	94	158	46	110	174	2046	2010	2171	2066	2034	1939	2065	2032	1959	2020	2007	1979
304998	62	126	14	78	142	30	94	158	46	110	174	2026	2023	2122	2031	1995	1978	2023	2066	1996	2020	2016	2016
304998	62	126	14	78	142	30	94	158	46	110	174	2011	2039	2094	1985	1975	2006	1996	2106	2026	2023	2034	2050
304998	62	126	14	78	142	30	94	158	46	110	174	2007	2043	2100	1971	1970	2011	1994	2113	2022	2022	2043	2060
304998	62	126	14	78	142	30	94	158	46	110	174	2013	2035	2130	1996	1992	1979	2009	2082	1993	2022	2025	2027
304998	62	126	14	78	142	30	94	158	46	110	174	2032	2013	2172	2047	2027	1938	2037	2039	1965	2021	2005	1974
304998	62	126	14	78	142	30	94	158	46	110	174	2048	2000	2174	2075	2028	1932	2049	2029	1948	2020	2002	1961
304998	62	126	14	78	142	30	94	158	46	110	174	2039	2008	2158	2051	2029	1958	2045	2049	1967	2016	2018	1988
304998	62	126	14	78	142	30	94	158	46	110	174	2021	2030	2115	2008	1984	2001	2017	2088	2009	2017	2030	2040
304998	62	126	14	78	142	30	94	158	46	110	174	2009	2051	2092	1974	1970	2014	1993	2114	2029	2018	2034	2064
304998	62	126	14	78	142	30	94	158	46	110	174	2006	2044	2103	1974	1985	1995	1996	2101	2020	2020	2029	2040
304998	62	126	14	78	142	30	94	158	46	110	174	2027	2017	2144	2020	2006	1959	2032	2068	1976	2020	2017	1996
304998	62	126	14	78	142	30	94	158	46	110	174	2041	2002	2186	2063	2034	1930	2053	2032	1945	2019	2013	1963
304998	62	126	14	78	142	30	94	158	46	110	174	2044	2004	2181	2070	2029	1943	2059	2033	1951	2019	2010	1982
304998	62	126	14	78	142	30	94	158	46	110	174	2028	2020	2140	2031	2011	1967	2040	2059	1986	2018	2016	2014
304998	62	126	14	78	142	30	94	158	46	110	174	2016	2044	2092	1989	1986	2006	1998	2105	2025	2020	2029	2051
304998	62	126	14	78	142	30	94	158	46	110	174	2010	2045	2083	1973	1977	2008	2008	2118	2027	2023	2037	2048
304998	62	126	14	78	142	30	94	158	46	110	174	2017	2027	2127	1994	1996	1981	2012	2088	1994	2020	2031	2031
304998	62	126	14	78	142	30	94	158	46	110	174	2037	2007	2170	2039	2022	1944	2040	2047	1957	2022	2013	1988
304998	62	126	14	78	142	30	94	158	46	110	174	2039	2002	2194	2070	2034	1925	2048	2027	1952	2017	2001	1969
304998	62	126	14	78	142	30	94	158	46	110	174	2038	2017	2153	2054	2027	1948	2041	2049	1969	2017	2010	1977
304998	62	126	14	78	142	30	94	158	46	110	174	2031	2033	2115	2012	1998	1992	2015	2086	2005	2016	2031	2030
304998	62	126	14	78	142	30	94	158	46	110	174	2008	2042	2092	1976	1974	2014	1996	2107	2029	2022	2043	2065
304998	62	126	14	78	142	30	94	158	46	110	174	2015	2041	2106	1978	1982	2002	2009	2100	2022	2018	2029	2050
304998	62	126	14	78	142	30	94	158	46	110	174	2022	2024	2150	2016	1998	1964	2015	2069	1981	2021	2015	2009
304998	62	126	14	78	142	30	94	158	46	110	174	2040	2015	2177	2058	2036	1930	2049	2038	1948	2017	2010	1960
304998	62	126	14	78	142	30	94	158	46	110	174	2044	2002	2176	2066	2039	1937	2055	2028	1946	2018	2011	1969
304998	62	126	14	78	142	30	94	158	46	110	174	2036	2014	2141	2034	2017	1972	2031	2060	1984	2016	2022	2013
304998	62	126	14	78	142	30	94	158	46	110	174	2021	2034	2103	1991	1983	2008	2012	2097	2028	2019	2031	2053
304998	62	126	14	78	142	30	94	158	46	110	174	1999	2045	2096	1972	1970	2018	1989	2113	2031	2022	2028	2056
304998	62	126	14	78	142	30	94	158	46	110	174	2018	2043	2115	1993	1996	1988	2007	2097	2001	2020	2027	2019
304998	62	126	14	78	142	30	94	158	46	110	174	2034	2015	2160	2033	2019	1952	2033	2052	1961	2016	2017	1993
304998	62	126	14	78	142	30	94	158	46	110	174	2047	2002	2180	2064	2040	1927	2068	2028	1951	2020	2008	1968
304998	62	126	14	78	142	30	94	158	46	110	174	2039	2007	2170	2058	2027	1947	2048	2046	1964	2021	2011	1988
304998	62	126	14	78	142	30	94	158	46	110	174	2020	2026	2126	2021	1999	1984	2018	2082	2001	2020	2021	2022
304998	62	126	14	78	142	30	94	158	46	110	174	2015	2045	2093	1980	1978	2017	2009	2106	2026	2022	2035	2057
304998	62	126	14	78	142	30	94	158	46	110	174	2011	2039	2098	1976	1979	2011	1992	2101	2027	2022	2036	2054
304998	62	126	14	78	142	30	94	158	46	110	174	2024	2028	2139	2007	2001	1967	2012	2076	1991	2020	2020	2018
304998	62	126	14	78	142	30	94	158	46	110	174	2035	2002	2183	2050	2027	1936	2042	2039	1947	2017	2009	1972
304998	62	126	14	78	142	30	94	158	46	110	174	2038	2008	2186	2072	2035	1930	2050	2033	1944	2020	2004	1956
304998	62	126	14	78	142	30	94	158	46	110	174	2032	2020	2146	2041	2021	1962	2034	2052	1976	2018	2019	2002
304998	62	126	14	78	142	30	94	158	46	110	174	2022	2038	2098	2006	1981	2005	2013	2091	2025	2018	2030	2044
304998	62	126	14	78	142	30	94	158	46	110	174	2015	2041	2089	1969	1978	2017	2007	2115	2036	2022	2033	2064
304998	62	126	14	78	142	30	94	158	46	110	174	2015	2031	2117	1985	1993	1993	2003	2096	2006	2022	2027	2031
304998	62	126	14	78	142	30	94	158	46	110	174	2029	2019	2167	2031	2018	1947	2033	2061	1966	2022	2018	1987
304998	62	126	14	78	142	30	94	158	46	110	174	2040	2009	2187	2060	2036	1930	2051	2027	1943	2018	2012	1971
304998	62	126	14	78	142	30	94	158	46	110	174	2044	2011	2163	2063	2029	1943	2049	2042	1959	2020	2009	1986
304998	62	126	14	78	142	30	94	158	46	110	174	2030	2020	2127	2020	2000	1986	2028	2084	1995	2020	2020	2024
304998	62	126	14	78	142	30	94	158	46	110	174	2010	2039	2096	1984	1984	2016	2003	2103	2028	2019	2031	2051
304998	62	126	14	78	142	30	94	158	46	110	174	2011	2042	2106	1977	1980	2007	2006	2104	2027	2021	2037	2050
304998	62	126	14	78	142	30	94	158	46	110	174	2020	2035	2133	2001	2005	1971	2008	2078	1996	2021	2027	2020
304998	62	126	14	78	142	30	94	158	46	110	174	2041	2016	2164	2044	2021	1936	2044	2049	1956	2022	2011	1981
304998	62	126	14	78	142	30	94	158	46	110	174	2040	2005	2175	2062	2038	1926	2060	2039	1944	2020	2001	1969
304998	62	126	14	78	142	30	94	158	46	110	174	2039	2015	2155	2045	2023	1953	2048	2056	1969	2017	2011	1986
304998	62	126	14	78	142	30	94	158	46	110	174	2019	2034	2120	2004	1997	1995	2015	2087	2017	2022	2032	2042
304998	62	126	14	78	142	30	94	158	46	110	174	2005	2046	2092	1975	1982	2017	1996	2111	2042	2022	2034	2066
304998	62	126	14	78	142	30	94	158	46	110	174	2018	2039	2103	1982	1985	2001	2018	2100	2011	2022	2027	2044
304998	62	126	14	78	142	30	94	158	46	110	174	2024	2018	2154	2022	2006	1955	2022	2064	1970	2022	2011	1996
304998	62	126	14	78	142	30	94	158	46	110	174	2042	2008	2184	2059	2037	1925	2043	2039	1940	2021	2011	1959
304998	62	126	14	78	142	30	94	158	46	110	174	2037	2005	2185	2065	2031	1939	2042	2039	1960	2018	2011	1972
304998	62	126	14	78	142	30	94	158	46	110	174	2025	2025	2139	2025	2008	1976	2029	2069	1988	2017	2021	2020
304998	62	126	14	78	142	30	94	158	46	110	174	2022	2043	2093	1988	1981	2013	2007	2103	2028	2017	2027	2057
304998	62	126	14	78	142	30	94	158	46	110	174	2010	2036	2092	1977	1975	2017	1992	2104	2027	2018	2032	2048
304998	62	126	14	78	142	30	94	158	46	110	174	2019	2031	2131	2001	1995	1974	2017	2078	2003	2016	2028	2014
304998	62	126	14	78	142	30	94	158	46	110	174	2026	2017	2178	2038	2018	1943	2031	2052	1955	2019	2017	1985
304998	62	126	14	78	142	30	94	158	46	110	174	2042	2011	2182	2060	2038	1927	2051	2041	1937	2022	2008	1970
304998	62	126	14	78	142	30	94	158	46	110	174	2039	2022	2153	2048	2020	1956	2054	2057	1965	2019	2009	1989
304998	62	126	14	78	142	30	94	158	46	110	174	2023	2033	2113	2011	1998	1991	2026	2081	2008	2022	2024	2028
304998	62	126	14	78	142	30	94	158	46	110	174	2014	2042	2096	1982	1983	2016	1998	2106	2038	2017	2037	2061
304998	62	126	14	78	142	30	94	158	46	110	174	2011	2039	2115	1984	1973	2010	1999	2100	2019	2017	2033	2051
304998	62	126	14	78	142	30	94	158	46	110	174	2026	2031	2149	2015	2015	1961	2029	2072	1975	2021	2015	2006
304998	62	126	14	78	142	30	94	158	46	110	174	2042	2016	2179	2050	2022	1937	2052	2035	1942	2019	2004	1966
304998	62	126	14	78	142	30	94	158	46	110	174	2041	2003	2172	2061	2038	1932	2041	2037	1957	2021	2013	1969
304998	62	126	14	78	142	30	94	158	46	110	174	2027	2015	2146	2031	2012	1968	2027	2065	1989	2021	2022	2016
304998	62	126	14	78	142	30	94	158	46	110	174	2018	2038	2103	1991	1981	2014	2014	2101	2026	2017	2028	2061
304998	62	126	14	78	142	30	94	158	46	110	174	2011	2043	2092	1979	1979	2018	2005	2110	2026	2017	2028	2057
304998	62	126	14	78	142	30	94	158	46	110	174	2020	2030	2123	1997	1988	1991	2013	2079	2004	2021	2020	2020
304998	62	126	14	78	142	30	94	158	46	110	174	2034	2014	2166	2033	2019	1938	2030	2059	1963	2019	2018	1986
304998	62	126	14	78	142	30	94	158	46	110	174	2043	2007	2187	2061	2036	1916	2068	2041	1937	2017	2011	1969
304998	62	126	14	78	142	30	94	158	46	110	174	2034	2009	2173	2053	2019	1949	2040	2047	1956	2017	2010	1993
304998	62	126	14	78	142	30	94	158	46	110	174	2021	2035	2122	2015	2001	1989	2017	2075	2002	2016	2021	2031
304998	62	126	14	78	142	30	94	158	46	110	174	2016	2040	2088	1985	1966	2023	1997	2101	2041	2018	2032	2051
304998	62	126	14	78	142	30	94	158	46	110	174	2011	2032	2100	1983	1984	2003	2000	2101	2022	2020	2031	2044
304998	62	126	14	78	142	30	94	158	46	110	174	2025	2023	2146	2013	2008	1963	2021	2074	1979	2017	2020	2013
304998	62	126	14	78	142	30	94	158	46	110	174	2034	2009	2189	2048	2030	1936	2038	2044	1942	2018	2007	1975
304998	62	126	14	78	142	30	94	158	46	110	174	2038	2019	2180	2062	2026	1928	2051	2036	1951	2017	2005	1967
304998	62	126	14	78	142	30	94	158	46	110	174	2037	2023	2138	2036	2010	1968	2032	2065	1982	2021	2022	1998
304998	62	126	14	78	142	30	94	158	46	110	174	2021	2034	2100	2002	1991	2008	2012	2095	2017	2021	2030	2051
304998	62	126	14	78	142	30	94	158	46	110	174	2017	2037	2094	1977	1980	2021	2010	2105	2036	2019	2029	2066
304998	62	126	14	78	142	30	94	158	46	110	174	2014	2035	2123	1992	1990	1992	2007	2083	2008	2021	2022	2030
304998	62	126	14	78	142	30	94	158	46	110	174	2028	2025	2159	2029	2016	1947	2026	2060	1970	2017	2012	1986
304998	62	126	14	78	142	30	94	158	46	110	174	2037	2005	2180	2060	2029	1923	2042	2041	1938	2018	2014	1962
304998	62	126	14	78	142	30	94	158	46	110	174	2038	2009	2163	2056	2024	1939	2042	2050	1956	2017	2015	1985
