304998	62	126	14	78	142	30	94	158	46	110	174	2036	2020	2150	2041	2020	1946	2038	2049	1972	2017	2018	1994
304998	62	126	14	78	142	30	94	158	46	110	174	2025	2023	2117	2012	2003	1998	2018	2084	2015	2019	2020	2040
304998	62	126	14	78	142	30	94	158	46	110	174	2011	2029	2093	1986	1985	2021	2003	2103	2037	2017	2025	2055
304998	62	126	14	78	142	30	94	158	46	110	174	2018	2034	2111	1984	1982	2008	2021	2099	2020	2021	2028	2043
304998	62	126	14	78	142	30	94	158	46	110	174	2014	2024	2149	2018	1999	1964	2015	2063	1981	2022	2025	2003
304998	62	126	14	78	142	30	94	158	46	110	174	2037	2017	2173	2049	2024	1925	2034	2050	1947	2021	2012	1979
304998	62	126	14	78	142	30	94	158	46	110	174	2033	2008	2178	2054	2028	1931	2040	2044	1946	2022	2011	1977
304998	62	126	14	78	142	30	94	158	46	110	174	2028	2019	2147	2033	2017	1970	2033	2064	1981	2017	2018	2004
304998	62	126	14	78	142	30	94	158	46	110	174	2019	2038	2105	2000	1991	2015	2016	2091	2025	2017	2026	2043
304998	62	126	14	78	142	30	94	158	46	110	174	2009	2042	2102	1983	1984	2020	1995	2096	2045	2019	2031	2059
304998	62	126	14	78	142	30	94	158	46	110	174	2019	2038	2116	1995	1991	1993	2009	2093	2005	2022	2024	2038
304998	62	126	14	78	142	30	94	158	46	110	174	2023	2010	2169	2029	2016	1946	2027	2062	1959	2017	2018	1985
304998	62	126	14	78	142	30	94	158	46	110	174	2041	2010	2187	2053	2028	1924	2045	2044	1932	2021	2008	1962
304998	62	126	14	78	142	30	94	158	46	110	174	2037	2019	2169	2044	2023	1938	2048	2049	1967	2020	2020	1983
304998	62	126	14	78	142	30	94	158	46	110	174	2019	2036	2118	2019	2005	1986	2023	2080	2008	2020	2024	2033
304998	62	126	14	78	142	30	94	158	46	110	174	2018	2037	2089	1989	1990	2025	2005	2103	2033	2020	2026	2060
304998	62	126	14	78	142	30	94	158	46	110	174	2013	2033	2104	1985	1983	2016	1997	2095	2025	2019	2024	2047
304998	62	126	14	78	142	30	94	158	46	110	174	2028	2024	2143	2010	2009	1968	2031	2074	1986	2021	2020	2010
304998	62	126	14	78	142	30	94	158	46	110	174	2030	2016	2184	2046	2016	1929	2032	2049	1949	2020	2020	1973
304998	62	126	14	78	142	30	94	158	46	110	174	2036	2020	2177	2057	2030	1919	2040	2051	1940	2017	2018	1978
304998	62	126	14	78	142	30	94	158	46	110	174	2027	2020	2145	2037	2006	1967	2035	2060	1974	2022	2017	2002
304998	62	126	14	78	142	30	94	158	46	110	174	2020	2025	2109	2002	1997	2006	2016	2088	2017	2016	2019	2040
304998	62	126	14	78	142	30	94	158	46	110	174	2017	2042	2096	1981	1982	2020	2012	2107	2042	2020	2034	2057
304998	62	126	14	78	142	30	94	158	46	110	174	2019	2042	2123	1992	1997	1996	2015	2096	2014	2022	2026	2036
304998	62	126	14	78	142	30	94	158	46	110	174	2028	2031	2150	2024	2016	1944	2037	2070	1965	2020	2019	1999
304998	62	126	14	78	142	30	94	158	46	110	174	2029	2009	2190	2051	2028	1926	2039	2048	1935	2018	2010	1965
304998	62	126	14	78	142	30	94	158	46	110	174	2031	2010	2168	2044	2022	1939	2036	2045	1955	2022	2011	1976
304998	62	126	14	78	142	30	94	158	46	110	174	2025	2027	2135	2018	2005	1986	2029	2082	2004	2022	2027	2020
304998	62	126	14	78	142	30	94	158	46	110	174	2012	2044	2094	1996	1983	2018	2006	2096	2038	2018	2033	2060
304998	62	126	14	78	142	30	94	158	46	110	174	2019	2043	2091	1979	1988	2015	2017	2105	2023	2020	2025	2058
304998	62	126	14	78	142	30	94	158	46	110	174	2024	2028	2130	2004	1999	1981	2013	2076	1991	2016	2021	2010
304998	62	126	14	78	142	30	94	158	46	110	174	2036	2015	2175	2038	2023	1932	2033	2055	1955	2017	2015	1969
304998	62	126	14	78	142	30	94	158	46	110	174	2034	2015	2191	2053	2021	1926	2048	2046	1942	2020	2023	1969
304998	62	126	14	78	142	30	94	158	46	110	174	2028	2026	2152	2040	2014	1955	2031	2060	1968	2020	2018	2009
304998	62	126	14	78	142	30	94	158	46	110	174	2022	2034	2100	2007	1997	2001	2018	2086	2012	2017	2019	2044
304998	62	126	14	78	142	30	94	158	46	110	174	2013	2030	2092	1985	1979	2026	2000	2093	2043	2017	2020	2053
304998	62	126	14	78	142	30	94	158	46	110	174	2020	2029	2114	1993	1992	2003	2010	2093	2019	2022	2027	2036
304998	62	126	14	78	142	30	94	158	46	110	174	2026	2025	2163	2025	2005	1955	2029	2067	1971	2018	2022	2001
304998	62	126	14	78	142	30	94	158	46	110	174	2036	2021	2178	2044	2028	1917	2043	2049	1933	2017	2011	1981
304998	62	126	14	78	142	30	94	158	46	110	174	2036	2018	2165	2048	2023	1938	2040	2047	1954	2021	2011	1977
304998	62	126	14	78	142	30	94	158	46	110	174	2025	2020	2130	2025	2004	1976	2025	2075	1997	2020	2017	2006
304998	62	126	14	78	142	30	94	158	46	110	174	2019	2035	2100	1992	1993	2022	2012	2099	2031	2017	2029	2056
304998	62	126	14	78	142	30	94	158	46	110	174	2017	2033	2108	1985	1981	2020	2002	2095	2031	2018	2034	2059
304998	62	126	14	78	142	30	94	158	46	110	174	2017	2033	2129	1999	1995	1983	2010	2078	1998	2021	2019	2023
304998	62	126	14	78	142	30	94	158	46	110	174	2035	2019	2160	2032	2017	1934	2036	2060	1960	2020	2013	1979
304998	62	126	14	78	142	30	94	158	46	110	174	2037	2007	2187	2053	2022	1920	2037	2046	1938	2021	2013	1958
304998	62	126	14	78	142	30	94	158	46	110	174	2031	2020	2163	2037	2021	1957	2036	2061	1961	2018	2019	1997
304998	62	126	14	78	142	30	94	158	46	110	174	2020	2034	2121	2011	1993	1998	2015	2080	2010	2016	2024	2045
304998	62	126	14	78	142	30	94	158	46	110	174	2019	2042	2086	1984	1989	2018	2018	2103	2043	2017	2024	2062
304998	62	126	14	78	142	30	94	158	46	110	174	2019	2033	2098	1991	1986	2012	2012	2096	2029	2022	2022	2034
304998	62	126	14	78	142	30	94	158	46	110	174	2025	2019	2149	2017	2015	1955	2023	2071	1974	2021	2022	1999
304998	62	126	14	78	142	30	94	158	46	110	174	2028	2015	2189	2040	2015	1931	2039	2048	1936	2022	2016	1972
304998	62	126	14	78	142	30	94	158	46	110	174	2032	2015	2184	2048	2022	1928	2041	2045	1954	2020	2014	1976
304998	62	126	14	78	142	30	94	158	46	110	174	2028	2028	2132	2029	2012	1969	2035	2075	1995	2020	2016	2014
304998	62	126	14	78	142	30	94	158	46	110	174	2021	2034	2095	1997	1987	2018	2009	2095	2025	2016	2028	2043
304998	62	126	14	78	142	30	94	158	46	110	174	2013	2035	2089	1979	1991	2023	2006	2100	2029	2016	2032	2059
304998	62	126	14	78	142	30	94	158	46	110	174	2021	2034	2134	1997	1989	1992	2018	2081	2002	2020	2028	2031
304998	62	126	14	78	142	30	94	158	46	110	174	2024	2029	2168	2032	2012	1942	2037	2060	1966	2017	2018	1983
304998	62	126	14	78	142	30	94	158	46	110	174	2037	2022	2176	2048	2029	1913	2049	2052	1934	2017	2008	1966
304998	62	126	14	78	142	30	94	158	46	110	174	2034	2018	2157	2041	2015	1939	2042	2059	1957	2019	2017	1981
304998	62	126	14	78	142	30	94	158	46	110	174	2026	2025	2118	2010	2004	1995	2018	2084	2006	2022	2026	2034
304998	62	126	14	78	142	30	94	158	46	110	174	2017	2039	2096	1987	1983	2023	2014	2098	2045	2018	2029	2062
304998	62	126	14	78	142	30	94	158	46	110	174	2017	2037	2104	1986	1991	2007	2008	2094	2026	2021	2022	2044
304998	62	126	14	78	142	30	94	158	46	110	174	2030	2027	2135	2014	2010	1965	2017	2077	1980	2021	2017	2003
304998	62	126	14	78	142	30	94	158	46	110	174	2037	2013	2179	2041	2021	1927	2036	2052	1938	2018	2019	1967
304998	62	126	14	78	142	30	94	158	46	110	174	2040	2016	2181	2050	2028	1928	2044	2051	1945	2021	2016	1980
304998	62	126	14	78	142	30	94	158	46	110	174	2023	2020	2152	2033	2004	1972	2028	2066	1990	2016	2016	2011
304998	62	126	14	78	142	30	94	158	46	110	174	2020	2039	2108	2002	1996	2011	2014	2087	2024	2018	2019	2042
304998	62	126	14	78	142	30	94	158	46	110	174	2019	2039	2086	1986	1988	2026	2012	2103	2035	2017	2027	2053
304998	62	126	14	78	142	30	94	158	46	110	174	2018	2027	2119	1997	1997	1995	2007	2081	2009	2018	2027	2028
304998	62	126	14	78	142	30	94	158	46	110	174	2030	2019	2162	2025	2012	1945	2035	2065	1970	2018	2017	1993
304998	62	126	14	78	142	30	94	158	46	110	174	2037	2017	2188	2044	2023	1917	2043	2051	1935	2022	2011	1966
304998	62	126	14	78	142	30	94	158	46	110	174	2035	2029	2163	2045	2019	1940	2039	2058	1949	2022	2013	1981
304998	62	126	14	78	142	30	94	158	46	110	174	2031	2033	2124	2014	2006	1986	2025	2081	1996	2022	2022	2019
304998	62	126	14	78	142	30	94	158	46	110	174	2018	2033	2090	1994	1988	2025	2009	2092	2045	2022	2033	2057
304998	62	126	14	78	142	30	94	158	46	110	174	2020	2034	2101	1984	1991	2016	2017	2102	2032	2016	2025	2058
304998	62	126	14	78	142	30	94	158	46	110	174	2021	2024	2148	2012	1995	1974	2017	2079	1982	2022	2019	2013
304998	62	126	14	78	142	30	94	158	46	110	174	2031	2027	2171	2040	2018	1923	2033	2056	1942	2021	2013	1970
304998	62	126	14	78	142	30	94	158	46	110	174	2038	2018	2175	2045	2028	1921	2043	2043	1943	2018	2014	1967
304998	62	126	14	78	142	30	94	158	46	110	174	2027	2018	2149	2036	2014	1962	2031	2067	1984	2022	2018	2008
304998	62	126	14	78	142	30	94	158	46	110	174	2025	2032	2112	2001	1998	2008	2022	2087	2019	2017	2020	2052
304998	62	126	14	78	142	30	94	158	46	110	174	2010	2036	2099	1989	1975	2029	2004	2099	2036	2020	2022	2054
304998	62	126	14	78	142	30	94	158	46	110	174	2018	2039	2112	1992	1998	1991	2008	2085	2013	2020	2023	2033
304998	62	126	14	78	142	30	94	158	46	110	174	2028	2023	2157	2022	2006	1955	2025	2063	1970	2020	2023	1996
304998	62	126	14	78	142	30	94	158	46	110	174	2039	2017	2182	2046	2030	1923	2044	2052	1937	2020	2013	1972
304998	62	126	14	78	142	30	94	158	46	110	174	2034	2021	2171	2042	2020	1933	2052	2056	1945	2016	2014	1979
304998	62	126	14	78	142	30	94	158	46	110	174	2022	2027	2130	2021	2001	1980	2020	2070	1998	2020	2014	2018
304998	62	126	14	78	142	30	94	158	46	110	174	2019	2042	2097	1994	1985	2018	2007	2092	2044	2018	2030	2050
304998	62	126	14	78	142	30	94	158	46	110	174	2016	2035	2096	1987	1985	2022	2004	2097	2036	2021	2029	2053
304998	62	126	14	78	142	30	94	158	46	110	174	2027	2025	2131	2003	2007	1976	2017	2079	1991	2019	2018	2027
304998	62	126	14	78	142	30	94	158	46	110	174	2031	2019	2175	2032	2020	1927	2030	2063	1945	2017	2014	1977
304998	62	126	14	78	142	30	94	158	46	110	174	2030	2017	2191	2052	2016	1922	2039	2043	1946	2021	2011	1962
304998	62	126	14	78	142	30	94	158	46	110	174	2031	2026	2152	2038	2015	1950	2035	2059	1975	2018	2020	1993
304998	62	126	14	78	142	30	94	158	46	110	174	2023	2028	2104	2009	1993	2004	2017	2085	2014	2017	2025	2041
304998	62	126	14	78	142	30	94	158	46	110	174	2020	2037	2092	1983	1989	2029	2010	2101	2035	2022	2023	2065
304998	62	126	14	78	142	30	94	158	46	110	174	2020	2032	2109	1997	1988	2004	2013	2087	2020	2016	2020	2037
304998	62	126	14	78	142	30	94	158	46	110	174	2026	2030	2155	2017	2012	1951	2025	2069	1978	2022	2019	1994
304998	62	126	14	78	142	30	94	158	46	110	174	2033	2023	2174	2044	2025	1920	2043	2058	1937	2019	2016	1967
304998	62	126	14	78	142	30	94	158	46	110	174	2033	2015	2170	2043	2020	1933	2039	2052	1944	2022	2018	1983
304998	62	126	14	78	142	30	94	158	46	110	174	2029	2019	2132	2022	2013	1974	2028	2072	1992	2020	2018	2016
304998	62	126	14	78	142	30	94	158	46	110	174	2021	2035	2105	1995	1987	2015	2015	2087	2042	2018	2020	2047
304998	62	126	14	78	142	30	94	158	46	110	174	2020	2039	2098	1984	1989	2018	2004	2103	2035	2021	2029	2050
304998	62	126	14	78	142	30	94	158	46	110	174	2020	2035	2121	2005	1997	1983	2011	2083	2000	2018	2028	2021
304998	62	126	14	78	142	30	94	158	46	110	174	2031	2021	2165	2032	2015	1936	2033	2060	1948	2021	2016	1985
304998	62	126	14	78	142	30	94	158	46	110	174	2036	2016	2180	2047	2023	1919	2051	2048	1936	2022	2009	1967
304998	62	126	14	78	142	30	94	158	46	110	174	2032	2023	2166	2039	2015	1943	2030	2063	1968	2020	2014	1986
304998	62	126	14	78	142	30	94	158	46	110	174	2023	2033	2116	2011	2006	1996	2022	2085	2005	2018	2026	2029
304998	62	126	14	78	142	30	94	158	46	110	174	2018	2039	2088	1988	1985	2029	2005	2096	2038	2021	2029	2063
304998	62	126	14	78	142	30	94	158	46	110	174	2019	2033	2098	1989	1991	2011	2018	2088	2026	2021	2021	2050
304998	62	126	14	78	142	30	94	158	46	110	174	2027	2027	2147	2013	2008	1961	2022	2076	1981	2022	2016	2003
304998	62	126	14	78	142	30	94	158	46	110	174	2035	2015	2186	2042	2022	1916	2033	2059	1941	2018	2016	1966
304998	62	126	14	78	142	30	94	158	46	110	174	2037	2021	2185	2047	2018	1926	2039	2048	1948	2019	2016	1971
304998	62	126	14	78	142	30	94	158	46	110	174	2033	2028	2131	2022	2015	1970	2038	2070	1983	2017	2021	2014
304998	62	126	14	78	142	30	94	158	46	110	174	2024	2037	2096	1997	1997	2018	2019	2086	2031	2017	2020	2053
304998	62	126	14	78	142	30	94	158	46	110	174	2016	2036	2091	1984	1991	2025	2004	2098	2039	2021	2022	2053
304998	62	126	14	78	142	30	94	158	46	110	174	2020	2028	2125	1999	1999	1988	2017	2091	2003	2020	2024	2022
304998	62	126	14	78	142	30	94	158	46	110	174	2024	2024	2172	2024	2011	1938	2031	2063	1956	2018	2020	1990
304998	62	126	14	78	142	30	94	158	46	110	174	2038	2028	2175	2045	2029	1913	2056	2051	1936	2016	2009	1968
304998	62	126	14	78	142	30	94	158	46	110	174	2034	2020	2156	2042	2015	1943	2032	2061	1964	2021	2014	1993
304998	62	126	14	78	142	30	94	158	46	110	174	2025	2023	2120	2015	2003	1987	2018	2084	2006	2018	2020	2022
304998	62	126	14	78	142	30	94	158	46	110	174	2017	2029	2098	1989	1989	2023	2011	2092	2035	2021	2028	2057
304998	62	126	14	78	142	30	94	158	46	110	174	2017	2034	2107	1989	1991	2015	2012	2092	2025	2022	2031	2050
304998	62	126	14	78	142	30	94	158	46	110	174	2027	2036	2137	2008	2008	1967	2021	2075	1990	2019	2020	2016
304998	62	126	14	78	142	30	94	158	46	110	174	2036	2020	2169	2035	2018	1929	2035	2058	1945	2021	2014	1972
304998	62	126	14	78	142	30	94	158	46	110	174	2035	2013	2179	2041	2023	1916	2045	2055	1939	2018	2008	1962
304998	62	126	14	78	142	30	94	158	46	110	174	2029	2026	2147	2029	2014	1961	2041	2068	1974	2017	2020	2005
304998	62	126	14	78	142	30	94	158	46	110	174	2018	2034	2106	2007	1994	2015	2018	2086	2025	2017	2023	2046
304998	62	126	14	78	142	30	94	158	46	110	174	2019	2041	2089	1985	1989	2028	2005	2101	2045	2020	2022	2061
304998	62	126	14	78	142	30	94	158	46	110	174	2026	2029	2114	1992	1989	2005	2019	2088	2010	2022	2019	2032
304998	62	126	14	78	142	30	94	158	46	110	174	2028	2022	2158	2020	2013	1940	2029	2070	1962	2018	2018	1986
304998	62	126	14	78	142	30	94	158	46	110	174	2035	2019	2187	2045	2022	1912	2042	2048	1936	2020	2018	1972
304998	62	126	14	78	142	30	94	158	46	110	174	2027	2021	2176	2039	2019	1931	2030	2058	1961	2020	2015	1984
304998	62	126	14	78	142	30	94	158	46	110	174	2024	2036	2121	2015	2008	1989	2022	2081	1998	2019	2018	2029
304998	62	126	14	78	142	30	94	158	46	110	174	2020	2032	2094	1989	1988	2024	2012	2096	2038	2017	2019	2050
304998	62	126	14	78	142	30	94	158	46	110	174	2016	2032	2096	1985	1998	2013	2009	2091	2034	2017	2027	2051
304998	62	126	14	78	142	30	94	158	46	110	174	2026	2031	2140	2008	2001	1971	2018	2074	2000	2021	2020	2017
304998	62	126	14	78	142	30	94	158	46	110	174	2028	2019	2182	2035	2021	1925	2031	2062	1947	2021	2011	1981
304998	62	126	14	78	142	30	94	158	46	110	174	2035	2025	2175	2045	2026	1920	2048	2054	1933	2020	2012	1965
304998	62	126	14	78	142	30	94	158	46	110	174	2027	2022	2148	2032	2009	1954	2036	2063	1971	2016	2014	1988
304998	62	126	14	78	142	30	94	158	46	110	174	2024	2033	2106	2004	1999	2000	2018	2081	2020	2022	2029	2044
304998	62	126	14	78	142	30	94	158	46	110	174	2020	2033	2095	1989	1990	2027	2010	2102	2042	2022	2029	2060
304998	62	126	14	78	142	30	94	158	46	110	174	2015	2037	2120	1996	1991	2002	2016	2092	2019	2022	2022	2044
304998	62	126	14	78	142	30	94	158	46	110	174	2027	2033	2150	2017	2011	1955	2025	2072	1966	2017	2015	1993
304998	62	126	14	78	142	30	94	158	46	110	174	2034	2019	2184	2039	2018	1918	2032	2046	1938	2020	2018	1963
304998	62	126	14	78	142	30	94	158	46	110	174	2035	2018	2170	2042	2018	1924	2028	2056	1955	2022	2018	1978
304998	62	126	14	78	142	30	94	158	46	110	174	2031	2027	2130	2020	2009	1980	2034	2079	1996	2022	2017	2020
304998	62	126	14	78	142	30	94	158	46	110	174	2016	2033	2101	1996	1995	2025	2016	2094	2034	2020	2020	2055
304998	62	126	14	78	142	30	94	158	46	110	174	2018	2042	2089	1987	1993	2022	2017	2098	2031	2020	2021	2047
304998	62	126	14	78	142	30	94	158	46	110	174	2022	2028	2125	2005	1998	1984	2010	2078	2002	2018	2025	2016
304998	62	126	14	78	142	30	94	158	46	110	174	2032	2022	2167	2032	2014	1923	2039	2064	1949	2022	2019	1983
304998	62	126	14	78	142	30	94	158	46	110	174	2034	2018	2186	2041	2026	1918	2051	2059	1932	2021	2015	1967
304998	62	126	14	78	142	30	94	158	46	110	174	2027	2023	2158	2035	2013	1951	2031	2063	1965	2021	2013	1996
304998	62	126	14	78	142	30	94	158	46	110	174	2022	2034	2111	2006	2001	2007	2015	2081	2018	2017	2020	2031
304998	62	126	14	78	142	30	94	158	46	110	174	2015	2037	2092	1991	1986	2028	2002	2091	2052	2020	2029	2060
304998	62	126	14	78	142	30	94	158	46	110	174	2027	2034	2102	1992	1988	2007	2015	2093	2022	2022	2026	2046
304998	62	126	14	78	142	30	94	158	46	110	174	2024	2024	2155	2013	2008	1959	2023	2072	1973	2016	2017	2002
304998	62	126	14	78	142	30	94	158	46	110	174	2034	2026	2183	2036	2018	1916	2038	2059	1935	2018	2015	1967
304998	62	126	14	78	142	30	94	158	46	110	174	2030	2027	2181	2038	2022	1930	2036	2057	1950	2020	2019	1970
304998	62	126	14	78	142	30	94	158	46	110	174	2029	2032	2128	2024	2009	1968	2029	2074	1988	2020	2023	2014
304998	62	126	14	78	142	30	94	158	46	110	174	2026	2033	2094	1997	1994	2019	2018	2095	2029	2022	2028	2055
