304998	62	126	14	78	142	30	94	158	46	110	174	2041	2002	2150	2033	2022	1985	2036	2049	2005	2017	2006	1992
304998	62	126	14	78	142	30	94	158	46	110	174	2082	1973	2178	2072	2065	1995	2072	2020	2010	2020	1972	1983
304998	62	126	14	78	142	30	94	158	46	110	174	2067	1987	2165	2062	2040	1994	2061	2029	2007	2017	1984	1992
304998	62	126	14	78	142	30	94	158	46	110	174	2020	2036	2123	2014	1990	1967	2016	2083	1987	2020	2038	2021
304998	62	126	14	78	142	30	94	158	46	110	174	1970	2075	2094	1973	1947	1946	1968	2122	1967	2020	2083	2043
304998	62	126	14	78	142	30	94	158	46	110	174	1968	2073	2097	1972	1952	1949	1962	2123	1968	2020	2085	2048
304998	62	126	14	78	142	30	94	158	46	110	174	2007	2025	2133	2004	2001	1968	2009	2076	1987	2018	2034	2020
304998	62	126	14	78	142	30	94	158	46	110	174	2059	1985	2175	2062	2037	2002	2052	2030	2017	2020	1977	1982
304998	62	126	14	78	142	30	94	158	46	110	174	2080	1981	2179	2070	2062	1992	2080	2030	2014	2020	1968	1970
304998	62	126	14	78	142	30	94	158	46	110	174	2043	2013	2147	2043	2026	1977	2042	2052	1995	2020	2011	2007
304998	62	126	14	78	142	30	94	158	46	110	174	2002	2057	2101	2000	1960	1960	1994	2104	1972	2018	2061	2044
304998	62	126	14	78	142	30	94	158	46	110	174	1964	2065	2090	1960	1940	1950	1954	2121	1969	2016	2082	2055
304998	62	126	14	78	142	30	94	158	46	110	174	1983	2051	2112	1976	1962	1970	1975	2103	1987	2017	2059	2032
304998	62	126	14	78	142	30	94	158	46	110	174	2029	2012	2164	2029	2021	1987	2033	2058	1994	2021	2012	1993
304998	62	126	14	78	142	30	94	158	46	110	174	2065	1987	2183	2066	2063	1991	2073	2016	2011	2017	1976	1972
304998	62	126	14	78	142	30	94	158	46	110	174	2075	1995	2158	2070	2051	1981	2081	2026	2004	2020	1980	1990
304998	62	126	14	78	142	30	94	158	46	110	174	2022	2025	2127	2021	1999	1966	2013	2075	1997	2020	2026	2022
304998	62	126	14	78	142	30	94	158	46	110	174	1974	2062	2094	1972	1949	1954	1965	2123	1974	2019	2070	2047
304998	62	126	14	78	142	30	94	158	46	110	174	1964	2070	2106	1959	1945	1957	1957	2124	1976	2019	2083	2052
304998	62	126	14	78	142	30	94	158	46	110	174	1987	2032	2144	1999	1986	1973	1989	2080	1982	2019	2045	2022
304998	62	126	14	78	142	30	94	158	46	110	174	2056	1999	2166	2051	2049	1983	2054	2031	2009	2018	1983	1979
304998	62	126	14	78	142	30	94	158	46	110	174	2077	1981	2177	2082	2055	1991	2072	2016	2017	2022	1963	1965
304998	62	126	14	78	142	30	94	158	46	110	174	2053	2004	2148	2055	2032	1981	2052	2050	1998	2016	2002	1992
304998	62	126	14	78	142	30	94	158	46	110	174	2003	2045	2108	1997	1971	1972	2016	2101	1977	2016	2057	2044
304998	62	126	14	78	142	30	94	158	46	110	174	1966	2071	2092	1955	1934	1956	1951	2125	1971	2021	2080	2069
304998	62	126	14	78	142	30	94	158	46	110	174	1977	2062	2112	1965	1957	1960	1972	2113	1987	2018	2062	2041
304998	62	126	14	78	142	30	94	158	46	110	174	2028	2016	2149	2019	2014	1975	2018	2063	2000	2016	2014	1993
304998	62	126	14	78	142	30	94	158	46	110	174	2073	1982	2177	2071	2065	1990	2067	2015	2006	2016	1982	1967
304998	62	126	14	78	142	30	94	158	46	110	174	2075	1984	2178	2070	2054	1990	2080	2018	1998	2021	1979	1986
304998	62	126	14	78	142	30	94	158	46	110	174	2030	2022	2137	2032	2001	1975	2024	2061	1991	2017	2019	2021
304998	62	126	14	78	142	30	94	158	46	110	174	1985	2067	2093	1976	1950	1955	1968	2121	1983	2021	2066	2053
304998	62	126	14	78	142	30	94	158	46	110	174	1966	2074	2087	1953	1945	1956	1945	2129	1975	2017	2083	2059
304998	62	126	14	78	142	30	94	158	46	110	174	1996	2046	2117	1984	1986	1969	1983	2089	1982	2022	2047	2024
304998	62	126	14	78	142	30	94	158	46	110	174	2046	1998	2166	2044	2040	1986	2050	2034	2001	2022	1997	1986
304998	62	126	14	78	142	30	94	158	46	110	174	2074	1975	2189	2081	2058	1989	2084	2009	2009	2018	1972	1965
304998	62	126	14	78	142	30	94	158	46	110	174	2059	2001	2162	2059	2036	1974	2066	2042	1999	2020	1996	1986
304998	62	126	14	78	142	30	94	158	46	110	174	2007	2045	2109	2003	1981	1966	2006	2096	1986	2016	2051	2035
304998	62	126	14	78	142	30	94	158	46	110	174	1974	2071	2074	1958	1936	1961	1955	2134	1973	2020	2082	2074
304998	62	126	14	78	142	30	94	158	46	110	174	1978	2058	2095	1957	1950	1963	1961	2119	1980	2020	2065	2052
304998	62	126	14	78	142	30	94	158	46	110	174	2020	2019	2151	2016	2003	1980	2012	2063	1999	2018	2017	1996
304998	62	126	14	78	142	30	94	158	46	110	174	2066	1987	2189	2071	2058	1985	2072	2020	2003	2019	1985	1960
304998	62	126	14	78	142	30	94	158	46	110	174	2065	1991	2183	2081	2064	1980	2084	2012	2002	2019	1983	1969
304998	62	126	14	78	142	30	94	158	46	110	174	2037	2019	2128	2036	2012	1983	2038	2061	1984	2017	2018	2015
304998	62	126	14	78	142	30	94	158	46	110	174	1990	2054	2089	1979	1950	1970	1976	2115	1987	2017	2061	2061
304998	62	126	14	78	142	30	94	158	46	110	174	1972	2064	2081	1949	1933	1964	1943	2133	1982	2017	2077	2060
304998	62	126	14	78	142	30	94	158	46	110	174	1995	2044	2124	1979	1976	1965	1973	2102	1985	2016	2057	2035
304998	62	126	14	78	142	30	94	158	46	110	174	2036	2004	2175	2044	2036	1976	2042	2039	1998	2018	2002	1988
304998	62	126	14	78	142	30	94	158	46	110	174	2068	1990	2189	2088	2069	1983	2082	2005	1993	2020	1976	1962
304998	62	126	14	78	142	30	94	158	46	110	174	2062	2001	2154	2074	2043	1984	2070	2026	2001	2021	1993	1978
304998	62	126	14	78	142	30	94	158	46	110	174	2011	2030	2118	2007	1984	1970	2003	2087	1994	2018	2044	2031
304998	62	126	14	78	142	30	94	158	46	110	174	1984	2061	2081	1959	1936	1970	1954	2137	1981	2016	2075	2075
304998	62	126	14	78	142	30	94	158	46	110	174	1975	2058	2100	1958	1945	1969	1962	2125	1981	2017	2069	2064
304998	62	126	14	78	142	30	94	158	46	110	174	2012	2035	2142	2006	2002	1975	2008	2070	1990	2020	2028	2013
304998	62	126	14	78	142	30	94	158	46	110	174	2060	1994	2177	2063	2053	1983	2072	2019	2002	2023	1987	1953
304998	62	126	14	78	142	30	94	158	46	110	174	2063	1977	2181	2086	2065	1978	2085	2006	1998	2021	1986	1963
304998	62	126	14	78	142	30	94	158	46	110	174	2041	2010	2144	2046	2023	1971	2047	2054	1988	2018	2017	2011
304998	62	126	14	78	142	30	94	158	46	110	174	1998	2043	2104	1989	1958	1967	1980	2111	1987	2016	2057	2058
304998	62	126	14	78	142	30	94	158	46	110	174	1974	2069	2080	1950	1929	1967	1946	2139	1985	2020	2075	2072
304998	62	126	14	78	142	30	94	158	46	110	174	1993	2052	2107	1975	1964	1974	1963	2114	1995	2018	2057	2032
304998	62	126	14	78	142	30	94	158	46	110	174	2030	2008	2161	2041	2019	1975	2034	2044	1994	2019	2015	1989
304998	62	126	14	78	142	30	94	158	46	110	174	2063	1985	2187	2085	2073	1978	2085	2007	1991	2017	1983	1963
304998	62	126	14	78	142	30	94	158	46	110	174	2053	1990	2182	2079	2046	1976	2073	2019	1991	2016	1988	1978
304998	62	126	14	78	142	30	94	158	46	110	174	2018	2031	2126	2021	1992	1974	2011	2074	1992	2018	2034	2027
304998	62	126	14	78	142	30	94	158	46	110	174	1985	2066	2079	1959	1935	1978	1952	2140	1994	2020	2075	2068
304998	62	126	14	78	142	30	94	158	46	110	174	1981	2062	2086	1953	1928	1974	1951	2136	1989	2017	2069	2071
304998	62	126	14	78	142	30	94	158	46	110	174	2007	2022	2139	1998	1995	1971	1989	2080	1987	2016	2031	2019
304998	62	126	14	78	142	30	94	158	46	110	174	2051	1995	2184	2064	2046	1974	2065	2019	2000	2020	1994	1963
304998	62	126	14	78	142	30	94	158	46	110	174	2063	1988	2193	2091	2069	1972	2091	2008	1991	2016	1986	1952
304998	62	126	14	78	142	30	94	158	46	110	174	2040	2014	2149	2052	2031	1973	2054	2049	1994	2018	2017	2000
304998	62	126	14	78	142	30	94	158	46	110	174	2004	2045	2094	1994	1957	1982	1998	2112	1986	2020	2051	2059
304998	62	126	14	78	142	30	94	158	46	110	174	1979	2058	2076	1950	1927	1976	1944	2137	1991	2018	2070	2073
304998	62	126	14	78	142	30	94	158	46	110	174	1985	2045	2105	1970	1957	1976	1965	2114	2001	2020	2050	2037
304998	62	126	14	78	142	30	94	158	46	110	174	2021	2009	2170	2031	2016	1972	2018	2052	1996	2017	2020	1988
304998	62	126	14	78	142	30	94	158	46	110	174	2052	1990	2202	2084	2069	1968	2079	2006	1982	2021	1994	1955
304998	62	126	14	78	142	30	94	158	46	110	174	2056	1996	2181	2082	2055	1970	2082	2012	1982	2021	1997	1975
304998	62	126	14	78	142	30	94	158	46	110	174	2027	2028	2118	2028	1994	1976	2024	2070	1991	2021	2025	2022
304998	62	126	14	78	142	30	94	158	46	110	174	1993	2053	2077	1961	1946	1982	1963	2131	2003	2017	2059	2067
304998	62	126	14	78	142	30	94	158	46	110	174	1981	2054	2084	1950	1929	1984	1936	2140	1996	2017	2068	2069
304998	62	126	14	78	142	30	94	158	46	110	174	2006	2034	2136	1992	1984	1980	1990	2092	1991	2018	2039	2024
304998	62	126	14	78	142	30	94	158	46	110	174	2041	2002	2179	2055	2047	1963	2056	2023	1979	2016	1999	1973
304998	62	126	14	78	142	30	94	158	46	110	174	2065	1994	2186	2093	2066	1966	2090	2002	1985	2017	1987	1952
304998	62	126	14	78	142	30	94	158	46	110	174	2049	2003	2158	2063	2036	1963	2065	2039	1996	2022	2010	1987
304998	62	126	14	78	142	30	94	158	46	110	174	2009	2039	2102	1997	1971	1987	1995	2103	1995	2016	2049	2047
304998	62	126	14	78	142	30	94	158	46	110	174	1980	2054	2083	1951	1930	1987	1945	2140	2000	2018	2069	2080
304998	62	126	14	78	142	30	94	158	46	110	174	1983	2052	2104	1956	1950	1979	1954	2118	1996	2021	2054	2054
304998	62	126	14	78	142	30	94	158	46	110	174	2025	2023	2146	2023	1997	1974	2014	2062	1993	2016	2018	1989
304998	62	126	14	78	142	30	94	158	46	110	174	2059	1993	2186	2086	2068	1959	2088	2007	1981	2022	1998	1947
304998	62	126	14	78	142	30	94	158	46	110	174	2058	1991	2189	2085	2062	1967	2084	2006	1977	2020	2000	1969
304998	62	126	14	78	142	30	94	158	46	110	174	2025	2017	2145	2034	2008	1974	2044	2066	1991	2021	2023	2017
304998	62	126	14	78	142	30	94	158	46	110	174	1996	2054	2086	1969	1946	1987	1969	2121	2005	2020	2056	2066
304998	62	126	14	78	142	30	94	158	46	110	174	1983	2061	2077	1947	1929	1983	1939	2140	2015	2021	2066	2066
304998	62	126	14	78	142	30	94	158	46	110	174	2002	2032	2120	1987	1975	1974	1983	2100	1996	2016	2043	2033
304998	62	126	14	78	142	30	94	158	46	110	174	2039	2004	2175	2047	2042	1961	2045	2033	1975	2020	2012	1981
304998	62	126	14	78	142	30	94	158	46	110	174	2057	1984	2201	2092	2072	1958	2100	2003	1971	2021	1991	1952
304998	62	126	14	78	142	30	94	158	46	110	174	2038	2004	2170	2070	2038	1968	2069	2020	1985	2020	2003	1977
304998	62	126	14	78	142	30	94	158	46	110	174	2015	2039	2102	2007	1981	1981	2000	2103	2000	2020	2045	2040
304998	62	126	14	78	142	30	94	158	46	110	174	1991	2056	2068	1953	1931	1995	1953	2146	2009	2021	2066	2080
304998	62	126	14	78	142	30	94	158	46	110	174	1991	2048	2092	1957	1951	1985	1953	2128	2001	2020	2057	2070
304998	62	126	14	78	142	30	94	158	46	110	174	2016	2019	2152	2014	1997	1973	2011	2071	1982	2017	2023	2005
304998	62	126	14	78	142	30	94	158	46	110	174	2043	1993	2204	2074	2055	1954	2067	2006	1971	2019	1993	1948
304998	62	126	14	78	142	30	94	158	46	110	174	2052	2001	2187	2094	2068	1954	2084	2008	1971	2018	1999	1957
304998	62	126	14	78	142	30	94	158	46	110	174	2037	2017	2139	2048	2013	1970	2047	2055	1986	2017	2023	2011
304998	62	126	14	78	142	30	94	158	46	110	174	1995	2042	2090	1981	1956	1989	1975	2119	2007	2018	2051	2069
304998	62	126	14	78	142	30	94	158	46	110	174	1987	2056	2078	1949	1925	2005	1940	2144	2017	2021	2058	2075
304998	62	126	14	78	142	30	94	158	46	110	174	1996	2040	2123	1979	1960	1975	1968	2105	2007	2020	2047	2027
304998	62	126	14	78	142	30	94	158	46	110	174	2028	2015	2169	2040	2034	1954	2039	2037	1972	2021	2017	1987
304998	62	126	14	78	142	30	94	158	46	110	174	2052	1995	2195	2091	2069	1951	2089	1998	1963	2017	1992	1955
304998	62	126	14	78	142	30	94	158	46	110	174	2042	1996	2173	2072	2051	1957	2073	2018	1974	2019	1998	1982
304998	62	126	14	78	142	30	94	158	46	110	174	2020	2027	2115	2012	1988	1986	2012	2085	2003	2022	2030	2031
304998	62	126	14	78	142	30	94	158	46	110	174	1984	2047	2082	1956	1926	1999	1948	2136	2022	2018	2064	2071
304998	62	126	14	78	142	30	94	158	46	110	174	1992	2058	2086	1952	1944	1996	1955	2134	2011	2022	2054	2074
304998	62	126	14	78	142	30	94	158	46	110	174	2011	2030	2143	2009	1990	1971	1994	2076	1986	2021	2027	2014
304998	62	126	14	78	142	30	94	158	46	110	174	2046	1999	2184	2072	2052	1953	2067	2010	1969	2018	2000	1957
304998	62	126	14	78	142	30	94	158	46	110	174	2058	1994	2194	2088	2071	1948	2087	2006	1968	2017	1994	1955
304998	62	126	14	78	142	30	94	158	46	110	174	2032	2011	2150	2054	2018	1969	2044	2048	1988	2016	2020	2003
304998	62	126	14	78	142	30	94	158	46	110	174	2007	2045	2095	1989	1960	1990	1987	2113	2011	2023	2047	2067
304998	62	126	14	78	142	30	94	158	46	110	174	1986	2055	2071	1947	1932	2004	1939	2139	2021	2018	2060	2080
304998	62	126	14	78	142	30	94	158	46	110	174	2002	2037	2105	1972	1958	1995	1968	2104	2008	2020	2040	2033
304998	62	126	14	78	142	30	94	158	46	110	174	2028	2011	2169	2031	2023	1962	2032	2049	1979	2020	2020	1985
304998	62	126	14	78	142	30	94	158	46	110	174	2047	1993	2201	2088	2060	1940	2078	2005	1953	2020	2002	1953
304998	62	126	14	78	142	30	94	158	46	110	174	2043	2006	2182	2080	2053	1948	2088	2017	1967	2021	2002	1973
304998	62	126	14	78	142	30	94	158	46	110	174	2018	2034	2119	2023	1995	1983	2018	2073	1997	2018	2027	2032
304998	62	126	14	78	142	30	94	158	46	110	174	2000	2051	2068	1970	1931	2010	1960	2131	2029	2021	2054	2067
304998	62	126	14	78	142	30	94	158	46	110	174	1993	2046	2085	1950	1938	2007	1954	2138	2023	2021	2056	2067
304998	62	126	14	78	142	30	94	158	46	110	174	2008	2026	2142	1997	1980	1977	1992	2086	1984	2020	2036	2023
304998	62	126	14	78	142	30	94	158	46	110	174	2039	2008	2189	2058	2053	1940	2067	2026	1955	2017	2008	1966
304998	62	126	14	78	142	30	94	158	46	110	174	2047	1999	2195	2091	2062	1941	2087	1996	1954	2023	1998	1948
304998	62	126	14	78	142	30	94	158	46	110	174	2039	2014	2149	2061	2028	1963	2048	2045	1981	2017	2018	1992
304998	62	126	14	78	142	30	94	158	46	110	174	2011	2035	2098	1991	1969	1997	2000	2108	2011	2022	2044	2056
304998	62	126	14	78	142	30	94	158	46	110	174	1986	2049	2086	1954	1935	2011	1947	2138	2024	2018	2053	2084
304998	62	126	14	78	142	30	94	158	46	110	174	1999	2045	2102	1968	1960	1992	1963	2119	2007	2017	2046	2054
304998	62	126	14	78	142	30	94	158	46	110	174	2020	2018	2158	2025	2014	1956	2021	2052	1987	2019	2019	1984
304998	62	126	14	78	142	30	94	158	46	110	174	2041	1994	2194	2079	2066	1934	2075	2007	1951	2019	2010	1949
304998	62	126	14	78	142	30	94	158	46	110	174	2049	1999	2183	2079	2050	1945	2084	2015	1954	2016	2006	1971
304998	62	126	14	78	142	30	94	158	46	110	174	2016	2015	2139	2031	1999	1979	2033	2068	1986	2016	2023	2022
304998	62	126	14	78	142	30	94	158	46	110	174	1999	2046	2087	1969	1950	2008	1970	2126	2029	2019	2046	2065
304998	62	126	14	78	142	30	94	158	46	110	174	1991	2051	2079	1949	1942	2013	1940	2138	2033	2022	2055	2068
304998	62	126	14	78	142	30	94	158	46	110	174	2008	2038	2118	1991	1983	1983	1987	2094	1995	2020	2036	2026
304998	62	126	14	78	142	30	94	158	46	110	174	2034	2002	2183	2050	2034	1942	2046	2031	1959	2020	2012	1973
304998	62	126	14	78	142	30	94	158	46	110	174	2048	2000	2200	2089	2061	1933	2093	2003	1943	2020	1999	1951
304998	62	126	14	78	142	30	94	158	46	110	174	2039	2011	2166	2069	2018	1959	2065	2034	1971	2020	2013	1977
304998	62	126	14	78	142	30	94	158	46	110	174	2006	2037	2100	2001	1978	1994	1992	2099	2015	2020	2040	2047
304998	62	126	14	78	142	30	94	158	46	110	174	2000	2049	2069	1952	1939	2018	1965	2140	2031	2020	2056	2082
304998	62	126	14	78	142	30	94	158	46	110	174	1998	2032	2105	1959	1959	2008	1957	2118	2013	2017	2044	2058
304998	62	126	14	78	142	30	94	158	46	110	174	2022	2022	2158	2016	2006	1965	2020	2061	1980	2020	2021	1996
304998	62	126	14	78	142	30	94	158	46	110	174	2042	2004	2202	2075	2053	1930	2077	2018	1951	2022	2005	1950
304998	62	126	14	78	142	30	94	158	46	110	174	2043	2010	2185	2081	2056	1939	2073	2012	1950	2020	2008	1962
304998	62	126	14	78	142	30	94	158	46	110	174	2030	2020	2128	2039	1999	1980	2041	2060	1987	2021	2023	2022
304998	62	126	14	78	142	30	94	158	46	110	174	2002	2037	2091	1973	1956	2010	1971	2114	2031	2017	2041	2066
304998	62	126	14	78	142	30	94	158	46	110	174	1997	2046	2084	1951	1938	2014	1951	2137	2042	2021	2049	2066
304998	62	126	14	78	142	30	94	158	46	110	174	2002	2035	2129	1985	1977	1983	1978	2098	2006	2020	2041	2033
304998	62	126	14	78	142	30	94	158	46	110	174	2029	2020	2176	2044	2035	1943	2043	2043	1957	2021	2020	1979
304998	62	126	14	78	142	30	94	158	46	110	174	2045	1999	2195	2082	2056	1928	2079	2011	1937	2020	1999	1955
304998	62	126	14	78	142	30	94	158	46	110	174	2039	2004	2164	2068	2034	1950	2074	2032	1970	2020	2010	1981
304998	62	126	14	78	142	30	94	158	46	110	174	2017	2025	2115	2010	1983	1993	2008	2087	2013	2020	2039	2037
304998	62	126	14	78	142	30	94	158	46	110	174	1992	2043	2083	1964	1941	2018	1958	2136	2038	2017	2053	2073
304998	62	126	14	78	142	30	94	158	46	110	174	1999	2046	2092	1961	1954	2004	1968	2126	2028	2020	2043	2066
304998	62	126	14	78	142	30	94	158	46	110	174	2020	2023	2136	2014	1998	1972	2013	2069	1978	2020	2025	2002
304998	62	126	14	78	142	30	94	158	46	110	174	2038	1999	2188	2069	2047	1930	2059	2014	1954	2020	2008	1948
304998	62	126	14	78	142	30	94	158	46	110	174	2047	1998	2191	2081	2053	1933	2079	2017	1944	2018	2010	1960
