304998	62	126	14	78	142	30	94	158	46	110	174	2015	2027	2140	2022	2006	1967	2018	2070	1983	2022	2024	2001
304998	62	126	14	78	142	30	94	158	46	110	174	2037	2008	2190	2029	2007	1940	2045	2062	1958	2017	2013	1946
304998	62	126	14	78	142	30	94	158	46	110	174	2033	2002	2204	2031	2008	1934	2024	2065	1955	2018	2018	1957
304998	62	126	14	78	142	30	94	158	46	110	174	2028	2017	2144	2023	2004	1967	2020	2072	1978	2018	2026	2008
304998	62	126	14	78	142	30	94	158	46	110	174	2007	2036	2093	2019	1993	2007	2017	2073	2016	2018	2033	2070
304998	62	126	14	78	142	30	94	158	46	110	174	2006	2041	2063	2011	2001	2013	2018	2074	2031	2021	2042	2075
304998	62	126	14	78	142	30	94	158	46	110	174	2018	2028	2111	2014	1995	1988	2017	2077	2006	2021	2039	2030
304998	62	126	14	78	142	30	94	158	46	110	174	2020	2009	2175	2024	2004	1949	2013	2064	1968	2020	2023	1979
304998	62	126	14	78	142	30	94	158	46	110	174	2036	2006	2204	2032	2010	1929	2031	2065	1943	2016	2013	1954
304998	62	126	14	78	142	30	94	158	46	110	174	2026	2010	2187	2026	1999	1946	2019	2060	1972	2018	2016	1979
304998	62	126	14	78	142	30	94	158	46	110	174	2022	2032	2108	2017	2005	1987	2021	2076	2010	2021	2027	2032
304998	62	126	14	78	142	30	94	158	46	110	174	2011	2034	2063	2013	1991	2013	2019	2079	2025	2020	2044	2074
304998	62	126	14	78	142	30	94	158	46	110	174	2011	2032	2087	2014	1994	2006	2012	2079	2014	2021	2044	2070
304998	62	126	14	78	142	30	94	158	46	110	174	2020	2020	2146	2021	2005	1963	2020	2068	1986	2020	2025	2017
304998	62	126	14	78	142	30	94	158	46	110	174	2025	2008	2204	2032	2005	1937	2020	2064	1966	2021	2015	1953
304998	62	126	14	78	142	30	94	158	46	110	174	2026	2016	2199	2031	2012	1936	2019	2065	1956	2018	2012	1946
304998	62	126	14	78	142	30	94	158	46	110	174	2022	2015	2151	2026	1996	1967	2016	2065	1979	2016	2028	2001
304998	62	126	14	78	142	30	94	158	46	110	174	2013	2031	2084	2019	1993	2000	2013	2074	2012	2020	2043	2063
304998	62	126	14	78	142	30	94	158	46	110	174	2010	2031	2075	2015	1994	2011	2009	2076	2033	2017	2042	2086
304998	62	126	14	78	142	30	94	158	46	110	174	2008	2025	2119	2022	1986	2001	2008	2072	2010	2018	2028	2039
304998	62	126	14	78	142	30	94	158	46	110	174	2022	2022	2169	2021	2005	1950	2015	2065	1971	2020	2023	1979
304998	62	126	14	78	142	30	94	158	46	110	174	2028	2010	2201	2030	2006	1929	2020	2057	1949	2017	2022	1948
304998	62	126	14	78	142	30	94	158	46	110	174	2034	2008	2172	2031	2000	1948	2022	2058	1969	2020	2016	1975
304998	62	126	14	78	142	30	94	158	46	110	174	2021	2021	2122	2021	2002	1978	2017	2072	1997	2020	2025	2030
304998	62	126	14	78	142	30	94	158	46	110	174	2011	2037	2080	2012	1997	2015	2010	2081	2027	2017	2035	2072
304998	62	126	14	78	142	30	94	158	46	110	174	2008	2036	2084	2013	1999	2007	2022	2080	2017	2020	2042	2069
304998	62	126	14	78	142	30	94	158	46	110	174	2015	2031	2128	2020	1994	1977	2018	2074	1995	2017	2032	2016
304998	62	126	14	78	142	30	94	158	46	110	174	2031	2012	2185	2029	1998	1939	2020	2064	1963	2021	2016	1967
304998	62	126	14	78	142	30	94	158	46	110	174	2032	2007	2201	2028	2009	1933	2023	2065	1955	2020	2013	1949
304998	62	126	14	78	142	30	94	158	46	110	174	2023	2015	2161	2024	2003	1963	2029	2068	1971	2022	2018	1983
304998	62	126	14	78	142	30	94	158	46	110	174	2016	2030	2100	2014	2000	1999	2019	2071	2008	2016	2039	2051
304998	62	126	14	78	142	30	94	158	46	110	174	2012	2041	2061	2011	1997	2013	2010	2076	2034	2017	2041	2087
304998	62	126	14	78	142	30	94	158	46	110	174	2013	2028	2086	2015	1997	1994	2008	2077	2016	2019	2034	2056
304998	62	126	14	78	142	30	94	158	46	110	174	2021	2015	2158	2021	2007	1953	2028	2074	1973	2017	2018	1990
304998	62	126	14	78	142	30	94	158	46	110	174	2025	2012	2210	2030	2001	1936	2027	2061	1951	2017	2017	1943
304998	62	126	14	78	142	30	94	158	46	110	174	2028	2017	2188	2028	2007	1943	2028	2059	1961	2020	2020	1963
304998	62	126	14	78	142	30	94	158	46	110	174	2012	2025	2136	2021	1996	1975	2012	2067	1997	2017	2029	2029
304998	62	126	14	78	142	30	94	158	46	110	174	2018	2033	2068	2017	1998	2002	2018	2084	2023	2020	2034	2075
304998	62	126	14	78	142	30	94	158	46	110	174	2011	2025	2080	2013	1997	2013	2016	2077	2023	2022	2036	2071
304998	62	126	14	78	142	30	94	158	46	110	174	2018	2028	2129	2017	1995	1982	2011	2065	2000	2022	2031	2018
304998	62	126	14	78	142	30	94	158	46	110	174	2023	2015	2189	2026	1999	1946	2016	2068	1971	2017	2028	1967
304998	62	126	14	78	142	30	94	158	46	110	174	2022	2013	2206	2026	2002	1934	2017	2060	1955	2019	2015	1950
304998	62	126	14	78	142	30	94	158	46	110	174	2031	2013	2162	2025	2002	1958	2027	2066	1969	2019	2020	1983
304998	62	126	14	78	142	30	94	158	46	110	174	2018	2024	2104	2017	2002	1990	2012	2070	2006	2020	2030	2047
304998	62	126	14	78	142	30	94	158	46	110	174	2018	2031	2073	2011	1998	2014	2009	2077	2032	2019	2042	2078
304998	62	126	14	78	142	30	94	158	46	110	174	2015	2033	2094	2015	1988	2009	2013	2081	2018	2020	2042	2062
304998	62	126	14	78	142	30	94	158	46	110	174	2018	2026	2148	2019	2003	1961	2025	2074	1981	2021	2024	1999
304998	62	126	14	78	142	30	94	158	46	110	174	2029	2016	2191	2022	2002	1934	2020	2063	1947	2021	2014	1946
304998	62	126	14	78	142	30	94	158	46	110	174	2028	2010	2196	2031	2003	1939	2020	2054	1961	2020	2021	1951
304998	62	126	14	78	142	30	94	158	46	110	174	2022	2016	2146	2018	2002	1973	2016	2067	1998	2017	2028	2015
304998	62	126	14	78	142	30	94	158	46	110	174	2017	2037	2086	2018	1995	2008	2028	2079	2021	2018	2041	2080
304998	62	126	14	78	142	30	94	158	46	110	174	2018	2037	2076	2014	1997	2008	2017	2079	2025	2018	2033	2083
304998	62	126	14	78	142	30	94	158	46	110	174	2018	2027	2109	2018	1996	1985	2010	2074	1995	2021	2030	2033
304998	62	126	14	78	142	30	94	158	46	110	174	2018	2010	2187	2020	2006	1947	2009	2063	1971	2017	2026	1968
304998	62	126	14	78	142	30	94	158	46	110	174	2025	2011	2206	2026	2006	1935	2031	2064	1949	2020	2021	1950
304998	62	126	14	78	142	30	94	158	46	110	174	2028	2021	2176	2023	1997	1953	2026	2067	1967	2017	2021	1988
304998	62	126	14	78	142	30	94	158	46	110	174	2014	2031	2104	2017	2002	1988	2011	2072	1998	2021	2028	2037
304998	62	126	14	78	142	30	94	158	46	110	174	2014	2030	2070	2018	1996	2012	2010	2073	2034	2020	2032	2076
304998	62	126	14	78	142	30	94	158	46	110	174	2006	2019	2096	2014	2004	2002	2008	2076	2023	2018	2040	2062
304998	62	126	14	78	142	30	94	158	46	110	174	2020	2020	2151	2019	1995	1969	2023	2075	1983	2021	2029	2013
304998	62	126	14	78	142	30	94	158	46	110	174	2016	2019	2210	2029	1999	1937	2017	2066	1951	2017	2021	1957
304998	62	126	14	78	142	30	94	158	46	110	174	2025	2021	2191	2026	2000	1936	2015	2064	1961	2019	2017	1946
304998	62	126	14	78	142	30	94	158	46	110	174	2018	2023	2145	2024	2004	1963	2014	2066	1986	2019	2028	2002
304998	62	126	14	78	142	30	94	158	46	110	174	2018	2027	2083	2014	2003	2003	2012	2076	2016	2019	2037	2060
304998	62	126	14	78	142	30	94	158	46	110	174	2018	2033	2075	2013	1997	2013	2007	2078	2026	2017	2040	2088
304998	62	126	14	78	142	30	94	158	46	110	174	2010	2027	2114	2011	1993	1994	2007	2069	2006	2018	2030	2047
304998	62	126	14	78	142	30	94	158	46	110	174	2019	2023	2167	2019	1998	1951	2013	2068	1976	2022	2020	1975
304998	62	126	14	78	142	30	94	158	46	110	174	2024	2017	2199	2027	2004	1928	2017	2064	1948	2016	2024	1938
304998	62	126	14	78	142	30	94	158	46	110	174	2021	2017	2179	2023	1997	1950	2013	2068	1970	2021	2030	1973
304998	62	126	14	78	142	30	94	158	46	110	174	2019	2020	2120	2019	2000	1987	2019	2075	1995	2017	2028	2043
304998	62	126	14	78	142	30	94	158	46	110	174	2014	2030	2083	2013	1992	2016	2013	2070	2031	2017	2033	2077
304998	62	126	14	78	142	30	94	158	46	110	174	2017	2033	2079	2011	1998	2002	2009	2084	2028	2022	2030	2068
304998	62	126	14	78	142	30	94	158	46	110	174	2020	2022	2128	2018	2000	1972	2022	2076	1995	2021	2035	2009
304998	62	126	14	78	142	30	94	158	46	110	174	2013	2013	2199	2023	1999	1940	2012	2063	1956	2016	2029	1963
304998	62	126	14	78	142	30	94	158	46	110	174	2020	2016	2207	2025	1998	1942	2016	2058	1954	2017	2022	1957
304998	62	126	14	78	142	30	94	158	46	110	174	2012	2019	2168	2024	1992	1967	2005	2064	1990	2016	2022	1998
304998	62	126	14	78	142	30	94	158	46	110	174	2019	2037	2086	2014	2003	1997	2020	2077	2017	2017	2029	2050
304998	62	126	14	78	142	30	94	158	46	110	174	2017	2026	2067	2015	1995	2018	2012	2080	2025	2021	2040	2082
304998	62	126	14	78	142	30	94	158	46	110	174	2015	2023	2103	2011	1994	1992	2010	2077	2004	2022	2037	2057
304998	62	126	14	78	142	30	94	158	46	110	174	2018	2020	2172	2020	1996	1961	2024	2067	1981	2021	2026	1986
304998	62	126	14	78	142	30	94	158	46	110	174	2015	2020	2206	2024	2002	1940	2016	2067	1952	2016	2016	1948
304998	62	126	14	78	142	30	94	158	46	110	174	2021	2020	2177	2023	1999	1944	2017	2070	1961	2017	2029	1956
304998	62	126	14	78	142	30	94	158	46	110	174	2014	2018	2125	2021	1997	1973	2013	2073	1995	2021	2034	2028
304998	62	126	14	78	142	30	94	158	46	110	174	2012	2024	2078	2018	2002	2016	2014	2068	2028	2017	2034	2083
304998	62	126	14	78	142	30	94	158	46	110	174	2014	2025	2085	2018	1997	2012	2008	2078	2027	2018	2028	2076
304998	62	126	14	78	142	30	94	158	46	110	174	2017	2031	2129	2016	1993	1976	2017	2077	1991	2021	2028	2018
304998	62	126	14	78	142	30	94	158	46	110	174	2018	2018	2184	2026	1992	1945	2014	2067	1960	2018	2029	1962
304998	62	126	14	78	142	30	94	158	46	110	174	2017	2012	2201	2031	1999	1932	2017	2063	1951	2022	2029	1953
304998	62	126	14	78	142	30	94	158	46	110	174	2014	2015	2167	2022	1996	1963	2015	2062	1987	2020	2027	1989
304998	62	126	14	78	142	30	94	158	46	110	174	2019	2027	2099	2018	1995	2000	2024	2078	2014	2022	2028	2055
304998	62	126	14	78	142	30	94	158	46	110	174	2012	2034	2068	2015	2000	2018	2008	2076	2029	2021	2031	2074
304998	62	126	14	78	142	30	94	158	46	110	174	2019	2025	2091	2019	1992	1998	2007	2073	2009	2022	2033	2058
304998	62	126	14	78	142	30	94	158	46	110	174	2021	2018	2158	2020	1996	1961	2026	2065	1981	2016	2031	2002
304998	62	126	14	78	142	30	94	158	46	110	174	2014	2011	2209	2026	1999	1933	2012	2065	1961	2021	2024	1953
304998	62	126	14	78	142	30	94	158	46	110	174	2007	2020	2197	2024	1997	1946	2008	2065	1963	2018	2025	1956
304998	62	126	14	78	142	30	94	158	46	110	174	2010	2025	2132	2022	1994	1974	2009	2074	1987	2022	2031	2008
304998	62	126	14	78	142	30	94	158	46	110	174	2012	2026	2075	2018	1994	2011	2011	2074	2021	2017	2032	2076
304998	62	126	14	78	142	30	94	158	46	110	174	2017	2021	2076	2015	2003	2010	2014	2071	2031	2018	2031	2082
304998	62	126	14	78	142	30	94	158	46	110	174	2016	2025	2131	2018	1986	1988	2011	2077	2001	2017	2028	2030
304998	62	126	14	78	142	30	94	158	46	110	174	2015	2026	2180	2018	2000	1946	2018	2072	1961	2022	2028	1961
304998	62	126	14	78	142	30	94	158	46	110	174	2013	2021	2203	2023	1996	1934	2019	2065	1947	2021	2032	1943
304998	62	126	14	78	142	30	94	158	46	110	174	2016	2016	2159	2023	1998	1948	2017	2064	1967	2021	2034	1993
304998	62	126	14	78	142	30	94	158	46	110	174	2016	2019	2114	2017	2001	1993	2017	2068	2015	2018	2030	2044
304998	62	126	14	78	142	30	94	158	46	110	174	2018	2025	2077	2018	1996	2017	2016	2077	2028	2022	2024	2083
304998	62	126	14	78	142	30	94	158	46	110	174	2019	2032	2087	2011	2001	2000	2012	2079	2015	2016	2031	2056
304998	62	126	14	78	142	30	94	158	46	110	174	2014	2022	2146	2019	1995	1963	2012	2072	1984	2020	2034	2001
304998	62	126	14	78	142	30	94	158	46	110	174	2018	2018	2192	2023	2001	1935	2014	2061	1958	2018	2035	1965
304998	62	126	14	78	142	30	94	158	46	110	174	2014	2017	2204	2026	1993	1945	2011	2070	1962	2020	2028	1958
304998	62	126	14	78	142	30	94	158	46	110	174	2012	2025	2146	2020	1991	1975	2014	2073	1987	2016	2028	2002
304998	62	126	14	78	142	30	94	158	46	110	174	2021	2031	2075	2017	2001	2008	2020	2075	2017	2021	2031	2062
304998	62	126	14	78	142	30	94	158	46	110	174	2017	2023	2064	2014	1998	2012	2006	2073	2025	2017	2031	2082
304998	62	126	14	78	142	30	94	158	46	110	174	2020	2023	2116	2016	2002	1984	2018	2073	2007	2021	2026	2045
304998	62	126	14	78	142	30	94	158	46	110	174	2013	2019	2184	2021	1994	1951	2007	2069	1968	2019	2023	1976
304998	62	126	14	78	142	30	94	158	46	110	174	2013	2024	2204	2022	2001	1931	2027	2069	1956	2017	2029	1937
304998	62	126	14	78	142	30	94	158	46	110	174	2019	2026	2169	2019	2000	1958	2026	2072	1963	2017	2038	1975
304998	62	126	14	78	142	30	94	158	46	110	174	2018	2019	2109	2019	1997	1984	2018	2074	2007	2016	2031	2047
304998	62	126	14	78	142	30	94	158	46	110	174	2022	2024	2073	2014	1996	2011	2017	2079	2033	2016	2025	2085
304998	62	126	14	78	142	30	94	158	46	110	174	2018	2024	2092	2017	1996	2007	2007	2075	2019	2022	2025	2064
304998	62	126	14	78	142	30	94	158	46	110	174	2013	2028	2144	2016	2002	1973	2015	2074	1986	2020	2029	2006
304998	62	126	14	78	142	30	94	158	46	110	174	2020	2024	2188	2020	1999	1944	2026	2064	1954	2017	2034	1957
304998	62	126	14	78	142	30	94	158	46	110	174	2011	2015	2195	2022	1993	1934	2012	2064	1961	2019	2028	1960
304998	62	126	14	78	142	30	94	158	46	110	174	2015	2023	2147	2018	1999	1965	2018	2080	1982	2022	2028	1997
304998	62	126	14	78	142	30	94	158	46	110	174	2017	2025	2094	2016	1999	2001	2021	2073	2019	2016	2024	2057
304998	62	126	14	78	142	30	94	158	46	110	174	2019	2027	2067	2010	2003	2014	2018	2077	2023	2016	2031	2085
304998	62	126	14	78	142	30	94	158	46	110	174	2024	2024	2107	2014	1995	1992	2019	2074	2009	2019	2033	2048
304998	62	126	14	78	142	30	94	158	46	110	174	2018	2021	2170	2017	1994	1958	2020	2076	1984	2017	2026	1988
304998	62	126	14	78	142	30	94	158	46	110	174	2012	2025	2206	2028	1996	1935	2023	2073	1954	2021	2027	1942
304998	62	126	14	78	142	30	94	158	46	110	174	2010	2026	2185	2020	2003	1948	2007	2067	1964	2017	2032	1961
304998	62	126	14	78	142	30	94	158	46	110	174	2020	2030	2112	2017	2003	1985	2017	2072	2000	2022	2029	2032
304998	62	126	14	78	142	30	94	158	46	110	174	2027	2021	2075	2020	2001	2014	2018	2074	2032	2016	2030	2085
304998	62	126	14	78	142	30	94	158	46	110	174	2024	2027	2080	2013	2003	2007	2021	2084	2019	2019	2025	2069
304998	62	126	14	78	142	30	94	158	46	110	174	2020	2026	2137	2019	1991	1979	2019	2079	1991	2019	2023	2012
304998	62	126	14	78	142	30	94	158	46	110	174	2013	2025	2186	2019	1997	1941	2016	2064	1955	2019	2032	1963
304998	62	126	14	78	142	30	94	158	46	110	174	2020	2025	2188	2020	1995	1943	2021	2065	1954	2018	2029	1952
304998	62	126	14	78	142	30	94	158	46	110	174	2019	2020	2155	2017	2003	1965	2011	2073	1988	2022	2031	2000
304998	62	126	14	78	142	30	94	158	46	110	174	2024	2024	2100	2018	1994	1999	2019	2077	2012	2020	2023	2054
304998	62	126	14	78	142	30	94	158	46	110	174	2024	2025	2073	2017	1991	2015	2022	2079	2024	2020	2027	2078
304998	62	126	14	78	142	30	94	158	46	110	174	2023	2033	2093	2020	2003	2001	2015	2072	2011	2017	2033	2053
304998	62	126	14	78	142	30	94	158	46	110	174	2019	2023	2151	2020	1999	1959	2017	2072	1978	2022	2028	1997
304998	62	126	14	78	142	30	94	158	46	110	174	2016	2025	2198	2023	1998	1936	2024	2070	1954	2022	2028	1951
304998	62	126	14	78	142	30	94	158	46	110	174	2017	2027	2186	2026	1991	1945	2020	2071	1955	2018	2028	1955
304998	62	126	14	78	142	30	94	158	46	110	174	2018	2025	2135	2023	1999	1974	2018	2072	1990	2021	2034	2026
304998	62	126	14	78	142	30	94	158	46	110	174	2028	2028	2072	2016	2000	2008	2017	2074	2029	2018	2031	2077
304998	62	126	14	78	142	30	94	158	46	110	174	2025	2022	2072	2014	2003	2005	2021	2078	2028	2020	2022	2083
304998	62	126	14	78	142	30	94	158	46	110	174	2025	2021	2123	2016	1996	1982	2020	2072	1996	2019	2025	2023
304998	62	126	14	78	142	30	94	158	46	110	174	2015	2023	2193	2017	1994	1946	2013	2074	1960	2018	2031	1957
304998	62	126	14	78	142	30	94	158	46	110	174	2013	2031	2196	2022	1998	1931	2024	2076	1956	2021	2035	1952
304998	62	126	14	78	142	30	94	158	46	110	174	2019	2026	2164	2023	1999	1957	2025	2076	1982	2019	2028	1991
304998	62	126	14	78	142	30	94	158	46	110	174	2028	2026	2095	2018	1999	1997	2031	2077	2010	2017	2024	2047
304998	62	126	14	78	142	30	94	158	46	110	174	2026	2020	2070	2017	2002	2014	2023	2077	2024	2021	2022	2076
304998	62	126	14	78	142	30	94	158	46	110	174	2018	2020	2105	2016	1995	1996	2013	2072	2012	2020	2029	2061
304998	62	126	14	78	142	30	94	158	46	110	174	2024	2028	2155	2022	2003	1963	2030	2078	1988	2019	2029	1999
304998	62	126	14	78	142	30	94	158	46	110	174	2018	2030	2190	2019	2001	1937	2025	2074	1955	2020	2026	1954
304998	62	126	14	78	142	30	94	158	46	110	174	2019	2023	2186	2022	1998	1943	2033	2074	1953	2022	2024	1955
304998	62	126	14	78	142	30	94	158	46	110	174	2021	2023	2139	2022	2001	1975	2020	2070	1988	2016	2027	2007
304998	62	126	14	78	142	30	94	158	46	110	174	2019	2023	2088	2022	1994	2001	2014	2073	2025	2019	2031	2070
304998	62	126	14	78	142	30	94	158	46	110	174	2026	2031	2073	2015	2000	2010	2025	2082	2027	2018	2025	2088
304998	62	126	14	78	142	30	94	158	46	110	174	2019	2019	2117	2016	1997	1993	2024	2071	2000	2016	2021	2031
304998	62	126	14	78	142	30	94	158	46	110	174	2021	2021	2175	2020	2002	1951	2025	2073	1964	2016	2026	1965
304998	62	126	14	78	142	30	94	158	46	110	174	2016	2026	2202	2022	1993	1936	2017	2070	1955	2019	2032	1949
