304998	62	126	14	78	142	30	94	158	46	110	174	2026	2023	2084	2000	1983	2045	2004	2092	2055	2022	2033	2063
304998	62	126	14	78	142	30	94	158	46	110	174	2026	2020	2130	2010	2004	1981	2017	2077	2003	2016	2027	2029
304998	62	126	14	78	142	30	94	158	46	110	174	2025	2021	2179	2033	2013	1921	2027	2056	1941	2021	2017	1976
304998	62	126	14	78	142	30	94	158	46	110	174	2027	2028	2195	2042	2024	1899	2028	2053	1915	2020	2016	1956
304998	62	126	14	78	142	30	94	158	46	110	174	2031	2031	2153	2033	2017	1940	2037	2066	1954	2022	2022	1982
304998	62	126	14	78	142	30	94	158	46	110	174	2023	2021	2109	2014	1997	2012	2021	2075	2026	2018	2031	2043
304998	62	126	14	78	142	30	94	158	46	110	174	2023	2026	2079	2000	1992	2048	2007	2087	2066	2016	2027	2077
304998	62	126	14	78	142	30	94	158	46	110	174	2020	2023	2106	2000	1990	2021	2005	2090	2041	2017	2025	2056
304998	62	126	14	78	142	30	94	158	46	110	174	2024	2023	2154	2021	2003	1950	2019	2067	1971	2018	2019	1992
304998	62	126	14	78	142	30	94	158	46	110	174	2031	2027	2190	2035	2020	1902	2048	2053	1913	2018	2026	1956
304998	62	126	14	78	142	30	94	158	46	110	174	2028	2021	2174	2040	2015	1906	2036	2048	1926	2020	2025	1970
304998	62	126	14	78	142	30	94	158	46	110	174	2025	2022	2134	2026	2013	1969	2026	2070	1996	2017	2020	2018
304998	62	126	14	78	142	30	94	158	46	110	174	2020	2025	2094	2006	1987	2038	2009	2085	2048	2020	2023	2057
304998	62	126	14	78	142	30	94	158	46	110	174	2019	2030	2091	1997	1983	2048	2004	2092	2056	2016	2023	2058
304998	62	126	14	78	142	30	94	158	46	110	174	2024	2038	2114	2003	2000	1997	2009	2077	2006	2018	2028	2031
304998	62	126	14	78	142	30	94	158	46	110	174	2026	2027	2168	2029	2006	1924	2024	2056	1948	2016	2025	1979
304998	62	126	14	78	142	30	94	158	46	110	174	2028	2020	2194	2044	2016	1897	2033	2057	1915	2017	2020	1961
304998	62	126	14	78	142	30	94	158	46	110	174	2025	2023	2167	2031	2016	1928	2028	2066	1946	2017	2017	1980
304998	62	126	14	78	142	30	94	158	46	110	174	2023	2028	2120	2020	1999	2008	2018	2072	2020	2020	2027	2023
304998	62	126	14	78	142	30	94	158	46	110	174	2017	2036	2078	2002	1988	2050	2009	2083	2066	2018	2029	2077
304998	62	126	14	78	142	30	94	158	46	110	174	2021	2029	2091	2000	1987	2031	2006	2086	2048	2020	2029	2065
304998	62	126	14	78	142	30	94	158	46	110	174	2022	2023	2140	2020	1996	1963	2017	2077	1981	2019	2020	2004
304998	62	126	14	78	142	30	94	158	46	110	174	2025	2017	2189	2036	2018	1900	2028	2058	1918	2022	2017	1955
304998	62	126	14	78	142	30	94	158	46	110	174	2024	2020	2194	2042	2016	1898	2035	2052	1915	2019	2025	1958
304998	62	126	14	78	142	30	94	158	46	110	174	2021	2025	2146	2026	2004	1966	2022	2062	1983	2017	2022	2011
304998	62	126	14	78	142	30	94	158	46	110	174	2023	2025	2090	2006	1993	2032	2012	2086	2049	2017	2025	2056
304998	62	126	14	78	142	30	94	158	46	110	174	2024	2023	2077	1996	1990	2048	2009	2088	2063	2016	2022	2070
304998	62	126	14	78	142	30	94	158	46	110	174	2020	2019	2114	2009	1993	2005	2008	2079	2014	2021	2023	2029
304998	62	126	14	78	142	30	94	158	46	110	174	2021	2020	2177	2021	2008	1937	2027	2058	1949	2017	2027	1983
304998	62	126	14	78	142	30	94	158	46	110	174	2020	2025	2203	2039	2010	1892	2034	2055	1917	2018	2021	1963
304998	62	126	14	78	142	30	94	158	46	110	174	2026	2024	2169	2040	2020	1914	2031	2059	1935	2022	2020	1977
304998	62	126	14	78	142	30	94	158	46	110	174	2027	2021	2117	2025	1999	1999	2023	2075	2010	2016	2022	2027
304998	62	126	14	78	142	30	94	158	46	110	174	2020	2022	2082	2006	1995	2051	2006	2079	2065	2018	2031	2061
304998	62	126	14	78	142	30	94	158	46	110	174	2023	2024	2093	1999	1983	2047	2008	2086	2057	2018	2030	2062
304998	62	126	14	78	142	30	94	158	46	110	174	2020	2025	2145	2015	1998	1972	2011	2074	1989	2021	2024	2016
304998	62	126	14	78	142	30	94	158	46	110	174	2024	2024	2179	2035	2015	1903	2036	2054	1923	2017	2018	1966
304998	62	126	14	78	142	30	94	158	46	110	174	2033	2021	2184	2044	2017	1895	2035	2053	1911	2019	2022	1952
304998	62	126	14	78	142	30	94	158	46	110	174	2024	2019	2148	2030	2008	1952	2023	2059	1972	2020	2030	1994
304998	62	126	14	78	142	30	94	158	46	110	174	2020	2026	2101	2010	1988	2030	2021	2086	2046	2022	2029	2059
304998	62	126	14	78	142	30	94	158	46	110	174	2018	2027	2085	2000	1983	2057	2014	2090	2066	2022	2025	2074
304998	62	126	14	78	142	30	94	158	46	110	174	2020	2027	2102	2002	1998	2009	2008	2081	2025	2021	2020	2043
304998	62	126	14	78	142	30	94	158	46	110	174	2024	2029	2153	2023	2002	1939	2031	2068	1958	2018	2023	1979
304998	62	126	14	78	142	30	94	158	46	110	174	2023	2017	2195	2041	2022	1890	2026	2049	1920	2021	2026	1955
304998	62	126	14	78	142	30	94	158	46	110	174	2025	2019	2175	2043	1998	1923	2038	2064	1930	2020	2026	1976
304998	62	126	14	78	142	30	94	158	46	110	174	2026	2026	2127	2029	1990	1997	2032	2075	2003	2016	2022	2026
304998	62	126	14	78	142	30	94	158	46	110	174	2014	2027	2087	2003	1996	2046	2013	2079	2059	2020	2024	2060
304998	62	126	14	78	142	30	94	158	46	110	174	2023	2028	2078	2004	1989	2048	2008	2081	2061	2022	2028	2056
304998	62	126	14	78	142	30	94	158	46	110	174	2026	2021	2130	2009	2002	1982	2008	2071	2001	2018	2028	2026
304998	62	126	14	78	142	30	94	158	46	110	174	2026	2022	2184	2025	2013	1907	2040	2066	1929	2018	2024	1976
304998	62	126	14	78	142	30	94	158	46	110	174	2025	2020	2195	2041	2015	1889	2030	2056	1909	2017	2021	1956
304998	62	126	14	78	142	30	94	158	46	110	174	2023	2031	2156	2031	2014	1944	2027	2059	1957	2017	2020	1985
304998	62	126	14	78	142	30	94	158	46	110	174	2025	2024	2104	2015	1996	2028	2004	2073	2043	2021	2029	2040
304998	62	126	14	78	142	30	94	158	46	110	174	2025	2024	2074	2000	1993	2056	2008	2091	2067	2021	2028	2074
304998	62	126	14	78	142	30	94	158	46	110	174	2026	2023	2104	2003	1996	2020	2008	2079	2035	2021	2023	2053
304998	62	126	14	78	142	30	94	158	46	110	174	2020	2020	2165	2019	2007	1943	2024	2063	1963	2018	2020	1993
304998	62	126	14	78	142	30	94	158	46	110	174	2023	2029	2195	2036	2016	1894	2032	2049	1917	2021	2022	1946
304998	62	126	14	78	142	30	94	158	46	110	174	2026	2029	2172	2038	2012	1907	2026	2059	1926	2017	2030	1971
304998	62	126	14	78	142	30	94	158	46	110	174	2027	2023	2125	2027	1995	1981	2021	2069	1988	2017	2024	2020
304998	62	126	14	78	142	30	94	158	46	110	174	2018	2018	2096	2009	1996	2043	2008	2083	2053	2021	2023	2069
304998	62	126	14	78	142	30	94	158	46	110	174	2020	2026	2089	2002	1993	2048	2003	2082	2064	2022	2022	2066
304998	62	126	14	78	142	30	94	158	46	110	174	2019	2026	2130	2009	2002	1992	2006	2075	2015	2018	2025	2020
304998	62	126	14	78	142	30	94	158	46	110	174	2024	2026	2172	2024	2012	1911	2020	2063	1934	2022	2032	1976
304998	62	126	14	78	142	30	94	158	46	110	174	2024	2022	2184	2042	2012	1888	2031	2059	1901	2019	2024	1958
304998	62	126	14	78	142	30	94	158	46	110	174	2028	2022	2162	2036	2009	1933	2025	2059	1950	2021	2019	1986
304998	62	126	14	78	142	30	94	158	46	110	174	2019	2022	2117	2019	1997	2007	2018	2072	2031	2022	2020	2029
304998	62	126	14	78	142	30	94	158	46	110	174	2012	2025	2091	2002	1995	2055	1998	2086	2076	2018	2028	2072
304998	62	126	14	78	142	30	94	158	46	110	174	2026	2032	2094	2001	1998	2032	2012	2085	2041	2021	2027	2058
304998	62	126	14	78	142	30	94	158	46	110	174	2022	2023	2146	2016	2000	1954	2024	2072	1965	2018	2026	2005
304998	62	126	14	78	142	30	94	158	46	110	174	2026	2022	2187	2033	2015	1890	2033	2056	1912	2017	2022	1960
304998	62	126	14	78	142	30	94	158	46	110	174	2024	2023	2188	2040	2006	1903	2050	2066	1927	2021	2019	1953
304998	62	126	14	78	142	30	94	158	46	110	174	2020	2031	2142	2022	2005	1969	2044	2073	1985	2019	2029	2011
304998	62	126	14	78	142	30	94	158	46	110	174	2027	2034	2088	2011	1994	2045	2017	2083	2043	2017	2030	2063
304998	62	126	14	78	142	30	94	158	46	110	174	2019	2021	2075	2001	1989	2054	2007	2081	2063	2017	2024	2073
304998	62	126	14	78	142	30	94	158	46	110	174	2029	2025	2113	2006	1997	1995	2012	2074	2019	2020	2022	2032
304998	62	126	14	78	142	30	94	158	46	110	174	2022	2021	2178	2027	2006	1924	2019	2068	1944	2016	2030	1974
304998	62	126	14	78	142	30	94	158	46	110	174	2020	2026	2203	2037	2011	1889	2022	2061	1909	2018	2029	1960
304998	62	126	14	78	142	30	94	158	46	110	174	2023	2027	2164	2035	2010	1927	2028	2064	1940	2020	2023	1987
304998	62	126	14	78	142	30	94	158	46	110	174	2019	2023	2113	2020	1990	2005	2018	2070	2022	2018	2020	2036
304998	62	126	14	78	142	30	94	158	46	110	174	2023	2025	2073	2005	1997	2051	2002	2085	2076	2016	2023	2073
304998	62	126	14	78	142	30	94	158	46	110	174	2020	2020	2096	2006	1990	2040	2006	2085	2055	2017	2030	2058
304998	62	126	14	78	142	30	94	158	46	110	174	2020	2026	2149	2018	2005	1962	2019	2074	1977	2017	2029	2013
304998	62	126	14	78	142	30	94	158	46	110	174	2025	2030	2188	2029	2015	1896	2042	2066	1909	2017	2025	1968
304998	62	126	14	78	142	30	94	158	46	110	174	2018	2025	2189	2033	2005	1895	2019	2057	1919	2018	2021	1951
304998	62	126	14	78	142	30	94	158	46	110	174	2026	2020	2142	2025	2008	1954	2020	2075	1978	2017	2027	1999
304998	62	126	14	78	142	30	94	158	46	110	174	2020	2020	2103	2011	1987	2041	2006	2077	2049	2018	2033	2059
304998	62	126	14	78	142	30	94	158	46	110	174	2020	2024	2084	2006	1992	2062	2009	2083	2066	2018	2028	2076
304998	62	126	14	78	142	30	94	158	46	110	174	2020	2028	2113	2008	1999	2017	2012	2073	2029	2018	2023	2045
304998	62	126	14	78	142	30	94	158	46	110	174	2022	2028	2154	2020	2004	1929	2016	2073	1953	2022	2020	1981
304998	62	126	14	78	142	30	94	158	46	110	174	2023	2023	2191	2034	2012	1882	2020	2056	1903	2016	2030	1952
304998	62	126	14	78	142	30	94	158	46	110	174	2018	2019	2181	2028	2013	1912	2023	2059	1934	2019	2027	1980
304998	62	126	14	78	142	30	94	158	46	110	174	2018	2024	2127	2018	2001	1993	2030	2072	2009	2017	2027	2030
304998	62	126	14	78	142	30	94	158	46	110	174	2017	2030	2083	2003	1993	2054	2007	2078	2071	2016	2020	2071
304998	62	126	14	78	142	30	94	158	46	110	174	2026	2027	2079	2003	1993	2048	2009	2084	2065	2017	2024	2056
304998	62	126	14	78	142	30	94	158	46	110	174	2023	2025	2128	2014	2002	1978	2017	2073	1991	2018	2035	2016
304998	62	126	14	78	142	30	94	158	46	110	174	2029	2023	2185	2027	2010	1898	2025	2063	1912	2018	2025	1972
304998	62	126	14	78	142	30	94	158	46	110	174	2018	2026	2199	2034	2008	1893	2030	2061	1909	2021	2024	1960
304998	62	126	14	78	142	30	94	158	46	110	174	2021	2032	2152	2022	2003	1948	2027	2070	1967	2018	2021	1991
304998	62	126	14	78	142	30	94	158	46	110	174	2020	2026	2094	2017	1996	2026	2016	2078	2038	2018	2027	2043
304998	62	126	14	78	142	30	94	158	46	110	174	2024	2025	2070	2004	1993	2061	2009	2081	2073	2017	2029	2080
304998	62	126	14	78	142	30	94	158	46	110	174	2022	2020	2107	2005	2002	2020	2022	2080	2035	2022	2024	2053
304998	62	126	14	78	142	30	94	158	46	110	174	2020	2030	2165	2021	2007	1942	2019	2070	1961	2021	2021	1988
304998	62	126	14	78	142	30	94	158	46	110	174	2018	2032	2200	2029	2013	1885	2024	2072	1910	2021	2025	1948
304998	62	126	14	78	142	30	94	158	46	110	174	2020	2036	2172	2030	2004	1907	2034	2066	1921	2020	2033	1968
304998	62	126	14	78	142	30	94	158	46	110	174	2023	2024	2123	2017	2004	1982	2029	2075	1995	2022	2022	2024
304998	62	126	14	78	142	30	94	158	46	110	174	2019	2023	2085	2005	1996	2058	2008	2072	2073	2022	2019	2073
304998	62	126	14	78	142	30	94	158	46	110	174	2023	2027	2091	2003	1997	2056	2006	2083	2072	2020	2022	2064
304998	62	126	14	78	142	30	94	158	46	110	174	2018	2026	2142	2011	1995	1986	2012	2078	2002	2020	2028	2022
304998	62	126	14	78	142	30	94	158	46	110	174	2023	2037	2173	2024	2003	1907	2026	2071	1925	2021	2028	1974
304998	62	126	14	78	142	30	94	158	46	110	174	2025	2031	2186	2032	2005	1888	2035	2063	1902	2022	2025	1956
304998	62	126	14	78	142	30	94	158	46	110	174	2021	2026	2158	2023	2007	1936	2026	2070	1955	2021	2021	1985
304998	62	126	14	78	142	30	94	158	46	110	174	2023	2026	2109	2013	2006	2020	2017	2081	2031	2017	2030	2037
304998	62	126	14	78	142	30	94	158	46	110	174	2017	2024	2082	2003	1992	2066	2005	2079	2077	2022	2029	2075
304998	62	126	14	78	142	30	94	158	46	110	174	2026	2033	2095	2009	1996	2026	2024	2079	2042	2016	2026	2056
304998	62	126	14	78	142	30	94	158	46	110	174	2021	2022	2152	2024	2001	1944	2015	2070	1973	2021	2022	1996
304998	62	126	14	78	142	30	94	158	46	110	174	2018	2024	2188	2025	2010	1887	2016	2067	1909	2019	2021	1950
304998	62	126	14	78	142	30	94	158	46	110	174	2021	2025	2187	2028	2008	1902	2032	2067	1919	2022	2031	1966
304998	62	126	14	78	142	30	94	158	46	110	174	2015	2028	2151	2018	1996	1974	2016	2068	1984	2020	2027	2017
304998	62	126	14	78	142	30	94	158	46	110	174	2027	2031	2086	2008	1998	2044	2015	2076	2061	2018	2023	2064
304998	62	126	14	78	142	30	94	158	46	110	174	2024	2025	2072	2006	1999	2060	2015	2087	2084	2016	2018	2068
304998	62	126	14	78	142	30	94	158	46	110	174	2025	2027	2118	2011	1999	1993	2018	2078	2014	2021	2028	2027
304998	62	126	14	78	142	30	94	158	46	110	174	2024	2026	2177	2019	2006	1913	2020	2074	1931	2016	2033	1981
304998	62	126	14	78	142	30	94	158	46	110	174	2018	2031	2205	2027	2008	1880	2022	2063	1905	2018	2024	1958
304998	62	126	14	78	142	30	94	158	46	110	174	2019	2034	2166	2026	2011	1920	2023	2066	1953	2021	2025	1984
304998	62	126	14	78	142	30	94	158	46	110	174	2025	2027	2104	2015	1997	2016	2016	2079	2026	2020	2025	2034
304998	62	126	14	78	142	30	94	158	46	110	174	2027	2026	2071	2008	2003	2066	2004	2079	2076	2018	2027	2073
304998	62	126	14	78	142	30	94	158	46	110	174	2026	2024	2095	2011	1997	2046	2026	2082	2051	2022	2023	2065
304998	62	126	14	78	142	30	94	158	46	110	174	2021	2025	2152	2017	1996	1957	2026	2073	1972	2022	2024	2006
304998	62	126	14	78	142	30	94	158	46	110	174	2015	2037	2192	2028	2004	1884	2018	2065	1911	2019	2023	1952
304998	62	126	14	78	142	30	94	158	46	110	174	2020	2035	2182	2029	2004	1892	2038	2072	1909	2021	2035	1955
304998	62	126	14	78	142	30	94	158	46	110	174	2021	2023	2140	2017	2005	1965	2025	2075	1979	2021	2027	2013
304998	62	126	14	78	142	30	94	158	46	110	174	2026	2023	2089	2010	2003	2046	2016	2078	2050	2022	2023	2060
304998	62	126	14	78	142	30	94	158	46	110	174	2017	2018	2082	2008	1990	2063	2005	2072	2084	2017	2020	2070
304998	62	126	14	78	142	30	94	158	46	110	174	2019	2033	2118	2012	1999	2000	2009	2078	2025	2019	2023	2029
304998	62	126	14	78	142	30	94	158	46	110	174	2019	2031	2167	2020	1995	1930	2013	2066	1938	2022	2029	1980
304998	62	126	14	78	142	30	94	158	46	110	174	2017	2023	2194	2029	2004	1885	2018	2068	1900	2018	2030	1957
304998	62	126	14	78	142	30	94	158	46	110	174	2020	2023	2170	2024	2003	1921	2021	2059	1934	2017	2027	1978
304998	62	126	14	78	142	30	94	158	46	110	174	2018	2023	2120	2019	1986	2001	2009	2074	2020	2020	2020	2026
304998	62	126	14	78	142	30	94	158	46	110	174	2027	2027	2084	2007	1994	2057	2012	2084	2073	2021	2028	2074
304998	62	126	14	78	142	30	94	158	46	110	174	2024	2027	2085	2010	1990	2050	2014	2080	2060	2016	2030	2065
304998	62	126	14	78	142	30	94	158	46	110	174	2023	2024	2130	2019	1990	1977	2017	2072	1983	2017	2024	2019
304998	62	126	14	78	142	30	94	158	46	110	174	2019	2027	2182	2022	2004	1893	2014	2065	1916	2023	2022	1965
304998	62	126	14	78	142	30	94	158	46	110	174	2016	2023	2199	2028	2005	1887	2019	2074	1912	2016	2028	1948
304998	62	126	14	78	142	30	94	158	46	110	174	2015	2025	2152	2022	1999	1949	2018	2070	1972	2021	2028	1996
304998	62	126	14	78	142	30	94	158	46	110	174	2020	2029	2090	2011	2003	2040	2016	2078	2052	2021	2027	2062
304998	62	126	14	78	142	30	94	158	46	110	174	2024	2026	2065	2007	1992	2066	2021	2073	2084	2019	2020	2077
304998	62	126	14	78	142	30	94	158	46	110	174	2023	2020	2107	2008	1996	2019	2013	2079	2037	2022	2019	2035
304998	62	126	14	78	142	30	94	158	46	110	174	2021	2025	2169	2019	2001	1925	2013	2074	1949	2018	2034	1983
304998	62	126	14	78	142	30	94	158	46	110	174	2015	2023	2208	2032	2001	1882	2017	2065	1896	2020	2030	1955
304998	62	126	14	78	142	30	94	158	46	110	174	2018	2032	2179	2027	2007	1903	2018	2065	1923	2017	2029	1976
304998	62	126	14	78	142	30	94	158	46	110	174	2022	2031	2122	2022	2003	1993	2016	2072	2010	2018	2022	2026
304998	62	126	14	78	142	30	94	158	46	110	174	2023	2023	2077	2017	1990	2060	2013	2081	2073	2019	2022	2063
304998	62	126	14	78	142	30	94	158	46	110	174	2020	2020	2083	2012	1991	2059	2009	2078	2072	2016	2029	2068
304998	62	126	14	78	142	30	94	158	46	110	174	2019	2024	2138	2016	1999	1979	2017	2072	1996	2017	2026	2023
304998	62	126	14	78	142	30	94	158	46	110	174	2018	2030	2187	2022	2007	1896	2019	2062	1921	2022	2030	1964
304998	62	126	14	78	142	30	94	158	46	110	174	2017	2033	2189	2027	2011	1888	2012	2066	1908	2021	2023	1953
304998	62	126	14	78	142	30	94	158	46	110	174	2021	2023	2148	2030	1996	1947	2022	2074	1956	2020	2029	1986
304998	62	126	14	78	142	30	94	158	46	110	174	2023	2021	2098	2017	1997	2028	2030	2078	2039	2022	2030	2051
304998	62	126	14	78	142	30	94	158	46	110	174	2024	2026	2079	2013	1992	2069	2020	2081	2080	2017	2025	2086
304998	62	126	14	78	142	30	94	158	46	110	174	2026	2025	2101	2014	1998	2033	2027	2079	2048	2022	2019	2048
304998	62	126	14	78	142	30	94	158	46	110	174	2018	2029	2148	2017	2006	1941	2013	2074	1963	2017	2023	1988
