304998	62	126	14	78	142	30	94	158	46	110	174	2018	2023	2120	2019	1986	2001	2009	2074	2020	2020	2020	2026
304998	62	126	14	78	142	30	94	158	46	110	174	2027	2027	2084	2007	1994	2057	2012	2084	2073	2021	2028	2074
304998	62	126	14	78	142	30	94	158	46	110	174	2024	2027	2085	2010	1990	2050	2014	2080	2060	2016	2030	2065
304998	62	126	14	78	142	30	94	158	46	110	174	2023	2024	2130	2019	1990	1977	2017	2072	1983	2017	2024	2019
304998	62	126	14	78	142	30	94	158	46	110	174	2019	2027	2182	2022	2004	1893	2014	2065	1916	2023	2022	1965
304998	62	126	14	78	142	30	94	158	46	110	174	2016	2023	2199	2028	2005	1887	2019	2074	1912	2016	2028	1948
304998	62	126	14	78	142	30	94	158	46	110	174	2015	2025	2152	2022	1999	1949	2018	2070	1972	2021	2028	1996
304998	62	126	14	78	142	30	94	158	46	110	174	2020	2029	2090	2011	2003	2040	2016	2078	2052	2021	2027	2062
304998	62	126	14	78	142	30	94	158	46	110	174	2024	2026	2065	2007	1992	2066	2021	2073	2084	2019	2020	2077
304998	62	126	14	78	142	30	94	158	46	110	174	2023	2020	2107	2008	1996	2019	2013	2079	2037	2022	2019	2035
304998	62	126	14	78	142	30	94	158	46	110	174	2021	2025	2169	2019	2001	1925	2013	2074	1949	2018	2034	1983
304998	62	126	14	78	142	30	94	158	46	110	174	2015	2023	2208	2032	2001	1882	2017	2065	1896	2020	2030	1955
304998	62	126	14	78	142	30	94	158	46	110	174	2018	2032	2179	2027	2007	1903	2018	2065	1923	2017	2029	1976
304998	62	126	14	78	142	30	94	158	46	110	174	2022	2031	2122	2022	2003	1993	2016	2072	2010	2018	2022	2026
304998	62	126	14	78	142	30	94	158	46	110	174	2023	2023	2077	2017	1990	2060	2013	2081	2073	2019	2022	2063
304998	62	126	14	78	142	30	94	158	46	110	174	2020	2020	2083	2012	1991	2059	2009	2078	2072	2016	2029	2068
304998	62	126	14	78	142	30	94	158	46	110	174	2019	2024	2138	2016	1999	1979	2017	2072	1996	2017	2026	2023
304998	62	126	14	78	142	30	94	158	46	110	174	2018	2030	2187	2022	2007	1896	2019	2062	1921	2022	2030	1964
304998	62	126	14	78	142	30	94	158	46	110	174	2017	2033	2189	2027	2011	1888	2012	2066	1908	2021	2023	1953
304998	62	126	14	78	142	30	94	158	46	110	174	2021	2023	2148	2030	1996	1947	2022	2074	1956	2020	2029	1986
304998	62	126	14	78	142	30	94	158	46	110	174	2023	2021	2098	2017	1997	2028	2030	2078	2039	2022	2030	2051
304998	62	126	14	78	142	30	94	158	46	110	174	2024	2026	2079	2013	1992	2069	2020	2081	2080	2017	2025	2086
304998	62	126	14	78	142	30	94	158	46	110	174	2026	2025	2101	2014	1998	2033	2027	2079	2048	2022	2019	2048
304998	62	126	14	78	142	30	94	158	46	110	174	2018	2029	2148	2017	2006	1941	2013	2074	1963	2017	2023	1988
304998	62	126	14	78	142	30	94	158	46	110	174	2021	2024	2190	2026	2005	1881	2018	2067	1898	2021	2034	1952
304998	62	126	14	78	142	30	94	158	46	110	174	2016	2022	2191	2023	2006	1894	2017	2070	1915	2020	2033	1970
304998	62	126	14	78	142	30	94	158	46	110	174	2023	2029	2137	2018	2002	1979	2028	2071	1998	2020	2026	2028
304998	62	126	14	78	142	30	94	158	46	110	174	2018	2026	2089	2013	1992	2059	2009	2072	2076	2021	2017	2065
304998	62	126	14	78	142	30	94	158	46	110	174	2025	2025	2079	2010	2001	2062	2015	2077	2074	2017	2024	2064
304998	62	126	14	78	142	30	94	158	46	110	174	2020	2023	2126	2013	1995	1994	2012	2073	2007	2017	2029	2028
304998	62	126	14	78	142	30	94	158	46	110	174	2023	2026	2172	2021	2005	1899	2021	2074	1921	2022	2029	1978
304998	62	126	14	78	142	30	94	158	46	110	174	2017	2026	2199	2026	2005	1878	2030	2065	1902	2022	2027	1958
304998	62	126	14	78	142	30	94	158	46	110	174	2018	2033	2166	2022	1996	1930	2012	2072	1953	2016	2026	1979
304998	62	126	14	78	142	30	94	158	46	110	174	2023	2031	2102	2011	2004	2021	2018	2077	2031	2016	2030	2040
304998	62	126	14	78	142	30	94	158	46	110	174	2023	2024	2071	2015	1990	2071	2011	2075	2081	2018	2025	2083
304998	62	126	14	78	142	30	94	158	46	110	174	2025	2020	2091	2011	2003	2037	2010	2066	2054	2020	2020	2060
304998	62	126	14	78	142	30	94	158	46	110	174	2020	2018	2152	2016	2005	1952	2016	2071	1975	2020	2021	1997
304998	62	126	14	78	142	30	94	158	46	110	174	2012	2033	2197	2028	1998	1889	2007	2068	1904	2016	2031	1951
304998	62	126	14	78	142	30	94	158	46	110	174	2018	2034	2189	2025	2003	1890	2015	2064	1911	2021	2041	1964
304998	62	126	14	78	142	30	94	158	46	110	174	2021	2027	2132	2022	1999	1972	2017	2071	1984	2021	2028	2014
304998	62	126	14	78	142	30	94	158	46	110	174	2022	2019	2083	2015	2003	2051	2012	2074	2075	2018	2020	2070
304998	62	126	14	78	142	30	94	158	46	110	174	2021	2019	2078	2009	2004	2069	2010	2073	2082	2016	2022	2069
304998	62	126	14	78	142	30	94	158	46	110	174	2018	2029	2121	2013	1998	2009	2020	2079	2014	2016	2031	2029
304998	62	126	14	78	142	30	94	158	46	110	174	2017	2028	2175	2022	1995	1913	2022	2070	1927	2022	2034	1980
304998	62	126	14	78	142	30	94	158	46	110	174	2015	2029	2187	2027	2002	1875	2014	2063	1895	2018	2029	1953
304998	62	126	14	78	142	30	94	158	46	110	174	2017	2029	2167	2030	1992	1922	2010	2065	1944	2018	2028	1978
304998	62	126	14	78	142	30	94	158	46	110	174	2016	2022	2115	2018	2003	2011	2012	2075	2024	2019	2028	2032
304998	62	126	14	78	142	30	94	158	46	110	174	2026	2020	2087	2014	1990	2080	2012	2076	2077	2021	2029	2078
304998	62	126	14	78	142	30	94	158	46	110	174	2020	2018	2098	2012	1998	2047	2016	2074	2061	2016	2023	2069
304998	62	126	14	78	142	30	94	158	46	110	174	2017	2025	2143	2019	1997	1965	2010	2068	1986	2019	2023	2008
304998	62	126	14	78	142	30	94	158	46	110	174	2017	2019	2186	2029	1988	1886	2005	2074	1912	2021	2028	1955
304998	62	126	14	78	142	30	94	158	46	110	174	2011	2024	2192	2029	2002	1888	2009	2066	1904	2020	2035	1952
304998	62	126	14	78	142	30	94	158	46	110	174	2017	2026	2152	2023	1993	1965	2014	2069	1973	2016	2037	2007
304998	62	126	14	78	142	30	94	158	46	110	174	2020	2025	2095	2011	1998	2044	2015	2067	2056	2019	2025	2069
304998	62	126	14	78	142	30	94	158	46	110	174	2021	2027	2075	2008	2005	2069	2018	2070	2089	2020	2021	2077
304998	62	126	14	78	142	30	94	158	46	110	174	2024	2023	2102	2022	1988	2021	2015	2081	2034	2017	2022	2038
304998	62	126	14	78	142	30	94	158	46	110	174	2017	2019	2174	2020	2000	1926	2016	2070	1940	2016	2037	1982
304998	62	126	14	78	142	30	94	158	46	110	174	2015	2028	2202	2024	1991	1873	2017	2072	1891	2018	2036	1956
304998	62	126	14	78	142	30	94	158	46	110	174	2011	2027	2182	2034	1979	1916	2011	2068	1930	2022	2030	1979
304998	62	126	14	78	142	30	94	158	46	110	174	2018	2028	2110	2016	2000	2000	2010	2072	2019	2020	2023	2025
304998	62	126	14	78	142	30	94	158	46	110	174	2030	2024	2068	2008	1996	2069	2020	2076	2078	2020	2023	2069
304998	62	126	14	78	142	30	94	158	46	110	174	2028	2017	2086	2008	2007	2055	2021	2074	2071	2021	2029	2069
304998	62	126	14	78	142	30	94	158	46	110	174	2022	2021	2137	2015	1998	1972	2019	2067	1987	2021	2030	2019
304998	62	126	14	78	142	30	94	158	46	110	174	2017	2028	2190	2023	1992	1889	2007	2065	1918	2016	2030	1963
304998	62	126	14	78	142	30	94	158	46	110	174	2005	2036	2186	2025	1998	1878	2008	2071	1903	2018	2029	1950
304998	62	126	14	78	142	30	94	158	46	110	174	2017	2025	2150	2023	1996	1951	2007	2070	1963	2017	2033	1997
304998	62	126	14	78	142	30	94	158	46	110	174	2021	2018	2098	2016	1998	2044	2024	2072	2048	2017	2030	2058
304998	62	126	14	78	142	30	94	158	46	110	174	2024	2021	2076	2011	2006	2068	2030	2072	2086	2022	2021	2083
304998	62	126	14	78	142	30	94	158	46	110	174	2018	2021	2110	2018	2003	2018	2012	2075	2047	2020	2020	2051
304998	62	126	14	78	142	30	94	158	46	110	174	2015	2034	2153	2018	1997	1932	2018	2073	1956	2021	2029	1981
304998	62	126	14	78	142	30	94	158	46	110	174	2013	2026	2192	2020	1998	1880	2004	2070	1898	2017	2042	1957
304998	62	126	14	78	142	30	94	158	46	110	174	2013	2028	2179	2025	1993	1904	2005	2074	1920	2019	2041	1974
304998	62	126	14	78	142	30	94	158	46	110	174	2017	2021	2133	2017	2003	1985	2014	2067	2008	2017	2028	2025
304998	62	126	14	78	142	30	94	158	46	110	174	2017	2021	2087	2016	2003	2063	2015	2075	2079	2018	2016	2067
304998	62	126	14	78	142	30	94	158	46	110	174	2023	2026	2083	2012	2006	2062	2026	2073	2076	2019	2025	2065
304998	62	126	14	78	142	30	94	158	46	110	174	2024	2028	2125	2018	2002	1988	2016	2071	1999	2017	2029	2019
304998	62	126	14	78	142	30	94	158	46	110	174	2015	2027	2180	2017	1992	1900	2013	2073	1919	2020	2034	1975
304998	62	126	14	78	142	30	94	158	46	110	174	2009	2026	2198	2020	1998	1871	2007	2069	1903	2021	2033	1956
304998	62	126	14	78	142	30	94	158	46	110	174	2014	2029	2162	2022	1995	1938	2006	2081	1954	2020	2032	1979
304998	62	126	14	78	142	30	94	158	46	110	174	2017	2028	2111	2016	2003	2026	2019	2074	2041	2021	2029	2052
304998	62	126	14	78	142	30	94	158	46	110	174	2025	2023	2067	2015	2005	2077	2020	2072	2084	2020	2024	2081
304998	62	126	14	78	142	30	94	158	46	110	174	2030	2018	2090	2015	2002	2030	2028	2070	2051	2020	2021	2057
304998	62	126	14	78	142	30	94	158	46	110	174	2012	2021	2157	2017	1999	1946	2005	2069	1963	2018	2028	1993
304998	62	126	14	78	142	30	94	158	46	110	174	2011	2032	2199	2019	1995	1879	2009	2084	1902	2018	2038	1949
304998	62	126	14	78	142	30	94	158	46	110	174	2008	2030	2187	2022	1992	1893	2007	2071	1913	2018	2043	1968
304998	62	126	14	78	142	30	94	158	46	110	174	2018	2025	2123	2015	2000	1979	2016	2073	1990	2021	2026	2024
304998	62	126	14	78	142	30	94	158	46	110	174	2025	2017	2084	2016	2006	2058	2015	2067	2074	2018	2018	2069
304998	62	126	14	78	142	30	94	158	46	110	174	2019	2015	2078	2018	2006	2063	2017	2073	2082	2022	2021	2064
304998	62	126	14	78	142	30	94	158	46	110	174	2021	2020	2126	2016	2002	1996	2017	2072	2015	2017	2029	2031
304998	62	126	14	78	142	30	94	158	46	110	174	2014	2031	2182	2017	1995	1905	2009	2076	1924	2017	2036	1980
304998	62	126	14	78	142	30	94	158	46	110	174	2012	2033	2189	2015	1988	1877	2005	2080	1896	2020	2037	1957
304998	62	126	14	78	142	30	94	158	46	110	174	2017	2026	2165	2016	1993	1924	2017	2074	1954	2022	2028	1977
304998	62	126	14	78	142	30	94	158	46	110	174	2020	2021	2110	2017	2006	2014	2011	2077	2030	2022	2031	2044
304998	62	126	14	78	142	30	94	158	46	110	174	2019	2021	2081	2023	2010	2075	2022	2067	2086	2017	2020	2086
304998	62	126	14	78	142	30	94	158	46	110	174	2027	2029	2096	2016	2010	2043	2023	2066	2054	2016	2020	2062
304998	62	126	14	78	142	30	94	158	46	110	174	2022	2026	2138	2015	1998	1955	2015	2074	1978	2018	2024	2004
304998	62	126	14	78	142	30	94	158	46	110	174	2008	2024	2188	2015	1989	1881	2001	2077	1909	2021	2039	1958
304998	62	126	14	78	142	30	94	158	46	110	174	2009	2033	2194	2016	1989	1885	1998	2079	1907	2020	2042	1960
304998	62	126	14	78	142	30	94	158	46	110	174	2015	2026	2147	2022	1995	1970	2009	2077	1985	2020	2029	2013
304998	62	126	14	78	142	30	94	158	46	110	174	2019	2024	2088	2017	2008	2051	2022	2070	2058	2017	2018	2067
304998	62	126	14	78	142	30	94	158	46	110	174	2027	2022	2068	2014	2014	2074	2033	2064	2087	2018	2018	2076
304998	62	126	14	78	142	30	94	158	46	110	174	2024	2018	2113	2017	2001	2007	2022	2069	2027	2017	2029	2032
304998	62	126	14	78	142	30	94	158	46	110	174	2018	2024	2169	2017	1997	1915	2012	2085	1935	2017	2037	1982
304998	62	126	14	78	142	30	94	158	46	110	174	2004	2030	2205	2016	1986	1876	1996	2079	1891	2017	2033	1954
304998	62	126	14	78	142	30	94	158	46	110	174	2004	2038	2170	2018	1986	1917	2002	2074	1935	2021	2029	1972
304998	62	126	14	78	142	30	94	158	46	110	174	2022	2027	2110	2011	1999	2008	2015	2071	2030	2021	2030	2033
304998	62	126	14	78	142	30	94	158	46	110	174	2027	2015	2077	2016	2009	2066	2018	2072	2082	2022	2025	2077
304998	62	126	14	78	142	30	94	158	46	110	174	2024	2019	2086	2018	2013	2048	2026	2073	2066	2017	2019	2076
304998	62	126	14	78	142	30	94	158	46	110	174	2018	2026	2142	2015	2000	1971	2017	2073	1984	2020	2023	2016
304998	62	126	14	78	142	30	94	158	46	110	174	2009	2039	2182	2016	1988	1887	1998	2073	1914	2020	2037	1956
304998	62	126	14	78	142	30	94	158	46	110	174	2013	2030	2193	2008	1978	1886	2017	2082	1912	2021	2042	1954
304998	62	126	14	78	142	30	94	158	46	110	174	2009	2019	2153	2018	1993	1953	2002	2077	1971	2019	2034	2008
304998	62	126	14	78	142	30	94	158	46	110	174	2024	2023	2093	2018	2006	2034	2032	2078	2055	2021	2021	2065
304998	62	126	14	78	142	30	94	158	46	110	174	2025	2019	2083	2020	2013	2078	2024	2059	2084	2019	2017	2069
304998	62	126	14	78	142	30	94	158	46	110	174	2025	2028	2102	2018	2006	2018	2020	2070	2041	2016	2029	2042
304998	62	126	14	78	142	30	94	158	46	110	174	2017	2031	2156	2012	1989	1931	2011	2079	1952	2017	2034	1990
304998	62	126	14	78	142	30	94	158	46	110	174	2010	2032	2192	2014	1981	1873	2000	2085	1898	2016	2035	1959
304998	62	126	14	78	142	30	94	158	46	110	174	2011	2034	2177	2011	1991	1906	2019	2085	1925	2022	2032	1965
304998	62	126	14	78	142	30	94	158	46	110	174	2018	2028	2122	2018	2002	1996	2020	2072	2012	2021	2030	2021
304998	62	126	14	78	142	30	94	158	46	110	174	2026	2028	2070	2024	2008	2071	2029	2064	2087	2022	2023	2077
304998	62	126	14	78	142	30	94	158	46	110	174	2032	2021	2073	2018	2008	2063	2034	2069	2070	2017	2019	2074
304998	62	126	14	78	142	30	94	158	46	110	174	2021	2017	2131	2018	1996	1981	2014	2073	1995	2017	2024	2022
304998	62	126	14	78	142	30	94	158	46	110	174	2013	2030	2190	2014	1988	1893	2015	2085	1914	2021	2035	1957
304998	62	126	14	78	142	30	94	158	46	110	174	2004	2036	2196	2009	1989	1878	1997	2080	1906	2020	2043	1953
304998	62	126	14	78	142	30	94	158	46	110	174	2013	2036	2149	2014	1987	1945	2006	2079	1967	2018	2034	1999
304998	62	126	14	78	142	30	94	158	46	110	174	2027	2027	2090	2016	2007	2032	2020	2074	2047	2022	2022	2055
304998	62	126	14	78	142	30	94	158	46	110	174	2025	2015	2075	2026	2005	2076	2027	2063	2084	2017	2017	2073
304998	62	126	14	78	142	30	94	158	46	110	174	2026	2021	2104	2020	2012	2024	2030	2066	2041	2021	2029	2048
304998	62	126	14	78	142	30	94	158	46	110	174	2017	2034	2161	2013	1996	1942	2013	2075	1963	2020	2033	1998
304998	62	126	14	78	142	30	94	158	46	110	174	2010	2046	2194	2008	1988	1883	2004	2093	1900	2019	2036	1955
304998	62	126	14	78	142	30	94	158	46	110	174	2009	2034	2178	2008	1983	1905	1999	2086	1917	2020	2032	1962
304998	62	126	14	78	142	30	94	158	46	110	174	2018	2023	2124	2015	1992	1980	2009	2075	1998	2016	2029	2016
304998	62	126	14	78	142	30	94	158	46	110	174	2024	2020	2083	2022	2016	2053	2025	2062	2075	2017	2024	2076
304998	62	126	14	78	142	30	94	158	46	110	174	2025	2023	2082	2022	2018	2069	2029	2065	2083	2021	2020	2074
304998	62	126	14	78	142	30	94	158	46	110	174	2020	2027	2123	2016	2005	1987	2018	2069	2010	2017	2020	2024
304998	62	126	14	78	142	30	94	158	46	110	174	2018	2036	2168	2008	1991	1906	2009	2082	1920	2021	2034	1963
304998	62	126	14	78	142	30	94	158	46	110	174	2007	2033	2192	2008	1979	1875	1999	2085	1892	2016	2044	1955
304998	62	126	14	78	142	30	94	158	46	110	174	2014	2032	2164	2011	1994	1931	2009	2078	1955	2020	2034	1992
304998	62	126	14	78	142	30	94	158	46	110	174	2020	2023	2114	2020	2004	2025	2013	2073	2042	2017	2022	2048
304998	62	126	14	78	142	30	94	158	46	110	174	2026	2026	2067	2024	2010	2074	2027	2063	2086	2017	2016	2077
304998	62	126	14	78	142	30	94	158	46	110	174	2032	2027	2083	2020	2013	2037	2029	2074	2050	2022	2024	2061
304998	62	126	14	78	142	30	94	158	46	110	174	2018	2026	2151	2015	1997	1947	2013	2070	1971	2018	2029	2004
304998	62	126	14	78	142	30	94	158	46	110	174	2015	2038	2193	2006	1987	1881	1998	2086	1909	2018	2034	1956
304998	62	126	14	78	142	30	94	158	46	110	174	2008	2040	2196	2007	1980	1897	2000	2086	1914	2017	2032	1956
304998	62	126	14	78	142	30	94	158	46	110	174	2017	2037	2128	2009	2001	1973	2021	2077	1987	2017	2032	2009
304998	62	126	14	78	142	30	94	158	46	110	174	2031	2025	2078	2020	2010	2055	2024	2066	2063	2020	2023	2065
304998	62	126	14	78	142	30	94	158	46	110	174	2022	2016	2073	2025	2010	2068	2023	2062	2085	2021	2018	2076
304998	62	126	14	78	142	30	94	158	46	110	174	2027	2024	2116	2016	2008	1999	2021	2072	2019	2020	2020	2033
304998	62	126	14	78	142	30	94	158	46	110	174	2013	2030	2181	2015	1986	1921	2006	2083	1937	2016	2031	1967
304998	62	126	14	78	142	30	94	158	46	110	174	2009	2045	2194	2006	1989	1876	2010	2086	1899	2023	2043	1951
304998	62	126	14	78	142	30	94	158	46	110	174	2017	2036	2157	2010	1987	1927	2011	2084	1935	2017	2035	1984
304998	62	126	14	78	142	30	94	158	46	110	174	2023	2021	2107	2019	2000	2013	2019	2069	2030	2016	2023	2038
304998	62	126	14	78	142	30	94	158	46	110	174	2032	2016	2075	2024	2018	2066	2032	2070	2087	2020	2018	2071
304998	62	126	14	78	142	30	94	158	46	110	174	2025	2024	2096	2025	2012	2047	2027	2063	2060	2017	2025	2063
304998	62	126	14	78	142	30	94	158	46	110	174	2021	2034	2143	2020	2006	1963	2022	2074	1974	2021	2029	2014
304998	62	126	14	78	142	30	94	158	46	110	174	2016	2040	2185	2006	1986	1891	2004	2079	1912	2020	2032	1958
304998	62	126	14	78	142	30	94	158	46	110	174	2010	2036	2188	2008	1986	1888	1996	2084	1911	2020	2031	1952
304998	62	126	14	78	142	30	94	158	46	110	174	2019	2027	2144	2013	1994	1954	2013	2083	1974	2018	2035	2004
304998	62	126	14	78	142	30	94	158	46	110	174	2028	2019	2091	2019	2015	2041	2024	2073	2060	2021	2027	2068
304998	62	126	14	78	142	30	94	158	46	110	174	2025	2023	2075	2027	2012	2069	2028	2062	2081	2022	2015	2078
