304998	62	126	14	78	142	30	94	158	46	110	174	2017	2034	2161	2013	1996	1942	2013	2075	1963	2020	2033	1998
304998	62	126	14	78	142	30	94	158	46	110	174	2010	2046	2194	2008	1988	1883	2004	2093	1900	2019	2036	1955
304998	62	126	14	78	142	30	94	158	46	110	174	2009	2034	2178	2008	1983	1905	1999	2086	1917	2020	2032	1962
304998	62	126	14	78	142	30	94	158	46	110	174	2018	2023	2124	2015	1992	1980	2009	2075	1998	2016	2029	2016
304998	62	126	14	78	142	30	94	158	46	110	174	2024	2020	2083	2022	2016	2053	2025	2062	2075	2017	2024	2076
304998	62	126	14	78	142	30	94	158	46	110	174	2025	2023	2082	2022	2018	2069	2029	2065	2083	2021	2020	2074
304998	62	126	14	78	142	30	94	158	46	110	174	2020	2027	2123	2016	2005	1987	2018	2069	2010	2017	2020	2024
304998	62	126	14	78	142	30	94	158	46	110	174	2018	2036	2168	2008	1991	1906	2009	2082	1920	2021	2034	1963
304998	62	126	14	78	142	30	94	158	46	110	174	2007	2033	2192	2008	1979	1875	1999	2085	1892	2016	2044	1955
304998	62	126	14	78	142	30	94	158	46	110	174	2014	2032	2164	2011	1994	1931	2009	2078	1955	2020	2034	1992
304998	62	126	14	78	142	30	94	158	46	110	174	2020	2023	2114	2020	2004	2025	2013	2073	2042	2017	2022	2048
304998	62	126	14	78	142	30	94	158	46	110	174	2026	2026	2067	2024	2010	2074	2027	2063	2086	2017	2016	2077
304998	62	126	14	78	142	30	94	158	46	110	174	2032	2027	2083	2020	2013	2037	2029	2074	2050	2022	2024	2061
304998	62	126	14	78	142	30	94	158	46	110	174	2018	2026	2151	2015	1997	1947	2013	2070	1971	2018	2029	2004
304998	62	126	14	78	142	30	94	158	46	110	174	2015	2038	2193	2006	1987	1881	1998	2086	1909	2018	2034	1956
304998	62	126	14	78	142	30	94	158	46	110	174	2008	2040	2196	2007	1980	1897	2000	2086	1914	2017	2032	1956
304998	62	126	14	78	142	30	94	158	46	110	174	2017	2037	2128	2009	2001	1973	2021	2077	1987	2017	2032	2009
304998	62	126	14	78	142	30	94	158	46	110	174	2031	2025	2078	2020	2010	2055	2024	2066	2063	2020	2023	2065
304998	62	126	14	78	142	30	94	158	46	110	174	2022	2016	2073	2025	2010	2068	2023	2062	2085	2021	2018	2076
304998	62	126	14	78	142	30	94	158	46	110	174	2027	2024	2116	2016	2008	1999	2021	2072	2019	2020	2020	2033
304998	62	126	14	78	142	30	94	158	46	110	174	2013	2030	2181	2015	1986	1921	2006	2083	1937	2016	2031	1967
304998	62	126	14	78	142	30	94	158	46	110	174	2009	2045	2194	2006	1989	1876	2010	2086	1899	2023	2043	1951
304998	62	126	14	78	142	30	94	158	46	110	174	2017	2036	2157	2010	1987	1927	2011	2084	1935	2017	2035	1984
304998	62	126	14	78	142	30	94	158	46	110	174	2023	2021	2107	2019	2000	2013	2019	2069	2030	2016	2023	2038
304998	62	126	14	78	142	30	94	158	46	110	174	2032	2016	2075	2024	2018	2066	2032	2070	2087	2020	2018	2071
304998	62	126	14	78	142	30	94	158	46	110	174	2025	2024	2096	2025	2012	2047	2027	2063	2060	2017	2025	2063
304998	62	126	14	78	142	30	94	158	46	110	174	2021	2034	2143	2020	2006	1963	2022	2074	1974	2021	2029	2014
304998	62	126	14	78	142	30	94	158	46	110	174	2016	2040	2185	2006	1986	1891	2004	2079	1912	2020	2032	1958
304998	62	126	14	78	142	30	94	158	46	110	174	2010	2036	2188	2008	1986	1888	1996	2084	1911	2020	2031	1952
304998	62	126	14	78	142	30	94	158	46	110	174	2019	2027	2144	2013	1994	1954	2013	2083	1974	2018	2035	2004
304998	62	126	14	78	142	30	94	158	46	110	174	2028	2019	2091	2019	2015	2041	2024	2073	2060	2021	2027	2068
304998	62	126	14	78	142	30	94	158	46	110	174	2025	2023	2075	2027	2012	2069	2028	2062	2081	2022	2015	2078
304998	62	126	14	78	142	30	94	158	46	110	174	2031	2025	2104	2021	2007	2015	2019	2066	2031	2019	2020	2036
304998	62	126	14	78	142	30	94	158	46	110	174	2018	2033	2161	2016	1987	1925	2009	2081	1947	2022	2031	1978
304998	62	126	14	78	142	30	94	158	46	110	174	2009	2039	2196	2008	1988	1870	2010	2090	1898	2017	2039	1949
304998	62	126	14	78	142	30	94	158	46	110	174	2012	2033	2178	2004	1993	1912	2012	2087	1930	2017	2034	1980
304998	62	126	14	78	142	30	94	158	46	110	174	2018	2028	2120	2021	2008	2001	2019	2074	2017	2016	2022	2036
304998	62	126	14	78	142	30	94	158	46	110	174	2030	2028	2070	2023	2018	2064	2046	2067	2085	2018	2016	2069
304998	62	126	14	78	142	30	94	158	46	110	174	2028	2016	2079	2030	2008	2055	2028	2065	2064	2017	2022	2067
304998	62	126	14	78	142	30	94	158	46	110	174	2018	2019	2137	2019	2003	1965	2023	2071	1990	2018	2029	2016
304998	62	126	14	78	142	30	94	158	46	110	174	2013	2032	2196	2011	1993	1892	2012	2082	1909	2022	2028	1962
304998	62	126	14	78	142	30	94	158	46	110	174	2009	2038	2196	2008	1982	1888	1994	2083	1909	2019	2033	1949
304998	62	126	14	78	142	30	94	158	46	110	174	2015	2035	2144	2008	1997	1951	2012	2078	1976	2021	2032	1994
304998	62	126	14	78	142	30	94	158	46	110	174	2025	2021	2092	2024	2003	2041	2021	2063	2046	2021	2024	2061
304998	62	126	14	78	142	30	94	158	46	110	174	2033	2014	2073	2028	2017	2064	2032	2065	2080	2017	2017	2083
304998	62	126	14	78	142	30	94	158	46	110	174	2028	2017	2108	2025	2009	2025	2034	2063	2034	2017	2020	2048
304998	62	126	14	78	142	30	94	158	46	110	174	2021	2031	2166	2016	1989	1937	2014	2072	1954	2020	2028	1984
304998	62	126	14	78	142	30	94	158	46	110	174	2015	2039	2196	2005	1986	1881	2002	2092	1903	2022	2038	1951
304998	62	126	14	78	142	30	94	158	46	110	174	2017	2036	2171	2007	1983	1901	2008	2086	1924	2019	2034	1973
304998	62	126	14	78	142	30	94	158	46	110	174	2025	2023	2118	2016	1996	1984	2019	2072	1997	2022	2023	2028
304998	62	126	14	78	142	30	94	158	46	110	174	2027	2019	2079	2025	2010	2059	2026	2059	2074	2017	2018	2063
304998	62	126	14	78	142	30	94	158	46	110	174	2031	2018	2086	2028	2011	2059	2033	2064	2077	2019	2022	2068
304998	62	126	14	78	142	30	94	158	46	110	174	2023	2033	2130	2017	2003	1986	2025	2073	2001	2022	2029	2026
304998	62	126	14	78	142	30	94	158	46	110	174	2015	2034	2177	2013	1988	1900	2007	2078	1920	2019	2033	1966
304998	62	126	14	78	142	30	94	158	46	110	174	2009	2038	2190	2005	1986	1881	2003	2077	1902	2016	2029	1947
304998	62	126	14	78	142	30	94	158	46	110	174	2013	2028	2159	2009	1994	1937	2008	2077	1960	2021	2029	1984
304998	62	126	14	78	142	30	94	158	46	110	174	2023	2020	2109	2019	2007	2030	2017	2066	2046	2020	2027	2046
304998	62	126	14	78	142	30	94	158	46	110	174	2033	2020	2077	2024	2015	2070	2049	2066	2081	2022	2015	2083
304998	62	126	14	78	142	30	94	158	46	110	174	2026	2018	2100	2024	2018	2028	2027	2060	2041	2017	2016	2055
304998	62	126	14	78	142	30	94	158	46	110	174	2020	2029	2150	2015	2001	1940	2010	2066	1964	2018	2024	1990
304998	62	126	14	78	142	30	94	158	46	110	174	2015	2026	2196	2009	1989	1883	2002	2081	1909	2021	2037	1949
304998	62	126	14	78	142	30	94	158	46	110	174	2013	2034	2188	2010	1994	1894	2017	2091	1915	2021	2036	1971
304998	62	126	14	78	142	30	94	158	46	110	174	2020	2029	2139	2018	1989	1983	2024	2081	1985	2017	2020	2020
304998	62	126	14	78	142	30	94	158	46	110	174	2020	2021	2089	2024	2014	2050	2026	2058	2068	2017	2015	2065
304998	62	126	14	78	142	30	94	158	46	110	174	2035	2019	2071	2028	2006	2066	2035	2057	2081	2019	2015	2066
304998	62	126	14	78	142	30	94	158	46	110	174	2027	2020	2121	2022	2001	1996	2019	2069	2012	2018	2024	2029
304998	62	126	14	78	142	30	94	158	46	110	174	2020	2033	2176	2015	1998	1910	2021	2078	1927	2017	2029	1976
304998	62	126	14	78	142	30	94	158	46	110	174	2010	2035	2204	2012	1983	1887	2014	2084	1894	2022	2029	1948
304998	62	126	14	78	142	30	94	158	46	110	174	2009	2039	2165	2010	1993	1925	2004	2074	1951	2020	2029	1975
304998	62	126	14	78	142	30	94	158	46	110	174	2028	2031	2103	2019	2010	2016	2022	2074	2035	2017	2024	2038
304998	62	126	14	78	142	30	94	158	46	110	174	2031	2016	2075	2026	2014	2071	2027	2064	2078	2016	2019	2081
304998	62	126	14	78	142	30	94	158	46	110	174	2033	2017	2091	2026	2014	2035	2031	2063	2047	2020	2016	2060
304998	62	126	14	78	142	30	94	158	46	110	174	2027	2026	2152	2021	2001	1959	2023	2069	1970	2019	2021	1995
304998	62	126	14	78	142	30	94	158	46	110	174	2017	2038	2194	2015	1991	1884	2009	2081	1912	2020	2031	1955
304998	62	126	14	78	142	30	94	158	46	110	174	2017	2037	2185	2008	1995	1888	2005	2091	1911	2020	2038	1956
304998	62	126	14	78	142	30	94	158	46	110	174	2026	2030	2130	2020	1994	1977	2014	2073	1985	2019	2027	2011
304998	62	126	14	78	142	30	94	158	46	110	174	2031	2013	2088	2026	2013	2047	2035	2060	2055	2020	2015	2063
304998	62	126	14	78	142	30	94	158	46	110	174	2036	2013	2079	2024	2014	2065	2032	2057	2081	2016	2013	2069
304998	62	126	14	78	142	30	94	158	46	110	174	2028	2021	2122	2021	2007	2001	2025	2067	2021	2019	2024	2031
304998	62	126	14	78	142	30	94	158	46	110	174	2020	2038	2176	2016	1995	1913	2019	2077	1942	2018	2029	1984
304998	62	126	14	78	142	30	94	158	46	110	174	2016	2038	2191	2011	1984	1884	2005	2080	1893	2017	2029	1950
304998	62	126	14	78	142	30	94	158	46	110	174	2013	2026	2166	2016	1989	1916	2005	2075	1940	2020	2029	1978
304998	62	126	14	78	142	30	94	158	46	110	174	2025	2018	2118	2022	2000	2004	2025	2064	2028	2021	2021	2028
304998	62	126	14	78	142	30	94	158	46	110	174	2029	2015	2089	2030	2008	2063	2026	2057	2077	2020	2020	2071
304998	62	126	14	78	142	30	94	158	46	110	174	2031	2020	2088	2027	2019	2040	2038	2067	2053	2016	2017	2069
304998	62	126	14	78	142	30	94	158	46	110	174	2022	2025	2133	2019	2006	1968	2020	2068	1980	2021	2022	2009
304998	62	126	14	78	142	30	94	158	46	110	174	2022	2034	2177	2015	1990	1897	2030	2084	1913	2017	2028	1954
304998	62	126	14	78	142	30	94	158	46	110	174	2015	2031	2196	2011	1987	1886	2003	2085	1913	2019	2039	1954
304998	62	126	14	78	142	30	94	158	46	110	174	2019	2025	2151	2013	2001	1950	2021	2078	1975	2019	2035	2001
304998	62	126	14	78	142	30	94	158	46	110	174	2030	2025	2097	2022	2008	2039	2047	2067	2049	2017	2018	2062
304998	62	126	14	78	142	30	94	158	46	110	174	2021	2022	2074	2029	2019	2064	2027	2052	2078	2019	2013	2075
304998	62	126	14	78	142	30	94	158	46	110	174	2035	2023	2102	2023	2005	2021	2032	2067	2033	2018	2017	2036
304998	62	126	14	78	142	30	94	158	46	110	174	2022	2021	2171	2022	1992	1926	2012	2071	1949	2021	2029	1985
304998	62	126	14	78	142	30	94	158	46	110	174	2015	2029	2198	2013	1988	1879	2021	2088	1897	2019	2037	1959
304998	62	126	14	78	142	30	94	158	46	110	174	2018	2034	2180	2015	1991	1915	2014	2081	1919	2020	2030	1973
304998	62	126	14	78	142	30	94	158	46	110	174	2017	2026	2123	2022	2005	1995	2012	2066	2014	2020	2020	2023
304998	62	126	14	78	142	30	94	158	46	110	174	2035	2021	2072	2025	2012	2065	2046	2065	2075	2022	2017	2062
304998	62	126	14	78	142	30	94	158	46	110	174	2037	2012	2081	2033	2013	2054	2032	2060	2061	2020	2019	2070
304998	62	126	14	78	142	30	94	158	46	110	174	2027	2019	2134	2022	2007	1971	2022	2069	1990	2018	2022	2019
304998	62	126	14	78	142	30	94	158	46	110	174	2018	2028	2192	2013	1996	1897	2012	2072	1924	2017	2027	1962
304998	62	126	14	78	142	30	94	158	46	110	174	2012	2033	2203	2013	1988	1889	2007	2086	1914	2020	2029	1949
304998	62	126	14	78	142	30	94	158	46	110	174	2019	2034	2151	2015	1996	1940	2014	2078	1959	2016	2030	1994
304998	62	126	14	78	142	30	94	158	46	110	174	2025	2018	2095	2031	2002	2032	2021	2066	2041	2016	2022	2054
304998	62	126	14	78	142	30	94	158	46	110	174	2031	2008	2080	2029	2016	2063	2035	2054	2077	2022	2012	2081
304998	62	126	14	78	142	30	94	158	46	110	174	2033	2012	2111	2025	2021	2025	2039	2066	2042	2021	2014	2047
304998	62	126	14	78	142	30	94	158	46	110	174	2021	2031	2162	2018	1999	1942	2018	2080	1958	2018	2029	1982
304998	62	126	14	78	142	30	94	158	46	110	174	2014	2037	2192	2008	1988	1878	2006	2083	1897	2018	2036	1957
304998	62	126	14	78	142	30	94	158	46	110	174	2017	2035	2178	2005	1991	1902	2010	2083	1918	2022	2032	1970
304998	62	126	14	78	142	30	94	158	46	110	174	2024	2023	2129	2019	2005	1982	2028	2064	2007	2021	2020	2018
304998	62	126	14	78	142	30	94	158	46	110	174	2025	2013	2088	2027	2019	2054	2029	2063	2064	2018	2015	2063
304998	62	126	14	78	142	30	94	158	46	110	174	2036	2016	2086	2034	2014	2057	2036	2061	2064	2019	2016	2069
304998	62	126	14	78	142	30	94	158	46	110	174	2023	2021	2130	2024	2008	1987	2026	2065	2003	2020	2022	2028
304998	62	126	14	78	142	30	94	158	46	110	174	2018	2034	2174	2017	1996	1902	2016	2071	1930	2021	2025	1975
304998	62	126	14	78	142	30	94	158	46	110	174	2013	2031	2191	2008	1989	1885	2009	2084	1908	2021	2030	1951
304998	62	126	14	78	142	30	94	158	46	110	174	2018	2026	2161	2012	2001	1932	2011	2082	1952	2018	2029	1981
304998	62	126	14	78	142	30	94	158	46	110	174	2026	2022	2109	2022	2005	2022	2033	2070	2029	2020	2023	2047
304998	62	126	14	78	142	30	94	158	46	110	174	2031	2018	2085	2032	2017	2056	2033	2052	2075	2022	2013	2083
304998	62	126	14	78	142	30	94	158	46	110	174	2032	2019	2089	2028	2017	2032	2031	2058	2048	2017	2014	2052
304998	62	126	14	78	142	30	94	158	46	110	174	2031	2026	2150	2021	2004	1948	2020	2072	1971	2021	2022	1991
304998	62	126	14	78	142	30	94	158	46	110	174	2018	2028	2192	2008	1991	1885	2011	2085	1909	2018	2037	1955
304998	62	126	14	78	142	30	94	158	46	110	174	2014	2029	2192	2007	1989	1895	2013	2081	1916	2018	2034	1969
304998	62	126	14	78	142	30	94	158	46	110	174	2018	2025	2144	2017	1993	1976	2013	2064	1987	2018	2022	2013
304998	62	126	14	78	142	30	94	158	46	110	174	2026	2020	2080	2023	2018	2042	2026	2059	2060	2018	2013	2061
304998	62	126	14	78	142	30	94	158	46	110	174	2038	2017	2069	2037	2018	2057	2046	2057	2070	2022	2016	2069
304998	62	126	14	78	142	30	94	158	46	110	174	2026	2014	2125	2023	2012	1998	2031	2064	2010	2021	2023	2031
304998	62	126	14	78	142	30	94	158	46	110	174	2022	2025	2179	2015	1998	1913	2021	2078	1930	2022	2028	1980
304998	62	126	14	78	142	30	94	158	46	110	174	2011	2031	2210	2009	1981	1883	1997	2085	1907	2018	2033	1954
304998	62	126	14	78	142	30	94	158	46	110	174	2010	2039	2164	2009	1998	1921	2006	2081	1943	2020	2030	1972
304998	62	126	14	78	142	30	94	158	46	110	174	2023	2022	2115	2022	2006	2009	2017	2063	2020	2016	2024	2031
304998	62	126	14	78	142	30	94	158	46	110	174	2029	2004	2087	2029	2020	2063	2029	2048	2070	2021	2017	2079
304998	62	126	14	78	142	30	94	158	46	110	174	2034	2015	2094	2030	2022	2043	2033	2057	2053	2016	2014	2058
304998	62	126	14	78	142	30	94	158	46	110	174	2021	2023	2155	2024	1997	1960	2015	2069	1979	2021	2020	1999
304998	62	126	14	78	142	30	94	158	46	110	174	2015	2039	2192	2008	1990	1887	2006	2086	1910	2022	2036	1953
304998	62	126	14	78	142	30	94	158	46	110	174	2013	2037	2182	2001	1990	1888	2006	2091	1909	2018	2042	1967
304998	62	126	14	78	142	30	94	158	46	110	174	2022	2026	2138	2013	2004	1961	2023	2072	1982	2022	2025	2006
304998	62	126	14	78	142	30	94	158	46	110	174	2027	2012	2097	2023	2017	2039	2026	2061	2056	2021	2010	2060
304998	62	126	14	78	142	30	94	158	46	110	174	2029	2013	2081	2040	2015	2058	2031	2054	2073	2018	2013	2064
304998	62	126	14	78	142	30	94	158	46	110	174	2032	2018	2114	2026	2014	2003	2031	2063	2015	2022	2021	2031
304998	62	126	14	78	142	30	94	158	46	110	174	2023	2030	2168	2015	1991	1929	2008	2070	1945	2018	2030	1987
304998	62	126	14	78	142	30	94	158	46	110	174	2015	2033	2193	2004	1983	1887	1999	2083	1911	2020	2030	1959
304998	62	126	14	78	142	30	94	158	46	110	174	2015	2031	2174	2011	1982	1919	1998	2082	1938	2020	2031	1971
304998	62	126	14	78	142	30	94	158	46	110	174	2027	2022	2124	2018	2002	1993	2022	2073	2011	2017	2020	2026
304998	62	126	14	78	142	30	94	158	46	110	174	2035	2018	2080	2033	2022	2053	2041	2054	2064	2019	2017	2076
304998	62	126	14	78	142	30	94	158	46	110	174	2038	2022	2084	2034	2026	2041	2037	2049	2055	2022	2013	2064
304998	62	126	14	78	142	30	94	158	46	110	174	2025	2020	2137	2018	2007	1973	2017	2067	1993	2018	2022	2012
304998	62	126	14	78	142	30	94	158	46	110	174	2018	2031	2185	2009	1984	1899	2006	2086	1922	2020	2031	1955
304998	62	126	14	78	142	30	94	158	46	110	174	2008	2031	2203	2003	1976	1890	1995	2084	1912	2023	2038	1957
304998	62	126	14	78	142	30	94	158	46	110	174	2015	2031	2156	2018	1991	1954	2003	2072	1972	2022	2028	2003
304998	62	126	14	78	142	30	94	158	46	110	174	2026	2018	2098	2023	2018	2027	2022	2054	2049	2022	2018	2053
304998	62	126	14	78	142	30	94	158	46	110	174	2036	2012	2069	2034	2025	2060	2037	2052	2070	2019	2008	2068
304998	62	126	14	78	142	30	94	158	46	110	174	2034	2012	2113	2035	2017	2011	2039	2055	2028	2022	2018	2039
304998	62	126	14	78	142	30	94	158	46	110	174	2017	2023	2168	2018	1999	1930	2015	2076	1949	2017	2029	1991
304998	62	126	14	78	142	30	94	158	46	110	174	2012	2035	2197	2004	1981	1883	2007	2091	1908	2022	2036	1961
304998	62	126	14	78	142	30	94	158	46	110	174	2006	2036	2179	2006	1993	1913	1995	2084	1934	2016	2029	1975
304998	62	126	14	78	142	30	94	158	46	110	174	2020	2028	2115	2017	2005	1990	2012	2074	2004	2020	2022	2015
304998	62	126	14	78	142	30	94	158	46	110	174	2035	2008	2086	2028	2022	2049	2034	2052	2058	2017	2018	2071
304998	62	126	14	78	142	30	94	158	46	110	174	2036	2016	2093	2035	2025	2043	2041	2051	2061	2022	2016	2071
304998	62	126	14	78	142	30	94	158	46	110	174	2031	2026	2134	2029	2006	1983	2036	2064	2001	2018	2019	2018
304998	62	126	14	78	142	30	94	158	46	110	174	2009	2034	2182	2011	1987	1906	2000	2086	1931	2016	2027	1966
304998	62	126	14	78	142	30	94	158	46	110	174	2013	2039	2188	2003	1985	1889	2005	2092	1908	2017	2036	1948
