304998	62	126	14	78	142	30	94	158	46	110	174	2018	2034	2174	2017	1996	1902	2016	2071	1930	2021	2025	1975
304998	62	126	14	78	142	30	94	158	46	110	174	2013	2031	2191	2008	1989	1885	2009	2084	1908	2021	2030	1951
304998	62	126	14	78	142	30	94	158	46	110	174	2018	2026	2161	2012	2001	1932	2011	2082	1952	2018	2029	1981
304998	62	126	14	78	142	30	94	158	46	110	174	2026	2022	2109	2022	2005	2022	2033	2070	2029	2020	2023	2047
304998	62	126	14	78	142	30	94	158	46	110	174	2031	2018	2085	2032	2017	2056	2033	2052	2075	2022	2013	2083
304998	62	126	14	78	142	30	94	158	46	110	174	2032	2019	2089	2028	2017	2032	2031	2058	2048	2017	2014	2052
304998	62	126	14	78	142	30	94	158	46	110	174	2031	2026	2150	2021	2004	1948	2020	2072	1971	2021	2022	1991
304998	62	126	14	78	142	30	94	158	46	110	174	2018	2028	2192	2008	1991	1885	2011	2085	1909	2018	2037	1955
304998	62	126	14	78	142	30	94	158	46	110	174	2014	2029	2192	2007	1989	1895	2013	2081	1916	2018	2034	1969
304998	62	126	14	78	142	30	94	158	46	110	174	2018	2025	2144	2017	1993	1976	2013	2064	1987	2018	2022	2013
304998	62	126	14	78	142	30	94	158	46	110	174	2026	2020	2080	2023	2018	2042	2026	2059	2060	2018	2013	2061
304998	62	126	14	78	142	30	94	158	46	110	174	2038	2017	2069	2037	2018	2057	2046	2057	2070	2022	2016	2069
304998	62	126	14	78	142	30	94	158	46	110	174	2026	2014	2125	2023	2012	1998	2031	2064	2010	2021	2023	2031
304998	62	126	14	78	142	30	94	158	46	110	174	2022	2025	2179	2015	1998	1913	2021	2078	1930	2022	2028	1980
304998	62	126	14	78	142	30	94	158	46	110	174	2011	2031	2210	2009	1981	1883	1997	2085	1907	2018	2033	1954
304998	62	126	14	78	142	30	94	158	46	110	174	2010	2039	2164	2009	1998	1921	2006	2081	1943	2020	2030	1972
304998	62	126	14	78	142	30	94	158	46	110	174	2023	2022	2115	2022	2006	2009	2017	2063	2020	2016	2024	2031
304998	62	126	14	78	142	30	94	158	46	110	174	2029	2004	2087	2029	2020	2063	2029	2048	2070	2021	2017	2079
304998	62	126	14	78	142	30	94	158	46	110	174	2034	2015	2094	2030	2022	2043	2033	2057	2053	2016	2014	2058
304998	62	126	14	78	142	30	94	158	46	110	174	2021	2023	2155	2024	1997	1960	2015	2069	1979	2021	2020	1999
304998	62	126	14	78	142	30	94	158	46	110	174	2015	2039	2192	2008	1990	1887	2006	2086	1910	2022	2036	1953
304998	62	126	14	78	142	30	94	158	46	110	174	2013	2037	2182	2001	1990	1888	2006	2091	1909	2018	2042	1967
304998	62	126	14	78	142	30	94	158	46	110	174	2022	2026	2138	2013	2004	1961	2023	2072	1982	2022	2025	2006
304998	62	126	14	78	142	30	94	158	46	110	174	2027	2012	2097	2023	2017	2039	2026	2061	2056	2021	2010	2060
304998	62	126	14	78	142	30	94	158	46	110	174	2029	2013	2081	2040	2015	2058	2031	2054	2073	2018	2013	2064
304998	62	126	14	78	142	30	94	158	46	110	174	2032	2018	2114	2026	2014	2003	2031	2063	2015	2022	2021	2031
304998	62	126	14	78	142	30	94	158	46	110	174	2023	2030	2168	2015	1991	1929	2008	2070	1945	2018	2030	1987
304998	62	126	14	78	142	30	94	158	46	110	174	2015	2033	2193	2004	1983	1887	1999	2083	1911	2020	2030	1959
304998	62	126	14	78	142	30	94	158	46	110	174	2015	2031	2174	2011	1982	1919	1998	2082	1938	2020	2031	1971
304998	62	126	14	78	142	30	94	158	46	110	174	2027	2022	2124	2018	2002	1993	2022	2073	2011	2017	2020	2026
304998	62	126	14	78	142	30	94	158	46	110	174	2035	2018	2080	2033	2022	2053	2041	2054	2064	2019	2017	2076
304998	62	126	14	78	142	30	94	158	46	110	174	2038	2022	2084	2034	2026	2041	2037	2049	2055	2022	2013	2064
304998	62	126	14	78	142	30	94	158	46	110	174	2025	2020	2137	2018	2007	1973	2017	2067	1993	2018	2022	2012
304998	62	126	14	78	142	30	94	158	46	110	174	2018	2031	2185	2009	1984	1899	2006	2086	1922	2020	2031	1955
304998	62	126	14	78	142	30	94	158	46	110	174	2008	2031	2203	2003	1976	1890	1995	2084	1912	2023	2038	1957
304998	62	126	14	78	142	30	94	158	46	110	174	2015	2031	2156	2018	1991	1954	2003	2072	1972	2022	2028	2003
304998	62	126	14	78	142	30	94	158	46	110	174	2026	2018	2098	2023	2018	2027	2022	2054	2049	2022	2018	2053
304998	62	126	14	78	142	30	94	158	46	110	174	2036	2012	2069	2034	2025	2060	2037	2052	2070	2019	2008	2068
304998	62	126	14	78	142	30	94	158	46	110	174	2034	2012	2113	2035	2017	2011	2039	2055	2028	2022	2018	2039
304998	62	126	14	78	142	30	94	158	46	110	174	2017	2023	2168	2018	1999	1930	2015	2076	1949	2017	2029	1991
304998	62	126	14	78	142	30	94	158	46	110	174	2012	2035	2197	2004	1981	1883	2007	2091	1908	2022	2036	1961
304998	62	126	14	78	142	30	94	158	46	110	174	2006	2036	2179	2006	1993	1913	1995	2084	1934	2016	2029	1975
304998	62	126	14	78	142	30	94	158	46	110	174	2020	2028	2115	2017	2005	1990	2012	2074	2004	2020	2022	2015
304998	62	126	14	78	142	30	94	158	46	110	174	2035	2008	2086	2028	2022	2049	2034	2052	2058	2017	2018	2071
304998	62	126	14	78	142	30	94	158	46	110	174	2036	2016	2093	2035	2025	2043	2041	2051	2061	2022	2016	2071
304998	62	126	14	78	142	30	94	158	46	110	174	2031	2026	2134	2029	2006	1983	2036	2064	2001	2018	2019	2018
304998	62	126	14	78	142	30	94	158	46	110	174	2009	2034	2182	2011	1987	1906	2000	2086	1931	2016	2027	1966
304998	62	126	14	78	142	30	94	158	46	110	174	2013	2039	2188	2003	1985	1889	2005	2092	1908	2017	2036	1948
304998	62	126	14	78	142	30	94	158	46	110	174	2014	2023	2160	2009	1989	1941	2003	2077	1957	2021	2035	1993
304998	62	126	14	78	142	30	94	158	46	110	174	2021	2017	2108	2025	2014	2021	2020	2057	2039	2019	2020	2052
304998	62	126	14	78	142	30	94	158	46	110	174	2037	2016	2080	2038	2022	2059	2045	2051	2074	2019	2011	2075
304998	62	126	14	78	142	30	94	158	46	110	174	2030	2022	2098	2032	2024	2019	2033	2059	2035	2022	2010	2043
304998	62	126	14	78	142	30	94	158	46	110	174	2025	2031	2147	2017	1997	1952	2015	2073	1963	2018	2031	1993
304998	62	126	14	78	142	30	94	158	46	110	174	2016	2031	2192	2005	1981	1894	2003	2085	1910	2021	2040	1961
304998	62	126	14	78	142	30	94	158	46	110	174	2010	2031	2186	2002	1986	1902	1996	2084	1935	2017	2034	1971
304998	62	126	14	78	142	30	94	158	46	110	174	2019	2031	2139	2018	1998	1977	2021	2080	1998	2020	2019	2012
304998	62	126	14	78	142	30	94	158	46	110	174	2037	2021	2089	2030	2023	2044	2045	2059	2052	2016	2013	2058
304998	62	126	14	78	142	30	94	158	46	110	174	2039	2013	2077	2034	2029	2054	2039	2052	2057	2016	2017	2070
304998	62	126	14	78	142	30	94	158	46	110	174	2035	2020	2117	2031	2006	1992	2042	2061	2011	2019	2019	2029
304998	62	126	14	78	142	30	94	158	46	110	174	2011	2023	2191	2008	1993	1911	2002	2083	1938	2018	2029	1977
304998	62	126	14	78	142	30	94	158	46	110	174	2009	2039	2198	2002	1977	1890	1998	2097	1911	2018	2032	1949
304998	62	126	14	78	142	30	94	158	46	110	174	2014	2041	2163	2008	1992	1937	2023	2085	1956	2019	2039	1985
304998	62	126	14	78	142	30	94	158	46	110	174	2027	2026	2104	2019	2017	2014	2024	2063	2018	2016	2025	2045
304998	62	126	14	78	142	30	94	158	46	110	174	2042	2013	2069	2035	2031	2056	2044	2051	2070	2021	2011	2080
304998	62	126	14	78	142	30	94	158	46	110	174	2032	2007	2096	2037	2021	2028	2038	2056	2045	2018	2008	2056
304998	62	126	14	78	142	30	94	158	46	110	174	2028	2026	2154	2021	2005	1952	2016	2076	1969	2018	2026	1994
304998	62	126	14	78	142	30	94	158	46	110	174	2007	2035	2207	2001	1984	1895	1998	2084	1917	2021	2041	1956
304998	62	126	14	78	142	30	94	158	46	110	174	2009	2037	2182	1996	1981	1900	1994	2085	1927	2018	2039	1970
304998	62	126	14	78	142	30	94	158	46	110	174	2020	2027	2139	2011	1992	1974	2006	2077	1991	2020	2023	2011
304998	62	126	14	78	142	30	94	158	46	110	174	2031	2010	2090	2030	2021	2037	2030	2055	2052	2022	2013	2054
304998	62	126	14	78	142	30	94	158	46	110	174	2038	2012	2085	2043	2025	2050	2053	2049	2061	2016	2017	2067
304998	62	126	14	78	142	30	94	158	46	110	174	2027	2019	2131	2034	2015	1996	2032	2058	2011	2018	2022	2030
304998	62	126	14	78	142	30	94	158	46	110	174	2020	2034	2164	2011	1996	1927	2016	2084	1953	2018	2033	1988
304998	62	126	14	78	142	30	94	158	46	110	174	2015	2038	2190	2002	1971	1895	1997	2097	1920	2020	2033	1955
304998	62	126	14	78	142	30	94	158	46	110	174	2008	2030	2170	1999	1986	1929	1991	2083	1943	2020	2029	1972
304998	62	126	14	78	142	30	94	158	46	110	174	2025	2021	2121	2025	2012	1999	2022	2071	2010	2020	2028	2034
304998	62	126	14	78	142	30	94	158	46	110	174	2030	2015	2089	2041	2029	2048	2039	2047	2063	2016	2013	2074
304998	62	126	14	78	142	30	94	158	46	110	174	2034	2016	2089	2038	2031	2033	2036	2052	2051	2019	2011	2063
304998	62	126	14	78	142	30	94	158	46	110	174	2031	2028	2132	2021	2004	1968	2023	2071	1982	2021	2020	2007
304998	62	126	14	78	142	30	94	158	46	110	174	2013	2030	2187	2002	1983	1902	2012	2086	1920	2018	2040	1951
304998	62	126	14	78	142	30	94	158	46	110	174	2009	2037	2196	1996	1983	1899	1998	2092	1915	2017	2040	1965
304998	62	126	14	78	142	30	94	158	46	110	174	2014	2030	2149	2012	1992	1960	2017	2077	1985	2019	2031	2009
304998	62	126	14	78	142	30	94	158	46	110	174	2031	2019	2089	2032	2013	2035	2033	2062	2043	2019	2011	2055
304998	62	126	14	78	142	30	94	158	46	110	174	2039	2013	2075	2041	2031	2053	2046	2055	2059	2017	2006	2071
304998	62	126	14	78	142	30	94	158	46	110	174	2029	2011	2119	2032	2018	2007	2038	2059	2019	2019	2017	2036
304998	62	126	14	78	142	30	94	158	46	110	174	2019	2031	2169	2014	1994	1930	2017	2077	1949	2019	2028	1995
304998	62	126	14	78	142	30	94	158	46	110	174	2006	2039	2194	2001	1977	1888	1996	2099	1921	2017	2039	1963
304998	62	126	14	78	142	30	94	158	46	110	174	2004	2038	2174	1994	1987	1918	1993	2092	1941	2022	2030	1968
304998	62	126	14	78	142	30	94	158	46	110	174	2029	2023	2111	2016	2006	1995	2018	2074	1999	2022	2024	2022
304998	62	126	14	78	142	30	94	158	46	110	174	2031	2004	2089	2035	2020	2048	2033	2046	2057	2018	2016	2071
304998	62	126	14	78	142	30	94	158	46	110	174	2036	2012	2091	2040	2030	2033	2039	2047	2054	2022	2013	2067
304998	62	126	14	78	142	30	94	158	46	110	174	2028	2028	2142	2024	2008	1974	2022	2075	1992	2020	2021	2018
304998	62	126	14	78	142	30	94	158	46	110	174	2010	2042	2179	2008	1987	1910	1999	2084	1926	2022	2029	1959
304998	62	126	14	78	142	30	94	158	46	110	174	2011	2042	2186	1997	1974	1904	2003	2099	1917	2018	2041	1954
304998	62	126	14	78	142	30	94	158	46	110	174	2017	2027	2150	2001	1993	1950	2004	2079	1965	2016	2034	2001
304998	62	126	14	78	142	30	94	158	46	110	174	2026	2015	2110	2022	2018	2020	2021	2061	2045	2018	2015	2052
304998	62	126	14	78	142	30	94	158	46	110	174	2034	2012	2086	2041	2023	2048	2045	2047	2062	2016	2007	2077
304998	62	126	14	78	142	30	94	158	46	110	174	2035	2019	2113	2035	2020	2011	2044	2057	2026	2017	2013	2035
304998	62	126	14	78	142	30	94	158	46	110	174	2020	2028	2154	2015	1999	1942	2015	2076	1959	2018	2031	1991
304998	62	126	14	78	142	30	94	158	46	110	174	2012	2038	2184	1998	1973	1903	2008	2092	1919	2019	2042	1963
304998	62	126	14	78	142	30	94	158	46	110	174	2000	2028	2182	1998	1974	1916	1984	2092	1941	2022	2035	1972
304998	62	126	14	78	142	30	94	158	46	110	174	2018	2025	2132	2014	2001	1982	2020	2077	2000	2020	2020	2017
304998	62	126	14	78	142	30	94	158	46	110	174	2031	2017	2094	2032	2027	2037	2037	2048	2048	2018	2013	2062
304998	62	126	14	78	142	30	94	158	46	110	174	2042	2017	2078	2042	2031	2041	2044	2052	2052	2020	2010	2068
304998	62	126	14	78	142	30	94	158	46	110	174	2035	2018	2122	2027	2006	1991	2037	2066	2008	2021	2022	2027
304998	62	126	14	78	142	30	94	158	46	110	174	2007	2028	2180	2007	1983	1911	2000	2094	1937	2018	2034	1967
304998	62	126	14	78	142	30	94	158	46	110	174	2008	2039	2195	1995	1975	1901	1994	2099	1921	2020	2039	1952
304998	62	126	14	78	142	30	94	158	46	110	174	2010	2035	2171	2003	1990	1941	1998	2084	1958	2018	2038	1990
304998	62	126	14	78	142	30	94	158	46	110	174	2027	2024	2099	2023	2015	2012	2024	2055	2032	2020	2022	2053
304998	62	126	14	78	142	30	94	158	46	110	174	2039	2008	2068	2042	2029	2048	2042	2052	2065	2016	2008	2078
304998	62	126	14	78	142	30	94	158	46	110	174	2034	2010	2099	2040	2023	2022	2034	2051	2033	2016	2011	2050
304998	62	126	14	78	142	30	94	158	46	110	174	2019	2026	2155	2020	1997	1947	2016	2074	1966	2019	2029	1989
304998	62	126	14	78	142	30	94	158	46	110	174	2004	2039	2197	1999	1978	1897	1993	2088	1923	2017	2046	1959
304998	62	126	14	78	142	30	94	158	46	110	174	2010	2045	2174	1995	1983	1910	1990	2088	1935	2020	2045	1973
304998	62	126	14	78	142	30	94	158	46	110	174	2019	2023	2125	2013	1999	1972	2006	2077	1992	2018	2025	2020
304998	62	126	14	78	142	30	94	158	46	110	174	2032	2012	2088	2031	2026	2035	2049	2054	2048	2022	2011	2052
304998	62	126	14	78	142	30	94	158	46	110	174	2043	2008	2091	2042	2030	2039	2045	2047	2049	2021	2011	2066
304998	62	126	14	78	142	30	94	158	46	110	174	2031	2023	2124	2035	2009	1992	2035	2058	2014	2020	2021	2031
304998	62	126	14	78	142	30	94	158	46	110	174	2011	2033	2172	2010	1987	1926	2001	2083	1950	2017	2032	1979
304998	62	126	14	78	142	30	94	158	46	110	174	2004	2042	2183	1993	1976	1902	1987	2094	1921	2020	2039	1953
304998	62	126	14	78	142	30	94	158	46	110	174	2010	2027	2170	1999	1987	1935	2002	2086	1957	2020	2036	1976
304998	62	126	14	78	142	30	94	158	46	110	174	2028	2017	2115	2020	2005	2008	2022	2062	2013	2022	2027	2033
304998	62	126	14	78	142	30	94	158	46	110	174	2037	2015	2085	2045	2026	2046	2045	2049	2064	2020	2015	2078
304998	62	126	14	78	142	30	94	158	46	110	174	2033	2015	2093	2042	2027	2025	2044	2054	2041	2020	2010	2054
304998	62	126	14	78	142	30	94	158	46	110	174	2021	2025	2140	2020	2005	1966	2017	2078	1978	2019	2022	2004
304998	62	126	14	78	142	30	94	158	46	110	174	2008	2031	2192	1998	1981	1906	1998	2094	1926	2021	2043	1960
304998	62	126	14	78	142	30	94	158	46	110	174	2001	2035	2193	1994	1974	1906	1989	2087	1929	2020	2041	1963
304998	62	126	14	78	142	30	94	158	46	110	174	2018	2031	2146	2010	1991	1966	2007	2080	1989	2020	2028	2013
304998	62	126	14	78	142	30	94	158	46	110	174	2025	2018	2092	2029	2022	2022	2029	2058	2040	2018	2012	2063
304998	62	126	14	78	142	30	94	158	46	110	174	2042	2010	2073	2041	2027	2044	2045	2049	2054	2021	2006	2063
304998	62	126	14	78	142	30	94	158	46	110	174	2030	2007	2122	2032	2015	2004	2030	2057	2014	2017	2022	2035
304998	62	126	14	78	142	30	94	158	46	110	174	2017	2028	2168	2010	1997	1934	2012	2080	1952	2018	2038	1989
304998	62	126	14	78	142	30	94	158	46	110	174	2003	2042	2199	1996	1963	1900	1985	2099	1930	2021	2043	1957
304998	62	126	14	78	142	30	94	158	46	110	174	2003	2041	2165	1999	1983	1928	1994	2088	1945	2018	2035	1979
304998	62	126	14	78	142	30	94	158	46	110	174	2023	2020	2115	2019	2010	1997	2015	2067	2007	2021	2027	2024
304998	62	126	14	78	142	30	94	158	46	110	174	2031	2007	2085	2040	2030	2042	2036	2045	2052	2020	2018	2071
304998	62	126	14	78	142	30	94	158	46	110	174	2039	2011	2094	2041	2031	2033	2045	2047	2051	2020	2011	2068
304998	62	126	14	78	142	30	94	158	46	110	174	2022	2023	2149	2026	2001	1966	2019	2074	1991	2022	2021	2011
304998	62	126	14	78	142	30	94	158	46	110	174	2007	2044	2184	2003	1983	1905	2002	2089	1932	2019	2038	1952
304998	62	126	14	78	142	30	94	158	46	110	174	2006	2039	2183	1997	1976	1903	1987	2092	1924	2020	2041	1962
304998	62	126	14	78	142	30	94	158	46	110	174	2016	2026	2146	2006	1991	1960	2006	2076	1972	2022	2036	2006
304998	62	126	14	78	142	30	94	158	46	110	174	2029	2015	2099	2026	2021	2020	2028	2054	2042	2020	2015	2050
304998	62	126	14	78	142	30	94	158	46	110	174	2038	2010	2087	2040	2029	2047	2046	2049	2058	2017	2006	2068
304998	62	126	14	78	142	30	94	158	46	110	174	2034	2020	2110	2036	2021	2007	2040	2057	2017	2019	2022	2038
304998	62	126	14	78	142	30	94	158	46	110	174	2021	2034	2152	2016	1991	1936	2013	2081	1956	2017	2037	1988
304998	62	126	14	78	142	30	94	158	46	110	174	2009	2034	2188	1997	1971	1905	1998	2091	1930	2021	2043	1963
304998	62	126	14	78	142	30	94	158	46	110	174	2004	2034	2174	1998	1983	1921	1988	2088	1950	2021	2035	1973
304998	62	126	14	78	142	30	94	158	46	110	174	2020	2022	2134	2017	2009	1987	2025	2071	2006	2019	2023	2018
304998	62	126	14	78	142	30	94	158	46	110	174	2037	2016	2087	2042	2025	2034	2038	2050	2046	2017	2015	2067
304998	62	126	14	78	142	30	94	158	46	110	174	2038	2015	2077	2042	2028	2030	2057	2048	2046	2019	2014	2064
304998	62	126	14	78	142	30	94	158	46	110	174	2032	2017	2128	2029	2008	1980	2031	2065	2000	2016	2019	2023
304998	62	126	14	78	142	30	94	158	46	110	174	2009	2035	2181	2002	1986	1914	1999	2093	1938	2020	2032	1963
304998	62	126	14	78	142	30	94	158	46	110	174	2006	2038	2195	1990	1972	1907	2003	2096	1923	2018	2043	1954
304998	62	126	14	78	142	30	94	158	46	110	174	2008	2034	2162	2007	1987	1948	1998	2078	1965	2018	2040	1999
304998	62	126	14	78	142	30	94	158	46	110	174	2030	2019	2092	2029	2014	2011	2034	2056	2031	2022	2017	2051
304998	62	126	14	78	142	30	94	158	46	110	174	2046	2011	2074	2046	2035	2045	2043	2049	2059	2021	2009	2070
304998	62	126	14	78	142	30	94	158	46	110	174	2035	2016	2103	2037	2028	2017	2033	2054	2025	2018	2011	2036
304998	62	126	14	78	142	30	94	158	46	110	174	2019	2025	2156	2020	1995	1958	2012	2074	1966	2019	2029	1990
304998	62	126	14	78	142	30	94	158	46	110	174	1999	2040	2197	1998	1969	1906	1991	2087	1926	2022	2043	1963
304998	62	126	14	78	142	30	94	158	46	110	174	2013	2039	2170	1995	1977	1913	2002	2091	1944	2020	2038	1975
