304998	62	126	14	78	142	30	94	158	46	110	174	2004	2043	2174	1987	1983	1937	1991	2093	1956	2020	2038	1977
304998	62	126	14	78	142	30	94	158	46	110	174	2027	2031	2110	2024	2013	1994	2030	2065	2014	2021	2021	2031
304998	62	126	14	78	142	30	94	158	46	110	174	2042	2011	2076	2048	2030	2030	2045	2039	2052	2020	2008	2070
304998	62	126	14	78	142	30	94	158	46	110	174	2042	2009	2090	2047	2032	2019	2045	2045	2029	2022	2004	2059
304998	62	126	14	78	142	30	94	158	46	110	174	2031	2020	2150	2023	2002	1965	2026	2069	1979	2019	2023	1999
304998	62	126	14	78	142	30	94	158	46	110	174	2008	2044	2190	1988	1977	1912	1998	2098	1939	2021	2043	1966
304998	62	126	14	78	142	30	94	158	46	110	174	2004	2052	2183	1978	1972	1911	1986	2105	1939	2016	2042	1971
304998	62	126	14	78	142	30	94	158	46	110	174	2015	2036	2136	1999	1998	1960	1999	2085	1985	2020	2027	2002
304998	62	126	14	78	142	30	94	158	46	110	174	2034	2015	2092	2035	2028	2016	2035	2054	2031	2020	2009	2043
304998	62	126	14	78	142	30	94	158	46	110	174	2040	1997	2086	2053	2035	2036	2049	2039	2041	2021	2004	2065
304998	62	126	14	78	142	30	94	158	46	110	174	2041	2015	2118	2041	2020	2001	2037	2051	2015	2022	2018	2042
304998	62	126	14	78	142	30	94	158	46	110	174	2020	2039	2166	2008	1995	1936	2009	2085	1968	2022	2029	1990
304998	62	126	14	78	142	30	94	158	46	110	174	2004	2055	2184	1984	1971	1915	1982	2108	1934	2020	2036	1954
304998	62	126	14	78	142	30	94	158	46	110	174	2009	2046	2165	1986	1983	1932	1989	2101	1953	2017	2040	1971
304998	62	126	14	78	142	30	94	158	46	110	174	2019	2018	2125	2013	2005	1986	2013	2065	2003	2020	2027	2023
304998	62	126	14	78	142	30	94	158	46	110	174	2043	2004	2087	2051	2021	2030	2042	2039	2048	2016	2009	2073
304998	62	126	14	78	142	30	94	158	46	110	174	2043	2005	2098	2053	2033	2019	2046	2046	2040	2018	2004	2062
304998	62	126	14	78	142	30	94	158	46	110	174	2026	2032	2134	2027	2011	1971	2028	2068	1995	2021	2019	2011
304998	62	126	14	78	142	30	94	158	46	110	174	2014	2047	2168	1990	1979	1924	1998	2098	1939	2016	2043	1967
304998	62	126	14	78	142	30	94	158	46	110	174	2004	2046	2179	1978	1970	1920	1981	2102	1943	2017	2047	1963
304998	62	126	14	78	142	30	94	158	46	110	174	2014	2035	2152	1995	1993	1956	1996	2086	1978	2021	2029	2007
304998	62	126	14	78	142	30	94	158	46	110	174	2031	2018	2109	2029	2020	2004	2027	2056	2022	2020	2014	2046
304998	62	126	14	78	142	30	94	158	46	110	174	2039	2002	2090	2054	2041	2032	2050	2036	2042	2017	2008	2060
304998	62	126	14	78	142	30	94	158	46	110	174	2040	2023	2108	2044	2024	2006	2053	2049	2018	2018	2016	2047
304998	62	126	14	78	142	30	94	158	46	110	174	2025	2035	2148	2009	1997	1948	2011	2081	1972	2017	2032	1994
304998	62	126	14	78	142	30	94	158	46	110	174	1998	2040	2182	1978	1967	1915	1978	2107	1941	2017	2045	1959
304998	62	126	14	78	142	30	94	158	46	110	174	2006	2044	2177	1978	1970	1928	1991	2102	1946	2017	2043	1971
304998	62	126	14	78	142	30	94	158	46	110	174	2016	2019	2142	2010	2005	1977	2008	2074	1996	2019	2029	2023
304998	62	126	14	78	142	30	94	158	46	110	174	2042	2017	2089	2046	2033	2027	2049	2042	2039	2016	2010	2066
304998	62	126	14	78	142	30	94	158	46	110	174	2045	2010	2079	2057	2033	2029	2049	2035	2049	2020	2004	2065
304998	62	126	14	78	142	30	94	158	46	110	174	2026	2015	2121	2032	2013	1985	2025	2063	2001	2017	2018	2021
304998	62	126	14	78	142	30	94	158	46	110	174	2012	2034	2172	1998	1981	1925	1998	2091	1952	2017	2040	1970
304998	62	126	14	78	142	30	94	158	46	110	174	1996	2046	2198	1979	1962	1915	1982	2106	1932	2016	2050	1963
304998	62	126	14	78	142	30	94	158	46	110	174	2004	2040	2163	1996	1987	1950	1992	2083	1974	2020	2036	2001
304998	62	126	14	78	142	30	94	158	46	110	174	2026	2026	2104	2029	2019	2006	2022	2059	2022	2016	2015	2041
304998	62	126	14	78	142	30	94	158	46	110	174	2046	2006	2080	2054	2037	2029	2056	2040	2044	2019	2003	2064
304998	62	126	14	78	142	30	94	158	46	110	174	2041	2007	2100	2050	2030	2005	2045	2046	2021	2019	2014	2051
304998	62	126	14	78	142	30	94	158	46	110	174	2027	2025	2154	2016	1989	1958	2034	2079	1974	2017	2031	2005
304998	62	126	14	78	142	30	94	158	46	110	174	1999	2045	2191	1985	1973	1915	1983	2099	1946	2022	2044	1970
304998	62	126	14	78	142	30	94	158	46	110	174	2001	2049	2176	1982	1972	1925	1989	2107	1952	2018	2041	1967
304998	62	126	14	78	142	30	94	158	46	110	174	2016	2032	2132	2005	1991	1981	2006	2077	1988	2020	2033	2005
304998	62	126	14	78	142	30	94	158	46	110	174	2031	2003	2095	2042	2026	2022	2033	2042	2034	2016	2018	2059
304998	62	126	14	78	142	30	94	158	46	110	174	2046	2001	2085	2054	2040	2021	2051	2034	2039	2021	2010	2066
304998	62	126	14	78	142	30	94	158	46	110	174	2033	2019	2130	2039	2010	1993	2030	2060	2007	2019	2018	2027
304998	62	126	14	78	142	30	94	158	46	110	174	2006	2041	2169	2000	1983	1937	1999	2089	1954	2020	2037	1974
304998	62	126	14	78	142	30	94	158	46	110	174	2001	2052	2188	1980	1966	1918	1982	2113	1933	2020	2050	1957
304998	62	126	14	78	142	30	94	158	46	110	174	1998	2037	2164	1995	1970	1948	1989	2094	1965	2021	2039	1992
304998	62	126	14	78	142	30	94	158	46	110	174	2028	2016	2111	2022	2014	1997	2018	2056	2016	2019	2017	2040
304998	62	126	14	78	142	30	94	158	46	110	174	2042	2004	2085	2051	2034	2028	2046	2040	2048	2018	2005	2064
304998	62	126	14	78	142	30	94	158	46	110	174	2039	2005	2104	2053	2031	2013	2046	2047	2026	2022	2008	2040
304998	62	126	14	78	142	30	94	158	46	110	174	2023	2034	2142	2020	2002	1965	2023	2074	1983	2021	2033	2010
304998	62	126	14	78	142	30	94	158	46	110	174	2006	2045	2174	1988	1965	1927	1996	2097	1939	2017	2045	1973
304998	62	126	14	78	142	30	94	158	46	110	174	1996	2042	2176	1980	1966	1920	1978	2102	1953	2022	2045	1965
304998	62	126	14	78	142	30	94	158	46	110	174	2013	2031	2140	2005	1992	1967	2007	2084	1983	2021	2027	2003
304998	62	126	14	78	142	30	94	158	46	110	174	2033	2010	2103	2043	2025	2018	2036	2049	2029	2017	2015	2054
304998	62	126	14	78	142	30	94	158	46	110	174	2045	2005	2090	2051	2039	2031	2054	2040	2039	2018	2010	2067
304998	62	126	14	78	142	30	94	158	46	110	174	2036	2022	2110	2041	2019	1994	2037	2052	2004	2021	2010	2037
304998	62	126	14	78	142	30	94	158	46	110	174	2008	2027	2167	2008	1970	1940	1999	2086	1972	2016	2031	1983
304998	62	126	14	78	142	30	94	158	46	110	174	1994	2040	2185	1983	1961	1912	1977	2105	1937	2020	2053	1947
304998	62	126	14	78	142	30	94	158	46	110	174	1994	2035	2177	1990	1958	1950	1985	2096	1953	2018	2051	1987
304998	62	126	14	78	142	30	94	158	46	110	174	2018	2024	2120	2017	2010	1991	2016	2070	2001	2021	2021	2037
304998	62	126	14	78	142	30	94	158	46	110	174	2041	2012	2084	2047	2041	2025	2053	2038	2046	2019	2003	2067
304998	62	126	14	78	142	30	94	158	46	110	174	2044	2008	2093	2060	2021	2017	2045	2043	2038	2020	2006	2050
304998	62	126	14	78	142	30	94	158	46	110	174	2031	2024	2137	2025	2010	1963	2018	2067	1990	2020	2029	2017
304998	62	126	14	78	142	30	94	158	46	110	174	2003	2038	2186	1996	1957	1939	1988	2099	1944	2018	2044	1970
304998	62	126	14	78	142	30	94	158	46	110	174	1993	2042	2193	1975	1967	1919	1974	2104	1945	2017	2049	1968
304998	62	126	14	78	142	30	94	158	46	110	174	2009	2040	2146	1999	1992	1966	2004	2079	1986	2021	2031	1999
304998	62	126	14	78	142	30	94	158	46	110	174	2034	2015	2093	2040	2020	2009	2024	2051	2029	2020	2015	2046
304998	62	126	14	78	142	30	94	158	46	110	174	2051	2003	2076	2054	2039	2028	2055	2038	2045	2018	2011	2074
304998	62	126	14	78	142	30	94	158	46	110	174	2034	2010	2115	2047	2025	2001	2038	2050	2014	2021	2016	2047
304998	62	126	14	78	142	30	94	158	46	110	174	2013	2027	2168	2017	1982	1953	2009	2079	1966	2017	2035	1986
304998	62	126	14	78	142	30	94	158	46	110	174	1998	2046	2194	1984	1964	1918	1985	2109	1947	2022	2050	1956
304998	62	126	14	78	142	30	94	158	46	110	174	2001	2044	2166	1985	1966	1937	1980	2102	1955	2017	2050	1981
304998	62	126	14	78	142	30	94	158	46	110	174	2020	2026	2113	2017	2004	1981	2007	2071	1998	2018	2029	2031
304998	62	126	14	78	142	30	94	158	46	110	174	2034	2000	2092	2050	2036	2020	2040	2042	2033	2022	2002	2067
304998	62	126	14	78	142	30	94	158	46	110	174	2044	2002	2093	2059	2032	2026	2049	2038	2038	2016	1998	2060
304998	62	126	14	78	142	30	94	158	46	110	174	2027	2017	2143	2034	2008	1978	2030	2058	2001	2021	2025	2014
304998	62	126	14	78	142	30	94	158	46	110	174	2004	2042	2169	1999	1969	1924	1991	2095	1952	2018	2051	1974
304998	62	126	14	78	142	30	94	158	46	110	174	2000	2045	2177	1988	1950	1924	1981	2105	1941	2016	2050	1965
304998	62	126	14	78	142	30	94	158	46	110	174	1999	2024	2156	1996	1987	1950	1992	2082	1974	2018	2037	1996
304998	62	126	14	78	142	30	94	158	46	110	174	2028	2015	2105	2030	2021	2012	2035	2051	2021	2020	2013	2043
304998	62	126	14	78	142	30	94	158	46	110	174	2044	2003	2094	2057	2039	2029	2050	2035	2044	2021	2008	2065
304998	62	126	14	78	142	30	94	158	46	110	174	2037	2018	2104	2047	2029	2001	2048	2049	2019	2021	2014	2048
304998	62	126	14	78	142	30	94	158	46	110	174	2020	2031	2148	2021	1983	1955	2010	2077	1970	2022	2033	2001
304998	62	126	14	78	142	30	94	158	46	110	174	1991	2037	2179	1990	1968	1914	1982	2098	1940	2017	2047	1957
304998	62	126	14	78	142	30	94	158	46	110	174	2002	2040	2175	1984	1965	1934	1981	2098	1954	2021	2050	1966
304998	62	126	14	78	142	30	94	158	46	110	174	2015	2027	2138	2006	1996	1978	2002	2075	1998	2022	2032	2020
304998	62	126	14	78	142	30	94	158	46	110	174	2040	2014	2090	2041	2033	2019	2044	2048	2033	2020	2009	2066
304998	62	126	14	78	142	30	94	158	46	110	174	2045	2008	2082	2054	2032	2021	2054	2039	2035	2018	1999	2065
304998	62	126	14	78	142	30	94	158	46	110	174	2035	2013	2121	2033	2013	1980	2028	2057	1999	2022	2017	2021
304998	62	126	14	78	142	30	94	158	46	110	174	2008	2035	2176	2003	1979	1934	1996	2084	1960	2020	2047	1971
304998	62	126	14	78	142	30	94	158	46	110	174	1997	2044	2191	1987	1955	1926	1976	2112	1945	2017	2053	1963
304998	62	126	14	78	142	30	94	158	46	110	174	2003	2036	2161	1993	1983	1944	1989	2090	1970	2021	2042	1994
304998	62	126	14	78	142	30	94	158	46	110	174	2026	2023	2100	2029	2015	1999	2020	2062	2010	2019	2013	2037
304998	62	126	14	78	142	30	94	158	46	110	174	2046	2008	2076	2057	2042	2028	2065	2033	2041	2021	2004	2062
304998	62	126	14	78	142	30	94	158	46	110	174	2043	2004	2097	2050	2033	2009	2040	2035	2031	2020	2014	2048
304998	62	126	14	78	142	30	94	158	46	110	174	2026	2025	2148	2019	1996	1964	2025	2077	1983	2017	2035	2012
304998	62	126	14	78	142	30	94	158	46	110	174	1996	2041	2192	1992	1959	1927	1980	2097	1942	2021	2048	1968
304998	62	126	14	78	142	30	94	158	46	110	174	1995	2046	2180	1983	1967	1918	1972	2100	1942	2021	2047	1965
304998	62	126	14	78	142	30	94	158	46	110	174	2015	2033	2136	2008	1991	1972	2002	2073	1988	2017	2037	2009
304998	62	126	14	78	142	30	94	158	46	110	174	2034	2007	2092	2039	2026	2018	2031	2044	2038	2017	2014	2059
304998	62	126	14	78	142	30	94	158	46	110	174	2048	2001	2086	2053	2041	2029	2057	2043	2041	2017	2002	2075
304998	62	126	14	78	142	30	94	158	46	110	174	2033	2014	2126	2042	2008	1992	2032	2054	2005	2016	2017	2029
304998	62	126	14	78	142	30	94	158	46	110	174	2007	2038	2174	2005	1986	1935	1999	2086	1955	2020	2037	1983
304998	62	126	14	78	142	30	94	158	46	110	174	1998	2048	2184	1985	1958	1920	1981	2095	1937	2017	2057	1957
304998	62	126	14	78	142	30	94	158	46	110	174	2003	2039	2154	1998	1969	1945	1982	2088	1969	2017	2047	1993
304998	62	126	14	78	142	30	94	158	46	110	174	2023	2015	2113	2023	2014	1995	2016	2065	2011	2017	2019	2043
304998	62	126	14	78	142	30	94	158	46	110	174	2044	2001	2089	2051	2030	2026	2049	2038	2035	2017	1996	2061
304998	62	126	14	78	142	30	94	158	46	110	174	2039	2008	2103	2058	2038	2013	2045	2038	2023	2017	2008	2051
304998	62	126	14	78	142	30	94	158	46	110	174	2024	2033	2144	2025	2006	1964	2020	2059	1987	2021	2036	2007
304998	62	126	14	78	142	30	94	158	46	110	174	2004	2040	2172	1992	1965	1928	1981	2101	1952	2022	2051	1971
304998	62	126	14	78	142	30	94	158	46	110	174	2001	2045	2176	1981	1966	1923	1981	2104	1945	2018	2048	1970
304998	62	126	14	78	142	30	94	158	46	110	174	2013	2025	2142	2006	1991	1963	1997	2078	1984	2020	2033	2002
304998	62	126	14	78	142	30	94	158	46	110	174	2032	2005	2103	2039	2021	2014	2039	2047	2025	2021	2016	2048
304998	62	126	14	78	142	30	94	158	46	110	174	2045	2006	2087	2056	2041	2025	2054	2030	2044	2017	2009	2071
304998	62	126	14	78	142	30	94	158	46	110	174	2034	2018	2117	2042	2022	1997	2036	2050	2016	2018	2018	2044
304998	62	126	14	78	142	30	94	158	46	110	174	2016	2037	2152	2012	1981	1945	2008	2086	1966	2020	2033	1987
304998	62	126	14	78	142	30	94	158	46	110	174	2002	2042	2187	1985	1963	1916	1986	2100	1941	2018	2050	1954
304998	62	126	14	78	142	30	94	158	46	110	174	1999	2034	2168	1993	1973	1936	1988	2093	1953	2021	2048	1977
304998	62	126	14	78	142	30	94	158	46	110	174	2022	2020	2124	2022	2001	1986	2018	2063	2006	2020	2027	2029
304998	62	126	14	78	142	30	94	158	46	110	174	2029	2002	2093	2050	2040	2024	2040	2039	2041	2016	2006	2075
304998	62	126	14	78	142	30	94	158	46	110	174	2044	2009	2089	2050	2036	2022	2054	2048	2035	2018	2003	2057
304998	62	126	14	78	142	30	94	158	46	110	174	2032	2017	2140	2031	2007	1975	2025	2063	1986	2021	2026	2008
304998	62	126	14	78	142	30	94	158	46	110	174	2010	2037	2175	1998	1970	1926	1996	2095	1950	2022	2050	1970
304998	62	126	14	78	142	30	94	158	46	110	174	1997	2039	2187	1988	1951	1923	1990	2102	1944	2019	2053	1966
304998	62	126	14	78	142	30	94	158	46	110	174	1998	2029	2156	2000	1985	1958	1988	2083	1982	2017	2036	2003
304998	62	126	14	78	142	30	94	158	46	110	174	2033	2018	2102	2036	2018	2014	2034	2055	2012	2020	2011	2039
304998	62	126	14	78	142	30	94	158	46	110	174	2044	2005	2087	2054	2039	2032	2056	2034	2039	2023	2008	2065
304998	62	126	14	78	142	30	94	158	46	110	174	2038	2007	2109	2046	2030	2000	2041	2044	2014	2022	2019	2047
304998	62	126	14	78	142	30	94	158	46	110	174	2020	2030	2152	2014	1991	1948	2017	2079	1977	2022	2034	2003
304998	62	126	14	78	142	30	94	158	46	110	174	1990	2038	2194	1987	1963	1914	1977	2106	1944	2017	2048	1964
304998	62	126	14	78	142	30	94	158	46	110	174	1994	2043	2175	1987	1967	1933	1982	2100	1956	2019	2047	1965
304998	62	126	14	78	142	30	94	158	46	110	174	2012	2023	2130	2014	1998	1987	2010	2071	1995	2018	2029	2023
304998	62	126	14	78	142	30	94	158	46	110	174	2042	2001	2083	2048	2020	2032	2048	2039	2036	2017	2010	2066
304998	62	126	14	78	142	30	94	158	46	110	174	2044	1998	2086	2056	2041	2016	2049	2032	2041	2020	2001	2064
304998	62	126	14	78	142	30	94	158	46	110	174	2035	2015	2131	2035	2005	1984	2037	2064	1999	2016	2018	2020
304998	62	126	14	78	142	30	94	158	46	110	174	2006	2037	2185	2001	1975	1932	1997	2094	1957	2021	2041	1968
304998	62	126	14	78	142	30	94	158	46	110	174	1997	2048	2185	1980	1964	1915	1995	2108	1941	2020	2054	1970
304998	62	126	14	78	142	30	94	158	46	110	174	2007	2040	2148	2003	1962	1960	2000	2085	1970	2020	2041	2001
304998	62	126	14	78	142	30	94	158	46	110	174	2025	2010	2101	2032	2009	1999	2036	2056	2023	2022	2014	2044
304998	62	126	14	78	142	30	94	158	46	110	174	2045	2004	2081	2055	2035	2034	2052	2041	2040	2019	2000	2063
304998	62	126	14	78	142	30	94	158	46	110	174	2041	2006	2108	2052	2019	2012	2056	2046	2023	2021	2016	2042
304998	62	126	14	78	142	30	94	158	46	110	174	2017	2028	2156	2019	1993	1954	2019	2078	1970	2021	2034	2002
304998	62	126	14	78	142	30	94	158	46	110	174	1999	2046	2184	1992	1962	1919	1988	2098	1943	2022	2045	1963
304998	62	126	14	78	142	30	94	158	46	110	174	1995	2039	2175	1988	1955	1932	1975	2098	1955	2020	2046	1967
304998	62	126	14	78	142	30	94	158	46	110	174	2012	2016	2137	2016	1998	1972	2002	2074	1992	2017	2028	2010
304998	62	126	14	78	142	30	94	158	46	110	174	2038	2001	2098	2044	2022	2028	2037	2039	2036	2018	2014	2059
304998	62	126	14	78	142	30	94	158	46	110	174	2042	2004	2094	2061	2031	2031	2056	2038	2035	2019	2003	2069
304998	62	126	14	78	142	30	94	158	46	110	174	2026	2015	2125	2038	2013	1986	2040	2051	2010	2020	2014	2031
304998	62	126	14	78	142	30	94	158	46	110	174	2009	2037	2162	2010	1976	1938	2001	2090	1954	2017	2036	1973
304998	62	126	14	78	142	30	94	158	46	110	174	1999	2035	2188	1982	1963	1914	1985	2103	1937	2017	2058	1957
304998	62	126	14	78	142	30	94	158	46	110	174	2002	2032	2161	1998	1978	1949	1987	2091	1961	2016	2041	1987
304998	62	126	14	78	142	30	94	158	46	110	174	2027	2013	2116	2028	2005	2003	2038	2061	2011	2016	2018	2042
304998	62	126	14	78	142	30	94	158	46	110	174	2035	2001	2093	2056	2036	2028	2059	2035	2046	2020	2001	2067
304998	62	126	14	78	142	30	94	158	46	110	174	2046	2013	2093	2054	2031	2006	2045	2049	2024	2019	2005	2040
304998	62	126	14	78	142	30	94	158	46	110	174	2019	2018	2145	2030	1981	1972	2021	2074	1979	2016	2031	2007
304998	62	126	14	78	142	30	94	158	46	110	174	1995	2031	2192	1995	1967	1923	1986	2101	1937	2020	2048	1967
304998	62	126	14	78	142	30	94	158	46	110	174	1997	2040	2183	1987	1966	1927	1994	2104	1952	2018	2047	1972
304998	62	126	14	78	142	30	94	158	46	110	174	2008	2024	2149	2014	1984	1970	2005	2079	1992	2019	2029	2008
304998	62	126	14	78	142	30	94	158	46	110	174	2033	2018	2091	2044	2026	2015	2040	2054	2027	2022	2012	2051
