304998	62	126	14	78	142	30	94	158	46	110	174	2045	2008	2082	2054	2032	2021	2054	2039	2035	2018	1999	2065
304998	62	126	14	78	142	30	94	158	46	110	174	2035	2013	2121	2033	2013	1980	2028	2057	1999	2022	2017	2021
304998	62	126	14	78	142	30	94	158	46	110	174	2008	2035	2176	2003	1979	1934	1996	2084	1960	2020	2047	1971
304998	62	126	14	78	142	30	94	158	46	110	174	1997	2044	2191	1987	1955	1926	1976	2112	1945	2017	2053	1963
304998	62	126	14	78	142	30	94	158	46	110	174	2003	2036	2161	1993	1983	1944	1989	2090	1970	2021	2042	1994
304998	62	126	14	78	142	30	94	158	46	110	174	2026	2023	2100	2029	2015	1999	2020	2062	2010	2019	2013	2037
304998	62	126	14	78	142	30	94	158	46	110	174	2046	2008	2076	2057	2042	2028	2065	2033	2041	2021	2004	2062
304998	62	126	14	78	142	30	94	158	46	110	174	2043	2004	2097	2050	2033	2009	2040	2035	2031	2020	2014	2048
304998	62	126	14	78	142	30	94	158	46	110	174	2026	2025	2148	2019	1996	1964	2025	2077	1983	2017	2035	2012
304998	62	126	14	78	142	30	94	158	46	110	174	1996	2041	2192	1992	1959	1927	1980	2097	1942	2021	2048	1968
304998	62	126	14	78	142	30	94	158	46	110	174	1995	2046	2180	1983	1967	1918	1972	2100	1942	2021	2047	1965
304998	62	126	14	78	142	30	94	158	46	110	174	2015	2033	2136	2008	1991	1972	2002	2073	1988	2017	2037	2009
304998	62	126	14	78	142	30	94	158	46	110	174	2034	2007	2092	2039	2026	2018	2031	2044	2038	2017	2014	2059
304998	62	126	14	78	142	30	94	158	46	110	174	2048	2001	2086	2053	2041	2029	2057	2043	2041	2017	2002	2075
304998	62	126	14	78	142	30	94	158	46	110	174	2033	2014	2126	2042	2008	1992	2032	2054	2005	2016	2017	2029
304998	62	126	14	78	142	30	94	158	46	110	174	2007	2038	2174	2005	1986	1935	1999	2086	1955	2020	2037	1983
304998	62	126	14	78	142	30	94	158	46	110	174	1998	2048	2184	1985	1958	1920	1981	2095	1937	2017	2057	1957
304998	62	126	14	78	142	30	94	158	46	110	174	2003	2039	2154	1998	1969	1945	1982	2088	1969	2017	2047	1993
304998	62	126	14	78	142	30	94	158	46	110	174	2023	2015	2113	2023	2014	1995	2016	2065	2011	2017	2019	2043
304998	62	126	14	78	142	30	94	158	46	110	174	2044	2001	2089	2051	2030	2026	2049	2038	2035	2017	1996	2061
304998	62	126	14	78	142	30	94	158	46	110	174	2039	2008	2103	2058	2038	2013	2045	2038	2023	2017	2008	2051
304998	62	126	14	78	142	30	94	158	46	110	174	2024	2033	2144	2025	2006	1964	2020	2059	1987	2021	2036	2007
304998	62	126	14	78	142	30	94	158	46	110	174	2004	2040	2172	1992	1965	1928	1981	2101	1952	2022	2051	1971
304998	62	126	14	78	142	30	94	158	46	110	174	2001	2045	2176	1981	1966	1923	1981	2104	1945	2018	2048	1970
304998	62	126	14	78	142	30	94	158	46	110	174	2013	2025	2142	2006	1991	1963	1997	2078	1984	2020	2033	2002
304998	62	126	14	78	142	30	94	158	46	110	174	2032	2005	2103	2039	2021	2014	2039	2047	2025	2021	2016	2048
304998	62	126	14	78	142	30	94	158	46	110	174	2045	2006	2087	2056	2041	2025	2054	2030	2044	2017	2009	2071
304998	62	126	14	78	142	30	94	158	46	110	174	2034	2018	2117	2042	2022	1997	2036	2050	2016	2018	2018	2044
304998	62	126	14	78	142	30	94	158	46	110	174	2016	2037	2152	2012	1981	1945	2008	2086	1966	2020	2033	1987
304998	62	126	14	78	142	30	94	158	46	110	174	2002	2042	2187	1985	1963	1916	1986	2100	1941	2018	2050	1954
304998	62	126	14	78	142	30	94	158	46	110	174	1999	2034	2168	1993	1973	1936	1988	2093	1953	2021	2048	1977
304998	62	126	14	78	142	30	94	158	46	110	174	2022	2020	2124	2022	2001	1986	2018	2063	2006	2020	2027	2029
304998	62	126	14	78	142	30	94	158	46	110	174	2029	2002	2093	2050	2040	2024	2040	2039	2041	2016	2006	2075
304998	62	126	14	78	142	30	94	158	46	110	174	2044	2009	2089	2050	2036	2022	2054	2048	2035	2018	2003	2057
304998	62	126	14	78	142	30	94	158	46	110	174	2032	2017	2140	2031	2007	1975	2025	2063	1986	2021	2026	2008
304998	62	126	14	78	142	30	94	158	46	110	174	2010	2037	2175	1998	1970	1926	1996	2095	1950	2022	2050	1970
304998	62	126	14	78	142	30	94	158	46	110	174	1997	2039	2187	1988	1951	1923	1990	2102	1944	2019	2053	1966
304998	62	126	14	78	142	30	94	158	46	110	174	1998	2029	2156	2000	1985	1958	1988	2083	1982	2017	2036	2003
304998	62	126	14	78	142	30	94	158	46	110	174	2033	2018	2102	2036	2018	2014	2034	2055	2012	2020	2011	2039
304998	62	126	14	78	142	30	94	158	46	110	174	2044	2005	2087	2054	2039	2032	2056	2034	2039	2023	2008	2065
304998	62	126	14	78	142	30	94	158	46	110	174	2038	2007	2109	2046	2030	2000	2041	2044	2014	2022	2019	2047
304998	62	126	14	78	142	30	94	158	46	110	174	2020	2030	2152	2014	1991	1948	2017	2079	1977	2022	2034	2003
304998	62	126	14	78	142	30	94	158	46	110	174	1990	2038	2194	1987	1963	1914	1977	2106	1944	2017	2048	1964
304998	62	126	14	78	142	30	94	158	46	110	174	1994	2043	2175	1987	1967	1933	1982	2100	1956	2019	2047	1965
304998	62	126	14	78	142	30	94	158	46	110	174	2012	2023	2130	2014	1998	1987	2010	2071	1995	2018	2029	2023
304998	62	126	14	78	142	30	94	158	46	110	174	2042	2001	2083	2048	2020	2032	2048	2039	2036	2017	2010	2066
304998	62	126	14	78	142	30	94	158	46	110	174	2044	1998	2086	2056	2041	2016	2049	2032	2041	2020	2001	2064
304998	62	126	14	78	142	30	94	158	46	110	174	2035	2015	2131	2035	2005	1984	2037	2064	1999	2016	2018	2020
304998	62	126	14	78	142	30	94	158	46	110	174	2006	2037	2185	2001	1975	1932	1997	2094	1957	2021	2041	1968
304998	62	126	14	78	142	30	94	158	46	110	174	1997	2048	2185	1980	1964	1915	1995	2108	1941	2020	2054	1970
304998	62	126	14	78	142	30	94	158	46	110	174	2007	2040	2148	2003	1962	1960	2000	2085	1970	2020	2041	2001
304998	62	126	14	78	142	30	94	158	46	110	174	2025	2010	2101	2032	2009	1999	2036	2056	2023	2022	2014	2044
304998	62	126	14	78	142	30	94	158	46	110	174	2045	2004	2081	2055	2035	2034	2052	2041	2040	2019	2000	2063
304998	62	126	14	78	142	30	94	158	46	110	174	2041	2006	2108	2052	2019	2012	2056	2046	2023	2021	2016	2042
304998	62	126	14	78	142	30	94	158	46	110	174	2017	2028	2156	2019	1993	1954	2019	2078	1970	2021	2034	2002
304998	62	126	14	78	142	30	94	158	46	110	174	1999	2046	2184	1992	1962	1919	1988	2098	1943	2022	2045	1963
304998	62	126	14	78	142	30	94	158	46	110	174	1995	2039	2175	1988	1955	1932	1975	2098	1955	2020	2046	1967
304998	62	126	14	78	142	30	94	158	46	110	174	2012	2016	2137	2016	1998	1972	2002	2074	1992	2017	2028	2010
304998	62	126	14	78	142	30	94	158	46	110	174	2038	2001	2098	2044	2022	2028	2037	2039	2036	2018	2014	2059
304998	62	126	14	78	142	30	94	158	46	110	174	2042	2004	2094	2061	2031	2031	2056	2038	2035	2019	2003	2069
304998	62	126	14	78	142	30	94	158	46	110	174	2026	2015	2125	2038	2013	1986	2040	2051	2010	2020	2014	2031
304998	62	126	14	78	142	30	94	158	46	110	174	2009	2037	2162	2010	1976	1938	2001	2090	1954	2017	2036	1973
304998	62	126	14	78	142	30	94	158	46	110	174	1999	2035	2188	1982	1963	1914	1985	2103	1937	2017	2058	1957
304998	62	126	14	78	142	30	94	158	46	110	174	2002	2032	2161	1998	1978	1949	1987	2091	1961	2016	2041	1987
304998	62	126	14	78	142	30	94	158	46	110	174	2027	2013	2116	2028	2005	2003	2038	2061	2011	2016	2018	2042
304998	62	126	14	78	142	30	94	158	46	110	174	2035	2001	2093	2056	2036	2028	2059	2035	2046	2020	2001	2067
304998	62	126	14	78	142	30	94	158	46	110	174	2046	2013	2093	2054	2031	2006	2045	2049	2024	2019	2005	2040
304998	62	126	14	78	142	30	94	158	46	110	174	2019	2018	2145	2030	1981	1972	2021	2074	1979	2016	2031	2007
304998	62	126	14	78	142	30	94	158	46	110	174	1995	2031	2192	1995	1967	1923	1986	2101	1937	2020	2048	1967
304998	62	126	14	78	142	30	94	158	46	110	174	1997	2040	2183	1987	1966	1927	1994	2104	1952	2018	2047	1972
304998	62	126	14	78	142	30	94	158	46	110	174	2008	2024	2149	2014	1984	1970	2005	2079	1992	2019	2029	2008
304998	62	126	14	78	142	30	94	158	46	110	174	2033	2018	2091	2044	2026	2015	2040	2054	2027	2022	2012	2051
304998	62	126	14	78	142	30	94	158	46	110	174	2042	2004	2082	2064	2026	2033	2056	2037	2040	2017	2007	2071
304998	62	126	14	78	142	30	94	158	46	110	174	2036	2008	2118	2043	2017	1992	2038	2048	2004	2019	2015	2040
304998	62	126	14	78	142	30	94	158	46	110	174	2014	2026	2168	2008	1983	1944	2003	2083	1970	2022	2035	1981
304998	62	126	14	78	142	30	94	158	46	110	174	1993	2038	2200	1998	1955	1915	1973	2103	1946	2019	2049	1956
304998	62	126	14	78	142	30	94	158	46	110	174	1997	2039	2169	1996	1976	1937	1984	2091	1956	2021	2048	1983
304998	62	126	14	78	142	30	94	158	46	110	174	2020	2020	2115	2032	1999	1996	2017	2060	2005	2019	2023	2038
304998	62	126	14	78	142	30	94	158	46	110	174	2043	2003	2080	2056	2036	2034	2053	2035	2038	2022	2000	2073
304998	62	126	14	78	142	30	94	158	46	110	174	2041	2001	2093	2054	2031	2017	2048	2044	2033	2020	1998	2053
304998	62	126	14	78	142	30	94	158	46	110	174	2026	2016	2147	2033	2001	1975	2036	2067	1982	2022	2025	2004
304998	62	126	14	78	142	30	94	158	46	110	174	1999	2036	2188	1995	1969	1917	1994	2096	1937	2017	2048	1968
304998	62	126	14	78	142	30	94	158	46	110	174	1994	2042	2180	1984	1962	1921	1985	2102	1937	2020	2054	1974
304998	62	126	14	78	142	30	94	158	46	110	174	2017	2027	2143	2008	1986	1967	2012	2077	1985	2021	2029	2001
304998	62	126	14	78	142	30	94	158	46	110	174	2031	2004	2099	2042	2028	2011	2031	2051	2032	2017	2006	2047
304998	62	126	14	78	142	30	94	158	46	110	174	2045	1999	2088	2063	2040	2033	2065	2039	2039	2019	2008	2067
304998	62	126	14	78	142	30	94	158	46	110	174	2033	2007	2124	2050	2017	2002	2043	2048	2012	2019	2012	2042
304998	62	126	14	78	142	30	94	158	46	110	174	2010	2033	2159	2013	1992	1945	2008	2074	1965	2017	2036	1992
304998	62	126	14	78	142	30	94	158	46	110	174	2000	2038	2183	1988	1955	1921	1983	2102	1946	2020	2044	1955
304998	62	126	14	78	142	30	94	158	46	110	174	1997	2034	2177	1990	1970	1935	1984	2094	1956	2022	2050	1972
304998	62	126	14	78	142	30	94	158	46	110	174	2022	2019	2126	2019	2002	1985	2017	2071	2002	2022	2027	2028
304998	62	126	14	78	142	30	94	158	46	110	174	2032	2005	2094	2057	2022	2035	2043	2037	2039	2018	2006	2071
304998	62	126	14	78	142	30	94	158	46	110	174	2041	2008	2087	2054	2040	2022	2056	2032	2036	2022	2004	2058
304998	62	126	14	78	142	30	94	158	46	110	174	2030	2023	2130	2032	2004	1977	2033	2068	1998	2018	2024	2009
304998	62	126	14	78	142	30	94	158	46	110	174	2008	2035	2176	2004	1972	1924	2004	2097	1952	2022	2051	1972
304998	62	126	14	78	142	30	94	158	46	110	174	1996	2039	2190	1987	1968	1916	1981	2103	1937	2022	2054	1965
304998	62	126	14	78	142	30	94	158	46	110	174	2005	2024	2161	2001	1971	1959	1998	2081	1969	2018	2036	1999
304998	62	126	14	78	142	30	94	158	46	110	174	2031	2017	2104	2036	2022	2007	2041	2049	2029	2017	2012	2049
304998	62	126	14	78	142	30	94	158	46	110	174	2048	2008	2074	2056	2039	2033	2054	2035	2039	2018	2004	2062
304998	62	126	14	78	142	30	94	158	46	110	174	2042	2012	2099	2051	2028	2001	2048	2052	2017	2016	2015	2044
304998	62	126	14	78	142	30	94	158	46	110	174	2019	2021	2158	2016	1998	1953	2013	2076	1970	2018	2029	2003
304998	62	126	14	78	142	30	94	158	46	110	174	2000	2040	2199	1986	1969	1916	1987	2099	1944	2022	2045	1962
304998	62	126	14	78	142	30	94	158	46	110	174	1992	2037	2187	1989	1964	1931	1981	2102	1955	2019	2047	1966
304998	62	126	14	78	142	30	94	158	46	110	174	2017	2029	2126	2016	1999	1975	2018	2070	1995	2016	2034	2023
304998	62	126	14	78	142	30	94	158	46	110	174	2042	2003	2082	2051	2031	2022	2043	2039	2030	2022	2008	2071
304998	62	126	14	78	142	30	94	158	46	110	174	2045	1997	2089	2058	2046	2025	2052	2034	2034	2017	2000	2065
304998	62	126	14	78	142	30	94	158	46	110	174	2035	2017	2131	2038	2016	1991	2041	2057	2006	2017	2013	2014
304998	62	126	14	78	142	30	94	158	46	110	174	2005	2035	2183	2002	1980	1928	2006	2092	1952	2022	2044	1971
304998	62	126	14	78	142	30	94	158	46	110	174	1999	2051	2187	1986	1965	1909	1980	2104	1936	2020	2052	1970
304998	62	126	14	78	142	30	94	158	46	110	174	2009	2037	2151	2001	1974	1956	2007	2094	1966	2022	2038	1991
304998	62	126	14	78	142	30	94	158	46	110	174	2023	2006	2109	2032	2018	2002	2031	2049	2019	2017	2011	2036
304998	62	126	14	78	142	30	94	158	46	110	174	2046	1999	2083	2059	2037	2036	2060	2038	2040	2018	2004	2064
304998	62	126	14	78	142	30	94	158	46	110	174	2041	2008	2106	2054	2029	2010	2055	2045	2025	2019	2013	2054
304998	62	126	14	78	142	30	94	158	46	110	174	2027	2034	2146	2023	2002	1952	2036	2077	1972	2019	2031	2008
304998	62	126	14	78	142	30	94	158	46	110	174	2006	2044	2181	1992	1961	1918	1989	2095	1936	2022	2042	1962
304998	62	126	14	78	142	30	94	158	46	110	174	1994	2040	2176	1985	1961	1930	1972	2100	1951	2017	2044	1959
304998	62	126	14	78	142	30	94	158	46	110	174	2015	2019	2140	2013	1989	1971	2003	2074	1990	2022	2033	2010
304998	62	126	14	78	142	30	94	158	46	110	174	2034	2004	2102	2046	2022	2021	2036	2042	2033	2020	2013	2061
304998	62	126	14	78	142	30	94	158	46	110	174	2043	2003	2089	2063	2044	2027	2060	2034	2038	2018	1994	2071
304998	62	126	14	78	142	30	94	158	46	110	174	2040	2023	2112	2041	2018	1994	2041	2052	2006	2022	2009	2026
304998	62	126	14	78	142	30	94	158	46	110	174	2017	2032	2163	2009	1985	1936	2001	2090	1956	2018	2041	1976
304998	62	126	14	78	142	30	94	158	46	110	174	2002	2038	2191	1986	1955	1913	1985	2105	1937	2022	2054	1964
304998	62	126	14	78	142	30	94	158	46	110	174	2005	2034	2170	1994	1968	1942	1994	2093	1956	2020	2040	1987
304998	62	126	14	78	142	30	94	158	46	110	174	2026	2016	2118	2025	2016	1994	2023	2062	2011	2020	2014	2034
304998	62	126	14	78	142	30	94	158	46	110	174	2044	2008	2078	2057	2042	2029	2050	2034	2045	2022	2004	2063
304998	62	126	14	78	142	30	94	158	46	110	174	2047	2007	2088	2057	2034	2016	2066	2040	2027	2020	2011	2056
304998	62	126	14	78	142	30	94	158	46	110	174	2026	2017	2145	2022	2004	1961	2018	2070	1981	2019	2025	2011
304998	62	126	14	78	142	30	94	158	46	110	174	2006	2040	2189	1993	1965	1916	1992	2101	1936	2021	2042	1962
304998	62	126	14	78	142	30	94	158	46	110	174	1998	2043	2191	1983	1963	1921	1987	2104	1950	2017	2044	1957
304998	62	126	14	78	142	30	94	158	46	110	174	2009	2035	2141	2004	1997	1965	2005	2082	1981	2017	2032	2007
304998	62	126	14	78	142	30	94	158	46	110	174	2034	2012	2084	2045	2021	2017	2042	2045	2025	2020	2014	2056
304998	62	126	14	78	142	30	94	158	46	110	174	2045	1993	2082	2062	2047	2030	2052	2028	2042	2021	1997	2068
304998	62	126	14	78	142	30	94	158	46	110	174	2046	2012	2114	2048	2031	1988	2062	2050	2016	2021	2011	2037
304998	62	126	14	78	142	30	94	158	46	110	174	2017	2028	2169	2017	1981	1940	2006	2086	1963	2021	2037	1979
304998	62	126	14	78	142	30	94	158	46	110	174	2000	2051	2191	1984	1967	1914	1982	2108	1931	2021	2049	1962
304998	62	126	14	78	142	30	94	158	46	110	174	2002	2040	2167	1990	1963	1941	1986	2095	1956	2022	2041	1983
304998	62	126	14	78	142	30	94	158	46	110	174	2021	2015	2118	2021	2011	1991	2022	2057	2009	2017	2016	2030
304998	62	126	14	78	142	30	94	158	46	110	174	2049	2003	2085	2050	2041	2025	2065	2040	2043	2020	2004	2062
304998	62	126	14	78	142	30	94	158	46	110	174	2044	2002	2099	2061	2032	2025	2049	2037	2031	2018	2012	2061
304998	62	126	14	78	142	30	94	158	46	110	174	2028	2025	2137	2033	2007	1969	2031	2068	1986	2021	2020	2015
304998	62	126	14	78	142	30	94	158	46	110	174	2002	2040	2184	1996	1964	1922	1988	2092	1943	2023	2041	1968
304998	62	126	14	78	142	30	94	158	46	110	174	1998	2040	2178	1986	1957	1924	1977	2101	1943	2021	2044	1951
304998	62	126	14	78	142	30	94	158	46	110	174	2008	2026	2147	2000	1984	1959	1995	2084	1975	2019	2036	1996
304998	62	126	14	78	142	30	94	158	46	110	174	2030	2005	2103	2042	2017	2021	2030	2051	2022	2016	2015	2051
304998	62	126	14	78	142	30	94	158	46	110	174	2042	1998	2088	2065	2045	2032	2060	2028	2038	2022	1998	2073
304998	62	126	14	78	142	30	94	158	46	110	174	2039	2016	2109	2050	2026	2000	2049	2042	2019	2018	2007	2036
304998	62	126	14	78	142	30	94	158	46	110	174	2019	2032	2156	2016	1986	1946	2012	2087	1969	2020	2033	1983
304998	62	126	14	78	142	30	94	158	46	110	174	2000	2039	2183	1986	1962	1915	1980	2104	1939	2017	2053	1962
304998	62	126	14	78	142	30	94	158	46	110	174	1999	2038	2176	1985	1965	1938	1993	2102	1946	2018	2046	1979
304998	62	126	14	78	142	30	94	158	46	110	174	2012	2021	2137	2018	1994	1986	2012	2066	1996	2017	2022	2019
304998	62	126	14	78	142	30	94	158	46	110	174	2042	2005	2087	2053	2037	2022	2046	2038	2045	2020	2000	2056
304998	62	126	14	78	142	30	94	158	46	110	174	2051	2008	2080	2063	2047	2023	2066	2039	2040	2021	2004	2064
304998	62	126	14	78	142	30	94	158	46	110	174	2033	2012	2124	2038	2018	1974	2045	2061	1992	2021	2022	2028
304998	62	126	14	78	142	30	94	158	46	110	174	2008	2037	2178	1995	1975	1930	2000	2097	1943	2018	2038	1974
304998	62	126	14	78	142	30	94	158	46	110	174	1997	2042	2196	1986	1939	1928	1978	2107	1940	2017	2045	1954
304998	62	126	14	78	142	30	94	158	46	110	174	1998	2031	2162	2001	1974	1950	1986	2093	1969	2018	2040	1991
304998	62	126	14	78	142	30	94	158	46	110	174	2031	2016	2109	2032	2023	2013	2043	2053	2018	2023	2018	2050
304998	62	126	14	78	142	30	94	158	46	110	174	2046	1996	2086	2066	2045	2032	2052	2033	2038	2017	1997	2072
304998	62	126	14	78	142	30	94	158	46	110	174	2042	2001	2104	2055	2034	2005	2048	2036	2023	2017	2001	2044
304998	62	126	14	78	142	30	94	158	46	110	174	2011	2019	2162	2021	1981	1962	2009	2075	1983	2020	2029	1992
