304998	62	126	14	78	142	30	94	158	46	110	174	2026	2016	2147	2033	2001	1975	2036	2067	1982	2022	2025	2004
304998	62	126	14	78	142	30	94	158	46	110	174	1999	2036	2188	1995	1969	1917	1994	2096	1937	2017	2048	1968
304998	62	126	14	78	142	30	94	158	46	110	174	1994	2042	2180	1984	1962	1921	1985	2102	1937	2020	2054	1974
304998	62	126	14	78	142	30	94	158	46	110	174	2017	2027	2143	2008	1986	1967	2012	2077	1985	2021	2029	2001
304998	62	126	14	78	142	30	94	158	46	110	174	2031	2004	2099	2042	2028	2011	2031	2051	2032	2017	2006	2047
304998	62	126	14	78	142	30	94	158	46	110	174	2045	1999	2088	2063	2040	2033	2065	2039	2039	2019	2008	2067
304998	62	126	14	78	142	30	94	158	46	110	174	2033	2007	2124	2050	2017	2002	2043	2048	2012	2019	2012	2042
304998	62	126	14	78	142	30	94	158	46	110	174	2010	2033	2159	2013	1992	1945	2008	2074	1965	2017	2036	1992
304998	62	126	14	78	142	30	94	158	46	110	174	2000	2038	2183	1988	1955	1921	1983	2102	1946	2020	2044	1955
304998	62	126	14	78	142	30	94	158	46	110	174	1997	2034	2177	1990	1970	1935	1984	2094	1956	2022	2050	1972
304998	62	126	14	78	142	30	94	158	46	110	174	2022	2019	2126	2019	2002	1985	2017	2071	2002	2022	2027	2028
304998	62	126	14	78	142	30	94	158	46	110	174	2032	2005	2094	2057	2022	2035	2043	2037	2039	2018	2006	2071
304998	62	126	14	78	142	30	94	158	46	110	174	2041	2008	2087	2054	2040	2022	2056	2032	2036	2022	2004	2058
304998	62	126	14	78	142	30	94	158	46	110	174	2030	2023	2130	2032	2004	1977	2033	2068	1998	2018	2024	2009
304998	62	126	14	78	142	30	94	158	46	110	174	2008	2035	2176	2004	1972	1924	2004	2097	1952	2022	2051	1972
304998	62	126	14	78	142	30	94	158	46	110	174	1996	2039	2190	1987	1968	1916	1981	2103	1937	2022	2054	1965
304998	62	126	14	78	142	30	94	158	46	110	174	2005	2024	2161	2001	1971	1959	1998	2081	1969	2018	2036	1999
304998	62	126	14	78	142	30	94	158	46	110	174	2031	2017	2104	2036	2022	2007	2041	2049	2029	2017	2012	2049
304998	62	126	14	78	142	30	94	158	46	110	174	2048	2008	2074	2056	2039	2033	2054	2035	2039	2018	2004	2062
304998	62	126	14	78	142	30	94	158	46	110	174	2042	2012	2099	2051	2028	2001	2048	2052	2017	2016	2015	2044
304998	62	126	14	78	142	30	94	158	46	110	174	2019	2021	2158	2016	1998	1953	2013	2076	1970	2018	2029	2003
304998	62	126	14	78	142	30	94	158	46	110	174	2000	2040	2199	1986	1969	1916	1987	2099	1944	2022	2045	1962
304998	62	126	14	78	142	30	94	158	46	110	174	1992	2037	2187	1989	1964	1931	1981	2102	1955	2019	2047	1966
304998	62	126	14	78	142	30	94	158	46	110	174	2017	2029	2126	2016	1999	1975	2018	2070	1995	2016	2034	2023
304998	62	126	14	78	142	30	94	158	46	110	174	2042	2003	2082	2051	2031	2022	2043	2039	2030	2022	2008	2071
304998	62	126	14	78	142	30	94	158	46	110	174	2045	1997	2089	2058	2046	2025	2052	2034	2034	2017	2000	2065
304998	62	126	14	78	142	30	94	158	46	110	174	2035	2017	2131	2038	2016	1991	2041	2057	2006	2017	2013	2014
304998	62	126	14	78	142	30	94	158	46	110	174	2005	2035	2183	2002	1980	1928	2006	2092	1952	2022	2044	1971
304998	62	126	14	78	142	30	94	158	46	110	174	1999	2051	2187	1986	1965	1909	1980	2104	1936	2020	2052	1970
304998	62	126	14	78	142	30	94	158	46	110	174	2009	2037	2151	2001	1974	1956	2007	2094	1966	2022	2038	1991
304998	62	126	14	78	142	30	94	158	46	110	174	2023	2006	2109	2032	2018	2002	2031	2049	2019	2017	2011	2036
304998	62	126	14	78	142	30	94	158	46	110	174	2046	1999	2083	2059	2037	2036	2060	2038	2040	2018	2004	2064
304998	62	126	14	78	142	30	94	158	46	110	174	2041	2008	2106	2054	2029	2010	2055	2045	2025	2019	2013	2054
304998	62	126	14	78	142	30	94	158	46	110	174	2027	2034	2146	2023	2002	1952	2036	2077	1972	2019	2031	2008
304998	62	126	14	78	142	30	94	158	46	110	174	2006	2044	2181	1992	1961	1918	1989	2095	1936	2022	2042	1962
304998	62	126	14	78	142	30	94	158	46	110	174	1994	2040	2176	1985	1961	1930	1972	2100	1951	2017	2044	1959
304998	62	126	14	78	142	30	94	158	46	110	174	2015	2019	2140	2013	1989	1971	2003	2074	1990	2022	2033	2010
304998	62	126	14	78	142	30	94	158	46	110	174	2034	2004	2102	2046	2022	2021	2036	2042	2033	2020	2013	2061
304998	62	126	14	78	142	30	94	158	46	110	174	2043	2003	2089	2063	2044	2027	2060	2034	2038	2018	1994	2071
304998	62	126	14	78	142	30	94	158	46	110	174	2040	2023	2112	2041	2018	1994	2041	2052	2006	2022	2009	2026
304998	62	126	14	78	142	30	94	158	46	110	174	2017	2032	2163	2009	1985	1936	2001	2090	1956	2018	2041	1976
304998	62	126	14	78	142	30	94	158	46	110	174	2002	2038	2191	1986	1955	1913	1985	2105	1937	2022	2054	1964
304998	62	126	14	78	142	30	94	158	46	110	174	2005	2034	2170	1994	1968	1942	1994	2093	1956	2020	2040	1987
304998	62	126	14	78	142	30	94	158	46	110	174	2026	2016	2118	2025	2016	1994	2023	2062	2011	2020	2014	2034
304998	62	126	14	78	142	30	94	158	46	110	174	2044	2008	2078	2057	2042	2029	2050	2034	2045	2022	2004	2063
304998	62	126	14	78	142	30	94	158	46	110	174	2047	2007	2088	2057	2034	2016	2066	2040	2027	2020	2011	2056
304998	62	126	14	78	142	30	94	158	46	110	174	2026	2017	2145	2022	2004	1961	2018	2070	1981	2019	2025	2011
304998	62	126	14	78	142	30	94	158	46	110	174	2006	2040	2189	1993	1965	1916	1992	2101	1936	2021	2042	1962
304998	62	126	14	78	142	30	94	158	46	110	174	1998	2043	2191	1983	1963	1921	1987	2104	1950	2017	2044	1957
304998	62	126	14	78	142	30	94	158	46	110	174	2009	2035	2141	2004	1997	1965	2005	2082	1981	2017	2032	2007
304998	62	126	14	78	142	30	94	158	46	110	174	2034	2012	2084	2045	2021	2017	2042	2045	2025	2020	2014	2056
304998	62	126	14	78	142	30	94	158	46	110	174	2045	1993	2082	2062	2047	2030	2052	2028	2042	2021	1997	2068
304998	62	126	14	78	142	30	94	158	46	110	174	2046	2012	2114	2048	2031	1988	2062	2050	2016	2021	2011	2037
304998	62	126	14	78	142	30	94	158	46	110	174	2017	2028	2169	2017	1981	1940	2006	2086	1963	2021	2037	1979
304998	62	126	14	78	142	30	94	158	46	110	174	2000	2051	2191	1984	1967	1914	1982	2108	1931	2021	2049	1962
304998	62	126	14	78	142	30	94	158	46	110	174	2002	2040	2167	1990	1963	1941	1986	2095	1956	2022	2041	1983
304998	62	126	14	78	142	30	94	158	46	110	174	2021	2015	2118	2021	2011	1991	2022	2057	2009	2017	2016	2030
304998	62	126	14	78	142	30	94	158	46	110	174	2049	2003	2085	2050	2041	2025	2065	2040	2043	2020	2004	2062
304998	62	126	14	78	142	30	94	158	46	110	174	2044	2002	2099	2061	2032	2025	2049	2037	2031	2018	2012	2061
304998	62	126	14	78	142	30	94	158	46	110	174	2028	2025	2137	2033	2007	1969	2031	2068	1986	2021	2020	2015
304998	62	126	14	78	142	30	94	158	46	110	174	2002	2040	2184	1996	1964	1922	1988	2092	1943	2023	2041	1968
304998	62	126	14	78	142	30	94	158	46	110	174	1998	2040	2178	1986	1957	1924	1977	2101	1943	2021	2044	1951
304998	62	126	14	78	142	30	94	158	46	110	174	2008	2026	2147	2000	1984	1959	1995	2084	1975	2019	2036	1996
304998	62	126	14	78	142	30	94	158	46	110	174	2030	2005	2103	2042	2017	2021	2030	2051	2022	2016	2015	2051
304998	62	126	14	78	142	30	94	158	46	110	174	2042	1998	2088	2065	2045	2032	2060	2028	2038	2022	1998	2073
304998	62	126	14	78	142	30	94	158	46	110	174	2039	2016	2109	2050	2026	2000	2049	2042	2019	2018	2007	2036
304998	62	126	14	78	142	30	94	158	46	110	174	2019	2032	2156	2016	1986	1946	2012	2087	1969	2020	2033	1983
304998	62	126	14	78	142	30	94	158	46	110	174	2000	2039	2183	1986	1962	1915	1980	2104	1939	2017	2053	1962
304998	62	126	14	78	142	30	94	158	46	110	174	1999	2038	2176	1985	1965	1938	1993	2102	1946	2018	2046	1979
304998	62	126	14	78	142	30	94	158	46	110	174	2012	2021	2137	2018	1994	1986	2012	2066	1996	2017	2022	2019
304998	62	126	14	78	142	30	94	158	46	110	174	2042	2005	2087	2053	2037	2022	2046	2038	2045	2020	2000	2056
304998	62	126	14	78	142	30	94	158	46	110	174	2051	2008	2080	2063	2047	2023	2066	2039	2040	2021	2004	2064
304998	62	126	14	78	142	30	94	158	46	110	174	2033	2012	2124	2038	2018	1974	2045	2061	1992	2021	2022	2028
304998	62	126	14	78	142	30	94	158	46	110	174	2008	2037	2178	1995	1975	1930	2000	2097	1943	2018	2038	1974
304998	62	126	14	78	142	30	94	158	46	110	174	1997	2042	2196	1986	1939	1928	1978	2107	1940	2017	2045	1954
304998	62	126	14	78	142	30	94	158	46	110	174	1998	2031	2162	2001	1974	1950	1986	2093	1969	2018	2040	1991
304998	62	126	14	78	142	30	94	158	46	110	174	2031	2016	2109	2032	2023	2013	2043	2053	2018	2023	2018	2050
304998	62	126	14	78	142	30	94	158	46	110	174	2046	1996	2086	2066	2045	2032	2052	2033	2038	2017	1997	2072
304998	62	126	14	78	142	30	94	158	46	110	174	2042	2001	2104	2055	2034	2005	2048	2036	2023	2017	2001	2044
304998	62	126	14	78	142	30	94	158	46	110	174	2011	2019	2162	2021	1981	1962	2009	2075	1983	2020	2029	1992
304998	62	126	14	78	142	30	94	158	46	110	174	1993	2039	2195	1990	1964	1914	1981	2108	1936	2017	2053	1959
304998	62	126	14	78	142	30	94	158	46	110	174	2002	2043	2183	1985	1958	1935	1980	2101	1947	2020	2044	1973
304998	62	126	14	78	142	30	94	158	46	110	174	2019	2022	2126	2015	1999	1986	2010	2071	1993	2021	2025	2018
304998	62	126	14	78	142	30	94	158	46	110	174	2038	1997	2092	2054	2025	2028	2048	2039	2044	2018	2003	2063
304998	62	126	14	78	142	30	94	158	46	110	174	2043	1997	2089	2061	2045	2020	2058	2033	2040	2022	2008	2065
304998	62	126	14	78	142	30	94	158	46	110	174	2037	2015	2131	2044	2011	1988	2041	2060	2000	2020	2021	2028
304998	62	126	14	78	142	30	94	158	46	110	174	2008	2036	2175	2002	1978	1932	2001	2090	1954	2017	2038	1979
304998	62	126	14	78	142	30	94	158	46	110	174	1994	2044	2191	1980	1950	1926	1984	2106	1944	2016	2048	1954
304998	62	126	14	78	142	30	94	158	46	110	174	1995	2024	2169	2000	1963	1950	1987	2094	1969	2016	2042	1979
304998	62	126	14	78	142	30	94	158	46	110	174	2024	2011	2114	2029	2018	2000	2025	2061	2010	2020	2019	2042
304998	62	126	14	78	142	30	94	158	46	110	174	2045	1998	2098	2066	2040	2036	2068	2030	2038	2020	2001	2078
304998	62	126	14	78	142	30	94	158	46	110	174	2044	2009	2097	2061	2034	2017	2060	2039	2028	2021	2000	2051
304998	62	126	14	78	142	30	94	158	46	110	174	2026	2028	2143	2024	1986	1964	2022	2072	1986	2022	2025	1993
304998	62	126	14	78	142	30	94	158	46	110	174	2000	2035	2190	1993	1959	1920	1983	2103	1940	2020	2050	1964
304998	62	126	14	78	142	30	94	158	46	110	174	2000	2042	2189	1979	1963	1924	1983	2104	1945	2017	2053	1969
304998	62	126	14	78	142	30	94	158	46	110	174	2009	2016	2154	2007	1986	1977	2009	2076	1986	2018	2028	2012
304998	62	126	14	78	142	30	94	158	46	110	174	2036	2010	2091	2046	2033	2019	2047	2045	2034	2019	2005	2056
304998	62	126	14	78	142	30	94	158	46	110	174	2048	2003	2079	2063	2044	2026	2063	2037	2041	2020	2004	2062
304998	62	126	14	78	142	30	94	158	46	110	174	2033	2011	2110	2048	2018	1991	2051	2054	2005	2019	2018	2036
304998	62	126	14	78	142	30	94	158	46	110	174	2015	2028	2178	2007	1981	1938	2007	2086	1956	2021	2034	1992
304998	62	126	14	78	142	30	94	158	46	110	174	1985	2037	2207	1984	1944	1922	1971	2105	1944	2020	2049	1958
304998	62	126	14	78	142	30	94	158	46	110	174	1992	2039	2176	1989	1970	1942	1979	2098	1968	2018	2046	1972
304998	62	126	14	78	142	30	94	158	46	110	174	2018	2018	2114	2028	2005	1993	2020	2060	2009	2022	2025	2031
304998	62	126	14	78	142	30	94	158	46	110	174	2049	2004	2088	2064	2036	2026	2053	2034	2038	2017	2003	2079
304998	62	126	14	78	142	30	94	158	46	110	174	2044	1999	2097	2062	2044	2017	2052	2033	2026	2021	2004	2064
304998	62	126	14	78	142	30	94	158	46	110	174	2023	2017	2147	2029	1994	1975	2031	2066	1994	2018	2021	2005
304998	62	126	14	78	142	30	94	158	46	110	174	1994	2042	2192	1991	1962	1922	1993	2103	1942	2020	2051	1961
304998	62	126	14	78	142	30	94	158	46	110	174	1996	2048	2182	1982	1955	1917	1976	2113	1937	2016	2055	1967
304998	62	126	14	78	142	30	94	158	46	110	174	2014	2023	2146	2009	1985	1966	2005	2083	1979	2020	2033	2007
304998	62	126	14	78	142	30	94	158	46	110	174	2028	2002	2098	2041	2032	2017	2040	2044	2037	2020	2007	2054
304998	62	126	14	78	142	30	94	158	46	110	174	2045	2002	2086	2069	2040	2034	2072	2037	2041	2019	2000	2061
304998	62	126	14	78	142	30	94	158	46	110	174	2031	2014	2115	2051	2026	1994	2046	2048	2009	2017	2015	2044
304998	62	126	14	78	142	30	94	158	46	110	174	2018	2038	2158	2008	1990	1948	2006	2086	1965	2022	2039	1994
304998	62	126	14	78	142	30	94	158	46	110	174	1994	2042	2189	1982	1958	1914	1983	2108	1943	2019	2048	1958
304998	62	126	14	78	142	30	94	158	46	110	174	1992	2037	2176	1986	1966	1937	1985	2101	1963	2021	2044	1963
304998	62	126	14	78	142	30	94	158	46	110	174	2017	2020	2134	2022	1999	1991	2012	2061	2003	2016	2027	2025
304998	62	126	14	78	142	30	94	158	46	110	174	2036	2004	2089	2056	2047	2022	2051	2031	2039	2019	2001	2079
304998	62	126	14	78	142	30	94	158	46	110	174	2048	2007	2092	2064	2050	2025	2064	2029	2035	2018	1997	2062
304998	62	126	14	78	142	30	94	158	46	110	174	2025	2014	2132	2040	2008	1975	2032	2059	2001	2017	2018	2005
304998	62	126	14	78	142	30	94	158	46	110	174	2002	2036	2187	1989	1968	1929	1996	2110	1949	2018	2049	1963
304998	62	126	14	78	142	30	94	158	46	110	174	1985	2043	2200	1980	1948	1923	1970	2112	1937	2022	2056	1969
304998	62	126	14	78	142	30	94	158	46	110	174	2000	2030	2154	1996	1978	1955	1993	2083	1973	2019	2036	2002
304998	62	126	14	78	142	30	94	158	46	110	174	2031	2014	2094	2037	2017	2017	2039	2040	2030	2020	2010	2044
304998	62	126	14	78	142	30	94	158	46	110	174	2051	1996	2075	2064	2048	2032	2065	2034	2041	2016	1999	2063
304998	62	126	14	78	142	30	94	158	46	110	174	2040	2005	2109	2058	2029	2001	2049	2043	2018	2021	2015	2045
304998	62	126	14	78	142	30	94	158	46	110	174	2012	2026	2163	2023	1982	1949	2013	2081	1965	2020	2031	1994
304998	62	126	14	78	142	30	94	158	46	110	174	1993	2049	2187	1980	1956	1915	1983	2107	1942	2020	2050	1961
304998	62	126	14	78	142	30	94	158	46	110	174	1996	2042	2170	1976	1955	1939	1970	2105	1954	2017	2048	1965
304998	62	126	14	78	142	30	94	158	46	110	174	2016	2020	2125	2014	1995	1978	2007	2078	1998	2022	2032	2019
304998	62	126	14	78	142	30	94	158	46	110	174	2039	1995	2092	2053	2039	2019	2051	2035	2030	2020	2002	2069
304998	62	126	14	78	142	30	94	158	46	110	174	2047	2001	2094	2069	2047	2020	2074	2026	2031	2020	1994	2062
304998	62	126	14	78	142	30	94	158	46	110	174	2031	2020	2125	2042	2020	1979	2033	2054	2002	2022	2014	2017
304998	62	126	14	78	142	30	94	158	46	110	174	2008	2036	2174	1989	1970	1934	1993	2100	1951	2016	2048	1975
304998	62	126	14	78	142	30	94	158	46	110	174	1995	2042	2188	1971	1948	1919	1972	2115	1941	2020	2058	1965
304998	62	126	14	78	142	30	94	158	46	110	174	2004	2033	2162	1991	1977	1951	1995	2091	1968	2018	2042	1997
304998	62	126	14	78	142	30	94	158	46	110	174	2026	2016	2108	2032	2018	1997	2033	2048	2019	2021	2011	2035
304998	62	126	14	78	142	30	94	158	46	110	174	2051	2004	2076	2062	2053	2030	2059	2031	2041	2021	2002	2066
304998	62	126	14	78	142	30	94	158	46	110	174	2047	2008	2093	2060	2035	2008	2060	2045	2020	2018	2013	2060
304998	62	126	14	78	142	30	94	158	46	110	174	2017	2022	2154	2018	1993	1957	2014	2076	1970	2019	2031	2006
304998	62	126	14	78	142	30	94	158	46	110	174	1998	2045	2192	1982	1959	1920	1985	2103	1942	2021	2048	1957
304998	62	126	14	78	142	30	94	158	46	110	174	1995	2045	2194	1975	1958	1928	1973	2109	1957	2018	2054	1964
304998	62	126	14	78	142	30	94	158	46	110	174	2014	2033	2130	2003	1997	1973	2000	2084	1987	2018	2035	2014
304998	62	126	14	78	142	30	94	158	46	110	174	2039	2005	2084	2053	2022	2018	2049	2036	2028	2019	2006	2067
304998	62	126	14	78	142	30	94	158	46	110	174	2046	1995	2078	2070	2043	2021	2058	2020	2034	2018	1999	2066
304998	62	126	14	78	142	30	94	158	46	110	174	2035	2012	2130	2047	2023	1987	2043	2051	2007	2017	2015	2026
304998	62	126	14	78	142	30	94	158	46	110	174	2003	2036	2175	2001	1973	1941	1994	2095	1967	2021	2050	1983
304998	62	126	14	78	142	30	94	158	46	110	174	1993	2054	2190	1965	1954	1923	1983	2119	1942	2018	2055	1962
304998	62	126	14	78	142	30	94	158	46	110	174	1996	2034	2163	1986	1962	1946	1976	2096	1962	2022	2040	1985
304998	62	126	14	78	142	30	94	158	46	110	174	2027	2014	2106	2025	2016	1995	2022	2055	2011	2019	2016	2036
304998	62	126	14	78	142	30	94	158	46	110	174	2047	2000	2090	2067	2048	2028	2060	2028	2041	2021	2005	2072
304998	62	126	14	78	142	30	94	158	46	110	174	2040	2004	2100	2064	2041	2013	2056	2033	2025	2017	2010	2060
304998	62	126	14	78	142	30	94	158	46	110	174	2025	2032	2142	2023	2003	1968	2028	2075	1976	2020	2028	2009
304998	62	126	14	78	142	30	94	158	46	110	174	1996	2042	2184	1984	1950	1926	1970	2107	1950	2022	2048	1952
304998	62	126	14	78	142	30	94	158	46	110	174	1994	2046	2182	1972	1952	1925	1970	2116	1955	2017	2057	1963
304998	62	126	14	78	142	30	94	158	46	110	174	2008	2025	2148	1999	1987	1973	1998	2084	1986	2022	2037	2014
304998	62	126	14	78	142	30	94	158	46	110	174	2036	2008	2099	2047	2035	2015	2043	2042	2023	2021	2006	2064
304998	62	126	14	78	142	30	94	158	46	110	174	2050	2004	2080	2072	2050	2022	2066	2022	2035	2018	1995	2068
304998	62	126	14	78	142	30	94	158	46	110	174	2038	2012	2110	2054	2024	1991	2048	2045	2017	2022	2013	2030
304998	62	126	14	78	142	30	94	158	46	110	174	2012	2031	2161	2005	1983	1946	2001	2096	1968	2021	2045	1988
304998	62	126	14	78	142	30	94	158	46	110	174	1992	2047	2192	1972	1951	1926	1970	2123	1939	2019	2058	1966
