304998	62	126	14	78	142	30	94	158	46	110	174	2016	2020	2125	2014	1995	1978	2007	2078	1998	2022	2032	2019
304998	62	126	14	78	142	30	94	158	46	110	174	2039	1995	2092	2053	2039	2019	2051	2035	2030	2020	2002	2069
304998	62	126	14	78	142	30	94	158	46	110	174	2047	2001	2094	2069	2047	2020	2074	2026	2031	2020	1994	2062
304998	62	126	14	78	142	30	94	158	46	110	174	2031	2020	2125	2042	2020	1979	2033	2054	2002	2022	2014	2017
304998	62	126	14	78	142	30	94	158	46	110	174	2008	2036	2174	1989	1970	1934	1993	2100	1951	2016	2048	1975
304998	62	126	14	78	142	30	94	158	46	110	174	1995	2042	2188	1971	1948	1919	1972	2115	1941	2020	2058	1965
304998	62	126	14	78	142	30	94	158	46	110	174	2004	2033	2162	1991	1977	1951	1995	2091	1968	2018	2042	1997
304998	62	126	14	78	142	30	94	158	46	110	174	2026	2016	2108	2032	2018	1997	2033	2048	2019	2021	2011	2035
304998	62	126	14	78	142	30	94	158	46	110	174	2051	2004	2076	2062	2053	2030	2059	2031	2041	2021	2002	2066
304998	62	126	14	78	142	30	94	158	46	110	174	2047	2008	2093	2060	2035	2008	2060	2045	2020	2018	2013	2060
304998	62	126	14	78	142	30	94	158	46	110	174	2017	2022	2154	2018	1993	1957	2014	2076	1970	2019	2031	2006
304998	62	126	14	78	142	30	94	158	46	110	174	1998	2045	2192	1982	1959	1920	1985	2103	1942	2021	2048	1957
304998	62	126	14	78	142	30	94	158	46	110	174	1995	2045	2194	1975	1958	1928	1973	2109	1957	2018	2054	1964
304998	62	126	14	78	142	30	94	158	46	110	174	2014	2033	2130	2003	1997	1973	2000	2084	1987	2018	2035	2014
304998	62	126	14	78	142	30	94	158	46	110	174	2039	2005	2084	2053	2022	2018	2049	2036	2028	2019	2006	2067
304998	62	126	14	78	142	30	94	158	46	110	174	2046	1995	2078	2070	2043	2021	2058	2020	2034	2018	1999	2066
304998	62	126	14	78	142	30	94	158	46	110	174	2035	2012	2130	2047	2023	1987	2043	2051	2007	2017	2015	2026
304998	62	126	14	78	142	30	94	158	46	110	174	2003	2036	2175	2001	1973	1941	1994	2095	1967	2021	2050	1983
304998	62	126	14	78	142	30	94	158	46	110	174	1993	2054	2190	1965	1954	1923	1983	2119	1942	2018	2055	1962
304998	62	126	14	78	142	30	94	158	46	110	174	1996	2034	2163	1986	1962	1946	1976	2096	1962	2022	2040	1985
304998	62	126	14	78	142	30	94	158	46	110	174	2027	2014	2106	2025	2016	1995	2022	2055	2011	2019	2016	2036
304998	62	126	14	78	142	30	94	158	46	110	174	2047	2000	2090	2067	2048	2028	2060	2028	2041	2021	2005	2072
304998	62	126	14	78	142	30	94	158	46	110	174	2040	2004	2100	2064	2041	2013	2056	2033	2025	2017	2010	2060
304998	62	126	14	78	142	30	94	158	46	110	174	2025	2032	2142	2023	2003	1968	2028	2075	1976	2020	2028	2009
304998	62	126	14	78	142	30	94	158	46	110	174	1996	2042	2184	1984	1950	1926	1970	2107	1950	2022	2048	1952
304998	62	126	14	78	142	30	94	158	46	110	174	1994	2046	2182	1972	1952	1925	1970	2116	1955	2017	2057	1963
304998	62	126	14	78	142	30	94	158	46	110	174	2008	2025	2148	1999	1987	1973	1998	2084	1986	2022	2037	2014
304998	62	126	14	78	142	30	94	158	46	110	174	2036	2008	2099	2047	2035	2015	2043	2042	2023	2021	2006	2064
304998	62	126	14	78	142	30	94	158	46	110	174	2050	2004	2080	2072	2050	2022	2066	2022	2035	2018	1995	2068
304998	62	126	14	78	142	30	94	158	46	110	174	2038	2012	2110	2054	2024	1991	2048	2045	2017	2022	2013	2030
304998	62	126	14	78	142	30	94	158	46	110	174	2012	2031	2161	2005	1983	1946	2001	2096	1968	2021	2045	1988
304998	62	126	14	78	142	30	94	158	46	110	174	1992	2047	2192	1972	1951	1926	1970	2123	1939	2019	2058	1966
304998	62	126	14	78	142	30	94	158	46	110	174	1993	2043	2180	1974	1964	1951	1982	2104	1958	2020	2047	1979
304998	62	126	14	78	142	30	94	158	46	110	174	2021	2024	2113	2018	2008	1988	2027	2058	2009	2021	2023	2025
304998	62	126	14	78	142	30	94	158	46	110	174	2045	2002	2079	2064	2046	2022	2050	2028	2040	2018	2005	2072
304998	62	126	14	78	142	30	94	158	46	110	174	2050	1999	2086	2070	2048	2012	2060	2029	2023	2019	2005	2064
304998	62	126	14	78	142	30	94	158	46	110	174	2029	2017	2146	2030	2008	1969	2030	2068	1983	2017	2021	2013
304998	62	126	14	78	142	30	94	158	46	110	174	1998	2046	2191	1984	1959	1936	1986	2105	1951	2017	2048	1961
304998	62	126	14	78	142	30	94	158	46	110	174	1985	2056	2188	1964	1946	1926	1965	2117	1949	2020	2058	1963
304998	62	126	14	78	142	30	94	158	46	110	174	2008	2039	2143	1994	1981	1959	1989	2092	1982	2017	2039	2008
304998	62	126	14	78	142	30	94	158	46	110	174	2034	2003	2103	2043	2033	2010	2043	2043	2027	2019	2006	2059
304998	62	126	14	78	142	30	94	158	46	110	174	2051	1999	2081	2072	2059	2025	2070	2027	2028	2020	1995	2062
304998	62	126	14	78	142	30	94	158	46	110	174	2041	2009	2112	2057	2026	2005	2059	2042	2015	2020	2012	2038
304998	62	126	14	78	142	30	94	158	46	110	174	2012	2039	2156	2007	1980	1951	2008	2090	1974	2020	2042	1992
304998	62	126	14	78	142	30	94	158	46	110	174	1998	2055	2182	1965	1949	1926	1989	2123	1944	2022	2053	1963
304998	62	126	14	78	142	30	94	158	46	110	174	1985	2039	2180	1971	1960	1938	1969	2107	1955	2017	2048	1970
304998	62	126	14	78	142	30	94	158	46	110	174	2018	2019	2124	2014	2009	1985	2010	2069	1995	2021	2027	2026
304998	62	126	14	78	142	30	94	158	46	110	174	2042	2002	2091	2061	2041	2023	2049	2030	2038	2019	2009	2069
304998	62	126	14	78	142	30	94	158	46	110	174	2041	2003	2085	2073	2047	2013	2064	2030	2029	2022	1995	2069
304998	62	126	14	78	142	30	94	158	46	110	174	2035	2018	2127	2036	2009	1975	2035	2066	1993	2019	2016	2017
304998	62	126	14	78	142	30	94	158	46	110	174	2001	2037	2178	1988	1967	1936	1981	2102	1951	2022	2050	1970
304998	62	126	14	78	142	30	94	158	46	110	174	1994	2048	2192	1965	1950	1923	1970	2119	1949	2018	2062	1962
304998	62	126	14	78	142	30	94	158	46	110	174	1997	2035	2160	1990	1966	1953	1983	2094	1976	2020	2041	1999
304998	62	126	14	78	142	30	94	158	46	110	174	2027	2017	2100	2034	2026	2000	2031	2051	2013	2016	2011	2045
304998	62	126	14	78	142	30	94	158	46	110	174	2052	1999	2070	2069	2050	2020	2066	2022	2031	2016	1996	2067
304998	62	126	14	78	142	30	94	158	46	110	174	2043	2001	2105	2060	2037	2001	2055	2031	2021	2018	2013	2048
304998	62	126	14	78	142	30	94	158	46	110	174	2013	2024	2155	2013	1989	1957	2009	2081	1980	2019	2034	2003
304998	62	126	14	78	142	30	94	158	46	110	174	1996	2050	2199	1970	1945	1926	1974	2122	1946	2020	2050	1960
304998	62	126	14	78	142	30	94	158	46	110	174	1986	2056	2180	1967	1960	1930	1974	2113	1954	2018	2047	1961
304998	62	126	14	78	142	30	94	158	46	110	174	2017	2032	2121	2008	1997	1980	2005	2070	1992	2018	2031	2014
304998	62	126	14	78	142	30	94	158	46	110	174	2044	2001	2086	2058	2042	2017	2045	2026	2036	2016	2006	2071
304998	62	126	14	78	142	30	94	158	46	110	174	2049	1994	2085	2070	2054	2021	2059	2026	2033	2017	1993	2075
304998	62	126	14	78	142	30	94	158	46	110	174	2033	2014	2141	2047	2013	1985	2047	2055	2000	2020	2014	2024
304998	62	126	14	78	142	30	94	158	46	110	174	1994	2041	2183	1990	1965	1936	1988	2096	1955	2020	2050	1968
304998	62	126	14	78	142	30	94	158	46	110	174	1989	2059	2183	1966	1944	1927	1970	2120	1951	2019	2059	1959
304998	62	126	14	78	142	30	94	158	46	110	174	1999	2038	2158	1982	1965	1953	1976	2099	1976	2016	2041	1995
304998	62	126	14	78	142	30	94	158	46	110	174	2027	2014	2105	2030	2023	2001	2029	2058	2006	2020	2018	2042
304998	62	126	14	78	142	30	94	158	46	110	174	2048	1999	2088	2072	2044	2024	2067	2020	2031	2018	1998	2064
304998	62	126	14	78	142	30	94	158	46	110	174	2047	2008	2100	2064	2047	2001	2077	2030	2016	2019	2006	2057
304998	62	126	14	78	142	30	94	158	46	110	174	2019	2036	2144	2025	1991	1969	2012	2077	1983	2017	2029	2006
304998	62	126	14	78	142	30	94	158	46	110	174	1994	2045	2180	1981	1948	1930	1970	2119	1955	2019	2051	1965
304998	62	126	14	78	142	30	94	158	46	110	174	1990	2048	2184	1963	1948	1936	1972	2117	1951	2020	2050	1958
304998	62	126	14	78	142	30	94	158	46	110	174	2003	2022	2149	1998	1985	1976	1993	2080	1983	2017	2037	2012
304998	62	126	14	78	142	30	94	158	46	110	174	2042	2008	2089	2053	2040	2009	2055	2035	2029	2021	2009	2071
304998	62	126	14	78	142	30	94	158	46	110	174	2051	1997	2081	2075	2054	2022	2066	2021	2035	2017	1996	2074
304998	62	126	14	78	142	30	94	158	46	110	174	2037	2013	2110	2053	2019	1990	2039	2049	2005	2021	2010	2026
304998	62	126	14	78	142	30	94	158	46	110	174	2011	2036	2175	1999	1968	1947	2005	2091	1964	2021	2047	1974
304998	62	126	14	78	142	30	94	158	46	110	174	1981	2049	2204	1966	1945	1924	1964	2118	1946	2018	2066	1963
304998	62	126	14	78	142	30	94	158	46	110	174	1993	2046	2170	1980	1966	1944	1979	2101	1974	2016	2049	1987
304998	62	126	14	78	142	30	94	158	46	110	174	2019	2020	2112	2027	2011	1996	2012	2060	2009	2016	2015	2032
304998	62	126	14	78	142	30	94	158	46	110	174	2052	1996	2071	2076	2047	2020	2071	2022	2028	2022	1995	2068
304998	62	126	14	78	142	30	94	158	46	110	174	2046	1993	2096	2066	2050	2004	2057	2029	2018	2016	2006	2063
304998	62	126	14	78	142	30	94	158	46	110	174	2023	2023	2146	2029	1995	1966	2038	2070	1989	2022	2028	2013
304998	62	126	14	78	142	30	94	158	46	110	174	1996	2051	2194	1979	1952	1930	1986	2112	1955	2017	2050	1965
304998	62	126	14	78	142	30	94	158	46	110	174	1981	2049	2181	1961	1946	1934	1959	2121	1950	2019	2054	1958
304998	62	126	14	78	142	30	94	158	46	110	174	2011	2031	2140	1999	1982	1970	2005	2087	1987	2022	2042	2002
304998	62	126	14	78	142	30	94	158	46	110	174	2035	1999	2097	2046	2033	2005	2045	2036	2016	2016	2011	2062
304998	62	126	14	78	142	30	94	158	46	110	174	2056	1994	2082	2076	2053	2018	2070	2019	2034	2019	1993	2077
304998	62	126	14	78	142	30	94	158	46	110	174	2036	2010	2116	2063	2021	1993	2049	2049	2007	2018	2006	2040
304998	62	126	14	78	142	30	94	158	46	110	174	2013	2039	2159	2001	1979	1952	2015	2093	1967	2018	2042	1977
304998	62	126	14	78	142	30	94	158	46	110	174	1993	2050	2188	1965	1936	1926	1967	2123	1943	2020	2063	1954
304998	62	126	14	78	142	30	94	158	46	110	174	1998	2043	2168	1973	1957	1946	1971	2107	1968	2022	2049	1981
304998	62	126	14	78	142	30	94	158	46	110	174	2017	2017	2125	2020	2005	1987	2019	2065	2008	2017	2021	2032
304998	62	126	14	78	142	30	94	158	46	110	174	2039	2000	2085	2071	2041	2020	2056	2028	2034	2016	1999	2060
304998	62	126	14	78	142	30	94	158	46	110	174	2052	2004	2085	2073	2054	2013	2074	2029	2020	2017	2000	2064
304998	62	126	14	78	142	30	94	158	46	110	174	2029	2020	2130	2040	1991	1979	2041	2065	1994	2017	2028	2020
304998	62	126	14	78	142	30	94	158	46	110	174	2001	2042	2183	1982	1960	1933	1984	2105	1960	2017	2049	1969
304998	62	126	14	78	142	30	94	158	46	110	174	1985	2044	2194	1962	1946	1929	1958	2126	1953	2016	2057	1955
304998	62	126	14	78	142	30	94	158	46	110	174	2002	2033	2162	1999	1966	1964	2006	2091	1974	2021	2043	1996
304998	62	126	14	78	142	30	94	158	46	110	174	2031	2017	2093	2042	2033	2008	2049	2046	2012	2019	2018	2054
304998	62	126	14	78	142	30	94	158	46	110	174	2057	1994	2073	2083	2039	2022	2072	2017	2034	2017	1993	2077
304998	62	126	14	78	142	30	94	158	46	110	174	2042	2001	2110	2064	2040	1994	2054	2039	2013	2020	2002	2047
304998	62	126	14	78	142	30	94	158	46	110	174	2015	2033	2161	2012	1989	1956	2027	2092	1973	2017	2031	1984
304998	62	126	14	78	142	30	94	158	46	110	174	1989	2049	2209	1969	1937	1929	1969	2117	1943	2016	2064	1946
304998	62	126	14	78	142	30	94	158	46	110	174	1986	2049	2177	1964	1954	1936	1970	2110	1955	2021	2051	1976
304998	62	126	14	78	142	30	94	158	46	110	174	2015	2021	2121	2014	1993	1985	2000	2065	2003	2020	2027	2028
304998	62	126	14	78	142	30	94	158	46	110	174	2044	1989	2084	2066	2047	2014	2056	2028	2029	2021	1997	2064
304998	62	126	14	78	142	30	94	158	46	110	174	2054	1993	2094	2074	2057	2016	2076	2022	2028	2020	1997	2060
304998	62	126	14	78	142	30	94	158	46	110	174	2030	2014	2137	2042	2012	1978	2034	2057	1991	2019	2023	2024
304998	62	126	14	78	142	30	94	158	46	110	174	2003	2048	2175	1990	1964	1937	1996	2103	1964	2021	2051	1981
304998	62	126	14	78	142	30	94	158	46	110	174	1987	2051	2189	1961	1940	1929	1968	2126	1952	2020	2058	1958
304998	62	126	14	78	142	30	94	158	46	110	174	2003	2031	2153	1985	1967	1955	1988	2100	1974	2021	2039	1987
304998	62	126	14	78	142	30	94	158	46	110	174	2027	2008	2106	2037	2023	2005	2028	2049	2008	2019	2020	2046
304998	62	126	14	78	142	30	94	158	46	110	174	2050	1996	2077	2079	2052	2022	2080	2017	2039	2018	1998	2078
304998	62	126	14	78	142	30	94	158	46	110	174	2042	2005	2106	2066	2044	2002	2057	2034	2020	2022	2000	2053
304998	62	126	14	78	142	30	94	158	46	110	174	2024	2028	2143	2019	1989	1954	2024	2083	1969	2016	2029	1992
304998	62	126	14	78	142	30	94	158	46	110	174	1996	2044	2192	1976	1946	1921	1975	2120	1949	2018	2058	1952
304998	62	126	14	78	142	30	94	158	46	110	174	1988	2045	2184	1962	1953	1939	1965	2115	1957	2017	2059	1971
304998	62	126	14	78	142	30	94	158	46	110	174	2011	2027	2138	2008	1987	1976	2013	2077	1996	2016	2026	2018
304998	62	126	14	78	142	30	94	158	46	110	174	2036	2000	2089	2060	2049	2011	2050	2030	2025	2021	1997	2063
304998	62	126	14	78	142	30	94	158	46	110	174	2062	2000	2079	2080	2062	2013	2082	2020	2028	2020	1993	2061
304998	62	126	14	78	142	30	94	158	46	110	174	2034	2007	2125	2052	2022	1984	2041	2050	1999	2020	2018	2029
304998	62	126	14	78	142	30	94	158	46	110	174	2006	2037	2175	1992	1967	1944	1999	2099	1964	2022	2048	1982
304998	62	126	14	78	142	30	94	158	46	110	174	1982	2048	2208	1966	1931	1930	1953	2123	1953	2018	2056	1956
304998	62	126	14	78	142	30	94	158	46	110	174	1996	2047	2164	1977	1969	1950	1978	2102	1969	2020	2041	1979
304998	62	126	14	78	142	30	94	158	46	110	174	2029	2016	2107	2030	2020	1993	2033	2051	2007	2021	2020	2040
304998	62	126	14	78	142	30	94	158	46	110	174	2049	1995	2066	2076	2061	2016	2062	2013	2033	2018	2000	2073
304998	62	126	14	78	142	30	94	158	46	110	174	2052	1996	2093	2079	2045	2005	2059	2027	2027	2017	1994	2059
304998	62	126	14	78	142	30	94	158	46	110	174	2016	2021	2157	2028	1990	1966	2022	2077	1979	2020	2024	2005
304998	62	126	14	78	142	30	94	158	46	110	174	1989	2052	2195	1974	1949	1929	1989	2120	1953	2021	2053	1953
304998	62	126	14	78	142	30	94	158	46	110	174	1982	2055	2186	1963	1943	1935	1958	2119	1950	2018	2065	1958
304998	62	126	14	78	142	30	94	158	46	110	174	2010	2027	2138	1995	1983	1973	1996	2079	1989	2017	2033	2016
304998	62	126	14	78	142	30	94	158	46	110	174	2036	1996	2096	2054	2040	2006	2042	2032	2021	2019	2004	2063
304998	62	126	14	78	142	30	94	158	46	110	174	2055	1993	2083	2089	2057	2017	2086	2016	2025	2020	1993	2064
304998	62	126	14	78	142	30	94	158	46	110	174	2039	2009	2124	2059	2030	1984	2049	2044	2002	2018	2015	2031
304998	62	126	14	78	142	30	94	158	46	110	174	2010	2039	2161	2001	1971	1950	1996	2091	1971	2019	2044	1983
304998	62	126	14	78	142	30	94	158	46	110	174	1987	2051	2196	1967	1932	1936	1964	2127	1953	2022	2061	1957
304998	62	126	14	78	142	30	94	158	46	110	174	1994	2039	2173	1975	1959	1942	1973	2110	1966	2020	2043	1981
304998	62	126	14	78	142	30	94	158	46	110	174	2021	2018	2118	2022	2013	1986	2018	2060	1998	2022	2021	2032
304998	62	126	14	78	142	30	94	158	46	110	174	2047	1996	2082	2074	2058	2017	2059	2015	2027	2021	1999	2072
304998	62	126	14	78	142	30	94	158	46	110	174	2058	2002	2083	2074	2053	2007	2077	2022	2026	2017	1997	2067
304998	62	126	14	78	142	30	94	158	46	110	174	2026	2014	2136	2033	1998	1969	2025	2067	1989	2017	2022	2012
304998	62	126	14	78	142	30	94	158	46	110	174	1997	2049	2188	1981	1956	1935	1981	2117	1952	2020	2051	1953
304998	62	126	14	78	142	30	94	158	46	110	174	1985	2048	2199	1957	1943	1937	1966	2123	1950	2020	2065	1950
304998	62	126	14	78	142	30	94	158	46	110	174	2001	2040	2148	1994	1984	1968	1991	2084	1988	2019	2039	2011
304998	62	126	14	78	142	30	94	158	46	110	174	2040	2010	2093	2049	2038	2004	2043	2039	2020	2022	2005	2061
304998	62	126	14	78	142	30	94	158	46	110	174	2057	1990	2075	2089	2053	2017	2070	2015	2028	2017	1993	2069
304998	62	126	14	78	142	30	94	158	46	110	174	2048	2002	2113	2063	2040	1988	2060	2041	2006	2020	2008	2040
304998	62	126	14	78	142	30	94	158	46	110	174	2014	2028	2170	2005	1978	1956	1999	2087	1975	2016	2042	1991
304998	62	126	14	78	142	30	94	158	46	110	174	1985	2052	2201	1963	1941	1935	1957	2125	1954	2017	2060	1961
304998	62	126	14	78	142	30	94	158	46	110	174	1986	2049	2174	1967	1951	1942	1973	2116	1965	2019	2048	1974
304998	62	126	14	78	142	30	94	158	46	110	174	2019	2018	2116	2019	2001	1986	2014	2064	1995	2019	2020	2022
304998	62	126	14	78	142	30	94	158	46	110	174	2050	1993	2083	2074	2060	2009	2063	2018	2020	2019	2001	2067
304998	62	126	14	78	142	30	94	158	46	110	174	2052	1991	2091	2080	2052	2015	2068	2013	2028	2021	1996	2064
304998	62	126	14	78	142	30	94	158	46	110	174	2030	2021	2139	2040	2011	1975	2038	2058	1995	2017	2017	2022
304998	62	126	14	78	142	30	94	158	46	110	174	1999	2050	2180	1983	1950	1940	1983	2114	1955	2022	2049	1965
304998	62	126	14	78	142	30	94	158	46	110	174	1983	2055	2189	1958	1936	1934	1968	2129	1950	2017	2061	1949
304998	62	126	14	78	142	30	94	158	46	110	174	1997	2035	2151	1986	1976	1963	1987	2088	1979	2022	2043	1996
304998	62	126	14	78	142	30	94	158	46	110	174	2034	2008	2109	2040	2026	1997	2032	2042	2019	2022	2011	2056
304998	62	126	14	78	142	30	94	158	46	110	174	2051	1994	2087	2082	2058	2013	2074	2020	2028	2020	1988	2069
