304998	62	126	14	78	142	30	94	158	46	110	174	2052	1996	2071	2076	2047	2020	2071	2022	2028	2022	1995	2068
304998	62	126	14	78	142	30	94	158	46	110	174	2046	1993	2096	2066	2050	2004	2057	2029	2018	2016	2006	2063
304998	62	126	14	78	142	30	94	158	46	110	174	2023	2023	2146	2029	1995	1966	2038	2070	1989	2022	2028	2013
304998	62	126	14	78	142	30	94	158	46	110	174	1996	2051	2194	1979	1952	1930	1986	2112	1955	2017	2050	1965
304998	62	126	14	78	142	30	94	158	46	110	174	1981	2049	2181	1961	1946	1934	1959	2121	1950	2019	2054	1958
304998	62	126	14	78	142	30	94	158	46	110	174	2011	2031	2140	1999	1982	1970	2005	2087	1987	2022	2042	2002
304998	62	126	14	78	142	30	94	158	46	110	174	2035	1999	2097	2046	2033	2005	2045	2036	2016	2016	2011	2062
304998	62	126	14	78	142	30	94	158	46	110	174	2056	1994	2082	2076	2053	2018	2070	2019	2034	2019	1993	2077
304998	62	126	14	78	142	30	94	158	46	110	174	2036	2010	2116	2063	2021	1993	2049	2049	2007	2018	2006	2040
304998	62	126	14	78	142	30	94	158	46	110	174	2013	2039	2159	2001	1979	1952	2015	2093	1967	2018	2042	1977
304998	62	126	14	78	142	30	94	158	46	110	174	1993	2050	2188	1965	1936	1926	1967	2123	1943	2020	2063	1954
304998	62	126	14	78	142	30	94	158	46	110	174	1998	2043	2168	1973	1957	1946	1971	2107	1968	2022	2049	1981
304998	62	126	14	78	142	30	94	158	46	110	174	2017	2017	2125	2020	2005	1987	2019	2065	2008	2017	2021	2032
304998	62	126	14	78	142	30	94	158	46	110	174	2039	2000	2085	2071	2041	2020	2056	2028	2034	2016	1999	2060
304998	62	126	14	78	142	30	94	158	46	110	174	2052	2004	2085	2073	2054	2013	2074	2029	2020	2017	2000	2064
304998	62	126	14	78	142	30	94	158	46	110	174	2029	2020	2130	2040	1991	1979	2041	2065	1994	2017	2028	2020
304998	62	126	14	78	142	30	94	158	46	110	174	2001	2042	2183	1982	1960	1933	1984	2105	1960	2017	2049	1969
304998	62	126	14	78	142	30	94	158	46	110	174	1985	2044	2194	1962	1946	1929	1958	2126	1953	2016	2057	1955
304998	62	126	14	78	142	30	94	158	46	110	174	2002	2033	2162	1999	1966	1964	2006	2091	1974	2021	2043	1996
304998	62	126	14	78	142	30	94	158	46	110	174	2031	2017	2093	2042	2033	2008	2049	2046	2012	2019	2018	2054
304998	62	126	14	78	142	30	94	158	46	110	174	2057	1994	2073	2083	2039	2022	2072	2017	2034	2017	1993	2077
304998	62	126	14	78	142	30	94	158	46	110	174	2042	2001	2110	2064	2040	1994	2054	2039	2013	2020	2002	2047
304998	62	126	14	78	142	30	94	158	46	110	174	2015	2033	2161	2012	1989	1956	2027	2092	1973	2017	2031	1984
304998	62	126	14	78	142	30	94	158	46	110	174	1989	2049	2209	1969	1937	1929	1969	2117	1943	2016	2064	1946
304998	62	126	14	78	142	30	94	158	46	110	174	1986	2049	2177	1964	1954	1936	1970	2110	1955	2021	2051	1976
304998	62	126	14	78	142	30	94	158	46	110	174	2015	2021	2121	2014	1993	1985	2000	2065	2003	2020	2027	2028
304998	62	126	14	78	142	30	94	158	46	110	174	2044	1989	2084	2066	2047	2014	2056	2028	2029	2021	1997	2064
304998	62	126	14	78	142	30	94	158	46	110	174	2054	1993	2094	2074	2057	2016	2076	2022	2028	2020	1997	2060
304998	62	126	14	78	142	30	94	158	46	110	174	2030	2014	2137	2042	2012	1978	2034	2057	1991	2019	2023	2024
304998	62	126	14	78	142	30	94	158	46	110	174	2003	2048	2175	1990	1964	1937	1996	2103	1964	2021	2051	1981
304998	62	126	14	78	142	30	94	158	46	110	174	1987	2051	2189	1961	1940	1929	1968	2126	1952	2020	2058	1958
304998	62	126	14	78	142	30	94	158	46	110	174	2003	2031	2153	1985	1967	1955	1988	2100	1974	2021	2039	1987
304998	62	126	14	78	142	30	94	158	46	110	174	2027	2008	2106	2037	2023	2005	2028	2049	2008	2019	2020	2046
304998	62	126	14	78	142	30	94	158	46	110	174	2050	1996	2077	2079	2052	2022	2080	2017	2039	2018	1998	2078
304998	62	126	14	78	142	30	94	158	46	110	174	2042	2005	2106	2066	2044	2002	2057	2034	2020	2022	2000	2053
304998	62	126	14	78	142	30	94	158	46	110	174	2024	2028	2143	2019	1989	1954	2024	2083	1969	2016	2029	1992
304998	62	126	14	78	142	30	94	158	46	110	174	1996	2044	2192	1976	1946	1921	1975	2120	1949	2018	2058	1952
304998	62	126	14	78	142	30	94	158	46	110	174	1988	2045	2184	1962	1953	1939	1965	2115	1957	2017	2059	1971
304998	62	126	14	78	142	30	94	158	46	110	174	2011	2027	2138	2008	1987	1976	2013	2077	1996	2016	2026	2018
304998	62	126	14	78	142	30	94	158	46	110	174	2036	2000	2089	2060	2049	2011	2050	2030	2025	2021	1997	2063
304998	62	126	14	78	142	30	94	158	46	110	174	2062	2000	2079	2080	2062	2013	2082	2020	2028	2020	1993	2061
304998	62	126	14	78	142	30	94	158	46	110	174	2034	2007	2125	2052	2022	1984	2041	2050	1999	2020	2018	2029
304998	62	126	14	78	142	30	94	158	46	110	174	2006	2037	2175	1992	1967	1944	1999	2099	1964	2022	2048	1982
304998	62	126	14	78	142	30	94	158	46	110	174	1982	2048	2208	1966	1931	1930	1953	2123	1953	2018	2056	1956
304998	62	126	14	78	142	30	94	158	46	110	174	1996	2047	2164	1977	1969	1950	1978	2102	1969	2020	2041	1979
304998	62	126	14	78	142	30	94	158	46	110	174	2029	2016	2107	2030	2020	1993	2033	2051	2007	2021	2020	2040
304998	62	126	14	78	142	30	94	158	46	110	174	2049	1995	2066	2076	2061	2016	2062	2013	2033	2018	2000	2073
304998	62	126	14	78	142	30	94	158	46	110	174	2052	1996	2093	2079	2045	2005	2059	2027	2027	2017	1994	2059
304998	62	126	14	78	142	30	94	158	46	110	174	2016	2021	2157	2028	1990	1966	2022	2077	1979	2020	2024	2005
304998	62	126	14	78	142	30	94	158	46	110	174	1989	2052	2195	1974	1949	1929	1989	2120	1953	2021	2053	1953
304998	62	126	14	78	142	30	94	158	46	110	174	1982	2055	2186	1963	1943	1935	1958	2119	1950	2018	2065	1958
304998	62	126	14	78	142	30	94	158	46	110	174	2010	2027	2138	1995	1983	1973	1996	2079	1989	2017	2033	2016
304998	62	126	14	78	142	30	94	158	46	110	174	2036	1996	2096	2054	2040	2006	2042	2032	2021	2019	2004	2063
304998	62	126	14	78	142	30	94	158	46	110	174	2055	1993	2083	2089	2057	2017	2086	2016	2025	2020	1993	2064
304998	62	126	14	78	142	30	94	158	46	110	174	2039	2009	2124	2059	2030	1984	2049	2044	2002	2018	2015	2031
304998	62	126	14	78	142	30	94	158	46	110	174	2010	2039	2161	2001	1971	1950	1996	2091	1971	2019	2044	1983
304998	62	126	14	78	142	30	94	158	46	110	174	1987	2051	2196	1967	1932	1936	1964	2127	1953	2022	2061	1957
304998	62	126	14	78	142	30	94	158	46	110	174	1994	2039	2173	1975	1959	1942	1973	2110	1966	2020	2043	1981
304998	62	126	14	78	142	30	94	158	46	110	174	2021	2018	2118	2022	2013	1986	2018	2060	1998	2022	2021	2032
304998	62	126	14	78	142	30	94	158	46	110	174	2047	1996	2082	2074	2058	2017	2059	2015	2027	2021	1999	2072
304998	62	126	14	78	142	30	94	158	46	110	174	2058	2002	2083	2074	2053	2007	2077	2022	2026	2017	1997	2067
304998	62	126	14	78	142	30	94	158	46	110	174	2026	2014	2136	2033	1998	1969	2025	2067	1989	2017	2022	2012
304998	62	126	14	78	142	30	94	158	46	110	174	1997	2049	2188	1981	1956	1935	1981	2117	1952	2020	2051	1953
304998	62	126	14	78	142	30	94	158	46	110	174	1985	2048	2199	1957	1943	1937	1966	2123	1950	2020	2065	1950
304998	62	126	14	78	142	30	94	158	46	110	174	2001	2040	2148	1994	1984	1968	1991	2084	1988	2019	2039	2011
304998	62	126	14	78	142	30	94	158	46	110	174	2040	2010	2093	2049	2038	2004	2043	2039	2020	2022	2005	2061
304998	62	126	14	78	142	30	94	158	46	110	174	2057	1990	2075	2089	2053	2017	2070	2015	2028	2017	1993	2069
304998	62	126	14	78	142	30	94	158	46	110	174	2048	2002	2113	2063	2040	1988	2060	2041	2006	2020	2008	2040
304998	62	126	14	78	142	30	94	158	46	110	174	2014	2028	2170	2005	1978	1956	1999	2087	1975	2016	2042	1991
304998	62	126	14	78	142	30	94	158	46	110	174	1985	2052	2201	1963	1941	1935	1957	2125	1954	2017	2060	1961
304998	62	126	14	78	142	30	94	158	46	110	174	1986	2049	2174	1967	1951	1942	1973	2116	1965	2019	2048	1974
304998	62	126	14	78	142	30	94	158	46	110	174	2019	2018	2116	2019	2001	1986	2014	2064	1995	2019	2020	2022
304998	62	126	14	78	142	30	94	158	46	110	174	2050	1993	2083	2074	2060	2009	2063	2018	2020	2019	2001	2067
304998	62	126	14	78	142	30	94	158	46	110	174	2052	1991	2091	2080	2052	2015	2068	2013	2028	2021	1996	2064
304998	62	126	14	78	142	30	94	158	46	110	174	2030	2021	2139	2040	2011	1975	2038	2058	1995	2017	2017	2022
304998	62	126	14	78	142	30	94	158	46	110	174	1999	2050	2180	1983	1950	1940	1983	2114	1955	2022	2049	1965
304998	62	126	14	78	142	30	94	158	46	110	174	1983	2055	2189	1958	1936	1934	1968	2129	1950	2017	2061	1949
304998	62	126	14	78	142	30	94	158	46	110	174	1997	2035	2151	1986	1976	1963	1987	2088	1979	2022	2043	1996
304998	62	126	14	78	142	30	94	158	46	110	174	2034	2008	2109	2040	2026	1997	2032	2042	2019	2022	2011	2056
304998	62	126	14	78	142	30	94	158	46	110	174	2051	1994	2087	2082	2058	2013	2074	2020	2028	2020	1988	2069
304998	62	126	14	78	142	30	94	158	46	110	174	2049	2005	2102	2068	2041	1992	2064	2036	2007	2020	2000	2040
304998	62	126	14	78	142	30	94	158	46	110	174	2018	2028	2157	2013	1993	1956	2008	2079	1970	2020	2038	1993
304998	62	126	14	78	142	30	94	158	46	110	174	1989	2048	2191	1967	1947	1934	1965	2122	1962	2018	2056	1964
304998	62	126	14	78	142	30	94	158	46	110	174	1982	2049	2185	1957	1949	1946	1971	2123	1962	2021	2057	1967
304998	62	126	14	78	142	30	94	158	46	110	174	2005	2024	2143	2010	1990	1979	2008	2072	1995	2017	2020	2016
304998	62	126	14	78	142	30	94	158	46	110	174	2047	2002	2082	2066	2051	2004	2056	2024	2017	2021	2001	2063
304998	62	126	14	78	142	30	94	158	46	110	174	2059	1996	2078	2089	2064	2008	2077	2010	2029	2022	1997	2072
304998	62	126	14	78	142	30	94	158	46	110	174	2038	2012	2125	2050	2018	1979	2042	2053	2000	2017	2013	2029
304998	62	126	14	78	142	30	94	158	46	110	174	2000	2039	2179	1989	1967	1948	1991	2115	1966	2022	2046	1971
304998	62	126	14	78	142	30	94	158	46	110	174	1980	2057	2202	1957	1923	1938	1960	2132	1951	2018	2060	1952
304998	62	126	14	78	142	30	94	158	46	110	174	1991	2049	2160	1975	1969	1957	1977	2098	1969	2022	2051	1989
304998	62	126	14	78	142	30	94	158	46	110	174	2031	2012	2103	2035	2020	1993	2028	2044	2013	2021	2015	2050
304998	62	126	14	78	142	30	94	158	46	110	174	2052	1985	2084	2084	2064	2008	2065	2014	2025	2017	1986	2076
304998	62	126	14	78	142	30	94	158	46	110	174	2056	1998	2097	2073	2047	1995	2078	2027	2007	2020	1996	2050
304998	62	126	14	78	142	30	94	158	46	110	174	2011	2022	2168	2019	1989	1967	2014	2076	1977	2021	2034	1992
304998	62	126	14	78	142	30	94	158	46	110	174	1986	2058	2191	1966	1951	1938	1972	2118	1963	2020	2058	1963
304998	62	126	14	78	142	30	94	158	46	110	174	1984	2050	2186	1954	1941	1949	1956	2124	1968	2020	2060	1970
304998	62	126	14	78	142	30	94	158	46	110	174	2010	2024	2131	1999	1990	1976	1998	2084	1984	2022	2030	2009
304998	62	126	14	78	142	30	94	158	46	110	174	2045	1998	2091	2062	2042	2002	2055	2029	2018	2020	1998	2053
304998	62	126	14	78	142	30	94	158	46	110	174	2052	1990	2088	2090	2058	2006	2074	2004	2023	2017	1996	2071
304998	62	126	14	78	142	30	94	158	46	110	174	2040	2016	2118	2054	2026	1979	2046	2043	2004	2016	2012	2036
304998	62	126	14	78	142	30	94	158	46	110	174	2007	2039	2176	1993	1968	1952	1993	2103	1972	2022	2044	1979
304998	62	126	14	78	142	30	94	158	46	110	174	1982	2055	2194	1953	1940	1943	1965	2136	1956	2016	2061	1948
304998	62	126	14	78	142	30	94	158	46	110	174	1984	2043	2174	1969	1956	1952	1968	2112	1968	2022	2055	1984
304998	62	126	14	78	142	30	94	158	46	110	174	2022	2018	2118	2032	2014	1981	2028	2049	2008	2020	2019	2044
304998	62	126	14	78	142	30	94	158	46	110	174	2059	1994	2076	2079	2061	2005	2073	2016	2025	2019	1988	2072
304998	62	126	14	78	142	30	94	158	46	110	174	2054	1993	2091	2081	2050	1999	2065	2023	2017	2019	1991	2059
304998	62	126	14	78	142	30	94	158	46	110	174	2023	2022	2139	2027	2003	1968	2028	2077	1985	2018	2033	2006
304998	62	126	14	78	142	30	94	158	46	110	174	1985	2046	2199	1967	1947	1949	1966	2115	1960	2020	2063	1964
304998	62	126	14	78	142	30	94	158	46	110	174	1978	2059	2195	1958	1939	1938	1960	2126	1971	2021	2063	1966
304998	62	126	14	78	142	30	94	158	46	110	174	2004	2035	2143	1994	1980	1970	1993	2088	1990	2020	2031	2006
304998	62	126	14	78	142	30	94	158	46	110	174	2041	2000	2086	2059	2039	2001	2047	2036	2011	2020	2004	2054
304998	62	126	14	78	142	30	94	158	46	110	174	2058	1986	2078	2086	2066	2002	2078	2015	2018	2019	1992	2073
304998	62	126	14	78	142	30	94	158	46	110	174	2044	2001	2120	2061	2033	1980	2058	2035	2002	2021	2012	2042
304998	62	126	14	78	142	30	94	158	46	110	174	2007	2044	2173	2002	1974	1956	2000	2096	1978	2020	2042	1990
304998	62	126	14	78	142	30	94	158	46	110	174	1985	2064	2192	1954	1936	1942	1970	2138	1964	2016	2058	1952
304998	62	126	14	78	142	30	94	158	46	110	174	1985	2046	2167	1963	1956	1960	1970	2115	1970	2018	2056	1972
304998	62	126	14	78	142	30	94	158	46	110	174	2018	2013	2118	2019	2010	1984	2018	2061	1998	2021	2023	2033
304998	62	126	14	78	142	30	94	158	46	110	174	2052	1989	2092	2074	2055	2002	2074	2016	2022	2021	1989	2072
304998	62	126	14	78	142	30	94	158	46	110	174	2054	1999	2094	2087	2055	1998	2069	2018	2017	2022	1990	2059
304998	62	126	14	78	142	30	94	158	46	110	174	2025	2023	2139	2034	2012	1969	2027	2064	1989	2018	2028	2012
304998	62	126	14	78	142	30	94	158	46	110	174	1991	2044	2180	1980	1941	1955	1974	2114	1967	2020	2057	1967
304998	62	126	14	78	142	30	94	158	46	110	174	1980	2055	2192	1950	1941	1949	1960	2126	1963	2018	2062	1959
304998	62	126	14	78	142	30	94	158	46	110	174	1998	2034	2157	1984	1966	1966	1979	2098	1988	2022	2038	1997
304998	62	126	14	78	142	30	94	158	46	110	174	2041	2008	2100	2047	2041	1990	2049	2044	2010	2021	2006	2053
304998	62	126	14	78	142	30	94	158	46	110	174	2063	1994	2075	2086	2065	2002	2078	2007	2016	2017	1995	2074
304998	62	126	14	78	142	30	94	158	46	110	174	2054	2001	2098	2065	2034	1994	2059	2031	2001	2019	2004	2045
304998	62	126	14	78	142	30	94	158	46	110	174	2014	2028	2162	2007	1976	1961	2008	2084	1986	2021	2035	1994
304998	62	126	14	78	142	30	94	158	46	110	174	1982	2061	2198	1954	1937	1948	1959	2138	1964	2016	2063	1952
304998	62	126	14	78	142	30	94	158	46	110	174	1977	2057	2182	1957	1953	1955	1964	2120	1972	2020	2061	1972
304998	62	126	14	78	142	30	94	158	46	110	174	2018	2027	2118	2012	2007	1975	2010	2068	1989	2017	2029	2022
304998	62	126	14	78	142	30	94	158	46	110	174	2055	1994	2079	2073	2053	2003	2065	2015	2014	2022	1995	2072
304998	62	126	14	78	142	30	94	158	46	110	174	2063	1985	2089	2084	2061	1990	2070	2015	2020	2021	1987	2061
304998	62	126	14	78	142	30	94	158	46	110	174	2037	2018	2134	2047	2015	1971	2047	2060	1992	2017	2022	2018
304998	62	126	14	78	142	30	94	158	46	110	174	1988	2048	2192	1981	1953	1950	1980	2112	1967	2022	2059	1974
304998	62	126	14	78	142	30	94	158	46	110	174	1978	2068	2182	1944	1942	1952	1954	2131	1966	2022	2063	1964
304998	62	126	14	78	142	30	94	158	46	110	174	1996	2042	2150	1978	1967	1970	1985	2097	1984	2019	2042	1994
304998	62	126	14	78	142	30	94	158	46	110	174	2031	2008	2105	2039	2031	1985	2029	2048	2008	2019	2012	2036
304998	62	126	14	78	142	30	94	158	46	110	174	2060	1986	2084	2085	2062	1997	2083	2013	2019	2017	1996	2070
304998	62	126	14	78	142	30	94	158	46	110	174	2046	2002	2104	2078	2041	1993	2057	2025	2005	2017	2002	2053
304998	62	126	14	78	142	30	94	158	46	110	174	2020	2038	2148	2015	1985	1965	2010	2078	1984	2016	2031	2003
304998	62	126	14	78	142	30	94	158	46	110	174	1983	2056	2187	1960	1947	1949	1970	2128	1974	2021	2061	1952
304998	62	126	14	78	142	30	94	158	46	110	174	1979	2053	2180	1950	1944	1953	1958	2129	1967	2020	2065	1964
304998	62	126	14	78	142	30	94	158	46	110	174	2011	2025	2137	2005	1989	1972	2006	2081	1995	2020	2034	2024
304998	62	126	14	78	142	30	94	158	46	110	174	2042	2000	2089	2066	2048	1997	2051	2019	2009	2022	1997	2073
304998	62	126	14	78	142	30	94	158	46	110	174	2068	1994	2075	2087	2065	1996	2076	2005	2019	2019	1983	2066
304998	62	126	14	78	142	30	94	158	46	110	174	2041	2011	2117	2053	2021	1981	2056	2052	2002	2021	2017	2017
304998	62	126	14	78	142	30	94	158	46	110	174	2003	2043	2173	1989	1968	1956	1998	2107	1974	2017	2051	1981
304998	62	126	14	78	142	30	94	158	46	110	174	1981	2065	2195	1949	1933	1951	1959	2137	1962	2022	2066	1964
304998	62	126	14	78	142	30	94	158	46	110	174	1982	2047	2164	1966	1965	1965	1971	2105	1979	2019	2047	1987
304998	62	126	14	78	142	30	94	158	46	110	174	2030	2017	2104	2032	2023	1987	2033	2048	2005	2016	2012	2035
304998	62	126	14	78	142	30	94	158	46	110	174	2057	1980	2080	2085	2060	1995	2063	2010	2017	2018	1990	2070
304998	62	126	14	78	142	30	94	158	46	110	174	2059	1992	2098	2078	2052	1990	2077	2024	2007	2016	1999	2062
304998	62	126	14	78	142	30	94	158	46	110	174	2020	2028	2157	2023	1993	1969	2017	2073	1983	2020	2030	2003
304998	62	126	14	78	142	30	94	158	46	110	174	1977	2059	2189	1964	1947	1952	1962	2116	1973	2017	2061	1955
304998	62	126	14	78	142	30	94	158	46	110	174	1983	2068	2182	1947	1940	1957	1963	2131	1975	2019	2068	1964
304998	62	126	14	78	142	30	94	158	46	110	174	2006	2034	2131	1994	1982	1978	1997	2088	1986	2022	2040	2016
304998	62	126	14	78	142	30	94	158	46	110	174	2050	1994	2088	2058	2044	1988	2054	2036	2004	2019	1997	2062
304998	62	126	14	78	142	30	94	158	46	110	174	2065	1985	2085	2091	2058	1992	2089	2004	2008	2017	1987	2067
304998	62	126	14	78	142	30	94	158	46	110	174	2042	2010	2118	2062	2031	1979	2051	2038	2003	2018	2011	2030
