304998	62	126	14	78	142	30	94	158	46	110	174	1983	2063	2167	1956	1961	1966	1981	2119	1993	2020	2058	1987
304998	62	126	14	78	142	30	94	158	46	110	174	2011	2018	2136	2023	2002	1977	2011	2060	1998	2016	2014	2027
304998	62	126	14	78	142	30	94	158	46	110	174	2063	1985	2090	2078	2054	1973	2061	2017	1987	2017	1983	2058
304998	62	126	14	78	142	30	94	158	46	110	174	2071	1979	2099	2093	2052	1971	2071	2009	1992	2020	1988	2059
304998	62	126	14	78	142	30	94	158	46	110	174	2039	2015	2128	2040	2008	1970	2039	2061	1989	2019	2022	2017
304998	62	126	14	78	142	30	94	158	46	110	174	1991	2064	2176	1972	1964	1972	1983	2121	1993	2017	2052	1976
304998	62	126	14	78	142	30	94	158	46	110	174	1966	2070	2191	1945	1940	1979	1954	2136	1993	2016	2069	1958
304998	62	126	14	78	142	30	94	158	46	110	174	1992	2051	2153	1975	1978	1975	1988	2100	1991	2017	2050	1988
304998	62	126	14	78	142	30	94	158	46	110	174	2036	1997	2110	2049	2021	1973	2037	2037	1988	2021	2007	2048
304998	62	126	14	78	142	30	94	158	46	110	174	2075	1972	2081	2092	2060	1970	2079	2002	1998	2019	1983	2072
304998	62	126	14	78	142	30	94	158	46	110	174	2057	1987	2114	2071	2043	1967	2062	2031	1997	2022	1990	2043
304998	62	126	14	78	142	30	94	158	46	110	174	2009	2041	2160	2010	1988	1977	2005	2091	1987	2018	2034	1990
304998	62	126	14	78	142	30	94	158	46	110	174	1973	2079	2185	1952	1950	1980	1966	2138	1986	2020	2075	1959
304998	62	126	14	78	142	30	94	158	46	110	174	1974	2071	2168	1952	1952	1980	1967	2124	1986	2022	2068	1976
304998	62	126	14	78	142	30	94	158	46	110	174	2013	2022	2124	2011	2002	1975	2009	2068	1994	2019	2024	2030
304998	62	126	14	78	142	30	94	158	46	110	174	2062	1979	2095	2074	2050	1966	2067	2026	1991	2020	1986	2060
304998	62	126	14	78	142	30	94	158	46	110	174	2071	1971	2102	2095	2057	1970	2082	2011	1989	2019	1979	2055
304998	62	126	14	78	142	30	94	158	46	110	174	2040	2018	2130	2048	2020	1969	2054	2057	1987	2021	2017	2022
304998	62	126	14	78	142	30	94	158	46	110	174	1990	2063	2167	1979	1963	1983	1986	2107	1994	2019	2057	1978
304998	62	126	14	78	142	30	94	158	46	110	174	1966	2070	2176	1950	1937	1977	1954	2136	1996	2022	2073	1964
304998	62	126	14	78	142	30	94	158	46	110	174	1991	2048	2156	1968	1975	1972	1994	2108	1987	2017	2047	1988
304998	62	126	14	78	142	30	94	158	46	110	174	2030	1999	2119	2038	2022	1967	2029	2045	1985	2022	2011	2044
304998	62	126	14	78	142	30	94	158	46	110	174	2074	1979	2088	2084	2065	1965	2080	2004	1985	2021	1982	2073
304998	62	126	14	78	142	30	94	158	46	110	174	2068	1989	2102	2075	2044	1968	2067	2023	1995	2022	1993	2053
304998	62	126	14	78	142	30	94	158	46	110	174	2014	2030	2140	2022	1988	1970	2015	2085	1991	2017	2032	1996
304998	62	126	14	78	142	30	94	158	46	110	174	1977	2074	2184	1953	1945	1978	1980	2139	1995	2016	2071	1956
304998	62	126	14	78	142	30	94	158	46	110	174	1964	2071	2183	1950	1949	1982	1966	2130	1991	2020	2070	1973
304998	62	126	14	78	142	30	94	158	46	110	174	2008	2037	2132	1996	1999	1970	2009	2079	1993	2021	2036	2020
304998	62	126	14	78	142	30	94	158	46	110	174	2052	1988	2091	2065	2047	1968	2049	2028	1994	2019	1983	2054
304998	62	126	14	78	142	30	94	158	46	110	174	2078	1971	2085	2093	2061	1961	2081	2010	1989	2020	1977	2060
304998	62	126	14	78	142	30	94	158	46	110	174	2045	2002	2132	2058	2024	1973	2046	2047	1985	2020	2013	2031
304998	62	126	14	78	142	30	94	158	46	110	174	1994	2051	2172	1994	1962	1987	1990	2102	1994	2020	2055	1986
304998	62	126	14	78	142	30	94	158	46	110	174	1967	2084	2186	1947	1945	1987	1964	2137	2004	2017	2072	1967
304998	62	126	14	78	142	30	94	158	46	110	174	1982	2060	2149	1963	1967	1981	1983	2115	1993	2016	2054	1987
304998	62	126	14	78	142	30	94	158	46	110	174	2034	2004	2113	2032	2019	1968	2031	2055	1987	2021	2013	2028
304998	62	126	14	78	142	30	94	158	46	110	174	2072	1971	2089	2088	2057	1962	2079	2010	1979	2017	1984	2068
304998	62	126	14	78	142	30	94	158	46	110	174	2071	1982	2106	2086	2046	1970	2079	2017	1993	2017	1984	2057
304998	62	126	14	78	142	30	94	158	46	110	174	2028	2030	2144	2024	2004	1976	2026	2075	1996	2018	2022	2007
304998	62	126	14	78	142	30	94	158	46	110	174	1983	2076	2175	1960	1947	1985	1985	2135	1995	2022	2067	1954
304998	62	126	14	78	142	30	94	158	46	110	174	1966	2072	2172	1948	1948	1982	1967	2138	1994	2022	2074	1965
304998	62	126	14	78	142	30	94	158	46	110	174	2002	2036	2139	1989	1990	1971	2005	2080	1993	2020	2037	2019
304998	62	126	14	78	142	30	94	158	46	110	174	2049	1986	2112	2059	2036	1967	2042	2026	1995	2020	1988	2055
304998	62	126	14	78	142	30	94	158	46	110	174	2078	1972	2091	2092	2059	1965	2073	2009	1983	2020	1973	2061
304998	62	126	14	78	142	30	94	158	46	110	174	2060	2000	2119	2059	2028	1974	2069	2041	1985	2022	2005	2033
304998	62	126	14	78	142	30	94	158	46	110	174	2010	2046	2157	1996	1979	1979	2005	2096	1991	2020	2050	1987
304998	62	126	14	78	142	30	94	158	46	110	174	1970	2077	2183	1946	1950	1981	1971	2144	1999	2019	2071	1967
304998	62	126	14	78	142	30	94	158	46	110	174	1975	2063	2174	1967	1955	1986	1967	2120	1997	2020	2057	1983
304998	62	126	14	78	142	30	94	158	46	110	174	2027	2017	2120	2020	2015	1973	2039	2065	1987	2017	2020	2022
304998	62	126	14	78	142	30	94	158	46	110	174	2074	1970	2090	2078	2051	1967	2071	2009	1980	2020	1985	2060
304998	62	126	14	78	142	30	94	158	46	110	174	2079	1972	2094	2083	2050	1962	2074	2009	1987	2020	1981	2060
304998	62	126	14	78	142	30	94	158	46	110	174	2037	2017	2142	2031	2011	1969	2029	2065	1994	2018	2018	2018
304998	62	126	14	78	142	30	94	158	46	110	174	1981	2073	2180	1972	1952	1991	1977	2125	1994	2019	2060	1967
304998	62	126	14	78	142	30	94	158	46	110	174	1967	2088	2175	1947	1950	1991	1969	2134	1994	2018	2077	1963
304998	62	126	14	78	142	30	94	158	46	110	174	1994	2046	2138	1984	1977	1981	1991	2096	1993	2020	2046	2009
304998	62	126	14	78	142	30	94	158	46	110	174	2048	1989	2105	2053	2032	1962	2042	2035	1994	2019	1997	2050
304998	62	126	14	78	142	30	94	158	46	110	174	2077	1967	2089	2091	2058	1956	2091	2011	1984	2018	1970	2063
304998	62	126	14	78	142	30	94	158	46	110	174	2061	1994	2122	2068	2029	1966	2066	2036	1986	2017	1997	2031
304998	62	126	14	78	142	30	94	158	46	110	174	2011	2050	2152	1998	1985	1978	2006	2094	1987	2019	2047	1997
304998	62	126	14	78	142	30	94	158	46	110	174	1969	2085	2170	1957	1945	1991	1970	2136	2003	2019	2072	1968
304998	62	126	14	78	142	30	94	158	46	110	174	1975	2064	2166	1958	1953	1982	1966	2126	2001	2022	2061	1981
304998	62	126	14	78	142	30	94	158	46	110	174	2018	2020	2136	2014	2011	1966	2030	2071	1987	2016	2017	2017
304998	62	126	14	78	142	30	94	158	46	110	174	2059	1973	2103	2080	2043	1962	2060	2017	1981	2020	1981	2056
304998	62	126	14	78	142	30	94	158	46	110	174	2080	1975	2094	2087	2055	1962	2075	2013	1984	2016	1986	2066
304998	62	126	14	78	142	30	94	158	46	110	174	2042	2011	2132	2048	2005	1974	2034	2060	1995	2019	2016	2023
304998	62	126	14	78	142	30	94	158	46	110	174	1991	2063	2164	1978	1956	1986	1985	2117	1998	2017	2059	1969
304998	62	126	14	78	142	30	94	158	46	110	174	1970	2078	2185	1949	1950	1987	1978	2140	1993	2022	2075	1960
304998	62	126	14	78	142	30	94	158	46	110	174	1991	2052	2152	1977	1971	1983	1987	2103	1990	2019	2056	2000
304998	62	126	14	78	142	30	94	158	46	110	174	2041	2002	2107	2038	2031	1963	2043	2047	1987	2022	2003	2048
304998	62	126	14	78	142	30	94	158	46	110	174	2077	1971	2089	2092	2051	1962	2069	2007	1987	2021	1972	2064
304998	62	126	14	78	142	30	94	158	46	110	174	2068	1985	2106	2076	2031	1957	2068	2028	1986	2021	1987	2033
304998	62	126	14	78	142	30	94	158	46	110	174	2016	2038	2153	2013	1985	1982	2018	2085	1991	2022	2039	1992
304998	62	126	14	78	142	30	94	158	46	110	174	1968	2079	2185	1955	1940	1994	1967	2131	2006	2017	2076	1965
304998	62	126	14	78	142	30	94	158	46	110	174	1966	2077	2175	1956	1946	1991	1963	2128	1996	2019	2069	1979
304998	62	126	14	78	142	30	94	158	46	110	174	2011	2034	2127	2004	1995	1970	2007	2075	1989	2017	2022	2013
304998	62	126	14	78	142	30	94	158	46	110	174	2066	1978	2092	2073	2040	1951	2059	2019	1972	2017	1986	2053
304998	62	126	14	78	142	30	94	158	46	110	174	2080	1967	2098	2087	2056	1956	2075	2005	1981	2021	1982	2055
304998	62	126	14	78	142	30	94	158	46	110	174	2048	2007	2131	2056	2011	1979	2042	2055	1992	2022	2012	2027
304998	62	126	14	78	142	30	94	158	46	110	174	1996	2066	2164	1980	1971	1983	2003	2114	1997	2021	2054	1985
304998	62	126	14	78	142	30	94	158	46	110	174	1968	2087	2175	1950	1941	1993	1961	2139	1999	2018	2075	1954
304998	62	126	14	78	142	30	94	158	46	110	174	1984	2061	2150	1975	1973	1975	1984	2103	1998	2021	2057	1989
304998	62	126	14	78	142	30	94	158	46	110	174	2038	2001	2115	2035	2022	1969	2027	2045	1991	2017	2010	2041
304998	62	126	14	78	142	30	94	158	46	110	174	2077	1968	2097	2082	2054	1960	2076	2014	1981	2021	1972	2064
304998	62	126	14	78	142	30	94	158	46	110	174	2068	1984	2117	2073	2042	1962	2069	2023	1982	2020	1980	2045
304998	62	126	14	78	142	30	94	158	46	110	174	2029	2036	2143	2019	1995	1977	2018	2075	1988	2017	2028	1995
304998	62	126	14	78	142	30	94	158	46	110	174	1981	2075	2168	1968	1953	1987	1971	2125	2007	2021	2074	1965
304998	62	126	14	78	142	30	94	158	46	110	174	1970	2075	2172	1949	1953	1989	1963	2133	1999	2020	2071	1980
304998	62	126	14	78	142	30	94	158	46	110	174	2003	2034	2144	2005	1986	1977	2006	2083	1988	2017	2028	2015
304998	62	126	14	78	142	30	94	158	46	110	174	2053	1979	2109	2063	2035	1956	2056	2023	1972	2016	1983	2048
304998	62	126	14	78	142	30	94	158	46	110	174	2083	1969	2092	2090	2056	1954	2076	2006	1982	2022	1975	2054
304998	62	126	14	78	142	30	94	158	46	110	174	2059	2000	2120	2058	2023	1966	2046	2049	1990	2018	2005	2027
304998	62	126	14	78	142	30	94	158	46	110	174	2002	2051	2156	1989	1979	1983	2005	2106	1996	2017	2050	1989
304998	62	126	14	78	142	30	94	158	46	110	174	1969	2084	2180	1950	1945	1997	1970	2136	2002	2016	2073	1969
304998	62	126	14	78	142	30	94	158	46	110	174	1973	2067	2167	1966	1960	1982	1975	2108	1998	2016	2055	1983
304998	62	126	14	78	142	30	94	158	46	110	174	2025	2014	2121	2025	2018	1961	2020	2053	1993	2020	2020	2027
304998	62	126	14	78	142	30	94	158	46	110	174	2079	1971	2088	2083	2047	1954	2065	2019	1974	2018	1977	2064
304998	62	126	14	78	142	30	94	158	46	110	174	2072	1966	2106	2084	2053	1958	2068	2017	1981	2020	1981	2054
304998	62	126	14	78	142	30	94	158	46	110	174	2035	2020	2141	2030	2006	1976	2045	2067	1986	2018	2020	2007
304998	62	126	14	78	142	30	94	158	46	110	174	1979	2076	2183	1971	1955	1993	1982	2121	2008	2021	2068	1967
304998	62	126	14	78	142	30	94	158	46	110	174	1969	2092	2167	1949	1955	1988	1959	2140	2003	2021	2079	1972
304998	62	126	14	78	142	30	94	158	46	110	174	2003	2043	2134	1991	1981	1979	2001	2093	1991	2020	2040	2014
304998	62	126	14	78	142	30	94	158	46	110	174	2046	1980	2112	2051	2040	1956	2044	2024	1973	2017	1989	2049
304998	62	126	14	78	142	30	94	158	46	110	174	2081	1960	2102	2086	2056	1950	2078	2006	1977	2017	1967	2057
304998	62	126	14	78	142	30	94	158	46	110	174	2055	1989	2131	2067	2023	1964	2049	2035	1984	2020	1998	2022
304998	62	126	14	78	142	30	94	158	46	110	174	2008	2055	2152	1997	1985	1981	2009	2107	1991	2016	2051	1988
304998	62	126	14	78	142	30	94	158	46	110	174	1964	2084	2171	1952	1948	1999	1967	2130	2001	2018	2073	1974
304998	62	126	14	78	142	30	94	158	46	110	174	1970	2060	2162	1962	1966	1991	1973	2113	2000	2017	2065	1988
304998	62	126	14	78	142	30	94	158	46	110	174	2021	2014	2133	2014	2009	1968	2021	2063	1993	2016	2014	2018
304998	62	126	14	78	142	30	94	158	46	110	174	2071	1968	2103	2082	2044	1951	2060	2018	1975	2016	1978	2050
304998	62	126	14	78	142	30	94	158	46	110	174	2081	1970	2105	2082	2051	1952	2080	2019	1971	2017	1981	2058
304998	62	126	14	78	142	30	94	158	46	110	174	2039	2019	2132	2041	2011	1970	2033	2059	1985	2021	2014	2020
304998	62	126	14	78	142	30	94	158	46	110	174	1989	2066	2158	1975	1963	1991	1984	2118	2007	2022	2060	1971
304998	62	126	14	78	142	30	94	158	46	110	174	1966	2084	2174	1951	1948	1997	1965	2141	2008	2016	2076	1970
304998	62	126	14	78	142	30	94	158	46	110	174	1991	2047	2152	1984	1980	1976	1997	2095	1996	2018	2051	2003
304998	62	126	14	78	142	30	94	158	46	110	174	2045	1998	2110	2046	2035	1955	2049	2037	1971	2022	1996	2048
304998	62	126	14	78	142	30	94	158	46	110	174	2083	1963	2091	2085	2057	1947	2077	2008	1972	2020	1970	2060
304998	62	126	14	78	142	30	94	158	46	110	174	2069	1985	2112	2069	2034	1964	2051	2031	1980	2017	1985	2033
304998	62	126	14	78	142	30	94	158	46	110	174	2015	2041	2149	2007	1985	1981	2017	2088	1994	2018	2045	1990
304998	62	126	14	78	142	30	94	158	46	110	174	1970	2085	2177	1965	1949	1995	1972	2130	2002	2018	2082	1971
304998	62	126	14	78	142	30	94	158	46	110	174	1967	2079	2164	1958	1966	1991	1969	2121	1997	2020	2073	1993
304998	62	126	14	78	142	30	94	158	46	110	174	2015	2023	2127	2009	2007	1974	2007	2074	1991	2019	2019	2018
304998	62	126	14	78	142	30	94	158	46	110	174	2078	1972	2098	2073	2047	1947	2065	2025	1970	2021	1977	2047
304998	62	126	14	78	142	30	94	158	46	110	174	2083	1962	2103	2084	2053	1948	2074	2015	1975	2020	1976	2048
304998	62	126	14	78	142	30	94	158	46	110	174	2048	2011	2133	2046	2009	1965	2041	2056	1983	2019	2016	2024
304998	62	126	14	78	142	30	94	158	46	110	174	1984	2071	2170	1983	1974	1990	1985	2106	2013	2017	2058	1987
304998	62	126	14	78	142	30	94	158	46	110	174	1966	2097	2167	1946	1956	2002	1973	2135	2011	2020	2076	1963
304998	62	126	14	78	142	30	94	158	46	110	174	1987	2053	2152	1976	1976	1986	2005	2100	1997	2018	2054	1994
304998	62	126	14	78	142	30	94	158	46	110	174	2043	1996	2115	2038	2025	1957	2034	2049	1971	2020	2011	2034
304998	62	126	14	78	142	30	94	158	46	110	174	2083	1963	2104	2086	2049	1948	2080	2014	1975	2018	1967	2063
304998	62	126	14	78	142	30	94	158	46	110	174	2073	1983	2119	2072	2038	1954	2063	2028	1987	2020	1979	2039
304998	62	126	14	78	142	30	94	158	46	110	174	2028	2042	2138	2013	2001	1979	2028	2089	1997	2018	2027	1998
304998	62	126	14	78	142	30	94	158	46	110	174	1972	2079	2174	1962	1952	1999	1972	2128	2006	2020	2076	1970
304998	62	126	14	78	142	30	94	158	46	110	174	1966	2079	2159	1954	1960	1987	1968	2121	2004	2020	2076	1981
304998	62	126	14	78	142	30	94	158	46	110	174	2006	2033	2141	2004	2001	1969	2008	2081	1994	2016	2028	2022
304998	62	126	14	78	142	30	94	158	46	110	174	2057	1971	2111	2064	2040	1952	2049	2025	1975	2022	1981	2048
304998	62	126	14	78	142	30	94	158	46	110	174	2088	1968	2102	2086	2054	1948	2079	2015	1970	2021	1967	2048
304998	62	126	14	78	142	30	94	158	46	110	174	2053	1998	2127	2051	2015	1968	2039	2046	1987	2020	2009	2020
304998	62	126	14	78	142	30	94	158	46	110	174	1994	2062	2153	1986	1975	1993	1997	2100	2010	2016	2059	1991
304998	62	126	14	78	142	30	94	158	46	110	174	1964	2088	2173	1952	1958	1997	1969	2139	2014	2020	2079	1980
304998	62	126	14	78	142	30	94	158	46	110	174	1972	2065	2158	1976	1973	1989	1992	2108	1996	2018	2052	1991
304998	62	126	14	78	142	30	94	158	46	110	174	2033	2012	2124	2025	2022	1961	2031	2052	1972	2018	2005	2024
304998	62	126	14	78	142	30	94	158	46	110	174	2077	1965	2101	2077	2041	1949	2063	2007	1971	2016	1978	2055
304998	62	126	14	78	142	30	94	158	46	110	174	2074	1969	2113	2073	2037	1952	2063	2023	1980	2021	1982	2045
304998	62	126	14	78	142	30	94	158	46	110	174	2033	2027	2146	2021	2000	1982	2034	2077	1994	2022	2022	2012
304998	62	126	14	78	142	30	94	158	46	110	174	1972	2084	2173	1971	1962	1999	1981	2126	2006	2017	2071	1970
304998	62	126	14	78	142	30	94	158	46	110	174	1961	2089	2159	1954	1961	1999	1970	2126	2009	2020	2081	1975
304998	62	126	14	78	142	30	94	158	46	110	174	1998	2044	2130	1996	1987	1972	1998	2082	2000	2018	2042	2014
304998	62	126	14	78	142	30	94	158	46	110	174	2064	1980	2106	2054	2032	1945	2048	2033	1975	2017	1986	2047
304998	62	126	14	78	142	30	94	158	46	110	174	2090	1956	2110	2081	2054	1943	2076	2018	1969	2020	1968	2054
304998	62	126	14	78	142	30	94	158	46	110	174	2062	1996	2131	2056	2021	1961	2045	2043	1977	2023	2000	2018
304998	62	126	14	78	142	30	94	158	46	110	174	2005	2062	2151	1997	1981	1990	2004	2101	2005	2020	2052	1992
304998	62	126	14	78	142	30	94	158	46	110	174	1962	2094	2154	1956	1952	2000	1971	2137	2015	2020	2082	1986
304998	62	126	14	78	142	30	94	158	46	110	174	1976	2068	2148	1965	1971	1984	1990	2116	2001	2018	2061	1997
304998	62	126	14	78	142	30	94	158	46	110	174	2025	2014	2125	2020	2015	1964	2019	2059	1975	2016	2010	2023
304998	62	126	14	78	142	30	94	158	46	110	174	2076	1964	2115	2068	2046	1943	2061	2017	1974	2020	1976	2043
304998	62	126	14	78	142	30	94	158	46	110	174	2076	1970	2123	2074	2044	1955	2071	2028	1978	2018	1982	2043
304998	62	126	14	78	142	30	94	158	46	110	174	2036	2030	2131	2026	2005	1969	2036	2068	1991	2017	2020	2018
304998	62	126	14	78	142	30	94	158	46	110	174	1981	2080	2153	1978	1974	1998	1984	2119	2007	2021	2066	1982
304998	62	126	14	78	142	30	94	158	46	110	174	1959	2087	2157	1955	1962	2000	1972	2123	2012	2020	2073	1976
304998	62	126	14	78	142	30	94	158	46	110	174	1985	2043	2153	1987	1991	1981	1995	2091	2001	2022	2050	2006
304998	62	126	14	78	142	30	94	158	46	110	174	2048	1993	2123	2048	2022	1957	2039	2044	1975	2021	1995	2038
