304998	62	126	14	78	142	30	94	158	46	110	174	1991	2063	2164	1978	1956	1986	1985	2117	1998	2017	2059	1969
304998	62	126	14	78	142	30	94	158	46	110	174	1970	2078	2185	1949	1950	1987	1978	2140	1993	2022	2075	1960
304998	62	126	14	78	142	30	94	158	46	110	174	1991	2052	2152	1977	1971	1983	1987	2103	1990	2019	2056	2000
304998	62	126	14	78	142	30	94	158	46	110	174	2041	2002	2107	2038	2031	1963	2043	2047	1987	2022	2003	2048
304998	62	126	14	78	142	30	94	158	46	110	174	2077	1971	2089	2092	2051	1962	2069	2007	1987	2021	1972	2064
304998	62	126	14	78	142	30	94	158	46	110	174	2068	1985	2106	2076	2031	1957	2068	2028	1986	2021	1987	2033
304998	62	126	14	78	142	30	94	158	46	110	174	2016	2038	2153	2013	1985	1982	2018	2085	1991	2022	2039	1992
304998	62	126	14	78	142	30	94	158	46	110	174	1968	2079	2185	1955	1940	1994	1967	2131	2006	2017	2076	1965
304998	62	126	14	78	142	30	94	158	46	110	174	1966	2077	2175	1956	1946	1991	1963	2128	1996	2019	2069	1979
304998	62	126	14	78	142	30	94	158	46	110	174	2011	2034	2127	2004	1995	1970	2007	2075	1989	2017	2022	2013
304998	62	126	14	78	142	30	94	158	46	110	174	2066	1978	2092	2073	2040	1951	2059	2019	1972	2017	1986	2053
304998	62	126	14	78	142	30	94	158	46	110	174	2080	1967	2098	2087	2056	1956	2075	2005	1981	2021	1982	2055
304998	62	126	14	78	142	30	94	158	46	110	174	2048	2007	2131	2056	2011	1979	2042	2055	1992	2022	2012	2027
304998	62	126	14	78	142	30	94	158	46	110	174	1996	2066	2164	1980	1971	1983	2003	2114	1997	2021	2054	1985
304998	62	126	14	78	142	30	94	158	46	110	174	1968	2087	2175	1950	1941	1993	1961	2139	1999	2018	2075	1954
304998	62	126	14	78	142	30	94	158	46	110	174	1984	2061	2150	1975	1973	1975	1984	2103	1998	2021	2057	1989
304998	62	126	14	78	142	30	94	158	46	110	174	2038	2001	2115	2035	2022	1969	2027	2045	1991	2017	2010	2041
304998	62	126	14	78	142	30	94	158	46	110	174	2077	1968	2097	2082	2054	1960	2076	2014	1981	2021	1972	2064
304998	62	126	14	78	142	30	94	158	46	110	174	2068	1984	2117	2073	2042	1962	2069	2023	1982	2020	1980	2045
304998	62	126	14	78	142	30	94	158	46	110	174	2029	2036	2143	2019	1995	1977	2018	2075	1988	2017	2028	1995
304998	62	126	14	78	142	30	94	158	46	110	174	1981	2075	2168	1968	1953	1987	1971	2125	2007	2021	2074	1965
304998	62	126	14	78	142	30	94	158	46	110	174	1970	2075	2172	1949	1953	1989	1963	2133	1999	2020	2071	1980
304998	62	126	14	78	142	30	94	158	46	110	174	2003	2034	2144	2005	1986	1977	2006	2083	1988	2017	2028	2015
304998	62	126	14	78	142	30	94	158	46	110	174	2053	1979	2109	2063	2035	1956	2056	2023	1972	2016	1983	2048
304998	62	126	14	78	142	30	94	158	46	110	174	2083	1969	2092	2090	2056	1954	2076	2006	1982	2022	1975	2054
304998	62	126	14	78	142	30	94	158	46	110	174	2059	2000	2120	2058	2023	1966	2046	2049	1990	2018	2005	2027
304998	62	126	14	78	142	30	94	158	46	110	174	2002	2051	2156	1989	1979	1983	2005	2106	1996	2017	2050	1989
304998	62	126	14	78	142	30	94	158	46	110	174	1969	2084	2180	1950	1945	1997	1970	2136	2002	2016	2073	1969
304998	62	126	14	78	142	30	94	158	46	110	174	1973	2067	2167	1966	1960	1982	1975	2108	1998	2016	2055	1983
304998	62	126	14	78	142	30	94	158	46	110	174	2025	2014	2121	2025	2018	1961	2020	2053	1993	2020	2020	2027
304998	62	126	14	78	142	30	94	158	46	110	174	2079	1971	2088	2083	2047	1954	2065	2019	1974	2018	1977	2064
304998	62	126	14	78	142	30	94	158	46	110	174	2072	1966	2106	2084	2053	1958	2068	2017	1981	2020	1981	2054
304998	62	126	14	78	142	30	94	158	46	110	174	2035	2020	2141	2030	2006	1976	2045	2067	1986	2018	2020	2007
304998	62	126	14	78	142	30	94	158	46	110	174	1979	2076	2183	1971	1955	1993	1982	2121	2008	2021	2068	1967
304998	62	126	14	78	142	30	94	158	46	110	174	1969	2092	2167	1949	1955	1988	1959	2140	2003	2021	2079	1972
304998	62	126	14	78	142	30	94	158	46	110	174	2003	2043	2134	1991	1981	1979	2001	2093	1991	2020	2040	2014
304998	62	126	14	78	142	30	94	158	46	110	174	2046	1980	2112	2051	2040	1956	2044	2024	1973	2017	1989	2049
304998	62	126	14	78	142	30	94	158	46	110	174	2081	1960	2102	2086	2056	1950	2078	2006	1977	2017	1967	2057
304998	62	126	14	78	142	30	94	158	46	110	174	2055	1989	2131	2067	2023	1964	2049	2035	1984	2020	1998	2022
304998	62	126	14	78	142	30	94	158	46	110	174	2008	2055	2152	1997	1985	1981	2009	2107	1991	2016	2051	1988
304998	62	126	14	78	142	30	94	158	46	110	174	1964	2084	2171	1952	1948	1999	1967	2130	2001	2018	2073	1974
304998	62	126	14	78	142	30	94	158	46	110	174	1970	2060	2162	1962	1966	1991	1973	2113	2000	2017	2065	1988
304998	62	126	14	78	142	30	94	158	46	110	174	2021	2014	2133	2014	2009	1968	2021	2063	1993	2016	2014	2018
304998	62	126	14	78	142	30	94	158	46	110	174	2071	1968	2103	2082	2044	1951	2060	2018	1975	2016	1978	2050
304998	62	126	14	78	142	30	94	158	46	110	174	2081	1970	2105	2082	2051	1952	2080	2019	1971	2017	1981	2058
304998	62	126	14	78	142	30	94	158	46	110	174	2039	2019	2132	2041	2011	1970	2033	2059	1985	2021	2014	2020
304998	62	126	14	78	142	30	94	158	46	110	174	1989	2066	2158	1975	1963	1991	1984	2118	2007	2022	2060	1971
304998	62	126	14	78	142	30	94	158	46	110	174	1966	2084	2174	1951	1948	1997	1965	2141	2008	2016	2076	1970
304998	62	126	14	78	142	30	94	158	46	110	174	1991	2047	2152	1984	1980	1976	1997	2095	1996	2018	2051	2003
304998	62	126	14	78	142	30	94	158	46	110	174	2045	1998	2110	2046	2035	1955	2049	2037	1971	2022	1996	2048
304998	62	126	14	78	142	30	94	158	46	110	174	2083	1963	2091	2085	2057	1947	2077	2008	1972	2020	1970	2060
304998	62	126	14	78	142	30	94	158	46	110	174	2069	1985	2112	2069	2034	1964	2051	2031	1980	2017	1985	2033
304998	62	126	14	78	142	30	94	158	46	110	174	2015	2041	2149	2007	1985	1981	2017	2088	1994	2018	2045	1990
304998	62	126	14	78	142	30	94	158	46	110	174	1970	2085	2177	1965	1949	1995	1972	2130	2002	2018	2082	1971
304998	62	126	14	78	142	30	94	158	46	110	174	1967	2079	2164	1958	1966	1991	1969	2121	1997	2020	2073	1993
304998	62	126	14	78	142	30	94	158	46	110	174	2015	2023	2127	2009	2007	1974	2007	2074	1991	2019	2019	2018
304998	62	126	14	78	142	30	94	158	46	110	174	2078	1972	2098	2073	2047	1947	2065	2025	1970	2021	1977	2047
304998	62	126	14	78	142	30	94	158	46	110	174	2083	1962	2103	2084	2053	1948	2074	2015	1975	2020	1976	2048
304998	62	126	14	78	142	30	94	158	46	110	174	2048	2011	2133	2046	2009	1965	2041	2056	1983	2019	2016	2024
304998	62	126	14	78	142	30	94	158	46	110	174	1984	2071	2170	1983	1974	1990	1985	2106	2013	2017	2058	1987
304998	62	126	14	78	142	30	94	158	46	110	174	1966	2097	2167	1946	1956	2002	1973	2135	2011	2020	2076	1963
304998	62	126	14	78	142	30	94	158	46	110	174	1987	2053	2152	1976	1976	1986	2005	2100	1997	2018	2054	1994
304998	62	126	14	78	142	30	94	158	46	110	174	2043	1996	2115	2038	2025	1957	2034	2049	1971	2020	2011	2034
304998	62	126	14	78	142	30	94	158	46	110	174	2083	1963	2104	2086	2049	1948	2080	2014	1975	2018	1967	2063
304998	62	126	14	78	142	30	94	158	46	110	174	2073	1983	2119	2072	2038	1954	2063	2028	1987	2020	1979	2039
304998	62	126	14	78	142	30	94	158	46	110	174	2028	2042	2138	2013	2001	1979	2028	2089	1997	2018	2027	1998
304998	62	126	14	78	142	30	94	158	46	110	174	1972	2079	2174	1962	1952	1999	1972	2128	2006	2020	2076	1970
304998	62	126	14	78	142	30	94	158	46	110	174	1966	2079	2159	1954	1960	1987	1968	2121	2004	2020	2076	1981
304998	62	126	14	78	142	30	94	158	46	110	174	2006	2033	2141	2004	2001	1969	2008	2081	1994	2016	2028	2022
304998	62	126	14	78	142	30	94	158	46	110	174	2057	1971	2111	2064	2040	1952	2049	2025	1975	2022	1981	2048
304998	62	126	14	78	142	30	94	158	46	110	174	2088	1968	2102	2086	2054	1948	2079	2015	1970	2021	1967	2048
304998	62	126	14	78	142	30	94	158	46	110	174	2053	1998	2127	2051	2015	1968	2039	2046	1987	2020	2009	2020
304998	62	126	14	78	142	30	94	158	46	110	174	1994	2062	2153	1986	1975	1993	1997	2100	2010	2016	2059	1991
304998	62	126	14	78	142	30	94	158	46	110	174	1964	2088	2173	1952	1958	1997	1969	2139	2014	2020	2079	1980
304998	62	126	14	78	142	30	94	158	46	110	174	1972	2065	2158	1976	1973	1989	1992	2108	1996	2018	2052	1991
304998	62	126	14	78	142	30	94	158	46	110	174	2033	2012	2124	2025	2022	1961	2031	2052	1972	2018	2005	2024
304998	62	126	14	78	142	30	94	158	46	110	174	2077	1965	2101	2077	2041	1949	2063	2007	1971	2016	1978	2055
304998	62	126	14	78	142	30	94	158	46	110	174	2074	1969	2113	2073	2037	1952	2063	2023	1980	2021	1982	2045
304998	62	126	14	78	142	30	94	158	46	110	174	2033	2027	2146	2021	2000	1982	2034	2077	1994	2022	2022	2012
304998	62	126	14	78	142	30	94	158	46	110	174	1972	2084	2173	1971	1962	1999	1981	2126	2006	2017	2071	1970
304998	62	126	14	78	142	30	94	158	46	110	174	1961	2089	2159	1954	1961	1999	1970	2126	2009	2020	2081	1975
304998	62	126	14	78	142	30	94	158	46	110	174	1998	2044	2130	1996	1987	1972	1998	2082	2000	2018	2042	2014
304998	62	126	14	78	142	30	94	158	46	110	174	2064	1980	2106	2054	2032	1945	2048	2033	1975	2017	1986	2047
304998	62	126	14	78	142	30	94	158	46	110	174	2090	1956	2110	2081	2054	1943	2076	2018	1969	2020	1968	2054
304998	62	126	14	78	142	30	94	158	46	110	174	2062	1996	2131	2056	2021	1961	2045	2043	1977	2023	2000	2018
304998	62	126	14	78	142	30	94	158	46	110	174	2005	2062	2151	1997	1981	1990	2004	2101	2005	2020	2052	1992
304998	62	126	14	78	142	30	94	158	46	110	174	1962	2094	2154	1956	1952	2000	1971	2137	2015	2020	2082	1986
304998	62	126	14	78	142	30	94	158	46	110	174	1976	2068	2148	1965	1971	1984	1990	2116	2001	2018	2061	1997
304998	62	126	14	78	142	30	94	158	46	110	174	2025	2014	2125	2020	2015	1964	2019	2059	1975	2016	2010	2023
304998	62	126	14	78	142	30	94	158	46	110	174	2076	1964	2115	2068	2046	1943	2061	2017	1974	2020	1976	2043
304998	62	126	14	78	142	30	94	158	46	110	174	2076	1970	2123	2074	2044	1955	2071	2028	1978	2018	1982	2043
304998	62	126	14	78	142	30	94	158	46	110	174	2036	2030	2131	2026	2005	1969	2036	2068	1991	2017	2020	2018
304998	62	126	14	78	142	30	94	158	46	110	174	1981	2080	2153	1978	1974	1998	1984	2119	2007	2021	2066	1982
304998	62	126	14	78	142	30	94	158	46	110	174	1959	2087	2157	1955	1962	2000	1972	2123	2012	2020	2073	1976
304998	62	126	14	78	142	30	94	158	46	110	174	1985	2043	2153	1987	1991	1981	1995	2091	2001	2022	2050	2006
304998	62	126	14	78	142	30	94	158	46	110	174	2048	1993	2123	2048	2022	1957	2039	2044	1975	2021	1995	2038
304998	62	126	14	78	142	30	94	158	46	110	174	2089	1967	2114	2078	2048	1943	2068	2020	1963	2019	1966	2051
304998	62	126	14	78	142	30	94	158	46	110	174	2064	1988	2119	2053	2026	1957	2047	2039	1975	2021	1987	2026
304998	62	126	14	78	142	30	94	158	46	110	174	2012	2049	2145	2004	1992	1985	2011	2088	2008	2017	2044	1992
304998	62	126	14	78	142	30	94	158	46	110	174	1959	2091	2165	1957	1963	2005	1969	2131	2020	2018	2088	1989
304998	62	126	14	78	142	30	94	158	46	110	174	1968	2080	2155	1970	1961	1999	1983	2124	2006	2017	2070	1995
304998	62	126	14	78	142	30	94	158	46	110	174	2013	2026	2139	2009	2007	1968	2020	2069	1985	2019	2017	2022
304998	62	126	14	78	142	30	94	158	46	110	174	2073	1974	2102	2059	2033	1947	2058	2023	1967	2018	1971	2039
304998	62	126	14	78	142	30	94	158	46	110	174	2082	1959	2119	2076	2047	1940	2059	2020	1975	2016	1974	2040
304998	62	126	14	78	142	30	94	158	46	110	174	2046	2014	2134	2036	2012	1971	2033	2067	1984	2022	2018	2026
304998	62	126	14	78	142	30	94	158	46	110	174	1985	2077	2154	1981	1968	2000	2007	2117	2011	2017	2064	1997
304998	62	126	14	78	142	30	94	158	46	110	174	1953	2100	2156	1958	1955	2004	1975	2126	2013	2021	2079	1983
304998	62	126	14	78	142	30	94	158	46	110	174	1989	2060	2133	1982	1978	1983	1988	2094	2005	2018	2056	1997
304998	62	126	14	78	142	30	94	158	46	110	174	2043	1989	2118	2037	2025	1952	2026	2051	1977	2017	2004	2035
304998	62	126	14	78	142	30	94	158	46	110	174	2086	1957	2120	2071	2047	1939	2063	2017	1962	2020	1966	2044
304998	62	126	14	78	142	30	94	158	46	110	174	2071	1988	2133	2059	2031	1958	2052	2037	1972	2018	1982	2031
304998	62	126	14	78	142	30	94	158	46	110	174	2018	2050	2142	2009	1991	1987	2011	2083	2003	2020	2040	1997
304998	62	126	14	78	142	30	94	158	46	110	174	1967	2095	2149	1970	1966	2002	1980	2126	2022	2021	2085	1983
304998	62	126	14	78	142	30	94	158	46	110	174	1967	2084	2144	1967	1972	1992	1994	2123	2009	2019	2075	1998
304998	62	126	14	78	142	30	94	158	46	110	174	2006	2030	2138	2008	2003	1967	2007	2078	1988	2020	2025	2021
304998	62	126	14	78	142	30	94	158	46	110	174	2066	1970	2123	2051	2037	1947	2046	2027	1968	2016	1977	2038
304998	62	126	14	78	142	30	94	158	46	110	174	2082	1964	2126	2068	2041	1944	2063	2023	1974	2020	1968	2034
304998	62	126	14	78	142	30	94	158	46	110	174	2049	2016	2128	2038	2017	1969	2038	2061	1984	2021	2011	2023
304998	62	126	14	78	142	30	94	158	46	110	174	1994	2069	2140	1993	1972	1999	2007	2111	2004	2018	2065	1999
304998	62	126	14	78	142	30	94	158	46	110	174	1952	2089	2155	1960	1961	2002	1970	2128	2017	2020	2085	1989
304998	62	126	14	78	142	30	94	158	46	110	174	1978	2065	2145	1979	1975	1992	1995	2103	2005	2019	2057	1997
304998	62	126	14	78	142	30	94	158	46	110	174	2032	2001	2137	2027	2017	1959	2024	2056	1981	2021	2008	2022
304998	62	126	14	78	142	30	94	158	46	110	174	2087	1966	2118	2068	2047	1938	2063	2027	1955	2019	1967	2050
304998	62	126	14	78	142	30	94	158	46	110	174	2079	1977	2118	2063	2033	1952	2061	2034	1967	2019	1976	2037
304998	62	126	14	78	142	30	94	158	46	110	174	2021	2029	2133	2016	2002	1986	2019	2077	2000	2021	2030	2003
304998	62	126	14	78	142	30	94	158	46	110	174	1969	2086	2151	1969	1960	2009	1986	2126	2025	2020	2079	1986
304998	62	126	14	78	142	30	94	158	46	110	174	1954	2092	2153	1967	1966	2002	1975	2123	2014	2022	2082	2000
304998	62	126	14	78	142	30	94	158	46	110	174	2003	2045	2130	1999	1992	1977	2005	2080	1984	2018	2038	2021
304998	62	126	14	78	142	30	94	158	46	110	174	2062	1980	2119	2049	2032	1945	2049	2035	1964	2017	1983	2038
304998	62	126	14	78	142	30	94	158	46	110	174	2092	1960	2121	2073	2040	1942	2057	2015	1968	2020	1962	2030
304998	62	126	14	78	142	30	94	158	46	110	174	2060	1997	2132	2048	2020	1964	2038	2055	1985	2018	2001	2018
304998	62	126	14	78	142	30	94	158	46	110	174	1998	2065	2148	1998	1973	2001	2014	2105	2010	2019	2060	2006
304998	62	126	14	78	142	30	94	158	46	110	174	1952	2096	2153	1965	1958	2005	1974	2123	2018	2018	2086	1995
304998	62	126	14	78	142	30	94	158	46	110	174	1974	2072	2130	1974	1976	1989	1981	2101	2009	2019	2062	1995
304998	62	126	14	78	142	30	94	158	46	110	174	2029	2006	2126	2022	2014	1956	2024	2061	1981	2018	2011	2016
304998	62	126	14	78	142	30	94	158	46	110	174	2087	1959	2125	2060	2042	1938	2067	2028	1960	2020	1973	2040
304998	62	126	14	78	142	30	94	158	46	110	174	2082	1974	2131	2070	2029	1957	2064	2031	1965	2020	1975	2034
304998	62	126	14	78	142	30	94	158	46	110	174	2024	2030	2137	2021	2003	1978	2020	2074	1992	2020	2023	2013
304998	62	126	14	78	142	30	94	158	46	110	174	1974	2091	2136	1976	1961	2004	1991	2115	2021	2018	2073	1988
304998	62	126	14	78	142	30	94	158	46	110	174	1954	2086	2145	1966	1966	2008	1975	2123	2018	2021	2087	1990
304998	62	126	14	78	142	30	94	158	46	110	174	1996	2044	2136	1993	1991	1979	1999	2090	1995	2020	2045	2020
304998	62	126	14	78	142	30	94	158	46	110	174	2055	1983	2136	2042	2025	1952	2036	2041	1964	2022	1985	2032
304998	62	126	14	78	142	30	94	158	46	110	174	2083	1960	2130	2068	2039	1938	2062	2021	1970	2019	1960	2030
304998	62	126	14	78	142	30	94	158	46	110	174	2064	1999	2124	2048	2022	1958	2042	2051	1979	2021	1998	2019
304998	62	126	14	78	142	30	94	158	46	110	174	2006	2057	2136	2003	1989	1992	2006	2094	2002	2020	2054	2004
304998	62	126	14	78	142	30	94	158	46	110	174	1952	2092	2149	1964	1962	2009	1975	2124	2027	2021	2089	2001
304998	62	126	14	78	142	30	94	158	46	110	174	1968	2076	2148	1971	1976	1993	1985	2106	2011	2018	2068	2006
304998	62	126	14	78	142	30	94	158	46	110	174	2021	2019	2143	2014	2007	1967	2023	2071	1987	2016	2014	2014
304998	62	126	14	78	142	30	94	158	46	110	174	2078	1969	2124	2060	2036	1937	2053	2035	1955	2019	1971	2029
304998	62	126	14	78	142	30	94	158	46	110	174	2087	1969	2123	2068	2036	1940	2064	2031	1963	2019	1973	2031
304998	62	126	14	78	142	30	94	158	46	110	174	2038	2014	2133	2032	2007	1975	2026	2067	1988	2016	2018	2018
304998	62	126	14	78	142	30	94	158	46	110	174	1979	2078	2141	1979	1974	2007	1986	2109	2021	2022	2069	2001
304998	62	126	14	78	142	30	94	158	46	110	174	1953	2097	2149	1968	1957	2009	1968	2127	2023	2018	2086	1991
304998	62	126	14	78	142	30	94	158	46	110	174	1988	2056	2138	1988	1992	1979	1998	2092	1999	2021	2052	2010
304998	62	126	14	78	142	30	94	158	46	110	174	2052	1992	2123	2041	2016	1953	2039	2045	1969	2017	1991	2031
304998	62	126	14	78	142	30	94	158	46	110	174	2085	1955	2127	2067	2042	1938	2052	2020	1962	2019	1963	2033
304998	62	126	14	78	142	30	94	158	46	110	174	2065	1985	2132	2050	2027	1957	2041	2046	1982	2022	1984	2021
304998	62	126	14	78	142	30	94	158	46	110	174	2009	2049	2142	2005	1985	1994	2019	2093	2000	2016	2050	2004
304998	62	126	14	78	142	30	94	158	46	110	174	1957	2095	2144	1969	1968	2010	1982	2122	2017	2021	2087	1999
304998	62	126	14	78	142	30	94	158	46	110	174	1969	2086	2130	1969	1974	1996	1989	2118	2008	2022	2076	2011
