304998	62	126	14	78	142	30	94	158	46	110	174	2083	1961	2147	2062	2030	1937	2049	2029	1970	2017	1974	2026
304998	62	126	14	78	142	30	94	158	46	110	174	2040	2015	2141	2037	1997	1970	2030	2066	1993	2020	2017	2017
304998	62	126	14	78	142	30	94	158	46	110	174	1979	2079	2129	1992	1976	2008	2000	2110	2019	2020	2069	2016
304998	62	126	14	78	142	30	94	158	46	110	174	1954	2096	2124	1973	1965	2010	1985	2117	2023	2017	2084	2007
304998	62	126	14	78	142	30	94	158	46	110	174	1983	2051	2136	1990	1984	1993	1998	2089	2000	2018	2058	2009
304998	62	126	14	78	142	30	94	158	46	110	174	2043	1990	2148	2032	2013	1947	2022	2052	1974	2022	1997	2022
304998	62	126	14	78	142	30	94	158	46	110	174	2083	1958	2149	2064	2032	1931	2060	2037	1955	2017	1967	2022
304998	62	126	14	78	142	30	94	158	46	110	174	2065	1989	2147	2053	2022	1950	2056	2046	1971	2017	1984	2014
304998	62	126	14	78	142	30	94	158	46	110	174	2013	2047	2127	2010	1998	1989	2009	2084	2003	2016	2044	2014
304998	62	126	14	78	142	30	94	158	46	110	174	1964	2088	2123	1980	1964	2018	1983	2115	2033	2019	2087	2013
304998	62	126	14	78	142	30	94	158	46	110	174	1954	2073	2139	1973	1966	2004	1975	2110	2022	2020	2078	2021
304998	62	126	14	78	142	30	94	158	46	110	174	2008	2028	2141	2011	1999	1970	2018	2079	1987	2020	2030	2020
304998	62	126	14	78	142	30	94	158	46	110	174	2064	1971	2152	2048	2028	1943	2040	2035	1959	2018	1974	2008
304998	62	126	14	78	142	30	94	158	46	110	174	2085	1967	2140	2061	2032	1938	2050	2030	1962	2022	1972	2016
304998	62	126	14	78	142	30	94	158	46	110	174	2045	2003	2131	2040	2003	1976	2032	2066	1993	2022	2012	2022
304998	62	126	14	78	142	30	94	158	46	110	174	1981	2063	2125	1998	1968	2000	1994	2099	2013	2020	2064	2017
304998	62	126	14	78	142	30	94	158	46	110	174	1957	2093	2130	1970	1968	2014	1986	2121	2022	2021	2085	2014
304998	62	126	14	78	142	30	94	158	46	110	174	1978	2064	2137	1989	1984	1990	1995	2089	2006	2016	2059	2008
304998	62	126	14	78	142	30	94	158	46	110	174	2037	2008	2131	2022	2014	1955	2027	2057	1981	2020	2008	2011
304998	62	126	14	78	142	30	94	158	46	110	174	2083	1959	2138	2062	2018	1939	2045	2036	1956	2017	1972	2018
304998	62	126	14	78	142	30	94	158	46	110	174	2071	1975	2147	2054	2022	1947	2041	2042	1969	2018	1980	2017
304998	62	126	14	78	142	30	94	158	46	110	174	2020	2034	2138	2016	1992	1985	2016	2077	1997	2017	2033	2009
304998	62	126	14	78	142	30	94	158	46	110	174	1962	2087	2131	1981	1973	2015	1984	2103	2028	2017	2085	2014
304998	62	126	14	78	142	30	94	158	46	110	174	1957	2088	2117	1972	1975	2005	1978	2112	2024	2017	2084	2018
304998	62	126	14	78	142	30	94	158	46	110	174	2003	2039	2128	2006	1987	1974	2010	2080	1991	2018	2037	2019
304998	62	126	14	78	142	30	94	158	46	110	174	2054	1973	2148	2045	2025	1936	2031	2041	1955	2018	1984	2017
304998	62	126	14	78	142	30	94	158	46	110	174	2082	1963	2149	2062	2028	1938	2048	2033	1956	2017	1970	2000
304998	62	126	14	78	142	30	94	158	46	110	174	2047	2003	2148	2040	2014	1964	2025	2053	1986	2022	2011	2015
304998	62	126	14	78	142	30	94	158	46	110	174	1992	2065	2122	2000	1983	2006	2002	2096	2011	2019	2063	2024
304998	62	126	14	78	142	30	94	158	46	110	174	1959	2094	2123	1973	1962	2015	1985	2116	2024	2016	2086	2017
304998	62	126	14	78	142	30	94	158	46	110	174	1960	2068	2127	1983	1983	1997	1984	2099	2008	2022	2063	2012
304998	62	126	14	78	142	30	94	158	46	110	174	2022	2009	2149	2021	2003	1957	2016	2059	1986	2022	2014	2009
304998	62	126	14	78	142	30	94	158	46	110	174	2070	1964	2157	2053	2023	1939	2038	2038	1959	2016	1979	2011
304998	62	126	14	78	142	30	94	158	46	110	174	2078	1977	2136	2050	2022	1948	2050	2044	1966	2019	1982	2020
304998	62	126	14	78	142	30	94	158	46	110	174	2031	2020	2141	2023	1994	1983	2019	2076	1995	2020	2024	2013
304998	62	126	14	78	142	30	94	158	46	110	174	1972	2080	2120	1985	1972	2009	1986	2108	2026	2022	2075	2012
304998	62	126	14	78	142	30	94	158	46	110	174	1954	2086	2129	1979	1969	2015	1978	2108	2028	2017	2091	2021
304998	62	126	14	78	142	30	94	158	46	110	174	1989	2045	2135	1999	1994	1982	2006	2087	1994	2020	2045	2020
304998	62	126	14	78	142	30	94	158	46	110	174	2054	1993	2143	2036	2019	1945	2044	2058	1955	2017	1988	2016
304998	62	126	14	78	142	30	94	158	46	110	174	2076	1954	2153	2057	2026	1938	2044	2036	1953	2017	1965	2010
304998	62	126	14	78	142	30	94	158	46	110	174	2063	1994	2140	2043	2014	1954	2042	2049	1987	2017	2001	2006
304998	62	126	14	78	142	30	94	158	46	110	174	1998	2054	2135	2006	1981	2001	2002	2090	2013	2022	2059	2018
304998	62	126	14	78	142	30	94	158	46	110	174	1950	2094	2120	1979	1955	2018	1978	2114	2024	2017	2089	2033
304998	62	126	14	78	142	30	94	158	46	110	174	1969	2083	2120	1982	1982	2005	1996	2103	2009	2020	2069	2020
304998	62	126	14	78	142	30	94	158	46	110	174	2020	2017	2137	2020	2001	1961	2008	2065	1978	2017	2019	2008
304998	62	126	14	78	142	30	94	158	46	110	174	2072	1964	2152	2045	2025	1932	2039	2035	1960	2022	1983	2011
304998	62	126	14	78	142	30	94	158	46	110	174	2076	1969	2155	2060	2016	1942	2052	2038	1962	2020	1977	2011
304998	62	126	14	78	142	30	94	158	46	110	174	2033	2022	2130	2026	2004	1977	2028	2072	1988	2021	2022	2019
304998	62	126	14	78	142	30	94	158	46	110	174	1982	2079	2113	1985	1976	2010	2000	2104	2020	2017	2072	2015
304998	62	126	14	78	142	30	94	158	46	110	174	1957	2089	2116	1973	1969	2013	1990	2106	2030	2016	2091	2014
304998	62	126	14	78	142	30	94	158	46	110	174	1988	2048	2133	1993	1989	1980	1998	2092	2001	2020	2055	2019
304998	62	126	14	78	142	30	94	158	46	110	174	2044	1992	2151	2035	2014	1949	2025	2052	1968	2016	1993	2016
304998	62	126	14	78	142	30	94	158	46	110	174	2077	1964	2152	2054	2033	1938	2045	2033	1949	2022	1969	2005
304998	62	126	14	78	142	30	94	158	46	110	174	2067	1991	2139	2040	2015	1956	2042	2045	1972	2021	1992	2004
304998	62	126	14	78	142	30	94	158	46	110	174	2002	2042	2130	2007	1984	1996	2002	2082	2014	2021	2051	2020
304998	62	126	14	78	142	30	94	158	46	110	174	1964	2091	2117	1976	1972	2014	1992	2115	2028	2020	2089	2026
304998	62	126	14	78	142	30	94	158	46	110	174	1967	2077	2125	1982	1986	2006	1998	2108	2013	2021	2072	2029
304998	62	126	14	78	142	30	94	158	46	110	174	2004	2034	2139	2012	2002	1968	2006	2076	1983	2021	2022	2011
304998	62	126	14	78	142	30	94	158	46	110	174	2068	1970	2150	2047	2018	1937	2043	2035	1963	2018	1981	1998
304998	62	126	14	78	142	30	94	158	46	110	174	2077	1962	2156	2059	2019	1941	2035	2038	1962	2019	1975	2005
304998	62	126	14	78	142	30	94	158	46	110	174	2041	2009	2137	2030	2010	1967	2027	2073	1983	2017	2016	2023
304998	62	126	14	78	142	30	94	158	46	110	174	1980	2070	2128	1992	1981	2009	1995	2099	2017	2019	2064	2023
304998	62	126	14	78	142	30	94	158	46	110	174	1951	2094	2115	1978	1969	2017	1982	2104	2027	2019	2086	2016
304998	62	126	14	78	142	30	94	158	46	110	174	1977	2058	2125	1990	1986	1994	1989	2091	2016	2022	2062	2020
304998	62	126	14	78	142	30	94	158	46	110	174	2038	1998	2140	2031	2003	1954	2020	2061	1974	2017	2002	2015
304998	62	126	14	78	142	30	94	158	46	110	174	2077	1962	2155	2057	2029	1927	2057	2038	1951	2017	1969	2008
304998	62	126	14	78	142	30	94	158	46	110	174	2065	1983	2151	2049	2016	1950	2038	2046	1967	2019	1981	2005
304998	62	126	14	78	142	30	94	158	46	110	174	2014	2046	2128	2015	1995	1987	2017	2080	2008	2017	2044	2018
304998	62	126	14	78	142	30	94	158	46	110	174	1964	2092	2112	1979	1974	2014	1990	2113	2031	2017	2087	2024
304998	62	126	14	78	142	30	94	158	46	110	174	1965	2080	2110	1980	1968	2009	1987	2114	2016	2021	2080	2029
304998	62	126	14	78	142	30	94	158	46	110	174	2005	2028	2138	2006	1993	1973	2016	2077	1984	2018	2031	2014
304998	62	126	14	78	142	30	94	158	46	110	174	2061	1977	2159	2041	2019	1940	2039	2043	1958	2018	1979	1992
304998	62	126	14	78	142	30	94	158	46	110	174	2079	1973	2159	2056	2022	1941	2041	2041	1964	2022	1977	2005
304998	62	126	14	78	142	30	94	158	46	110	174	2048	2008	2135	2032	2008	1965	2034	2061	1982	2017	2012	2018
304998	62	126	14	78	142	30	94	158	46	110	174	1988	2060	2110	1994	1983	1998	2006	2094	2013	2021	2063	2026
304998	62	126	14	78	142	30	94	158	46	110	174	1958	2091	2109	1976	1971	2015	1981	2109	2027	2018	2087	2028
304998	62	126	14	78	142	30	94	158	46	110	174	1975	2063	2125	1986	1980	1994	1997	2094	2018	2016	2071	2017
304998	62	126	14	78	142	30	94	158	46	110	174	2027	2012	2145	2020	2009	1959	2033	2067	1976	2019	2015	2011
304998	62	126	14	78	142	30	94	158	46	110	174	2081	1969	2150	2051	2021	1933	2045	2039	1951	2019	1967	2011
304998	62	126	14	78	142	30	94	158	46	110	174	2067	1972	2154	2051	2009	1947	2038	2042	1965	2018	1979	2004
304998	62	126	14	78	142	30	94	158	46	110	174	2023	2028	2128	2018	1999	1979	2017	2075	2004	2018	2033	2008
304998	62	126	14	78	142	30	94	158	46	110	174	1964	2081	2125	1984	1967	2018	1984	2105	2030	2017	2085	2029
304998	62	126	14	78	142	30	94	158	46	110	174	1960	2089	2112	1974	1973	2014	1985	2114	2025	2017	2087	2036
304998	62	126	14	78	142	30	94	158	46	110	174	1998	2045	2129	2000	1993	1979	2016	2082	1992	2020	2042	2017
304998	62	126	14	78	142	30	94	158	46	110	174	2049	1978	2148	2043	2010	1943	2028	2047	1958	2018	1986	1999
304998	62	126	14	78	142	30	94	158	46	110	174	2081	1958	2162	2053	2025	1930	2038	2032	1962	2017	1973	1998
304998	62	126	14	78	142	30	94	158	46	110	174	2054	1996	2149	2042	2004	1965	2029	2062	1986	2021	2001	2014
304998	62	126	14	78	142	30	94	158	46	110	174	1993	2063	2120	1999	1985	2001	2009	2100	2007	2020	2059	2029
304998	62	126	14	78	142	30	94	158	46	110	174	1956	2092	2106	1981	1971	2017	1983	2111	2026	2020	2086	2030
304998	62	126	14	78	142	30	94	158	46	110	174	1971	2071	2113	1989	1969	2001	2000	2097	2018	2020	2068	2019
304998	62	126	14	78	142	30	94	158	46	110	174	2014	2006	2151	2019	2005	1959	2009	2066	1983	2019	2019	2012
304998	62	126	14	78	142	30	94	158	46	110	174	2071	1970	2164	2048	2023	1937	2043	2046	1955	2018	1974	2012
304998	62	126	14	78	142	30	94	158	46	110	174	2069	1974	2158	2051	2020	1944	2049	2046	1962	2022	1975	2008
304998	62	126	14	78	142	30	94	158	46	110	174	2027	2027	2122	2020	2000	1977	2017	2074	1990	2021	2020	2009
304998	62	126	14	78	142	30	94	158	46	110	174	1977	2076	2109	1988	1977	2010	1994	2103	2036	2020	2079	2028
304998	62	126	14	78	142	30	94	158	46	110	174	1960	2085	2112	1980	1976	2013	1984	2112	2033	2017	2093	2034
304998	62	126	14	78	142	30	94	158	46	110	174	1987	2047	2132	1994	1990	1980	2003	2089	1998	2016	2045	2020
304998	62	126	14	78	142	30	94	158	46	110	174	2042	1989	2159	2040	2007	1943	2023	2048	1964	2022	1994	2005
304998	62	126	14	78	142	30	94	158	46	110	174	2080	1967	2153	2051	2020	1932	2044	2030	1953	2021	1969	1996
304998	62	126	14	78	142	30	94	158	46	110	174	2062	1989	2143	2041	2009	1955	2031	2052	1979	2019	1999	2010
304998	62	126	14	78	142	30	94	158	46	110	174	2005	2045	2125	2005	1993	1997	2010	2091	2012	2020	2050	2033
304998	62	126	14	78	142	30	94	158	46	110	174	1958	2087	2114	1985	1970	2015	1996	2114	2028	2020	2085	2035
304998	62	126	14	78	142	30	94	158	46	110	174	1960	2078	2122	1989	1966	2006	1984	2098	2014	2022	2071	2019
304998	62	126	14	78	142	30	94	158	46	110	174	2017	2022	2139	2014	1995	1963	2010	2067	1989	2017	2028	2004
304998	62	126	14	78	142	30	94	158	46	110	174	2066	1969	2151	2049	2018	1940	2038	2046	1957	2021	1979	2003
304998	62	126	14	78	142	30	94	158	46	110	174	2078	1965	2156	2053	2026	1937	2042	2043	1958	2021	1971	2005
304998	62	126	14	78	142	30	94	158	46	110	174	2033	2013	2142	2027	2004	1975	2018	2066	1986	2022	2016	2015
304998	62	126	14	78	142	30	94	158	46	110	174	1980	2078	2118	1999	1978	2010	2007	2093	2023	2022	2070	2024
304998	62	126	14	78	142	30	94	158	46	110	174	1955	2091	2104	1977	1971	2017	1977	2113	2036	2017	2093	2029
304998	62	126	14	78	142	30	94	158	46	110	174	1984	2055	2115	1994	1980	1986	2002	2092	2005	2020	2057	2027
304998	62	126	14	78	142	30	94	158	46	110	174	2036	1989	2157	2032	2015	1945	2027	2057	1968	2022	1997	2004
304998	62	126	14	78	142	30	94	158	46	110	174	2077	1962	2169	2051	2029	1938	2041	2037	1946	2022	1968	1989
304998	62	126	14	78	142	30	94	158	46	110	174	2065	1987	2155	2047	2018	1954	2045	2045	1975	2017	1998	2008
304998	62	126	14	78	142	30	94	158	46	110	174	2010	2048	2118	2013	1995	1989	2016	2087	2009	2022	2044	2025
304998	62	126	14	78	142	30	94	158	46	110	174	1970	2090	2099	1988	1968	2017	1994	2115	2028	2020	2082	2033
304998	62	126	14	78	142	30	94	158	46	110	174	1957	2072	2117	1983	1975	2005	1983	2103	2016	2020	2079	2027
304998	62	126	14	78	142	30	94	158	46	110	174	2007	2028	2144	2009	2001	1969	2007	2072	1986	2017	2030	2009
304998	62	126	14	78	142	30	94	158	46	110	174	2057	1980	2168	2042	2021	1941	2030	2044	1964	2017	1987	1998
304998	62	126	14	78	142	30	94	158	46	110	174	2077	1971	2153	2053	2017	1935	2043	2043	1955	2021	1971	2006
304998	62	126	14	78	142	30	94	158	46	110	174	2045	2004	2134	2033	2002	1970	2028	2066	1985	2022	2011	2020
304998	62	126	14	78	142	30	94	158	46	110	174	1983	2062	2114	1999	1977	2005	1994	2093	2017	2016	2062	2023
304998	62	126	14	78	142	30	94	158	46	110	174	1953	2090	2115	1975	1969	2024	1992	2106	2038	2020	2093	2029
304998	62	126	14	78	142	30	94	158	46	110	174	1976	2065	2125	1990	1984	1993	1996	2096	2011	2022	2065	2028
304998	62	126	14	78	142	30	94	158	46	110	174	2032	2007	2144	2026	2008	1951	2025	2062	1973	2017	2007	2008
304998	62	126	14	78	142	30	94	158	46	110	174	2078	1960	2156	2055	2016	1930	2048	2042	1954	2021	1967	1994
304998	62	126	14	78	142	30	94	158	46	110	174	2066	1976	2154	2047	2025	1945	2042	2043	1964	2021	1987	2000
304998	62	126	14	78	142	30	94	158	46	110	174	2017	2031	2132	2020	1987	1993	2011	2079	2005	2020	2043	2019
304998	62	126	14	78	142	30	94	158	46	110	174	1965	2086	2106	1983	1967	2019	1995	2105	2028	2017	2085	2039
304998	62	126	14	78	142	30	94	158	46	110	174	1954	2085	2106	1981	1972	2006	1983	2105	2019	2022	2084	2033
304998	62	126	14	78	142	30	94	158	46	110	174	2001	2031	2127	2013	1983	1978	2007	2081	1993	2022	2034	2008
304998	62	126	14	78	142	30	94	158	46	110	174	2058	1977	2159	2042	2016	1935	2044	2044	1962	2021	1988	1994
304998	62	126	14	78	142	30	94	158	46	110	174	2080	1962	2165	2059	2020	1938	2041	2042	1956	2020	1972	2005
304998	62	126	14	78	142	30	94	158	46	110	174	2048	2008	2148	2039	2004	1969	2034	2062	1982	2022	2003	2013
304998	62	126	14	78	142	30	94	158	46	110	174	1991	2059	2110	2004	1982	2001	2009	2095	2013	2017	2054	2022
304998	62	126	14	78	142	30	94	158	46	110	174	1960	2090	2104	1982	1963	2023	1999	2110	2028	2016	2090	2030
304998	62	126	14	78	142	30	94	158	46	110	174	1971	2063	2121	1989	1984	1996	1993	2099	2019	2017	2073	2026
304998	62	126	14	78	142	30	94	158	46	110	174	2026	2007	2150	2021	2000	1963	2032	2075	1975	2017	2012	2008
304998	62	126	14	78	142	30	94	158	46	110	174	2076	1970	2165	2053	2014	1937	2053	2044	1954	2021	1972	1993
304998	62	126	14	78	142	30	94	158	46	110	174	2068	1971	2150	2048	2018	1938	2040	2039	1959	2022	1976	1997
304998	62	126	14	78	142	30	94	158	46	110	174	2033	2023	2133	2028	1993	1989	2021	2065	2001	2023	2036	2015
304998	62	126	14	78	142	30	94	158	46	110	174	1969	2074	2113	1991	1984	2018	1984	2104	2029	2017	2081	2042
304998	62	126	14	78	142	30	94	158	46	110	174	1960	2089	2113	1978	1971	2017	1994	2111	2023	2020	2084	2043
304998	62	126	14	78	142	30	94	158	46	110	174	1989	2040	2141	2003	1982	1983	2000	2079	1992	2017	2041	2010
304998	62	126	14	78	142	30	94	158	46	110	174	2049	1990	2149	2040	2018	1939	2038	2048	1969	2021	1991	1995
304998	62	126	14	78	142	30	94	158	46	110	174	2083	1959	2166	2058	2023	1932	2044	2037	1956	2021	1971	1995
304998	62	126	14	78	142	30	94	158	46	110	174	2050	1985	2151	2040	2013	1965	2029	2052	1973	2021	1999	2009
304998	62	126	14	78	142	30	94	158	46	110	174	2002	2051	2123	2006	1979	2001	2011	2092	2007	2017	2050	2029
304998	62	126	14	78	142	30	94	158	46	110	174	1955	2090	2110	1985	1957	2019	1982	2103	2029	2016	2087	2030
304998	62	126	14	78	142	30	94	158	46	110	174	1970	2076	2112	1983	1981	1994	1992	2096	2020	2017	2075	2021
304998	62	126	14	78	142	30	94	158	46	110	174	2019	2012	2145	2022	1992	1967	2007	2064	1983	2016	2022	2011
304998	62	126	14	78	142	30	94	158	46	110	174	2070	1966	2164	2047	2028	1932	2044	2042	1954	2022	1972	2003
304998	62	126	14	78	142	30	94	158	46	110	174	2076	1968	2166	2051	2013	1942	2043	2043	1954	2018	1968	1998
304998	62	126	14	78	142	30	94	158	46	110	174	2035	2021	2138	2027	1995	1974	2025	2068	1998	2018	2023	2013
304998	62	126	14	78	142	30	94	158	46	110	174	1976	2080	2102	1994	1978	2009	1997	2101	2033	2022	2079	2038
304998	62	126	14	78	142	30	94	158	46	110	174	1958	2088	2101	1979	1967	2020	1993	2111	2025	2016	2090	2043
304998	62	126	14	78	142	30	94	158	46	110	174	1985	2041	2131	2000	1990	1988	1997	2085	2000	2020	2045	2023
304998	62	126	14	78	142	30	94	158	46	110	174	2046	1994	2162	2028	2009	1945	2046	2055	1966	2019	1992	1996
304998	62	126	14	78	142	30	94	158	46	110	174	2078	1966	2172	2056	2024	1927	2047	2036	1956	2017	1968	1994
304998	62	126	14	78	142	30	94	158	46	110	174	2063	1994	2143	2042	2016	1950	2037	2059	1967	2019	1996	2014
304998	62	126	14	78	142	30	94	158	46	110	174	2010	2042	2119	2011	1986	1995	2006	2084	2008	2020	2047	2028
