304998	62	126	14	78	142	30	94	158	46	110	174	1950	2065	2136	1992	1986	2006	1984	2097	2019	2018	2071	2018
304998	62	126	14	78	142	30	94	158	46	110	174	2025	2012	2148	2018	2012	1961	2031	2069	1972	2020	2016	2007
304998	62	126	14	78	142	30	94	158	46	110	174	2083	1960	2172	2053	2027	1926	2048	2036	1938	2021	1963	1995
304998	62	126	14	78	142	30	94	158	46	110	174	2088	1954	2158	2057	2031	1928	2044	2028	1953	2016	1955	1997
304998	62	126	14	78	142	30	94	158	46	110	174	2049	2013	2134	2031	2014	1971	2035	2068	1992	2018	2005	2011
304998	62	126	14	78	142	30	94	158	46	110	174	1978	2073	2119	1999	1978	2017	1995	2096	2030	2017	2072	2027
304998	62	126	14	78	142	30	94	158	46	110	174	1954	2096	2111	1984	1981	2020	2006	2106	2028	2020	2100	2034
304998	62	126	14	78	142	30	94	158	46	110	174	1983	2056	2134	2003	1982	1992	2006	2077	2001	2020	2056	2021
304998	62	126	14	78	142	30	94	158	46	110	174	2055	1991	2153	2035	2024	1939	2041	2052	1961	2016	1981	1998
304998	62	126	14	78	142	30	94	158	46	110	174	2102	1950	2165	2061	2020	1931	2049	2033	1940	2017	1946	1981
304998	62	126	14	78	142	30	94	158	46	110	174	2082	1971	2155	2047	2025	1945	2042	2049	1959	2022	1982	1993
304998	62	126	14	78	142	30	94	158	46	110	174	2018	2040	2125	2015	2000	1996	2021	2072	2007	2019	2041	2027
304998	62	126	14	78	142	30	94	158	46	110	174	1964	2096	2103	1989	1975	2025	2001	2104	2045	2019	2087	2042
304998	62	126	14	78	142	30	94	158	46	110	174	1962	2091	2105	1992	1986	2005	2004	2101	2024	2019	2076	2022
304998	62	126	14	78	142	30	94	158	46	110	174	2021	2023	2138	2014	2002	1968	2028	2074	1977	2021	2021	2003
304998	62	126	14	78	142	30	94	158	46	110	174	2075	1951	2175	2050	2032	1930	2035	2033	1943	2018	1965	1999
304998	62	126	14	78	142	30	94	158	46	110	174	2097	1953	2170	2061	2019	1932	2049	2031	1953	2017	1955	1999
304998	62	126	14	78	142	30	94	158	46	110	174	2054	2003	2150	2043	2001	1962	2037	2066	1985	2018	2001	2011
304998	62	126	14	78	142	30	94	158	46	110	174	1982	2077	2106	2004	1988	2005	2004	2092	2025	2022	2066	2021
304998	62	126	14	78	142	30	94	158	46	110	174	1954	2096	2106	1982	1975	2025	1989	2102	2031	2019	2100	2028
304998	62	126	14	78	142	30	94	158	46	110	174	1974	2054	2129	2001	1994	1997	1997	2085	2010	2017	2063	2027
304998	62	126	14	78	142	30	94	158	46	110	174	2043	1992	2158	2032	2017	1940	2037	2059	1967	2022	1994	2006
304998	62	126	14	78	142	30	94	158	46	110	174	2085	1952	2175	2061	2028	1917	2043	2028	1941	2021	1947	1989
304998	62	126	14	78	142	30	94	158	46	110	174	2086	1975	2156	2053	2028	1936	2049	2049	1955	2018	1965	1996
304998	62	126	14	78	142	30	94	158	46	110	174	2021	2033	2124	2023	1997	1988	2015	2067	2005	2020	2041	2019
304998	62	126	14	78	142	30	94	158	46	110	174	1971	2085	2100	1992	1976	2023	2002	2106	2042	2021	2086	2040
304998	62	126	14	78	142	30	94	158	46	110	174	1960	2085	2114	1986	1983	2013	1998	2104	2027	2021	2083	2038
304998	62	126	14	78	142	30	94	158	46	110	174	2004	2035	2145	2011	2001	1967	2014	2078	1982	2018	2029	2006
304998	62	126	14	78	142	30	94	158	46	110	174	2073	1970	2171	2044	2031	1929	2045	2042	1948	2017	1971	1985
304998	62	126	14	78	142	30	94	158	46	110	174	2098	1947	2169	2061	2032	1931	2052	2032	1952	2018	1954	1997
304998	62	126	14	78	142	30	94	158	46	110	174	2059	1986	2145	2046	2006	1964	2037	2056	1975	2019	1992	2008
304998	62	126	14	78	142	30	94	158	46	110	174	1998	2062	2118	2005	1990	2003	2017	2092	2017	2021	2053	2025
304998	62	126	14	78	142	30	94	158	46	110	174	1953	2100	2103	1989	1974	2019	1993	2104	2031	2016	2093	2033
304998	62	126	14	78	142	30	94	158	46	110	174	1974	2074	2114	1993	1991	1993	1996	2090	2018	2021	2071	2024
304998	62	126	14	78	142	30	94	158	46	110	174	2039	2000	2148	2023	2017	1950	2023	2061	1975	2021	2000	2003
304998	62	126	14	78	142	30	94	158	46	110	174	2091	1950	2170	2057	2023	1919	2067	2036	1939	2022	1955	1988
304998	62	126	14	78	142	30	94	158	46	110	174	2086	1958	2169	2055	2024	1933	2050	2035	1953	2020	1964	1990
304998	62	126	14	78	142	30	94	158	46	110	174	2037	2029	2133	2021	2007	1979	2032	2070	1999	2018	2029	2011
304998	62	126	14	78	142	30	94	158	46	110	174	1965	2086	2107	1994	1989	2016	1994	2099	2041	2021	2085	2039
304998	62	126	14	78	142	30	94	158	46	110	174	1956	2091	2094	1984	1987	2014	1995	2106	2026	2018	2087	2042
304998	62	126	14	78	142	30	94	158	46	110	174	2003	2038	2133	2004	1995	1976	2029	2082	1990	2017	2032	2011
304998	62	126	14	78	142	30	94	158	46	110	174	2061	1969	2177	2043	2025	1924	2033	2042	1952	2017	1975	1988
304998	62	126	14	78	142	30	94	158	46	110	174	2098	1949	2179	2063	2027	1926	2054	2037	1943	2018	1957	1989
304998	62	126	14	78	142	30	94	158	46	110	174	2063	1989	2156	2044	2019	1956	2036	2052	1973	2022	1987	2007
304998	62	126	14	78	142	30	94	158	46	110	174	2009	2058	2106	2010	1997	2001	2023	2094	2007	2016	2048	2028
304998	62	126	14	78	142	30	94	158	46	110	174	1956	2091	2102	1989	1979	2022	1992	2098	2040	2020	2088	2030
304998	62	126	14	78	142	30	94	158	46	110	174	1971	2073	2117	1996	1990	2001	1999	2096	2027	2018	2082	2025
304998	62	126	14	78	142	30	94	158	46	110	174	2027	2011	2160	2024	2008	1955	2018	2067	1971	2021	2011	2009
304998	62	126	14	78	142	30	94	158	46	110	174	2081	1961	2179	2053	2021	1925	2044	2038	1937	2022	1954	1991
304998	62	126	14	78	142	30	94	158	46	110	174	2094	1960	2156	2055	2029	1933	2050	2035	1945	2022	1955	1985
304998	62	126	14	78	142	30	94	158	46	110	174	2043	2016	2132	2029	2001	1974	2032	2064	1999	2020	2018	2008
304998	62	126	14	78	142	30	94	158	46	110	174	1978	2075	2110	1996	1993	2014	2000	2099	2030	2022	2078	2044
304998	62	126	14	78	142	30	94	158	46	110	174	1954	2094	2105	1991	1978	2021	2011	2107	2033	2017	2092	2046
304998	62	126	14	78	142	30	94	158	46	110	174	1988	2051	2136	2002	1997	1983	2010	2081	1994	2017	2044	2019
304998	62	126	14	78	142	30	94	158	46	110	174	2052	1984	2154	2034	2016	1942	2030	2049	1957	2020	1980	1993
304998	62	126	14	78	142	30	94	158	46	110	174	2098	1950	2175	2065	2018	1926	2058	2040	1947	2022	1955	1985
304998	62	126	14	78	142	30	94	158	46	110	174	2078	1977	2156	2044	2022	1943	2044	2049	1962	2016	1986	2003
304998	62	126	14	78	142	30	94	158	46	110	174	2014	2046	2125	2015	2001	1994	2034	2086	2008	2020	2047	2028
304998	62	126	14	78	142	30	94	158	46	110	174	1955	2092	2101	1990	1979	2019	1991	2101	2036	2017	2088	2037
304998	62	126	14	78	142	30	94	158	46	110	174	1968	2082	2100	1991	1987	2007	1996	2097	2028	2022	2078	2025
304998	62	126	14	78	142	30	94	158	46	110	174	2025	2016	2140	2016	2009	1957	2020	2070	1983	2022	2021	2013
304998	62	126	14	78	142	30	94	158	46	110	174	2082	1957	2180	2051	2028	1917	2050	2042	1940	2017	1968	1992
304998	62	126	14	78	142	30	94	158	46	110	174	2084	1956	2182	2055	2030	1927	2047	2034	1947	2022	1953	1989
304998	62	126	14	78	142	30	94	158	46	110	174	2044	2012	2139	2037	2008	1965	2028	2061	1991	2020	2004	2009
304998	62	126	14	78	142	30	94	158	46	110	174	1988	2079	2097	2001	1988	2009	2006	2098	2026	2022	2074	2035
304998	62	126	14	78	142	30	94	158	46	110	174	1955	2091	2091	1989	1974	2024	1993	2103	2035	2017	2093	2043
304998	62	126	14	78	142	30	94	158	46	110	174	1984	2053	2123	2000	1998	1984	2007	2083	2001	2016	2053	2029
304998	62	126	14	78	142	30	94	158	46	110	174	2048	1990	2173	2029	2018	1941	2038	2051	1966	2021	1985	1994
304998	62	126	14	78	142	30	94	158	46	110	174	2087	1957	2183	2060	2035	1926	2043	2039	1941	2021	1952	1971
304998	62	126	14	78	142	30	94	158	46	110	174	2077	1973	2158	2046	2017	1947	2040	2046	1959	2021	1977	1993
304998	62	126	14	78	142	30	94	158	46	110	174	2019	2036	2116	2021	1993	1988	2017	2073	1995	2016	2033	2034
304998	62	126	14	78	142	30	94	158	46	110	174	1963	2086	2100	1990	1984	2017	1996	2097	2039	2016	2082	2042
304998	62	126	14	78	142	30	94	158	46	110	174	1966	2085	2114	1988	1989	2015	2007	2102	2031	2016	2078	2034
304998	62	126	14	78	142	30	94	158	46	110	174	2009	2029	2140	2014	2007	1970	2014	2073	1983	2019	2029	2008
304998	62	126	14	78	142	30	94	158	46	110	174	2074	1972	2167	2039	2025	1926	2047	2049	1937	2021	1968	1990
304998	62	126	14	78	142	30	94	158	46	110	174	2097	1952	2175	2057	2021	1926	2048	2033	1944	2019	1955	1983
304998	62	126	14	78	142	30	94	158	46	110	174	2059	1997	2147	2032	2017	1957	2039	2058	1989	2018	1999	2004
304998	62	126	14	78	142	30	94	158	46	110	174	1995	2064	2114	2009	1988	2010	2005	2093	2021	2022	2066	2028
304998	62	126	14	78	142	30	94	158	46	110	174	1960	2095	2093	1983	1983	2028	2001	2103	2031	2017	2095	2047
304998	62	126	14	78	142	30	94	158	46	110	174	1981	2068	2110	1993	1994	1995	2004	2086	2004	2020	2060	2036
304998	62	126	14	78	142	30	94	158	46	110	174	2040	2000	2153	2028	2015	1946	2023	2055	1974	2021	1995	1998
304998	62	126	14	78	142	30	94	158	46	110	174	2090	1955	2184	2051	2031	1918	2051	2039	1945	2020	1954	1971
304998	62	126	14	78	142	30	94	158	46	110	174	2082	1972	2172	2049	2029	1940	2052	2045	1958	2017	1977	1992
304998	62	126	14	78	142	30	94	158	46	110	174	2028	2030	2130	2022	2003	1990	2020	2074	1996	2021	2030	2024
304998	62	126	14	78	142	30	94	158	46	110	174	1974	2090	2086	1988	1983	2015	1997	2099	2035	2018	2078	2047
304998	62	126	14	78	142	30	94	158	46	110	174	1968	2085	2094	1987	1985	2009	1994	2104	2033	2018	2079	2038
304998	62	126	14	78	142	30	94	158	46	110	174	2001	2031	2132	2012	2003	1968	2006	2077	1992	2017	2036	2008
304998	62	126	14	78	142	30	94	158	46	110	174	2064	1972	2181	2038	2023	1933	2039	2049	1950	2018	1975	1981
304998	62	126	14	78	142	30	94	158	46	110	174	2091	1958	2187	2054	2021	1932	2044	2032	1944	2019	1954	1983
304998	62	126	14	78	142	30	94	158	46	110	174	2061	1998	2148	2034	2017	1958	2040	2059	1982	2018	1995	2002
304998	62	126	14	78	142	30	94	158	46	110	174	1999	2060	2094	2010	1989	2004	2007	2086	2019	2020	2053	2024
304998	62	126	14	78	142	30	94	158	46	110	174	1964	2083	2093	1990	1982	2015	1998	2101	2032	2018	2093	2051
304998	62	126	14	78	142	30	94	158	46	110	174	1974	2061	2125	1992	1991	1998	1996	2091	2012	2020	2066	2044
304998	62	126	14	78	142	30	94	158	46	110	174	2031	2009	2154	2022	2008	1955	2027	2064	1977	2018	2000	1999
304998	62	126	14	78	142	30	94	158	46	110	174	2080	1966	2178	2047	2025	1918	2048	2046	1945	2021	1955	1974
304998	62	126	14	78	142	30	94	158	46	110	174	2087	1971	2165	2048	2023	1936	2050	2044	1952	2020	1968	1980
304998	62	126	14	78	142	30	94	158	46	110	174	2036	2016	2129	2022	2006	1971	2025	2066	1986	2022	2025	2021
304998	62	126	14	78	142	30	94	158	46	110	174	1981	2076	2098	1996	1993	2017	2005	2095	2029	2018	2073	2054
304998	62	126	14	78	142	30	94	158	46	110	174	1961	2087	2099	1990	1978	2018	2000	2104	2036	2021	2081	2046
304998	62	126	14	78	142	30	94	158	46	110	174	1997	2046	2128	2002	1999	1975	2021	2081	1998	2021	2040	2013
304998	62	126	14	78	142	30	94	158	46	110	174	2064	1986	2163	2036	2022	1935	2039	2051	1951	2016	1988	1986
304998	62	126	14	78	142	30	94	158	46	110	174	2092	1956	2182	2051	2032	1918	2046	2038	1941	2020	1958	1983
304998	62	126	14	78	142	30	94	158	46	110	174	2064	1983	2160	2038	2018	1951	2038	2051	1976	2022	1987	2000
304998	62	126	14	78	142	30	94	158	46	110	174	2005	2047	2117	2013	1995	2003	2015	2082	2014	2020	2044	2026
304998	62	126	14	78	142	30	94	158	46	110	174	1968	2091	2094	1988	1983	2022	2013	2103	2032	2021	2090	2047
304998	62	126	14	78	142	30	94	158	46	110	174	1971	2076	2101	1993	1985	2001	1997	2093	2016	2019	2071	2041
304998	62	126	14	78	142	30	94	158	46	110	174	2026	2013	2142	2020	2010	1954	2023	2070	1983	2022	2015	2009
304998	62	126	14	78	142	30	94	158	46	110	174	2080	1961	2183	2047	2028	1925	2060	2051	1950	2021	1962	1983
304998	62	126	14	78	142	30	94	158	46	110	174	2088	1966	2178	2048	2029	1937	2063	2047	1950	2020	1959	1975
304998	62	126	14	78	142	30	94	158	46	110	174	2042	2017	2146	2029	2004	1976	2047	2066	1987	2021	2015	2013
304998	62	126	14	78	142	30	94	158	46	110	174	1991	2078	2093	2003	1986	2004	2006	2091	2029	2018	2072	2058
304998	62	126	14	78	142	30	94	158	46	110	174	1966	2086	2083	1995	1976	2019	1998	2108	2036	2018	2082	2054
304998	62	126	14	78	142	30	94	158	46	110	174	1989	2043	2125	2005	1999	1983	2003	2082	1999	2020	2047	2017
304998	62	126	14	78	142	30	94	158	46	110	174	2050	1993	2169	2029	2018	1946	2049	2060	1960	2018	1994	1985
304998	62	126	14	78	142	30	94	158	46	110	174	2084	1962	2189	2051	2021	1930	2052	2036	1945	2019	1965	1980
304998	62	126	14	78	142	30	94	158	46	110	174	2071	1988	2154	2041	2019	1942	2039	2050	1970	2020	1982	1998
304998	62	126	14	78	142	30	94	158	46	110	174	2020	2041	2109	2017	1995	1989	2013	2079	2005	2018	2040	2030
304998	62	126	14	78	142	30	94	158	46	110	174	1971	2080	2082	1991	1983	2018	2002	2104	2028	2022	2080	2041
304998	62	126	14	78	142	30	94	158	46	110	174	1972	2076	2101	1990	1989	2006	1994	2092	2022	2020	2077	2042
304998	62	126	14	78	142	30	94	158	46	110	174	2018	2026	2148	2017	1998	1962	2032	2071	1988	2017	2022	2011
304998	62	126	14	78	142	30	94	158	46	110	174	2074	1978	2179	2041	2024	1927	2039	2051	1949	2019	1965	1978
304998	62	126	14	78	142	30	94	158	46	110	174	2089	1967	2172	2048	2032	1927	2046	2042	1943	2022	1959	1976
304998	62	126	14	78	142	30	94	158	46	110	174	2050	2008	2138	2034	2008	1967	2034	2062	1983	2022	2009	2003
304998	62	126	14	78	142	30	94	158	46	110	174	1996	2057	2101	2005	1993	2007	2006	2092	2028	2020	2071	2047
304998	62	126	14	78	142	30	94	158	46	110	174	1966	2088	2090	1989	1977	2024	2013	2105	2037	2021	2085	2056
304998	62	126	14	78	142	30	94	158	46	110	174	1987	2056	2123	2007	1988	1989	2009	2084	2003	2016	2050	2027
304998	62	126	14	78	142	30	94	158	46	110	174	2043	2004	2155	2031	2018	1942	2029	2062	1964	2017	1994	1988
304998	62	126	14	78	142	30	94	158	46	110	174	2085	1965	2176	2053	2021	1927	2048	2041	1943	2020	1966	1968
304998	62	126	14	78	142	30	94	158	46	110	174	2076	1971	2167	2041	2027	1943	2037	2046	1968	2022	1980	1996
304998	62	126	14	78	142	30	94	158	46	110	174	2025	2034	2124	2020	2003	1984	2028	2080	1999	2017	2030	2031
304998	62	126	14	78	142	30	94	158	46	110	174	1978	2081	2096	1993	1978	2017	2000	2099	2027	2022	2077	2048
304998	62	126	14	78	142	30	94	158	46	110	174	1968	2083	2093	1990	1987	2004	1998	2093	2026	2017	2074	2042
304998	62	126	14	78	142	30	94	158	46	110	174	2013	2033	2131	2012	2005	1968	2016	2072	1995	2016	2031	2010
304998	62	126	14	78	142	30	94	158	46	110	174	2070	1977	2168	2038	2019	1935	2040	2050	1950	2020	1981	1984
304998	62	126	14	78	142	30	94	158	46	110	174	2085	1966	2183	2048	2025	1928	2045	2042	1943	2021	1961	1977
304998	62	126	14	78	142	30	94	158	46	110	174	2054	2000	2151	2034	2009	1962	2028	2053	1976	2016	1999	1994
304998	62	126	14	78	142	30	94	158	46	110	174	1999	2062	2106	2010	1997	1998	2014	2087	2020	2020	2053	2037
304998	62	126	14	78	142	30	94	158	46	110	174	1970	2090	2080	1988	1987	2018	2000	2106	2036	2016	2088	2058
304998	62	126	14	78	142	30	94	158	46	110	174	1983	2061	2104	2003	1982	2000	2017	2094	2006	2020	2060	2038
304998	62	126	14	78	142	30	94	158	46	110	174	2037	2004	2154	2022	2016	1952	2028	2059	1970	2022	1999	1993
304998	62	126	14	78	142	30	94	158	46	110	174	2079	1967	2185	2046	2021	1928	2046	2043	1949	2018	1966	1968
304998	62	126	14	78	142	30	94	158	46	110	174	2075	1981	2177	2047	2022	1935	2044	2051	1957	2020	1978	1977
304998	62	126	14	78	142	30	94	158	46	110	174	2030	2032	2125	2021	2007	1980	2022	2075	1992	2022	2029	2028
304998	62	126	14	78	142	30	94	158	46	110	174	1985	2080	2087	1995	1985	2015	2002	2095	2025	2018	2072	2057
304998	62	126	14	78	142	30	94	158	46	110	174	1973	2077	2088	1994	1980	2011	1997	2094	2033	2018	2075	2051
304998	62	126	14	78	142	30	94	158	46	110	174	2007	2036	2131	2007	2002	1970	2018	2077	1989	2017	2034	2010
304998	62	126	14	78	142	30	94	158	46	110	174	2057	1988	2177	2031	2017	1933	2033	2056	1954	2018	1988	1982
304998	62	126	14	78	142	30	94	158	46	110	174	2078	1973	2192	2048	2029	1929	2052	2049	1942	2017	1968	1973
304998	62	126	14	78	142	30	94	158	46	110	174	2056	2005	2147	2035	2018	1955	2034	2051	1974	2017	1993	2008
304998	62	126	14	78	142	30	94	158	46	110	174	2012	2055	2098	2008	1997	2000	2011	2086	2017	2020	2044	2031
304998	62	126	14	78	142	30	94	158	46	110	174	1975	2081	2079	1989	1982	2014	1996	2100	2029	2017	2079	2050
304998	62	126	14	78	142	30	94	158	46	110	174	1987	2060	2109	1993	1993	1995	2006	2093	2014	2021	2069	2039
304998	62	126	14	78	142	30	94	158	46	110	174	2028	2010	2157	2019	2013	1953	2039	2063	1976	2020	2013	2002
304998	62	126	14	78	142	30	94	158	46	110	174	2063	1974	2191	2042	2025	1929	2033	2041	1954	2022	1968	1971
304998	62	126	14	78	142	30	94	158	46	110	174	2073	1985	2167	2042	2022	1941	2038	2049	1953	2020	1968	1973
304998	62	126	14	78	142	30	94	158	46	110	174	2037	2024	2124	2024	2002	1979	2024	2065	1986	2019	2025	2008
304998	62	126	14	78	142	30	94	158	46	110	174	1988	2065	2096	1999	1990	2008	2002	2086	2030	2022	2074	2058
304998	62	126	14	78	142	30	94	158	46	110	174	1971	2077	2091	1992	1988	2013	2014	2103	2039	2021	2078	2062
304998	62	126	14	78	142	30	94	158	46	110	174	2001	2041	2136	2011	1994	1978	2008	2081	1999	2022	2042	2026
304998	62	126	14	78	142	30	94	158	46	110	174	2052	1999	2171	2028	2018	1939	2028	2061	1957	2017	1989	1977
