304998	62	126	14	78	142	30	94	158	46	110	174	2036	2016	2129	2022	2006	1971	2025	2066	1986	2022	2025	2021
304998	62	126	14	78	142	30	94	158	46	110	174	1981	2076	2098	1996	1993	2017	2005	2095	2029	2018	2073	2054
304998	62	126	14	78	142	30	94	158	46	110	174	1961	2087	2099	1990	1978	2018	2000	2104	2036	2021	2081	2046
304998	62	126	14	78	142	30	94	158	46	110	174	1997	2046	2128	2002	1999	1975	2021	2081	1998	2021	2040	2013
304998	62	126	14	78	142	30	94	158	46	110	174	2064	1986	2163	2036	2022	1935	2039	2051	1951	2016	1988	1986
304998	62	126	14	78	142	30	94	158	46	110	174	2092	1956	2182	2051	2032	1918	2046	2038	1941	2020	1958	1983
304998	62	126	14	78	142	30	94	158	46	110	174	2064	1983	2160	2038	2018	1951	2038	2051	1976	2022	1987	2000
304998	62	126	14	78	142	30	94	158	46	110	174	2005	2047	2117	2013	1995	2003	2015	2082	2014	2020	2044	2026
304998	62	126	14	78	142	30	94	158	46	110	174	1968	2091	2094	1988	1983	2022	2013	2103	2032	2021	2090	2047
304998	62	126	14	78	142	30	94	158	46	110	174	1971	2076	2101	1993	1985	2001	1997	2093	2016	2019	2071	2041
304998	62	126	14	78	142	30	94	158	46	110	174	2026	2013	2142	2020	2010	1954	2023	2070	1983	2022	2015	2009
304998	62	126	14	78	142	30	94	158	46	110	174	2080	1961	2183	2047	2028	1925	2060	2051	1950	2021	1962	1983
304998	62	126	14	78	142	30	94	158	46	110	174	2088	1966	2178	2048	2029	1937	2063	2047	1950	2020	1959	1975
304998	62	126	14	78	142	30	94	158	46	110	174	2042	2017	2146	2029	2004	1976	2047	2066	1987	2021	2015	2013
304998	62	126	14	78	142	30	94	158	46	110	174	1991	2078	2093	2003	1986	2004	2006	2091	2029	2018	2072	2058
304998	62	126	14	78	142	30	94	158	46	110	174	1966	2086	2083	1995	1976	2019	1998	2108	2036	2018	2082	2054
304998	62	126	14	78	142	30	94	158	46	110	174	1989	2043	2125	2005	1999	1983	2003	2082	1999	2020	2047	2017
304998	62	126	14	78	142	30	94	158	46	110	174	2050	1993	2169	2029	2018	1946	2049	2060	1960	2018	1994	1985
304998	62	126	14	78	142	30	94	158	46	110	174	2084	1962	2189	2051	2021	1930	2052	2036	1945	2019	1965	1980
304998	62	126	14	78	142	30	94	158	46	110	174	2071	1988	2154	2041	2019	1942	2039	2050	1970	2020	1982	1998
304998	62	126	14	78	142	30	94	158	46	110	174	2020	2041	2109	2017	1995	1989	2013	2079	2005	2018	2040	2030
304998	62	126	14	78	142	30	94	158	46	110	174	1971	2080	2082	1991	1983	2018	2002	2104	2028	2022	2080	2041
304998	62	126	14	78	142	30	94	158	46	110	174	1972	2076	2101	1990	1989	2006	1994	2092	2022	2020	2077	2042
304998	62	126	14	78	142	30	94	158	46	110	174	2018	2026	2148	2017	1998	1962	2032	2071	1988	2017	2022	2011
304998	62	126	14	78	142	30	94	158	46	110	174	2074	1978	2179	2041	2024	1927	2039	2051	1949	2019	1965	1978
304998	62	126	14	78	142	30	94	158	46	110	174	2089	1967	2172	2048	2032	1927	2046	2042	1943	2022	1959	1976
304998	62	126	14	78	142	30	94	158	46	110	174	2050	2008	2138	2034	2008	1967	2034	2062	1983	2022	2009	2003
304998	62	126	14	78	142	30	94	158	46	110	174	1996	2057	2101	2005	1993	2007	2006	2092	2028	2020	2071	2047
304998	62	126	14	78	142	30	94	158	46	110	174	1966	2088	2090	1989	1977	2024	2013	2105	2037	2021	2085	2056
304998	62	126	14	78	142	30	94	158	46	110	174	1987	2056	2123	2007	1988	1989	2009	2084	2003	2016	2050	2027
304998	62	126	14	78	142	30	94	158	46	110	174	2043	2004	2155	2031	2018	1942	2029	2062	1964	2017	1994	1988
304998	62	126	14	78	142	30	94	158	46	110	174	2085	1965	2176	2053	2021	1927	2048	2041	1943	2020	1966	1968
304998	62	126	14	78	142	30	94	158	46	110	174	2076	1971	2167	2041	2027	1943	2037	2046	1968	2022	1980	1996
304998	62	126	14	78	142	30	94	158	46	110	174	2025	2034	2124	2020	2003	1984	2028	2080	1999	2017	2030	2031
304998	62	126	14	78	142	30	94	158	46	110	174	1978	2081	2096	1993	1978	2017	2000	2099	2027	2022	2077	2048
304998	62	126	14	78	142	30	94	158	46	110	174	1968	2083	2093	1990	1987	2004	1998	2093	2026	2017	2074	2042
304998	62	126	14	78	142	30	94	158	46	110	174	2013	2033	2131	2012	2005	1968	2016	2072	1995	2016	2031	2010
304998	62	126	14	78	142	30	94	158	46	110	174	2070	1977	2168	2038	2019	1935	2040	2050	1950	2020	1981	1984
304998	62	126	14	78	142	30	94	158	46	110	174	2085	1966	2183	2048	2025	1928	2045	2042	1943	2021	1961	1977
304998	62	126	14	78	142	30	94	158	46	110	174	2054	2000	2151	2034	2009	1962	2028	2053	1976	2016	1999	1994
304998	62	126	14	78	142	30	94	158	46	110	174	1999	2062	2106	2010	1997	1998	2014	2087	2020	2020	2053	2037
304998	62	126	14	78	142	30	94	158	46	110	174	1970	2090	2080	1988	1987	2018	2000	2106	2036	2016	2088	2058
304998	62	126	14	78	142	30	94	158	46	110	174	1983	2061	2104	2003	1982	2000	2017	2094	2006	2020	2060	2038
304998	62	126	14	78	142	30	94	158	46	110	174	2037	2004	2154	2022	2016	1952	2028	2059	1970	2022	1999	1993
304998	62	126	14	78	142	30	94	158	46	110	174	2079	1967	2185	2046	2021	1928	2046	2043	1949	2018	1966	1968
304998	62	126	14	78	142	30	94	158	46	110	174	2075	1981	2177	2047	2022	1935	2044	2051	1957	2020	1978	1977
304998	62	126	14	78	142	30	94	158	46	110	174	2030	2032	2125	2021	2007	1980	2022	2075	1992	2022	2029	2028
304998	62	126	14	78	142	30	94	158	46	110	174	1985	2080	2087	1995	1985	2015	2002	2095	2025	2018	2072	2057
304998	62	126	14	78	142	30	94	158	46	110	174	1973	2077	2088	1994	1980	2011	1997	2094	2033	2018	2075	2051
304998	62	126	14	78	142	30	94	158	46	110	174	2007	2036	2131	2007	2002	1970	2018	2077	1989	2017	2034	2010
304998	62	126	14	78	142	30	94	158	46	110	174	2057	1988	2177	2031	2017	1933	2033	2056	1954	2018	1988	1982
304998	62	126	14	78	142	30	94	158	46	110	174	2078	1973	2192	2048	2029	1929	2052	2049	1942	2017	1968	1973
304998	62	126	14	78	142	30	94	158	46	110	174	2056	2005	2147	2035	2018	1955	2034	2051	1974	2017	1993	2008
304998	62	126	14	78	142	30	94	158	46	110	174	2012	2055	2098	2008	1997	2000	2011	2086	2017	2020	2044	2031
304998	62	126	14	78	142	30	94	158	46	110	174	1975	2081	2079	1989	1982	2014	1996	2100	2029	2017	2079	2050
304998	62	126	14	78	142	30	94	158	46	110	174	1987	2060	2109	1993	1993	1995	2006	2093	2014	2021	2069	2039
304998	62	126	14	78	142	30	94	158	46	110	174	2028	2010	2157	2019	2013	1953	2039	2063	1976	2020	2013	2002
304998	62	126	14	78	142	30	94	158	46	110	174	2063	1974	2191	2042	2025	1929	2033	2041	1954	2022	1968	1971
304998	62	126	14	78	142	30	94	158	46	110	174	2073	1985	2167	2042	2022	1941	2038	2049	1953	2020	1968	1973
304998	62	126	14	78	142	30	94	158	46	110	174	2037	2024	2124	2024	2002	1979	2024	2065	1986	2019	2025	2008
304998	62	126	14	78	142	30	94	158	46	110	174	1988	2065	2096	1999	1990	2008	2002	2086	2030	2022	2074	2058
304998	62	126	14	78	142	30	94	158	46	110	174	1971	2077	2091	1992	1988	2013	2014	2103	2039	2021	2078	2062
304998	62	126	14	78	142	30	94	158	46	110	174	2001	2041	2136	2011	1994	1978	2008	2081	1999	2022	2042	2026
304998	62	126	14	78	142	30	94	158	46	110	174	2052	1999	2171	2028	2018	1939	2028	2061	1957	2017	1989	1977
304998	62	126	14	78	142	30	94	158	46	110	174	2074	1972	2185	2044	2023	1927	2039	2044	1944	2022	1970	1967
304998	62	126	14	78	142	30	94	158	46	110	174	2058	1992	2155	2036	2014	1949	2031	2049	1972	2022	1997	1991
304998	62	126	14	78	142	30	94	158	46	110	174	2015	2039	2111	2010	2002	1993	2015	2083	2012	2021	2045	2043
304998	62	126	14	78	142	30	94	158	46	110	174	1979	2076	2092	1991	1987	2017	2000	2098	2028	2018	2070	2060
304998	62	126	14	78	142	30	94	158	46	110	174	1980	2069	2106	1997	1988	2004	1996	2092	2016	2021	2062	2038
304998	62	126	14	78	142	30	94	158	46	110	174	2018	2027	2148	2016	2010	1962	2014	2065	1985	2021	2020	1997
304998	62	126	14	78	142	30	94	158	46	110	174	2064	1983	2182	2042	2014	1930	2030	2050	1954	2017	1981	1978
304998	62	126	14	78	142	30	94	158	46	110	174	2075	1976	2174	2041	2022	1935	2040	2046	1954	2021	1973	1975
304998	62	126	14	78	142	30	94	158	46	110	174	2042	2017	2139	2022	2013	1969	2024	2068	1982	2017	2011	2011
304998	62	126	14	78	142	30	94	158	46	110	174	1990	2063	2100	2002	1988	2013	2004	2089	2021	2016	2060	2040
304998	62	126	14	78	142	30	94	158	46	110	174	1974	2083	2087	1989	1986	2016	1996	2103	2038	2019	2080	2059
304998	62	126	14	78	142	30	94	158	46	110	174	1995	2054	2115	2000	1996	1986	2003	2085	2003	2019	2050	2036
304998	62	126	14	78	142	30	94	158	46	110	174	2045	2006	2158	2025	2016	1939	2039	2065	1958	2021	1999	1989
304998	62	126	14	78	142	30	94	158	46	110	174	2075	1972	2188	2043	2024	1928	2033	2041	1943	2019	1967	1968
304998	62	126	14	78	142	30	94	158	46	110	174	2063	1991	2163	2040	2015	1950	2033	2052	1970	2018	1988	1978
304998	62	126	14	78	142	30	94	158	46	110	174	2020	2038	2120	2014	1997	1989	2020	2084	2009	2020	2038	2028
304998	62	126	14	78	142	30	94	158	46	110	174	1977	2080	2088	1994	1988	2014	2008	2098	2028	2022	2074	2067
304998	62	126	14	78	142	30	94	158	46	110	174	1981	2073	2094	1994	1984	2007	2001	2098	2019	2020	2063	2051
304998	62	126	14	78	142	30	94	158	46	110	174	2017	2033	2131	2011	2002	1960	2018	2076	1991	2020	2019	2009
304998	62	126	14	78	142	30	94	158	46	110	174	2057	1982	2184	2032	2022	1932	2028	2054	1955	2022	1982	1961
304998	62	126	14	78	142	30	94	158	46	110	174	2070	1981	2186	2039	2029	1931	2034	2051	1947	2017	1981	1972
304998	62	126	14	78	142	30	94	158	46	110	174	2042	2015	2147	2028	2010	1967	2031	2067	1981	2021	2010	2009
304998	62	126	14	78	142	30	94	158	46	110	174	1995	2060	2099	2006	1997	2004	2013	2085	2018	2016	2053	2059
304998	62	126	14	78	142	30	94	158	46	110	174	1976	2082	2077	1991	1976	2019	2009	2098	2042	2019	2072	2058
304998	62	126	14	78	142	30	94	158	46	110	174	1990	2054	2110	1997	1993	1990	2003	2092	2008	2020	2058	2032
304998	62	126	14	78	142	30	94	158	46	110	174	2035	2007	2157	2018	2013	1956	2019	2066	1964	2022	2010	1991
304998	62	126	14	78	142	30	94	158	46	110	174	2068	1979	2190	2039	2024	1930	2049	2053	1943	2016	1978	1971
304998	62	126	14	78	142	30	94	158	46	110	174	2061	1997	2175	2036	2017	1940	2042	2049	1966	2019	1986	1977
304998	62	126	14	78	142	30	94	158	46	110	174	2025	2039	2119	2015	2001	1978	2016	2078	2001	2022	2028	2017
304998	62	126	14	78	142	30	94	158	46	110	174	1989	2073	2077	1993	1988	2012	1998	2096	2025	2016	2074	2061
304998	62	126	14	78	142	30	94	158	46	110	174	1980	2067	2083	1988	1989	2007	1994	2099	2019	2022	2070	2062
304998	62	126	14	78	142	30	94	158	46	110	174	2009	2031	2131	2007	2007	1975	2010	2074	1996	2019	2032	2017
304998	62	126	14	78	142	30	94	158	46	110	174	2050	1986	2190	2028	2015	1939	2025	2054	1963	2022	1985	1969
304998	62	126	14	78	142	30	94	158	46	110	174	2058	1982	2203	2041	2020	1934	2031	2049	1951	2022	1977	1958
304998	62	126	14	78	142	30	94	158	46	110	174	2047	2018	2146	2026	2010	1958	2029	2067	1973	2022	2011	1997
304998	62	126	14	78	142	30	94	158	46	110	174	2006	2058	2092	2002	1995	2001	2010	2086	2012	2018	2048	2056
304998	62	126	14	78	142	30	94	158	46	110	174	1976	2068	2076	1993	1990	2019	1993	2091	2038	2021	2073	2070
304998	62	126	14	78	142	30	94	158	46	110	174	1991	2057	2107	1994	1994	1998	2011	2095	2017	2016	2054	2040
304998	62	126	14	78	142	30	94	158	46	110	174	2026	2018	2158	2017	2007	1957	2033	2075	1974	2017	2020	1988
304998	62	126	14	78	142	30	94	158	46	110	174	2059	1991	2194	2037	2020	1926	2037	2054	1942	2021	1983	1959
304998	62	126	14	78	142	30	94	158	46	110	174	2063	1997	2176	2036	2014	1942	2037	2054	1967	2021	1988	1985
304998	62	126	14	78	142	30	94	158	46	110	174	2030	2029	2122	2019	2001	1980	2017	2076	2004	2022	2022	2024
304998	62	126	14	78	142	30	94	158	46	110	174	1986	2063	2083	1995	1987	2014	2002	2092	2027	2020	2063	2056
304998	62	126	14	78	142	30	94	158	46	110	174	1981	2072	2086	1989	1985	2015	2001	2101	2025	2016	2079	2066
304998	62	126	14	78	142	30	94	158	46	110	174	1994	2040	2131	2007	1995	1981	2006	2078	1996	2020	2041	2023
304998	62	126	14	78	142	30	94	158	46	110	174	2042	2001	2178	2026	2016	1938	2025	2062	1966	2020	1995	1980
304998	62	126	14	78	142	30	94	158	46	110	174	2064	1989	2191	2038	2023	1930	2033	2058	1952	2019	1977	1960
304998	62	126	14	78	142	30	94	158	46	110	174	2051	2010	2146	2027	2010	1957	2037	2069	1974	2018	2006	1989
304998	62	126	14	78	142	30	94	158	46	110	174	2006	2042	2109	2010	1993	1999	2011	2084	2009	2017	2049	2051
304998	62	126	14	78	142	30	94	158	46	110	174	1977	2073	2079	1989	1979	2022	1993	2092	2036	2018	2073	2076
304998	62	126	14	78	142	30	94	158	46	110	174	1988	2057	2107	1992	1987	2002	1994	2095	2026	2022	2060	2049
304998	62	126	14	78	142	30	94	158	46	110	174	2020	2031	2150	2013	2008	1960	2027	2078	1971	2018	2018	1997
304998	62	126	14	78	142	30	94	158	46	110	174	2058	1996	2182	2032	2017	1933	2026	2058	1950	2021	1994	1953
304998	62	126	14	78	142	30	94	158	46	110	174	2065	1995	2172	2032	2015	1941	2027	2051	1956	2022	1991	1976
304998	62	126	14	78	142	30	94	158	46	110	174	2025	2017	2143	2020	2003	1979	2013	2075	2001	2020	2020	2020
304998	62	126	14	78	142	30	94	158	46	110	174	1984	2052	2106	1999	1993	2010	2000	2095	2031	2019	2059	2060
304998	62	126	14	78	142	30	94	158	46	110	174	1980	2074	2081	1988	1987	2012	1995	2101	2028	2019	2069	2063
304998	62	126	14	78	142	30	94	158	46	110	174	2002	2049	2119	1997	1997	1981	2003	2085	2000	2017	2048	2029
304998	62	126	14	78	142	30	94	158	46	110	174	2041	2014	2161	2024	2011	1945	2017	2059	1965	2021	2008	1983
304998	62	126	14	78	142	30	94	158	46	110	174	2062	1981	2192	2032	2016	1929	2028	2057	1955	2017	1982	1966
304998	62	126	14	78	142	30	94	158	46	110	174	2048	2003	2166	2023	2010	1953	2030	2071	1973	2017	1996	1979
304998	62	126	14	78	142	30	94	158	46	110	174	2015	2041	2119	2011	1990	1994	2018	2084	2012	2017	2044	2035
304998	62	126	14	78	142	30	94	158	46	110	174	1975	2070	2083	1993	1985	2012	1994	2092	2028	2022	2072	2079
304998	62	126	14	78	142	30	94	158	46	110	174	1985	2065	2086	1996	1985	2007	1997	2093	2031	2020	2059	2061
304998	62	126	14	78	142	30	94	158	46	110	174	2017	2030	2137	2006	2000	1968	2009	2080	1991	2017	2021	2005
304998	62	126	14	78	142	30	94	158	46	110	174	2048	1997	2186	2028	2012	1936	2028	2062	1951	2018	1994	1958
304998	62	126	14	78	142	30	94	158	46	110	174	2056	1991	2194	2033	2015	1940	2035	2060	1954	2022	1998	1965
304998	62	126	14	78	142	30	94	158	46	110	174	2021	2020	2144	2020	2002	1968	2020	2068	1988	2017	2019	2015
304998	62	126	14	78	142	30	94	158	46	110	174	1999	2062	2087	2002	1991	2008	2000	2090	2034	2016	2051	2063
304998	62	126	14	78	142	30	94	158	46	110	174	1982	2071	2068	1992	1987	2013	1992	2102	2037	2021	2067	2063
304998	62	126	14	78	142	30	94	158	46	110	174	1999	2045	2109	1997	1992	1987	2006	2091	2006	2020	2053	2034
304998	62	126	14	78	142	30	94	158	46	110	174	2023	2008	2167	2015	2010	1955	2019	2061	1969	2018	2015	1992
304998	62	126	14	78	142	30	94	158	46	110	174	2051	1995	2199	2030	2007	1939	2031	2054	1955	2016	1990	1962
304998	62	126	14	78	142	30	94	158	46	110	174	2039	2003	2177	2032	2006	1952	2022	2059	1977	2019	1998	1981
304998	62	126	14	78	142	30	94	158	46	110	174	2019	2043	2106	2008	1997	1984	2020	2089	2001	2017	2037	2030
304998	62	126	14	78	142	30	94	158	46	110	174	1987	2062	2073	1999	1986	2013	1995	2097	2029	2017	2066	2074
304998	62	126	14	78	142	30	94	158	46	110	174	1987	2060	2084	1994	1989	2010	1995	2091	2022	2019	2065	2069
304998	62	126	14	78	142	30	94	158	46	110	174	2009	2034	2142	2010	1997	1973	2007	2073	1996	2021	2028	2016
304998	62	126	14	78	142	30	94	158	46	110	174	2027	1991	2206	2028	2004	1944	2019	2063	1961	2016	1992	1962
304998	62	126	14	78	142	30	94	158	46	110	174	2052	2001	2188	2030	2012	1937	2025	2055	1955	2019	1993	1961
304998	62	126	14	78	142	30	94	158	46	110	174	2040	2018	2138	2023	1998	1962	2019	2074	1981	2016	2020	2006
304998	62	126	14	78	142	30	94	158	46	110	174	2004	2046	2086	2008	1997	2003	2005	2085	2020	2020	2048	2060
304998	62	126	14	78	142	30	94	158	46	110	174	1979	2062	2081	1992	1977	2027	1995	2099	2041	2020	2067	2072
304998	62	126	14	78	142	30	94	158	46	110	174	1993	2052	2111	2005	1980	2009	1997	2092	2015	2018	2056	2039
304998	62	126	14	78	142	30	94	158	46	110	174	2022	2018	2160	2018	2002	1958	2017	2073	1975	2020	2022	1991
304998	62	126	14	78	142	30	94	158	46	110	174	2049	1998	2184	2034	2004	1933	2029	2062	1947	2019	1992	1966
304998	62	126	14	78	142	30	94	158	46	110	174	2049	2001	2171	2034	2011	1942	2039	2061	1966	2017	1999	1981
304998	62	126	14	78	142	30	94	158	46	110	174	2016	2024	2127	2013	2000	1984	2006	2078	2009	2018	2030	2022
304998	62	126	14	78	142	30	94	158	46	110	174	1992	2065	2078	1997	1986	2017	2017	2099	2028	2016	2066	2071
304998	62	126	14	78	142	30	94	158	46	110	174	1980	2067	2085	1988	1987	2013	1995	2095	2026	2021	2070	2072
304998	62	126	14	78	142	30	94	158	46	110	174	2004	2040	2124	2006	1995	1978	2007	2076	1993	2017	2035	2031
304998	62	126	14	78	142	30	94	158	46	110	174	2035	2003	2170	2029	1999	1948	2017	2058	1967	2022	2005	1971
304998	62	126	14	78	142	30	94	158	46	110	174	2049	1988	2191	2034	2015	1927	2019	2060	1964	2017	1996	1953
304998	62	126	14	78	142	30	94	158	46	110	174	2034	2005	2151	2023	2010	1963	2015	2068	1979	2017	2018	1997
304998	62	126	14	78	142	30	94	158	46	110	174	2005	2047	2099	2011	1989	2003	2008	2084	2014	2018	2047	2056
304998	62	126	14	78	142	30	94	158	46	110	174	1985	2073	2073	1994	1983	2023	2006	2093	2028	2021	2064	2076
