304998	62	126	14	78	142	30	94	158	46	110	174	2027	2020	2099	2017	2007	1990	2016	2079	2008	2017	2029	2053
304998	62	126	14	78	142	30	94	158	46	110	174	2027	2026	2196	2025	2001	1950	2039	2071	1960	2020	2027	1958
304998	62	126	14	78	142	30	94	158	46	110	174	2007	2020	2251	2022	2000	1922	2017	2064	1932	2021	2024	1910
304998	62	126	14	78	142	30	94	158	46	110	174	2018	2027	2190	2025	2005	1938	2022	2065	1958	2020	2021	1939
304998	62	126	14	78	142	30	94	158	46	110	174	2025	2023	2110	2019	2000	1987	2015	2073	2010	2017	2029	2045
304998	62	126	14	78	142	30	94	158	46	110	174	2030	2018	2040	2017	2008	2019	2014	2079	2036	2017	2024	2127
304998	62	126	14	78	142	30	94	158	46	110	174	2026	2022	2065	2017	1995	2015	2026	2079	2026	2018	2020	2109
304998	62	126	14	78	142	30	94	158	46	110	174	2023	2027	2148	2019	1998	1971	2018	2066	1986	2017	2017	2008
304998	62	126	14	78	142	30	94	158	46	110	174	2023	2034	2215	2023	2000	1926	2020	2071	1950	2017	2028	1915
304998	62	126	14	78	142	30	94	158	46	110	174	2016	2026	2216	2027	1996	1930	2023	2077	1942	2020	2029	1912
304998	62	126	14	78	142	30	94	158	46	110	174	2019	2023	2155	2019	2009	1958	2031	2072	1971	2020	2022	1999
304998	62	126	14	78	142	30	94	158	46	110	174	2026	2020	2073	2025	2000	2008	2041	2073	2019	2019	2018	2092
304998	62	126	14	78	142	30	94	158	46	110	174	2031	2021	2045	2014	1996	2025	2025	2072	2043	2018	2016	2120
304998	62	126	14	78	142	30	94	158	46	110	174	2024	2026	2085	2017	2005	1990	2015	2074	2014	2022	2023	2066
304998	62	126	14	78	142	30	94	158	46	110	174	2026	2029	2169	2019	1993	1948	2025	2076	1965	2019	2029	1971
304998	62	126	14	78	142	30	94	158	46	110	174	2016	2018	2230	2020	2006	1922	2021	2068	1940	2020	2028	1908
304998	62	126	14	78	142	30	94	158	46	110	174	2021	2024	2203	2019	2003	1938	2040	2067	1960	2019	2024	1936
304998	62	126	14	78	142	30	94	158	46	110	174	2019	2026	2124	2020	1995	1986	2018	2071	2004	2020	2023	2028
304998	62	126	14	78	142	30	94	158	46	110	174	2028	2027	2048	2018	2005	2013	2016	2072	2034	2018	2022	2111
304998	62	126	14	78	142	30	94	158	46	110	174	2031	2018	2050	2018	1998	2016	2023	2073	2028	2018	2019	2114
304998	62	126	14	78	142	30	94	158	46	110	174	2030	2023	2128	2015	2003	1979	2019	2073	1993	2022	2018	2027
304998	62	126	14	78	142	30	94	158	46	110	174	2023	2025	2211	2019	2006	1931	2028	2076	1952	2022	2021	1922
304998	62	126	14	78	142	30	94	158	46	110	174	2020	2030	2234	2020	2001	1927	2037	2075	1938	2020	2030	1902
304998	62	126	14	78	142	30	94	158	46	110	174	2016	2031	2168	2020	2001	1952	2026	2077	1969	2017	2031	1985
304998	62	126	14	78	142	30	94	158	46	110	174	2026	2026	2081	2016	2001	2000	2028	2064	2021	2021	2018	2081
304998	62	126	14	78	142	30	94	158	46	110	174	2030	2018	2044	2019	2004	2026	2018	2071	2046	2022	2017	2121
304998	62	126	14	78	142	30	94	158	46	110	174	2031	2017	2080	2014	2009	2004	2024	2077	2016	2018	2022	2069
304998	62	126	14	78	142	30	94	158	46	110	174	2023	2022	2178	2018	1996	1964	2021	2067	1970	2019	2026	1979
304998	62	126	14	78	142	30	94	158	46	110	174	2013	2031	2240	2025	1995	1926	2017	2070	1941	2019	2032	1915
304998	62	126	14	78	142	30	94	158	46	110	174	2013	2039	2210	2020	2005	1933	2016	2067	1954	2020	2031	1933
304998	62	126	14	78	142	30	94	158	46	110	174	2026	2026	2121	2022	1998	1982	2027	2075	1998	2017	2021	2016
304998	62	126	14	78	142	30	94	158	46	110	174	2031	2017	2050	2015	2005	2018	2025	2074	2030	2021	2018	2102
304998	62	126	14	78	142	30	94	158	46	110	174	2036	2017	2049	2015	2002	2021	2018	2070	2033	2021	2024	2116
304998	62	126	14	78	142	30	94	158	46	110	174	2022	2021	2128	2019	2007	1981	2018	2072	2005	2020	2019	2039
304998	62	126	14	78	142	30	94	158	46	110	174	2019	2037	2202	2017	2006	1938	2020	2074	1955	2020	2026	1938
304998	62	126	14	78	142	30	94	158	46	110	174	2017	2036	2220	2018	2002	1925	2024	2074	1937	2018	2037	1899
304998	62	126	14	78	142	30	94	158	46	110	174	2015	2027	2167	2021	2007	1953	2022	2074	1966	2021	2034	1970
304998	62	126	14	78	142	30	94	158	46	110	174	2022	2015	2094	2019	2003	1992	2034	2067	2021	2021	2018	2074
304998	62	126	14	78	142	30	94	158	46	110	174	2028	2013	2051	2017	1996	2027	2026	2075	2045	2017	2013	2121
304998	62	126	14	78	142	30	94	158	46	110	174	2031	2021	2080	2016	2011	2005	2029	2074	2020	2021	2016	2082
304998	62	126	14	78	142	30	94	158	46	110	174	2019	2027	2154	2016	2002	1963	2017	2069	1973	2016	2028	1993
304998	62	126	14	78	142	30	94	158	46	110	174	2018	2029	2215	2020	2001	1929	2016	2064	1948	2018	2033	1926
304998	62	126	14	78	142	30	94	158	46	110	174	2004	2026	2229	2015	2002	1932	2007	2074	1951	2022	2030	1930
304998	62	126	14	78	142	30	94	158	46	110	174	2021	2024	2142	2018	1998	1974	2026	2078	1987	2018	2021	2002
304998	62	126	14	78	142	30	94	158	46	110	174	2027	2018	2066	2022	2008	2006	2020	2070	2030	2018	2018	2098
304998	62	126	14	78	142	30	94	158	46	110	174	2033	2022	2044	2015	2004	2026	2033	2072	2042	2017	2017	2121
304998	62	126	14	78	142	30	94	158	46	110	174	2033	2014	2112	2012	2006	1988	2024	2071	2009	2021	2019	2053
304998	62	126	14	78	142	30	94	158	46	110	174	2017	2025	2193	2016	2002	1939	2018	2071	1957	2022	2030	1954
304998	62	126	14	78	142	30	94	158	46	110	174	2011	2037	2234	2020	1996	1924	2020	2070	1939	2020	2042	1906
304998	62	126	14	78	142	30	94	158	46	110	174	2011	2032	2192	2021	1997	1947	2014	2071	1961	2022	2040	1959
304998	62	126	14	78	142	30	94	158	46	110	174	2022	2026	2100	2017	2002	1996	2021	2075	2014	2021	2021	2057
304998	62	126	14	78	142	30	94	158	46	110	174	2032	2016	2042	2019	2006	2022	2025	2076	2042	2019	2008	2121
304998	62	126	14	78	142	30	94	158	46	110	174	2033	2011	2065	2017	2002	2013	2015	2074	2026	2016	2013	2091
304998	62	126	14	78	142	30	94	158	46	110	174	2023	2022	2151	2017	2004	1963	2018	2073	1983	2020	2031	2001
304998	62	126	14	78	142	30	94	158	46	110	174	2008	2031	2229	2020	1997	1931	2018	2072	1950	2021	2039	1929
304998	62	126	14	78	142	30	94	158	46	110	174	2002	2039	2223	2016	1998	1930	2010	2075	1952	2017	2040	1927
304998	62	126	14	78	142	30	94	158	46	110	174	2019	2031	2141	2018	1999	1969	2020	2076	1987	2020	2025	1994
304998	62	126	14	78	142	30	94	158	46	110	174	2020	2005	2077	2015	2003	2011	2017	2067	2021	2018	2018	2083
304998	62	126	14	78	142	30	94	158	46	110	174	2038	2009	2048	2018	2008	2019	2033	2069	2046	2018	2014	2118
304998	62	126	14	78	142	30	94	158	46	110	174	2032	2013	2111	2019	2006	1989	2021	2073	2015	2016	2017	2063
304998	62	126	14	78	142	30	94	158	46	110	174	2020	2034	2179	2016	2003	1948	2018	2076	1966	2020	2031	1962
304998	62	126	14	78	142	30	94	158	46	110	174	2010	2044	2216	2017	2002	1928	2019	2077	1936	2017	2038	1903
304998	62	126	14	78	142	30	94	158	46	110	174	2001	2029	2196	2014	1990	1943	2009	2064	1961	2019	2045	1947
304998	62	126	14	78	142	30	94	158	46	110	174	2015	2020	2117	2017	2003	1984	2023	2075	2008	2017	2025	2049
304998	62	126	14	78	142	30	94	158	46	110	174	2032	2011	2060	2020	2003	2019	2028	2073	2038	2020	2008	2113
304998	62	126	14	78	142	30	94	158	46	110	174	2034	2014	2064	2016	2009	2013	2017	2074	2028	2022	2009	2093
304998	62	126	14	78	142	30	94	158	46	110	174	2027	2025	2129	2017	2005	1975	2018	2064	1996	2022	2029	2013
304998	62	126	14	78	142	30	94	158	46	110	174	2000	2022	2214	2021	1987	1935	2006	2067	1955	2017	2045	1936
304998	62	126	14	78	142	30	94	158	46	110	174	2002	2040	2222	2016	1995	1928	2013	2077	1941	2017	2041	1919
304998	62	126	14	78	142	30	94	158	46	110	174	2010	2027	2172	2020	1994	1966	2013	2072	1974	2020	2029	1980
304998	62	126	14	78	142	30	94	158	46	110	174	2028	2024	2077	2014	2008	2002	2021	2071	2021	2019	2016	2075
304998	62	126	14	78	142	30	94	158	46	110	174	2042	2014	2037	2017	2009	2023	2028	2072	2046	2020	2013	2120
304998	62	126	14	78	142	30	94	158	46	110	174	2032	2009	2087	2017	2000	1997	2013	2071	2020	2017	2016	2081
304998	62	126	14	78	142	30	94	158	46	110	174	2021	2027	2172	2018	1998	1951	2020	2074	1971	2020	2029	1974
304998	62	126	14	78	142	30	94	158	46	110	174	1997	2039	2234	2022	1992	1928	2008	2075	1938	2017	2041	1912
304998	62	126	14	78	142	30	94	158	46	110	174	2001	2040	2199	2018	1997	1938	2008	2070	1958	2018	2049	1940
304998	62	126	14	78	142	30	94	158	46	110	174	2020	2028	2113	2013	1996	1987	2019	2077	2004	2020	2027	2030
304998	62	126	14	78	142	30	94	158	46	110	174	2036	2006	2055	2018	2007	2015	2020	2073	2035	2018	2005	2108
304998	62	126	14	78	142	30	94	158	46	110	174	2043	2007	2063	2017	2003	2016	2020	2072	2030	2019	2001	2103
304998	62	126	14	78	142	30	94	158	46	110	174	2027	2021	2132	2018	2003	1980	2013	2068	1998	2020	2022	2022
304998	62	126	14	78	142	30	94	158	46	110	174	2009	2041	2200	2015	1997	1938	2010	2071	1963	2020	2044	1942
304998	62	126	14	78	142	30	94	158	46	110	174	2002	2046	2213	2018	1996	1931	2022	2074	1941	2017	2047	1918
304998	62	126	14	78	142	30	94	158	46	110	174	2003	2026	2171	2016	1992	1956	2009	2071	1971	2017	2035	1983
304998	62	126	14	78	142	30	94	158	46	110	174	2028	2017	2088	2017	2004	2000	2018	2074	2013	2020	2021	2059
304998	62	126	14	78	142	30	94	158	46	110	174	2042	2009	2057	2017	2006	2020	2028	2065	2043	2021	2005	2116
304998	62	126	14	78	142	30	94	158	46	110	174	2035	2013	2079	2017	2006	2005	2014	2069	2023	2021	2015	2083
304998	62	126	14	78	142	30	94	158	46	110	174	2025	2032	2154	2015	2001	1967	2022	2073	1975	2021	2029	1991
304998	62	126	14	78	142	30	94	158	46	110	174	1998	2040	2214	2012	1997	1926	2010	2073	1941	2017	2042	1911
304998	62	126	14	78	142	30	94	158	46	110	174	1997	2039	2204	2015	1993	1936	2016	2070	1947	2018	2054	1934
304998	62	126	14	78	142	30	94	158	46	110	174	2005	2025	2143	2019	1997	1979	2007	2072	1997	2017	2036	2024
304998	62	126	14	78	142	30	94	158	46	110	174	2034	2016	2064	2017	2009	2018	2018	2073	2031	2021	2010	2102
304998	62	126	14	78	142	30	94	158	46	110	174	2045	2009	2043	2019	2002	2028	2022	2070	2036	2019	2004	2107
304998	62	126	14	78	142	30	94	158	46	110	174	2025	2015	2120	2016	2002	1986	2015	2067	2000	2018	2020	2034
304998	62	126	14	78	142	30	94	158	46	110	174	2011	2038	2191	2017	1990	1942	2007	2076	1964	2016	2045	1955
304998	62	126	14	78	142	30	94	158	46	110	174	1995	2046	2221	2016	1987	1927	2017	2082	1945	2020	2053	1923
304998	62	126	14	78	142	30	94	158	46	110	174	1996	2045	2172	2013	1998	1950	2006	2072	1969	2018	2045	1965
304998	62	126	14	78	142	30	94	158	46	110	174	2025	2026	2088	2015	2001	1996	2016	2073	2010	2021	2019	2054
304998	62	126	14	78	142	30	94	158	46	110	174	2038	1999	2061	2017	2006	2024	2012	2067	2041	2022	2006	2109
304998	62	126	14	78	142	30	94	158	46	110	174	2042	2011	2078	2016	2006	2007	2022	2071	2032	2023	2011	2093
304998	62	126	14	78	142	30	94	158	46	110	174	2023	2030	2160	2018	2003	1964	2013	2076	1982	2022	2028	2000
304998	62	126	14	78	142	30	94	158	46	110	174	1994	2047	2208	2013	1995	1925	2006	2076	1950	2020	2045	1928
304998	62	126	14	78	142	30	94	158	46	110	174	1996	2046	2200	2014	1989	1934	2011	2074	1943	2016	2055	1921
304998	62	126	14	78	142	30	94	158	46	110	174	2003	2021	2150	2015	1994	1975	2006	2069	1991	2018	2040	2007
304998	62	126	14	78	142	30	94	158	46	110	174	2034	2009	2075	2016	2005	2014	2020	2074	2028	2020	2010	2100
304998	62	126	14	78	142	30	94	158	46	110	174	2041	2010	2065	2020	2004	2018	2021	2071	2041	2020	1998	2111
304998	62	126	14	78	142	30	94	158	46	110	174	2033	2019	2105	2022	2008	1987	2017	2074	2006	2019	2014	2041
304998	62	126	14	78	142	30	94	158	46	110	174	2015	2033	2169	2018	1995	1950	2021	2074	1965	2021	2043	1961
304998	62	126	14	78	142	30	94	158	46	110	174	1990	2041	2219	2013	1992	1924	2003	2078	1949	2020	2055	1924
304998	62	126	14	78	142	30	94	158	46	110	174	2001	2039	2186	2012	1993	1950	2008	2077	1964	2020	2046	1959
304998	62	126	14	78	142	30	94	158	46	110	174	2019	2026	2118	2022	2002	1988	2018	2071	2004	2017	2019	2044
304998	62	126	14	78	142	30	94	158	46	110	174	2040	2013	2051	2017	2011	2019	2019	2071	2039	2017	2010	2102
304998	62	126	14	78	142	30	94	158	46	110	174	2046	2008	2062	2020	1997	2018	2023	2070	2034	2018	2008	2095
304998	62	126	14	78	142	30	94	158	46	110	174	2029	2019	2135	2016	1995	1974	2022	2070	1992	2022	2025	2016
304998	62	126	14	78	142	30	94	158	46	110	174	2002	2039	2206	2013	1996	1936	2006	2074	1951	2018	2047	1931
304998	62	126	14	78	142	30	94	158	46	110	174	1994	2045	2215	2011	1994	1930	2008	2073	1943	2021	2051	1919
304998	62	126	14	78	142	30	94	158	46	110	174	2006	2037	2145	2018	1995	1963	2009	2071	1984	2021	2041	1999
304998	62	126	14	78	142	30	94	158	46	110	174	2035	2015	2069	2022	1993	2013	2017	2074	2031	2019	2016	2085
304998	62	126	14	78	142	30	94	158	46	110	174	2045	2000	2049	2018	2008	2021	2024	2071	2042	2017	1998	2110
304998	62	126	14	78	142	30	94	158	46	110	174	2039	2008	2101	2018	2003	1995	2018	2075	2011	2016	2008	2056
304998	62	126	14	78	142	30	94	158	46	110	174	2006	2035	2181	2014	1995	1950	2013	2069	1968	2021	2038	1965
304998	62	126	14	78	142	30	94	158	46	110	174	1996	2051	2212	2017	1992	1923	2004	2070	1949	2019	2060	1924
304998	62	126	14	78	142	30	94	158	46	110	174	1997	2041	2184	2018	1993	1940	2006	2081	1965	2019	2048	1956
304998	62	126	14	78	142	30	94	158	46	110	174	2022	2018	2117	2018	2002	1986	2034	2079	2002	2017	2027	2033
304998	62	126	14	78	142	30	94	158	46	110	174	2038	2003	2065	2017	2000	2019	2018	2071	2032	2020	1999	2098
304998	62	126	14	78	142	30	94	158	46	110	174	2042	2005	2072	2021	2002	2015	2030	2071	2035	2021	2010	2101
304998	62	126	14	78	142	30	94	158	46	110	174	2030	2025	2129	2018	1997	1970	2015	2070	2002	2017	2026	2023
304998	62	126	14	78	142	30	94	158	46	110	174	2006	2041	2190	2015	1995	1936	2005	2078	1955	2018	2046	1944
304998	62	126	14	78	142	30	94	158	46	110	174	1994	2041	2207	2014	1990	1924	2015	2079	1945	2021	2051	1922
304998	62	126	14	78	142	30	94	158	46	110	174	2001	2036	2166	2013	1985	1963	2008	2074	1970	2019	2044	1976
304998	62	126	14	78	142	30	94	158	46	110	174	2028	2017	2094	2020	1998	2002	2020	2072	2022	2016	2019	2075
304998	62	126	14	78	142	30	94	158	46	110	174	2049	2007	2052	2017	2008	2016	2025	2069	2046	2020	2002	2116
304998	62	126	14	78	142	30	94	158	46	110	174	2037	2014	2082	2022	2008	2001	2016	2074	2017	2022	2004	2065
304998	62	126	14	78	142	30	94	158	46	110	174	2021	2029	2158	2016	1996	1956	2017	2075	1973	2019	2034	1976
304998	62	126	14	78	142	30	94	158	46	110	174	1998	2042	2220	2013	1988	1929	2011	2074	1945	2020	2056	1918
304998	62	126	14	78	142	30	94	158	46	110	174	1994	2045	2200	2016	1983	1944	2007	2069	1959	2019	2050	1950
304998	62	126	14	78	142	30	94	158	46	110	174	2012	2032	2125	2016	2002	1977	2017	2077	1999	2017	2028	2029
304998	62	126	14	78	142	30	94	158	46	110	174	2042	2012	2058	2018	2006	2016	2023	2069	2030	2020	2004	2091
304998	62	126	14	78	142	30	94	158	46	110	174	2047	2002	2058	2021	2002	2018	2016	2067	2032	2020	1999	2098
304998	62	126	14	78	142	30	94	158	46	110	174	2033	2015	2120	2016	2005	1983	2031	2066	2003	2020	2023	2034
304998	62	126	14	78	142	30	94	158	46	110	174	2008	2038	2195	2016	1990	1942	2010	2074	1965	2019	2047	1952
304998	62	126	14	78	142	30	94	158	46	110	174	1994	2049	2212	2011	1994	1923	2003	2078	1943	2022	2054	1928
304998	62	126	14	78	142	30	94	158	46	110	174	2004	2041	2161	2016	1995	1950	2018	2073	1970	2018	2036	1969
304998	62	126	14	78	142	30	94	158	46	110	174	2028	2017	2092	2016	2006	1993	2017	2072	2013	2022	2022	2054
304998	62	126	14	78	142	30	94	158	46	110	174	2045	2002	2056	2018	2011	2021	2024	2068	2045	2016	2007	2111
304998	62	126	14	78	142	30	94	158	46	110	174	2039	2005	2087	2021	2000	2003	2020	2069	2022	2021	2006	2083
304998	62	126	14	78	142	30	94	158	46	110	174	2020	2031	2156	2017	2000	1955	2019	2078	1977	2018	2026	1995
304998	62	126	14	78	142	30	94	158	46	110	174	1999	2048	2206	2013	1993	1928	2017	2078	1940	2021	2053	1917
304998	62	126	14	78	142	30	94	158	46	110	174	1999	2046	2193	2015	1988	1935	2012	2068	1951	2018	2059	1940
304998	62	126	14	78	142	30	94	158	46	110	174	2015	2025	2127	2014	1997	1973	2010	2074	1996	2020	2036	2018
304998	62	126	14	78	142	30	94	158	46	110	174	2033	2008	2071	2018	2001	2014	2018	2073	2029	2021	2006	2092
304998	62	126	14	78	142	30	94	158	46	110	174	2046	2004	2063	2022	2006	2017	2030	2068	2031	2017	1992	2098
304998	62	126	14	78	142	30	94	158	46	110	174	2035	2020	2113	2020	2009	1980	2014	2070	2001	2020	2016	2038
304998	62	126	14	78	142	30	94	158	46	110	174	2016	2039	2176	2019	1988	1950	2017	2071	1969	2021	2044	1960
304998	62	126	14	78	142	30	94	158	46	110	174	1998	2046	2211	2015	1987	1927	2007	2078	1948	2018	2054	1929
304998	62	126	14	78	142	30	94	158	46	110	174	1994	2039	2175	2012	1995	1951	2005	2071	1965	2017	2039	1971
304998	62	126	14	78	142	30	94	158	46	110	174	2025	2021	2112	2022	2000	1993	2025	2073	2004	2020	2017	2045
304998	62	126	14	78	142	30	94	158	46	110	174	2041	2007	2062	2023	2010	2016	2022	2064	2039	2021	2001	2106
304998	62	126	14	78	142	30	94	158	46	110	174	2046	2015	2071	2019	2013	2008	2023	2074	2035	2020	2011	2087
304998	62	126	14	78	142	30	94	158	46	110	174	2031	2029	2138	2021	1993	1969	2020	2075	1983	2021	2028	2006
304998	62	126	14	78	142	30	94	158	46	110	174	2003	2039	2206	2018	1994	1929	2005	2075	1944	2020	2045	1930
