304998	62	126	14	78	142	30	94	158	46	110	174	2032	2011	2060	2020	2003	2019	2028	2073	2038	2020	2008	2113
304998	62	126	14	78	142	30	94	158	46	110	174	2034	2014	2064	2016	2009	2013	2017	2074	2028	2022	2009	2093
304998	62	126	14	78	142	30	94	158	46	110	174	2027	2025	2129	2017	2005	1975	2018	2064	1996	2022	2029	2013
304998	62	126	14	78	142	30	94	158	46	110	174	2000	2022	2214	2021	1987	1935	2006	2067	1955	2017	2045	1936
304998	62	126	14	78	142	30	94	158	46	110	174	2002	2040	2222	2016	1995	1928	2013	2077	1941	2017	2041	1919
304998	62	126	14	78	142	30	94	158	46	110	174	2010	2027	2172	2020	1994	1966	2013	2072	1974	2020	2029	1980
304998	62	126	14	78	142	30	94	158	46	110	174	2028	2024	2077	2014	2008	2002	2021	2071	2021	2019	2016	2075
304998	62	126	14	78	142	30	94	158	46	110	174	2042	2014	2037	2017	2009	2023	2028	2072	2046	2020	2013	2120
304998	62	126	14	78	142	30	94	158	46	110	174	2032	2009	2087	2017	2000	1997	2013	2071	2020	2017	2016	2081
304998	62	126	14	78	142	30	94	158	46	110	174	2021	2027	2172	2018	1998	1951	2020	2074	1971	2020	2029	1974
304998	62	126	14	78	142	30	94	158	46	110	174	1997	2039	2234	2022	1992	1928	2008	2075	1938	2017	2041	1912
304998	62	126	14	78	142	30	94	158	46	110	174	2001	2040	2199	2018	1997	1938	2008	2070	1958	2018	2049	1940
304998	62	126	14	78	142	30	94	158	46	110	174	2020	2028	2113	2013	1996	1987	2019	2077	2004	2020	2027	2030
304998	62	126	14	78	142	30	94	158	46	110	174	2036	2006	2055	2018	2007	2015	2020	2073	2035	2018	2005	2108
304998	62	126	14	78	142	30	94	158	46	110	174	2043	2007	2063	2017	2003	2016	2020	2072	2030	2019	2001	2103
304998	62	126	14	78	142	30	94	158	46	110	174	2027	2021	2132	2018	2003	1980	2013	2068	1998	2020	2022	2022
304998	62	126	14	78	142	30	94	158	46	110	174	2009	2041	2200	2015	1997	1938	2010	2071	1963	2020	2044	1942
304998	62	126	14	78	142	30	94	158	46	110	174	2002	2046	2213	2018	1996	1931	2022	2074	1941	2017	2047	1918
304998	62	126	14	78	142	30	94	158	46	110	174	2003	2026	2171	2016	1992	1956	2009	2071	1971	2017	2035	1983
304998	62	126	14	78	142	30	94	158	46	110	174	2028	2017	2088	2017	2004	2000	2018	2074	2013	2020	2021	2059
304998	62	126	14	78	142	30	94	158	46	110	174	2042	2009	2057	2017	2006	2020	2028	2065	2043	2021	2005	2116
304998	62	126	14	78	142	30	94	158	46	110	174	2035	2013	2079	2017	2006	2005	2014	2069	2023	2021	2015	2083
304998	62	126	14	78	142	30	94	158	46	110	174	2025	2032	2154	2015	2001	1967	2022	2073	1975	2021	2029	1991
304998	62	126	14	78	142	30	94	158	46	110	174	1998	2040	2214	2012	1997	1926	2010	2073	1941	2017	2042	1911
304998	62	126	14	78	142	30	94	158	46	110	174	1997	2039	2204	2015	1993	1936	2016	2070	1947	2018	2054	1934
304998	62	126	14	78	142	30	94	158	46	110	174	2005	2025	2143	2019	1997	1979	2007	2072	1997	2017	2036	2024
304998	62	126	14	78	142	30	94	158	46	110	174	2034	2016	2064	2017	2009	2018	2018	2073	2031	2021	2010	2102
304998	62	126	14	78	142	30	94	158	46	110	174	2045	2009	2043	2019	2002	2028	2022	2070	2036	2019	2004	2107
304998	62	126	14	78	142	30	94	158	46	110	174	2025	2015	2120	2016	2002	1986	2015	2067	2000	2018	2020	2034
304998	62	126	14	78	142	30	94	158	46	110	174	2011	2038	2191	2017	1990	1942	2007	2076	1964	2016	2045	1955
304998	62	126	14	78	142	30	94	158	46	110	174	1995	2046	2221	2016	1987	1927	2017	2082	1945	2020	2053	1923
304998	62	126	14	78	142	30	94	158	46	110	174	1996	2045	2172	2013	1998	1950	2006	2072	1969	2018	2045	1965
304998	62	126	14	78	142	30	94	158	46	110	174	2025	2026	2088	2015	2001	1996	2016	2073	2010	2021	2019	2054
304998	62	126	14	78	142	30	94	158	46	110	174	2038	1999	2061	2017	2006	2024	2012	2067	2041	2022	2006	2109
304998	62	126	14	78	142	30	94	158	46	110	174	2042	2011	2078	2016	2006	2007	2022	2071	2032	2023	2011	2093
304998	62	126	14	78	142	30	94	158	46	110	174	2023	2030	2160	2018	2003	1964	2013	2076	1982	2022	2028	2000
304998	62	126	14	78	142	30	94	158	46	110	174	1994	2047	2208	2013	1995	1925	2006	2076	1950	2020	2045	1928
304998	62	126	14	78	142	30	94	158	46	110	174	1996	2046	2200	2014	1989	1934	2011	2074	1943	2016	2055	1921
304998	62	126	14	78	142	30	94	158	46	110	174	2003	2021	2150	2015	1994	1975	2006	2069	1991	2018	2040	2007
304998	62	126	14	78	142	30	94	158	46	110	174	2034	2009	2075	2016	2005	2014	2020	2074	2028	2020	2010	2100
304998	62	126	14	78	142	30	94	158	46	110	174	2041	2010	2065	2020	2004	2018	2021	2071	2041	2020	1998	2111
304998	62	126	14	78	142	30	94	158	46	110	174	2033	2019	2105	2022	2008	1987	2017	2074	2006	2019	2014	2041
304998	62	126	14	78	142	30	94	158	46	110	174	2015	2033	2169	2018	1995	1950	2021	2074	1965	2021	2043	1961
304998	62	126	14	78	142	30	94	158	46	110	174	1990	2041	2219	2013	1992	1924	2003	2078	1949	2020	2055	1924
304998	62	126	14	78	142	30	94	158	46	110	174	2001	2039	2186	2012	1993	1950	2008	2077	1964	2020	2046	1959
304998	62	126	14	78	142	30	94	158	46	110	174	2019	2026	2118	2022	2002	1988	2018	2071	2004	2017	2019	2044
304998	62	126	14	78	142	30	94	158	46	110	174	2040	2013	2051	2017	2011	2019	2019	2071	2039	2017	2010	2102
304998	62	126	14	78	142	30	94	158	46	110	174	2046	2008	2062	2020	1997	2018	2023	2070	2034	2018	2008	2095
304998	62	126	14	78	142	30	94	158	46	110	174	2029	2019	2135	2016	1995	1974	2022	2070	1992	2022	2025	2016
304998	62	126	14	78	142	30	94	158	46	110	174	2002	2039	2206	2013	1996	1936	2006	2074	1951	2018	2047	1931
304998	62	126	14	78	142	30	94	158	46	110	174	1994	2045	2215	2011	1994	1930	2008	2073	1943	2021	2051	1919
304998	62	126	14	78	142	30	94	158	46	110	174	2006	2037	2145	2018	1995	1963	2009	2071	1984	2021	2041	1999
304998	62	126	14	78	142	30	94	158	46	110	174	2035	2015	2069	2022	1993	2013	2017	2074	2031	2019	2016	2085
304998	62	126	14	78	142	30	94	158	46	110	174	2045	2000	2049	2018	2008	2021	2024	2071	2042	2017	1998	2110
304998	62	126	14	78	142	30	94	158	46	110	174	2039	2008	2101	2018	2003	1995	2018	2075	2011	2016	2008	2056
304998	62	126	14	78	142	30	94	158	46	110	174	2006	2035	2181	2014	1995	1950	2013	2069	1968	2021	2038	1965
304998	62	126	14	78	142	30	94	158	46	110	174	1996	2051	2212	2017	1992	1923	2004	2070	1949	2019	2060	1924
304998	62	126	14	78	142	30	94	158	46	110	174	1997	2041	2184	2018	1993	1940	2006	2081	1965	2019	2048	1956
304998	62	126	14	78	142	30	94	158	46	110	174	2022	2018	2117	2018	2002	1986	2034	2079	2002	2017	2027	2033
304998	62	126	14	78	142	30	94	158	46	110	174	2038	2003	2065	2017	2000	2019	2018	2071	2032	2020	1999	2098
304998	62	126	14	78	142	30	94	158	46	110	174	2042	2005	2072	2021	2002	2015	2030	2071	2035	2021	2010	2101
304998	62	126	14	78	142	30	94	158	46	110	174	2030	2025	2129	2018	1997	1970	2015	2070	2002	2017	2026	2023
304998	62	126	14	78	142	30	94	158	46	110	174	2006	2041	2190	2015	1995	1936	2005	2078	1955	2018	2046	1944
304998	62	126	14	78	142	30	94	158	46	110	174	1994	2041	2207	2014	1990	1924	2015	2079	1945	2021	2051	1922
304998	62	126	14	78	142	30	94	158	46	110	174	2001	2036	2166	2013	1985	1963	2008	2074	1970	2019	2044	1976
304998	62	126	14	78	142	30	94	158	46	110	174	2028	2017	2094	2020	1998	2002	2020	2072	2022	2016	2019	2075
304998	62	126	14	78	142	30	94	158	46	110	174	2049	2007	2052	2017	2008	2016	2025	2069	2046	2020	2002	2116
304998	62	126	14	78	142	30	94	158	46	110	174	2037	2014	2082	2022	2008	2001	2016	2074	2017	2022	2004	2065
304998	62	126	14	78	142	30	94	158	46	110	174	2021	2029	2158	2016	1996	1956	2017	2075	1973	2019	2034	1976
304998	62	126	14	78	142	30	94	158	46	110	174	1998	2042	2220	2013	1988	1929	2011	2074	1945	2020	2056	1918
304998	62	126	14	78	142	30	94	158	46	110	174	1994	2045	2200	2016	1983	1944	2007	2069	1959	2019	2050	1950
304998	62	126	14	78	142	30	94	158	46	110	174	2012	2032	2125	2016	2002	1977	2017	2077	1999	2017	2028	2029
304998	62	126	14	78	142	30	94	158	46	110	174	2042	2012	2058	2018	2006	2016	2023	2069	2030	2020	2004	2091
304998	62	126	14	78	142	30	94	158	46	110	174	2047	2002	2058	2021	2002	2018	2016	2067	2032	2020	1999	2098
304998	62	126	14	78	142	30	94	158	46	110	174	2033	2015	2120	2016	2005	1983	2031	2066	2003	2020	2023	2034
304998	62	126	14	78	142	30	94	158	46	110	174	2008	2038	2195	2016	1990	1942	2010	2074	1965	2019	2047	1952
304998	62	126	14	78	142	30	94	158	46	110	174	1994	2049	2212	2011	1994	1923	2003	2078	1943	2022	2054	1928
304998	62	126	14	78	142	30	94	158	46	110	174	2004	2041	2161	2016	1995	1950	2018	2073	1970	2018	2036	1969
304998	62	126	14	78	142	30	94	158	46	110	174	2028	2017	2092	2016	2006	1993	2017	2072	2013	2022	2022	2054
304998	62	126	14	78	142	30	94	158	46	110	174	2045	2002	2056	2018	2011	2021	2024	2068	2045	2016	2007	2111
304998	62	126	14	78	142	30	94	158	46	110	174	2039	2005	2087	2021	2000	2003	2020	2069	2022	2021	2006	2083
304998	62	126	14	78	142	30	94	158	46	110	174	2020	2031	2156	2017	2000	1955	2019	2078	1977	2018	2026	1995
304998	62	126	14	78	142	30	94	158	46	110	174	1999	2048	2206	2013	1993	1928	2017	2078	1940	2021	2053	1917
304998	62	126	14	78	142	30	94	158	46	110	174	1999	2046	2193	2015	1988	1935	2012	2068	1951	2018	2059	1940
304998	62	126	14	78	142	30	94	158	46	110	174	2015	2025	2127	2014	1997	1973	2010	2074	1996	2020	2036	2018
304998	62	126	14	78	142	30	94	158	46	110	174	2033	2008	2071	2018	2001	2014	2018	2073	2029	2021	2006	2092
304998	62	126	14	78	142	30	94	158	46	110	174	2046	2004	2063	2022	2006	2017	2030	2068	2031	2017	1992	2098
304998	62	126	14	78	142	30	94	158	46	110	174	2035	2020	2113	2020	2009	1980	2014	2070	2001	2020	2016	2038
304998	62	126	14	78	142	30	94	158	46	110	174	2016	2039	2176	2019	1988	1950	2017	2071	1969	2021	2044	1960
304998	62	126	14	78	142	30	94	158	46	110	174	1998	2046	2211	2015	1987	1927	2007	2078	1948	2018	2054	1929
304998	62	126	14	78	142	30	94	158	46	110	174	1994	2039	2175	2012	1995	1951	2005	2071	1965	2017	2039	1971
304998	62	126	14	78	142	30	94	158	46	110	174	2025	2021	2112	2022	2000	1993	2025	2073	2004	2020	2017	2045
304998	62	126	14	78	142	30	94	158	46	110	174	2041	2007	2062	2023	2010	2016	2022	2064	2039	2021	2001	2106
304998	62	126	14	78	142	30	94	158	46	110	174	2046	2015	2071	2019	2013	2008	2023	2074	2035	2020	2011	2087
304998	62	126	14	78	142	30	94	158	46	110	174	2031	2029	2138	2021	1993	1969	2020	2075	1983	2021	2028	2006
304998	62	126	14	78	142	30	94	158	46	110	174	2003	2039	2206	2018	1994	1929	2005	2075	1944	2020	2045	1930
304998	62	126	14	78	142	30	94	158	46	110	174	1996	2045	2212	2018	1984	1936	2013	2080	1942	2022	2050	1925
304998	62	126	14	78	142	30	94	158	46	110	174	2007	2032	2150	2018	1999	1966	2022	2073	1989	2020	2039	1995
304998	62	126	14	78	142	30	94	158	46	110	174	2035	2013	2074	2018	2007	2008	2015	2074	2025	2019	2013	2088
304998	62	126	14	78	142	30	94	158	46	110	174	2052	2006	2049	2019	2012	2018	2039	2076	2033	2018	1996	2108
304998	62	126	14	78	142	30	94	158	46	110	174	2041	2007	2108	2019	2005	1990	2020	2066	2009	2021	2008	2047
304998	62	126	14	78	142	30	94	158	46	110	174	2015	2033	2179	2019	1998	1946	2018	2072	1964	2017	2034	1963
304998	62	126	14	78	142	30	94	158	46	110	174	1999	2047	2220	2013	1994	1926	2018	2075	1950	2018	2055	1923
304998	62	126	14	78	142	30	94	158	46	110	174	1996	2041	2184	2012	1998	1940	2008	2074	1960	2022	2047	1967
304998	62	126	14	78	142	30	94	158	46	110	174	2025	2025	2107	2016	1997	1997	2017	2070	2004	2021	2019	2039
304998	62	126	14	78	142	30	94	158	46	110	174	2042	1998	2062	2020	2007	2017	2021	2063	2035	2019	1996	2094
304998	62	126	14	78	142	30	94	158	46	110	174	2047	2001	2077	2021	2008	2006	2025	2063	2030	2017	2004	2086
304998	62	126	14	78	142	30	94	158	46	110	174	2031	2021	2143	2024	1992	1979	2016	2075	1992	2017	2028	2016
304998	62	126	14	78	142	30	94	158	46	110	174	2004	2046	2204	2013	1996	1932	2017	2073	1951	2021	2044	1942
304998	62	126	14	78	142	30	94	158	46	110	174	1995	2054	2204	2014	1987	1936	2004	2077	1942	2022	2051	1926
304998	62	126	14	78	142	30	94	158	46	110	174	2010	2037	2149	2016	1997	1968	2019	2075	1976	2022	2032	1983
304998	62	126	14	78	142	30	94	158	46	110	174	2027	2008	2088	2019	2006	2001	2017	2066	2031	2021	2015	2069
304998	62	126	14	78	142	30	94	158	46	110	174	2050	1995	2061	2022	2012	2020	2023	2075	2038	2020	1999	2107
304998	62	126	14	78	142	30	94	158	46	110	174	2043	2006	2108	2026	2008	1997	2041	2072	2014	2020	2009	2068
304998	62	126	14	78	142	30	94	158	46	110	174	2019	2035	2168	2016	2000	1949	2022	2074	1970	2018	2033	1974
304998	62	126	14	78	142	30	94	158	46	110	174	2002	2049	2206	2015	1988	1933	2023	2076	1943	2020	2048	1919
304998	62	126	14	78	142	30	94	158	46	110	174	1992	2034	2194	2013	1988	1941	2003	2073	1961	2017	2054	1945
304998	62	126	14	78	142	30	94	158	46	110	174	2017	2023	2122	2018	2008	1978	2019	2074	1997	2021	2022	2037
304998	62	126	14	78	142	30	94	158	46	110	174	2045	2000	2077	2022	2002	2016	2031	2066	2028	2016	1999	2098
304998	62	126	14	78	142	30	94	158	46	110	174	2041	2006	2075	2020	2014	2018	2020	2064	2031	2020	1997	2093
304998	62	126	14	78	142	30	94	158	46	110	174	2033	2021	2126	2020	2010	1976	2026	2073	2002	2016	2020	2021
304998	62	126	14	78	142	30	94	158	46	110	174	2002	2034	2194	2019	1985	1936	2010	2076	1958	2016	2048	1945
304998	62	126	14	78	142	30	94	158	46	110	174	1996	2046	2207	2013	1996	1925	2007	2076	1940	2020	2054	1936
304998	62	126	14	78	142	30	94	158	46	110	174	2003	2034	2175	2015	1997	1954	2014	2071	1968	2019	2038	1981
304998	62	126	14	78	142	30	94	158	46	110	174	2033	2017	2097	2021	2006	1993	2032	2064	2022	2016	2009	2057
304998	62	126	14	78	142	30	94	158	46	110	174	2048	2002	2061	2021	2015	2022	2022	2064	2039	2017	2000	2094
304998	62	126	14	78	142	30	94	158	46	110	174	2045	2009	2085	2019	2010	2002	2033	2071	2018	2020	2007	2068
304998	62	126	14	78	142	30	94	158	46	110	174	2021	2021	2161	2021	2000	1955	2025	2072	1969	2019	2029	1992
304998	62	126	14	78	142	30	94	158	46	110	174	1997	2042	2211	2016	1992	1928	2023	2074	1943	2020	2051	1926
304998	62	126	14	78	142	30	94	158	46	110	174	1993	2045	2204	2017	1985	1944	2008	2077	1960	2018	2047	1938
304998	62	126	14	78	142	30	94	158	46	110	174	2011	2033	2130	2014	2006	1976	2021	2075	1995	2022	2032	2014
304998	62	126	14	78	142	30	94	158	46	110	174	2043	2007	2065	2021	2007	2019	2045	2071	2030	2022	2009	2093
304998	62	126	14	78	142	30	94	158	46	110	174	2051	1995	2065	2024	2013	2017	2024	2059	2030	2016	1996	2100
304998	62	126	14	78	142	30	94	158	46	110	174	2041	2015	2122	2019	2010	1979	2022	2066	2002	2020	2009	2030
304998	62	126	14	78	142	30	94	158	46	110	174	2004	2036	2194	2020	1988	1947	2006	2076	1963	2016	2042	1952
304998	62	126	14	78	142	30	94	158	46	110	174	1991	2048	2216	2015	1997	1931	2008	2077	1939	2019	2058	1926
304998	62	126	14	78	142	30	94	158	46	110	174	2001	2041	2171	2015	1993	1953	2010	2072	1964	2022	2043	1978
304998	62	126	14	78	142	30	94	158	46	110	174	2028	2015	2093	2022	1999	1996	2015	2065	2013	2016	2013	2054
304998	62	126	14	78	142	30	94	158	46	110	174	2049	2000	2057	2022	2015	2018	2028	2068	2042	2021	1996	2094
304998	62	126	14	78	142	30	94	158	46	110	174	2046	2003	2084	2023	2011	2002	2025	2070	2019	2020	2003	2079
304998	62	126	14	78	142	30	94	158	46	110	174	2025	2028	2156	2020	2003	1961	2018	2074	1975	2022	2029	2000
304998	62	126	14	78	142	30	94	158	46	110	174	2001	2049	2207	2013	1996	1930	2018	2073	1948	2022	2047	1939
304998	62	126	14	78	142	30	94	158	46	110	174	1995	2048	2196	2017	1986	1938	2008	2074	1953	2019	2048	1940
304998	62	126	14	78	142	30	94	158	46	110	174	2016	2030	2135	2015	2000	1968	2018	2082	1987	2017	2030	2000
304998	62	126	14	78	142	30	94	158	46	110	174	2038	2002	2079	2019	2014	2011	2022	2068	2027	2021	2005	2086
304998	62	126	14	78	142	30	94	158	46	110	174	2048	2000	2073	2028	2009	2023	2031	2065	2030	2021	1997	2101
304998	62	126	14	78	142	30	94	158	46	110	174	2034	2010	2124	2019	2009	1988	2016	2062	2012	2018	2011	2042
304998	62	126	14	78	142	30	94	158	46	110	174	2014	2044	2173	2018	1989	1948	2013	2075	1970	2017	2034	1961
304998	62	126	14	78	142	30	94	158	46	110	174	2001	2049	2202	2018	1986	1929	2022	2085	1944	2021	2060	1925
304998	62	126	14	78	142	30	94	158	46	110	174	1994	2037	2176	2014	1998	1942	2006	2077	1956	2020	2048	1970
304998	62	126	14	78	142	30	94	158	46	110	174	2026	2019	2113	2017	2001	1996	2023	2069	2005	2021	2018	2048
304998	62	126	14	78	142	30	94	158	46	110	174	2043	1998	2073	2023	2011	2015	2022	2064	2045	2022	1994	2092
304998	62	126	14	78	142	30	94	158	46	110	174	2049	2005	2081	2023	2013	2007	2026	2064	2024	2018	1996	2072
304998	62	126	14	78	142	30	94	158	46	110	174	2031	2020	2138	2019	1998	1967	2018	2071	1987	2020	2028	2006
304998	62	126	14	78	142	30	94	158	46	110	174	1998	2039	2196	2011	1993	1934	2005	2075	1950	2017	2048	1947
304998	62	126	14	78	142	30	94	158	46	110	174	1993	2050	2206	2012	1991	1931	2009	2074	1948	2016	2058	1940
304998	62	126	14	78	142	30	94	158	46	110	174	2007	2033	2150	2015	1998	1970	2014	2078	1984	2019	2029	1993
304998	62	126	14	78	142	30	94	158	46	110	174	2037	2010	2086	2019	2006	2003	2027	2075	2019	2021	2006	2067
304998	62	126	14	78	142	30	94	158	46	110	174	2051	2000	2056	2024	2012	2015	2032	2068	2035	2021	1995	2096
304998	62	126	14	78	142	30	94	158	46	110	174	2043	2006	2105	2024	2005	1989	2026	2063	2012	2019	2009	2056
