304998	62	126	14	78	142	30	94	158	46	110	174	2035	2020	2111	2018	2005	1986	2019	2073	2013	2018	2021	2047
304998	62	126	14	78	142	30	94	158	46	110	174	2015	2027	2168	2018	2001	1956	2014	2078	1977	2017	2030	1988
304998	62	126	14	78	142	30	94	158	46	110	174	2009	2041	2194	2015	2001	1936	2023	2076	1950	2018	2034	1947
304998	62	126	14	78	142	30	94	158	46	110	174	2008	2038	2172	2017	1998	1949	2007	2071	1962	2021	2042	1968
304998	62	126	14	78	142	30	94	158	46	110	174	2015	2026	2116	2022	2000	1979	2006	2068	1998	2022	2034	2032
304998	62	126	14	78	142	30	94	158	46	110	174	2031	2013	2082	2022	2007	2007	2017	2075	2029	2022	2017	2072
304998	62	126	14	78	142	30	94	158	46	110	174	2031	2016	2091	2023	1994	2009	2021	2076	2021	2018	2014	2070
304998	62	126	14	78	142	30	94	158	46	110	174	2024	2025	2140	2015	2007	1979	2018	2070	1989	2021	2021	2006
304998	62	126	14	78	142	30	94	158	46	110	174	2014	2034	2177	2020	1998	1947	2015	2074	1965	2021	2039	1968
304998	62	126	14	78	142	30	94	158	46	110	174	2009	2033	2184	2019	1995	1933	2012	2074	1963	2020	2039	1955
304998	62	126	14	78	142	30	94	158	46	110	174	2015	2025	2150	2016	2005	1953	2023	2078	1976	2017	2032	2000
304998	62	126	14	78	142	30	94	158	46	110	174	2021	2018	2104	2020	1995	1999	2016	2071	2005	2016	2018	2047
304998	62	126	14	78	142	30	94	158	46	110	174	2034	2022	2080	2023	2008	2013	2023	2076	2023	2018	2017	2069
304998	62	126	14	78	142	30	94	158	46	110	174	2031	2019	2098	2019	1997	1996	2019	2064	2015	2019	2025	2050
304998	62	126	14	78	142	30	94	158	46	110	174	2020	2031	2149	2016	2007	1957	2016	2078	1979	2017	2030	2000
304998	62	126	14	78	142	30	94	158	46	110	174	2006	2027	2193	2020	1996	1936	2009	2072	1956	2020	2041	1960
304998	62	126	14	78	142	30	94	158	46	110	174	2006	2034	2183	2016	1993	1948	2015	2076	1960	2017	2034	1959
304998	62	126	14	78	142	30	94	158	46	110	174	2013	2031	2135	2018	1995	1979	2018	2072	1998	2017	2031	2014
304998	62	126	14	78	142	30	94	158	46	110	174	2023	2023	2077	2019	2001	2004	2015	2073	2025	2021	2021	2069
304998	62	126	14	78	142	30	94	158	46	110	174	2034	2018	2078	2019	2009	2004	2025	2074	2024	2016	2013	2076
304998	62	126	14	78	142	30	94	158	46	110	174	2024	2017	2128	2018	2003	1982	2019	2076	1996	2019	2021	2027
304998	62	126	14	78	142	30	94	158	46	110	174	2012	2029	2176	2017	1995	1951	2024	2073	1960	2020	2031	1966
304998	62	126	14	78	142	30	94	158	46	110	174	2005	2038	2194	2015	1998	1942	2008	2072	1961	2016	2045	1953
304998	62	126	14	78	142	30	94	158	46	110	174	2009	2034	2153	2017	1995	1953	2018	2078	1979	2022	2034	1994
304998	62	126	14	78	142	30	94	158	46	110	174	2022	2020	2101	2018	2003	1988	2019	2069	2008	2020	2021	2052
304998	62	126	14	78	142	30	94	158	46	110	174	2034	2009	2079	2019	2007	2007	2016	2071	2019	2021	2010	2068
304998	62	126	14	78	142	30	94	158	46	110	174	2032	2018	2104	2017	2009	1998	2024	2065	2016	2022	2015	2051
304998	62	126	14	78	142	30	94	158	46	110	174	2016	2027	2149	2017	1996	1967	2019	2073	1984	2020	2037	2001
304998	62	126	14	78	142	30	94	158	46	110	174	2007	2041	2188	2017	1990	1934	2014	2075	1954	2018	2043	1966
304998	62	126	14	78	142	30	94	158	46	110	174	2004	2033	2181	2017	1995	1944	2008	2072	1956	2018	2040	1967
304998	62	126	14	78	142	30	94	158	46	110	174	2014	2028	2134	2016	1995	1974	2011	2067	1989	2022	2025	2005
304998	62	126	14	78	142	30	94	158	46	110	174	2029	2015	2094	2017	2005	2005	2023	2075	2027	2020	2022	2058
304998	62	126	14	78	142	30	94	158	46	110	174	2037	2020	2084	2019	2005	2006	2020	2077	2026	2022	2016	2073
304998	62	126	14	78	142	30	94	158	46	110	174	2025	2022	2112	2015	2002	1980	2018	2074	1998	2016	2021	2040
304998	62	126	14	78	142	30	94	158	46	110	174	2016	2032	2161	2019	1995	1947	2024	2077	1967	2018	2029	1978
304998	62	126	14	78	142	30	94	158	46	110	174	2005	2037	2189	2013	1999	1938	2011	2072	1961	2018	2040	1947
304998	62	126	14	78	142	30	94	158	46	110	174	2008	2031	2165	2016	1995	1957	2005	2077	1972	2017	2040	1980
304998	62	126	14	78	142	30	94	158	46	110	174	2019	2023	2120	2016	1999	1993	2017	2074	2001	2018	2029	2043
304998	62	126	14	78	142	30	94	158	46	110	174	2035	2022	2079	2020	2012	2003	2024	2075	2022	2021	2013	2078
304998	62	126	14	78	142	30	94	158	46	110	174	2034	2018	2085	2022	2001	1998	2024	2067	2018	2017	2012	2058
304998	62	126	14	78	142	30	94	158	46	110	174	2021	2019	2139	2021	2002	1964	2004	2072	1994	2016	2026	2002
304998	62	126	14	78	142	30	94	158	46	110	174	2015	2036	2186	2014	1992	1946	2015	2077	1957	2022	2044	1964
304998	62	126	14	78	142	30	94	158	46	110	174	2000	2037	2195	2011	1993	1940	2005	2075	1955	2018	2041	1965
304998	62	126	14	78	142	30	94	158	46	110	174	2012	2035	2144	2016	2001	1965	2012	2068	1986	2021	2028	2014
304998	62	126	14	78	142	30	94	158	46	110	174	2028	2018	2086	2018	2006	1997	2021	2073	2025	2018	2015	2055
304998	62	126	14	78	142	30	94	158	46	110	174	2033	2008	2076	2016	2008	2008	2017	2077	2028	2017	2015	2072
304998	62	126	14	78	142	30	94	158	46	110	174	2034	2016	2116	2019	1994	1996	2025	2076	2003	2017	2025	2039
304998	62	126	14	78	142	30	94	158	46	110	174	2014	2025	2175	2014	1992	1956	2007	2074	1971	2021	2034	1992
304998	62	126	14	78	142	30	94	158	46	110	174	2002	2042	2186	2015	1998	1934	2010	2072	1960	2017	2039	1958
304998	62	126	14	78	142	30	94	158	46	110	174	2012	2041	2168	2016	1994	1950	2011	2071	1975	2017	2037	1970
304998	62	126	14	78	142	30	94	158	46	110	174	2019	2021	2112	2017	2001	1983	2006	2072	2002	2018	2029	2026
304998	62	126	14	78	142	30	94	158	46	110	174	2033	2014	2083	2018	2011	2012	2022	2074	2024	2019	2018	2070
304998	62	126	14	78	142	30	94	158	46	110	174	2031	2011	2100	2016	2004	2004	2017	2065	2014	2022	2019	2069
304998	62	126	14	78	142	30	94	158	46	110	174	2029	2029	2135	2017	1998	1967	2012	2074	1997	2017	2022	2014
304998	62	126	14	78	142	30	94	158	46	110	174	2013	2038	2174	2016	1994	1941	2017	2077	1964	2019	2038	1963
304998	62	126	14	78	142	30	94	158	46	110	174	2004	2033	2184	2015	1995	1939	2009	2076	1956	2016	2044	1958
304998	62	126	14	78	142	30	94	158	46	110	174	2015	2027	2146	2015	2000	1967	2015	2079	1971	2022	2040	2007
304998	62	126	14	78	142	30	94	158	46	110	174	2025	2016	2111	2020	1998	2001	2012	2065	2017	2018	2019	2059
304998	62	126	14	78	142	30	94	158	46	110	174	2028	2018	2080	2020	2006	2004	2015	2072	2028	2017	2007	2073
304998	62	126	14	78	142	30	94	158	46	110	174	2032	2022	2110	2019	2006	1992	2022	2072	2011	2018	2021	2036
304998	62	126	14	78	142	30	94	158	46	110	174	2021	2028	2151	2014	1996	1959	2010	2074	1974	2020	2033	1989
304998	62	126	14	78	142	30	94	158	46	110	174	2008	2033	2187	2015	1995	1937	2018	2073	1949	2020	2045	1964
304998	62	126	14	78	142	30	94	158	46	110	174	1998	2033	2190	2016	1985	1953	2003	2073	1973	2017	2038	1977
304998	62	126	14	78	142	30	94	158	46	110	174	2014	2028	2129	2019	2002	1974	2009	2074	2001	2017	2023	2020
304998	62	126	14	78	142	30	94	158	46	110	174	2034	2018	2090	2019	2000	2009	2018	2069	2023	2019	2017	2056
304998	62	126	14	78	142	30	94	158	46	110	174	2035	2012	2086	2021	2004	2009	2015	2072	2018	2017	2022	2068
304998	62	126	14	78	142	30	94	158	46	110	174	2027	2021	2124	2015	2006	1979	2032	2069	1996	2020	2025	2024
304998	62	126	14	78	142	30	94	158	46	110	174	2010	2029	2184	2015	1993	1947	2006	2075	1965	2016	2038	1975
304998	62	126	14	78	142	30	94	158	46	110	174	1999	2044	2189	2013	1991	1936	2006	2081	1954	2020	2038	1950
304998	62	126	14	78	142	30	94	158	46	110	174	2010	2035	2156	2014	1992	1958	2012	2074	1978	2021	2043	1989
304998	62	126	14	78	142	30	94	158	46	110	174	2027	2021	2097	2016	2002	1997	2016	2068	2005	2018	2026	2050
304998	62	126	14	78	142	30	94	158	46	110	174	2034	2011	2078	2024	2011	2009	2018	2064	2032	2018	2010	2081
304998	62	126	14	78	142	30	94	158	46	110	174	2033	2010	2108	2017	2001	2004	2023	2073	2015	2016	2015	2048
304998	62	126	14	78	142	30	94	158	46	110	174	2016	2028	2161	2015	2002	1961	2011	2076	1979	2020	2031	1997
304998	62	126	14	78	142	30	94	158	46	110	174	2006	2042	2185	2011	1993	1937	2014	2080	1957	2017	2046	1959
304998	62	126	14	78	142	30	94	158	46	110	174	2007	2044	2167	2012	1996	1947	2014	2073	1961	2018	2042	1971
304998	62	126	14	78	142	30	94	158	46	110	174	2018	2028	2133	2018	2001	1975	2008	2075	1997	2018	2029	2024
304998	62	126	14	78	142	30	94	158	46	110	174	2034	2010	2098	2016	1997	2010	2029	2073	2022	2016	2011	2060
304998	62	126	14	78	142	30	94	158	46	110	174	2037	2010	2095	2017	2006	2007	2021	2074	2020	2017	2012	2068
304998	62	126	14	78	142	30	94	158	46	110	174	2031	2025	2122	2016	2002	1984	2022	2078	1996	2022	2029	2025
304998	62	126	14	78	142	30	94	158	46	110	174	2012	2034	2166	2015	1989	1953	2020	2072	1975	2019	2043	1980
304998	62	126	14	78	142	30	94	158	46	110	174	1996	2035	2182	2015	1997	1934	2011	2079	1960	2016	2044	1962
304998	62	126	14	78	142	30	94	158	46	110	174	2008	2032	2168	2013	1992	1964	2018	2076	1975	2021	2035	1981
304998	62	126	14	78	142	30	94	158	46	110	174	2017	2020	2121	2017	1995	1992	2017	2071	2004	2017	2026	2034
304998	62	126	14	78	142	30	94	158	46	110	174	2036	2018	2081	2020	2011	2008	2028	2067	2025	2023	2015	2069
304998	62	126	14	78	142	30	94	158	46	110	174	2033	2018	2097	2023	2001	2002	2014	2066	2023	2020	2015	2061
304998	62	126	14	78	142	30	94	158	46	110	174	2021	2027	2135	2015	2004	1970	2007	2073	1985	2017	2027	2005
304998	62	126	14	78	142	30	94	158	46	110	174	2002	2038	2192	2010	1992	1949	2012	2080	1955	2021	2042	1955
304998	62	126	14	78	142	30	94	158	46	110	174	1998	2041	2188	2015	1988	1946	2013	2080	1958	2016	2048	1967
304998	62	126	14	78	142	30	94	158	46	110	174	2015	2034	2139	2015	1999	1968	2040	2075	1997	2020	2034	2014
304998	62	126	14	78	142	30	94	158	46	110	174	2024	2017	2088	2019	2005	2005	2017	2074	2018	2017	2015	2062
304998	62	126	14	78	142	30	94	158	46	110	174	2041	2012	2075	2022	2008	2006	2025	2072	2020	2020	2004	2068
304998	62	126	14	78	142	30	94	158	46	110	174	2026	2018	2122	2020	2004	1985	2024	2071	2000	2021	2019	2028
304998	62	126	14	78	142	30	94	158	46	110	174	2009	2029	2178	2016	1994	1954	2014	2068	1971	2016	2041	1987
304998	62	126	14	78	142	30	94	158	46	110	174	2002	2046	2190	2013	1996	1936	2013	2083	1964	2018	2048	1966
304998	62	126	14	78	142	30	94	158	46	110	174	2004	2042	2158	2018	1997	1958	2005	2079	1970	2021	2038	1981
304998	62	126	14	78	142	30	94	158	46	110	174	2020	2018	2115	2018	2004	1987	2017	2073	2002	2020	2021	2027
304998	62	126	14	78	142	30	94	158	46	110	174	2033	2011	2084	2018	2008	2013	2023	2067	2021	2022	2018	2063
304998	62	126	14	78	142	30	94	158	46	110	174	2031	2012	2104	2022	2001	2005	2017	2070	2027	2018	2015	2063
304998	62	126	14	78	142	30	94	158	46	110	174	2026	2031	2135	2016	1999	1966	2027	2081	1996	2021	2025	2017
304998	62	126	14	78	142	30	94	158	46	110	174	2008	2043	2173	2015	1994	1946	2016	2080	1957	2016	2037	1960
304998	62	126	14	78	142	30	94	158	46	110	174	2001	2037	2179	2013	1993	1940	2009	2081	1954	2020	2047	1962
304998	62	126	14	78	142	30	94	158	46	110	174	2013	2032	2145	2011	1994	1971	2029	2077	1992	2016	2042	2007
304998	62	126	14	78	142	30	94	158	46	110	174	2028	2016	2108	2020	1996	1999	2027	2070	2018	2016	2020	2059
304998	62	126	14	78	142	30	94	158	46	110	174	2037	2010	2089	2019	2010	2010	2026	2073	2020	2019	2010	2073
304998	62	126	14	78	142	30	94	158	46	110	174	2031	2020	2113	2017	2000	1992	2022	2076	2003	2020	2017	2033
304998	62	126	14	78	142	30	94	158	46	110	174	2016	2031	2160	2017	1996	1956	2019	2073	1973	2021	2037	1987
304998	62	126	14	78	142	30	94	158	46	110	174	2005	2039	2184	2010	1990	1943	2019	2079	1962	2019	2049	1969
304998	62	126	14	78	142	30	94	158	46	110	174	2000	2038	2175	2013	1989	1951	2006	2078	1971	2018	2045	1985
304998	62	126	14	78	142	30	94	158	46	110	174	2016	2031	2124	2016	2002	1984	2015	2078	1996	2020	2022	2026
304998	62	126	14	78	142	30	94	158	46	110	174	2034	2014	2082	2022	2008	2007	2025	2072	2020	2022	2010	2061
304998	62	126	14	78	142	30	94	158	46	110	174	2039	2013	2086	2020	2002	2005	2031	2068	2027	2018	2015	2062
304998	62	126	14	78	142	30	94	158	46	110	174	2029	2023	2131	2019	2005	1978	2019	2078	1995	2016	2024	2024
304998	62	126	14	78	142	30	94	158	46	110	174	2004	2035	2185	2016	1988	1948	2013	2077	1965	2017	2038	1976
304998	62	126	14	78	142	30	94	158	46	110	174	1997	2045	2190	2010	1995	1939	2019	2082	1956	2021	2043	1957
304998	62	126	14	78	142	30	94	158	46	110	174	2004	2035	2148	2012	1995	1963	2017	2069	1984	2018	2036	1992
304998	62	126	14	78	142	30	94	158	46	110	174	2025	2016	2101	2018	2000	1999	2015	2071	2017	2022	2022	2050
304998	62	126	14	78	142	30	94	158	46	110	174	2039	2006	2087	2019	2010	2014	2025	2074	2022	2018	2010	2078
304998	62	126	14	78	142	30	94	158	46	110	174	2028	2012	2116	2021	1996	1995	2014	2073	2010	2021	2011	2041
304998	62	126	14	78	142	30	94	158	46	110	174	2015	2038	2155	2014	2000	1960	2024	2074	1975	2021	2032	1994
304998	62	126	14	78	142	30	94	158	46	110	174	2003	2051	2183	2008	1996	1937	2009	2078	1966	2019	2051	1966
304998	62	126	14	78	142	30	94	158	46	110	174	2004	2045	2168	2014	1987	1947	2008	2082	1968	2018	2043	1978
304998	62	126	14	78	142	30	94	158	46	110	174	2019	2023	2133	2010	2001	1984	2020	2079	1998	2020	2022	2020
304998	62	126	14	78	142	30	94	158	46	110	174	2028	2012	2099	2018	2004	2008	2019	2074	2020	2021	2008	2063
304998	62	126	14	78	142	30	94	158	46	110	174	2031	2010	2098	2022	2006	2005	2027	2065	2029	2017	2015	2064
304998	62	126	14	78	142	30	94	158	46	110	174	2025	2026	2123	2019	1999	1982	2016	2072	1999	2018	2022	2030
304998	62	126	14	78	142	30	94	158	46	110	174	2008	2032	2168	2016	1985	1955	2014	2082	1964	2018	2042	1982
304998	62	126	14	78	142	30	94	158	46	110	174	1989	2042	2186	2011	1990	1941	2011	2081	1955	2020	2043	1957
304998	62	126	14	78	142	30	94	158	46	110	174	2000	2036	2166	2012	1990	1962	2017	2075	1975	2018	2037	1984
304998	62	126	14	78	142	30	94	158	46	110	174	2022	2024	2113	2015	2007	1987	2024	2073	2012	2021	2023	2044
304998	62	126	14	78	142	30	94	158	46	110	174	2036	2013	2081	2021	2009	2008	2021	2070	2023	2021	2009	2076
304998	62	126	14	78	142	30	94	158	46	110	174	2029	2010	2100	2021	2005	2000	2016	2066	2008	2021	2009	2050
304998	62	126	14	78	142	30	94	158	46	110	174	2017	2020	2152	2019	1996	1968	2022	2071	1983	2017	2027	1993
304998	62	126	14	78	142	30	94	158	46	110	174	1998	2034	2191	2016	1984	1943	2009	2077	1967	2020	2048	1966
304998	62	126	14	78	142	30	94	158	46	110	174	2004	2046	2177	2008	1996	1940	2022	2087	1964	2017	2048	1981
304998	62	126	14	78	142	30	94	158	46	110	174	2011	2035	2137	2015	1998	1980	2012	2077	1990	2016	2028	2018
304998	62	126	14	78	142	30	94	158	46	110	174	2031	2015	2091	2023	2008	2004	2015	2066	2017	2022	2011	2053
304998	62	126	14	78	142	30	94	158	46	110	174	2036	2000	2094	2024	1998	2013	2025	2062	2027	2022	2013	2062
304998	62	126	14	78	142	30	94	158	46	110	174	2023	2017	2131	2022	1994	1987	2017	2072	2006	2020	2021	2032
304998	62	126	14	78	142	30	94	158	46	110	174	2010	2043	2165	2012	1997	1945	2017	2082	1970	2021	2040	1987
304998	62	126	14	78	142	30	94	158	46	110	174	1999	2049	2175	2012	1994	1938	2012	2082	1952	2022	2042	1961
304998	62	126	14	78	142	30	94	158	46	110	174	2007	2033	2153	2008	1994	1957	2016	2078	1971	2019	2042	1986
304998	62	126	14	78	142	30	94	158	46	110	174	2008	2015	2131	2015	1999	1986	2007	2071	2011	2020	2027	2043
304998	62	126	14	78	142	30	94	158	46	110	174	2035	2004	2094	2025	2000	2011	2028	2074	2020	2017	2010	2069
304998	62	126	14	78	142	30	94	158	46	110	174	2032	2014	2105	2020	2008	2000	2021	2074	2014	2017	2011	2053
304998	62	126	14	78	142	30	94	158	46	110	174	2027	2027	2136	2016	1994	1975	2018	2075	1985	2019	2023	2005
304998	62	126	14	78	142	30	94	158	46	110	174	2004	2039	2177	2011	1991	1946	2011	2079	1971	2021	2051	1969
304998	62	126	14	78	142	30	94	158	46	110	174	2001	2043	2181	2010	1983	1948	2020	2084	1963	2018	2048	1969
304998	62	126	14	78	142	30	94	158	46	110	174	2004	2034	2149	2016	1989	1970	2016	2078	1986	2017	2034	2011
304998	62	126	14	78	142	30	94	158	46	110	174	2031	2022	2092	2021	2008	1994	2026	2071	2010	2019	2013	2053
304998	62	126	14	78	142	30	94	158	46	110	174	2040	2004	2085	2022	2001	2012	2018	2063	2029	2018	2011	2063
304998	62	126	14	78	142	30	94	158	46	110	174	2034	2016	2111	2017	2004	1985	2023	2081	2007	2018	2023	2038
304998	62	126	14	78	142	30	94	158	46	110	174	2010	2028	2170	2014	1991	1961	2007	2077	1969	2016	2037	1992
304998	62	126	14	78	142	30	94	158	46	110	174	1988	2045	2188	2013	1991	1937	2010	2076	1953	2018	2048	1962
304998	62	126	14	78	142	30	94	158	46	110	174	1999	2041	2167	2010	1992	1955	2012	2078	1972	2020	2043	1977
304998	62	126	14	78	142	30	94	158	46	110	174	2012	2016	2120	2014	1998	1985	2008	2074	2006	2022	2031	2032
304998	62	126	14	78	142	30	94	158	46	110	174	2039	2008	2088	2019	2009	2008	2031	2072	2023	2016	2008	2069
304998	62	126	14	78	142	30	94	158	46	110	174	2031	2002	2111	2027	2001	2004	2020	2063	2016	2018	2008	2059
304998	62	126	14	78	142	30	94	158	46	110	174	2026	2027	2135	2019	1999	1972	2027	2072	1996	2022	2025	2008
304998	62	126	14	78	142	30	94	158	46	110	174	2003	2040	2173	2011	1993	1949	2010	2082	1969	2021	2050	1975
