304998	62	126	14	78	142	30	94	158	46	110	174	2038	2011	2121	2019	2002	1988	2030	2075	2003	2016	2009	2030
304998	62	126	14	78	142	30	94	158	46	110	174	2010	2047	2177	2013	1988	1951	2020	2077	1961	2018	2038	1956
304998	62	126	14	78	142	30	94	158	46	110	174	1996	2063	2196	2006	1994	1927	2008	2085	1941	2019	2065	1940
304998	62	126	14	78	142	30	94	158	46	110	174	2000	2042	2171	2008	1991	1949	2017	2078	1973	2019	2048	1982
304998	62	126	14	78	142	30	94	158	46	110	174	2027	2018	2108	2016	2009	1992	2020	2077	2009	2020	2012	2046
304998	62	126	14	78	142	30	94	158	46	110	174	2049	1996	2075	2030	2008	2023	2049	2070	2034	2020	1987	2084
304998	62	126	14	78	142	30	94	158	46	110	174	2040	2002	2102	2024	2008	2003	2029	2064	2017	2017	1999	2064
304998	62	126	14	78	142	30	94	158	46	110	174	2025	2028	2137	2015	2001	1965	2018	2072	1985	2022	2034	2010
304998	62	126	14	78	142	30	94	158	46	110	174	1998	2045	2194	2011	1984	1932	2018	2081	1955	2016	2050	1950
304998	62	126	14	78	142	30	94	158	46	110	174	1991	2057	2195	2006	1997	1933	2009	2086	1952	2021	2055	1951
304998	62	126	14	78	142	30	94	158	46	110	174	2011	2033	2145	2015	1997	1975	2020	2077	1983	2017	2037	1999
304998	62	126	14	78	142	30	94	158	46	110	174	2028	2002	2096	2024	2003	2009	2019	2060	2023	2018	2010	2066
304998	62	126	14	78	142	30	94	158	46	110	174	2051	1998	2072	2026	2014	2016	2030	2064	2039	2020	1990	2088
304998	62	126	14	78	142	30	94	158	46	110	174	2038	2007	2107	2023	2008	1988	2038	2073	2006	2023	2002	2042
304998	62	126	14	78	142	30	94	158	46	110	174	2010	2037	2169	2015	1992	1950	2023	2080	1966	2018	2035	1971
304998	62	126	14	78	142	30	94	158	46	110	174	1996	2058	2203	2005	1997	1928	2013	2084	1943	2017	2066	1939
304998	62	126	14	78	142	30	94	158	46	110	174	1996	2053	2181	2011	1986	1952	2011	2085	1968	2018	2052	1979
304998	62	126	14	78	142	30	94	158	46	110	174	2019	2025	2114	2020	2003	1984	2014	2074	2008	2021	2018	2043
304998	62	126	14	78	142	30	94	158	46	110	174	2051	2000	2066	2031	2008	2013	2044	2065	2030	2017	1990	2078
304998	62	126	14	78	142	30	94	158	46	110	174	2047	1987	2098	2027	2008	2012	2028	2061	2021	2016	1997	2062
304998	62	126	14	78	142	30	94	158	46	110	174	2033	2020	2140	2016	2004	1974	2024	2072	1992	2019	2024	2015
304998	62	126	14	78	142	30	94	158	46	110	174	2000	2048	2205	2010	1993	1939	2015	2082	1957	2017	2051	1963
304998	62	126	14	78	142	30	94	158	46	110	174	1977	2061	2202	2006	1993	1930	2002	2084	1950	2016	2057	1949
304998	62	126	14	78	142	30	94	158	46	110	174	2009	2043	2138	2018	1990	1967	2022	2079	1980	2017	2040	1987
304998	62	126	14	78	142	30	94	158	46	110	174	2026	1998	2100	2020	2008	2002	2016	2061	2022	2023	2009	2062
304998	62	126	14	78	142	30	94	158	46	110	174	2057	1991	2077	2030	2014	2019	2027	2065	2037	2020	1994	2094
304998	62	126	14	78	142	30	94	158	46	110	174	2046	2005	2113	2024	2001	1994	2028	2069	2014	2018	2003	2053
304998	62	126	14	78	142	30	94	158	46	110	174	2011	2039	2163	2011	1999	1957	2027	2080	1968	2022	2036	1977
304998	62	126	14	78	142	30	94	158	46	110	174	1993	2060	2189	2006	1991	1926	2010	2083	1943	2020	2064	1942
304998	62	126	14	78	142	30	94	158	46	110	174	1995	2051	2173	2009	1996	1940	2012	2079	1967	2022	2059	1970
304998	62	126	14	78	142	30	94	158	46	110	174	2013	2018	2126	2015	1999	1985	2010	2076	2000	2018	2021	2032
304998	62	126	14	78	142	30	94	158	46	110	174	2044	2000	2087	2024	2005	2020	2029	2065	2030	2020	1990	2075
304998	62	126	14	78	142	30	94	158	46	110	174	2045	1993	2093	2023	2012	2013	2026	2059	2026	2019	1990	2068
304998	62	126	14	78	142	30	94	158	46	110	174	2034	2021	2124	2022	2003	1975	2028	2069	1996	2020	2023	2021
304998	62	126	14	78	142	30	94	158	46	110	174	2005	2045	2178	2015	1991	1939	2007	2078	1961	2022	2048	1966
304998	62	126	14	78	142	30	94	158	46	110	174	1989	2056	2194	2003	1988	1934	2000	2086	1947	2019	2061	1951
304998	62	126	14	78	142	30	94	158	46	110	174	2002	2041	2161	2008	1983	1961	2026	2079	1973	2019	2042	1982
304998	62	126	14	78	142	30	94	158	46	110	174	2026	2015	2106	2016	2009	1999	2017	2062	2017	2018	2013	2047
304998	62	126	14	78	142	30	94	158	46	110	174	2053	1993	2071	2027	2015	2017	2028	2065	2036	2020	1990	2087
304998	62	126	14	78	142	30	94	158	46	110	174	2049	1996	2100	2023	2006	1998	2026	2070	2012	2021	1996	2060
304998	62	126	14	78	142	30	94	158	46	110	174	2022	2031	2154	2017	1998	1964	2019	2077	1974	2018	2031	1993
304998	62	126	14	78	142	30	94	158	46	110	174	1996	2060	2197	2006	1983	1934	2023	2083	1950	2020	2064	1942
304998	62	126	14	78	142	30	94	158	46	110	174	1980	2057	2188	2007	1987	1939	2001	2081	1963	2017	2062	1963
304998	62	126	14	78	142	30	94	158	46	110	174	2012	2032	2124	2018	2002	1971	2009	2077	1995	2018	2026	2027
304998	62	126	14	78	142	30	94	158	46	110	174	2048	1993	2087	2024	2012	2007	2025	2061	2026	2021	1994	2070
304998	62	126	14	78	142	30	94	158	46	110	174	2055	1986	2084	2028	2015	2015	2026	2057	2026	2022	1983	2067
304998	62	126	14	78	142	30	94	158	46	110	174	2038	2013	2130	2022	2004	1985	2027	2065	2005	2016	2018	2031
304998	62	126	14	78	142	30	94	158	46	110	174	1994	2041	2187	2014	1986	1947	2005	2080	1966	2020	2051	1973
304998	62	126	14	78	142	30	94	158	46	110	174	1987	2065	2186	2006	1986	1930	2005	2089	1943	2017	2058	1951
304998	62	126	14	78	142	30	94	158	46	110	174	1993	2043	2163	2014	1993	1956	2013	2077	1970	2019	2044	1984
304998	62	126	14	78	142	30	94	158	46	110	174	2028	2010	2109	2018	2008	1996	2025	2063	2014	2017	2016	2042
304998	62	126	14	78	142	30	94	158	46	110	174	2056	1993	2080	2029	2011	2019	2028	2065	2034	2019	1995	2084
304998	62	126	14	78	142	30	94	158	46	110	174	2049	2000	2101	2035	2001	2001	2025	2062	2019	2016	1993	2068
304998	62	126	14	78	142	30	94	158	46	110	174	2022	2035	2139	2015	1998	1964	2028	2076	1978	2021	2026	2003
304998	62	126	14	78	142	30	94	158	46	110	174	1990	2051	2191	2014	1979	1935	2006	2078	1951	2020	2057	1945
304998	62	126	14	78	142	30	94	158	46	110	174	1985	2052	2187	2003	1995	1935	1998	2078	1961	2017	2065	1960
304998	62	126	14	78	142	30	94	158	46	110	174	2005	2035	2143	2013	1995	1975	2012	2080	1985	2022	2031	2018
304998	62	126	14	78	142	30	94	158	46	110	174	2034	2000	2099	2022	2005	2004	2020	2065	2022	2022	1994	2066
304998	62	126	14	78	142	30	94	158	46	110	174	2059	1996	2070	2027	2015	2013	2031	2062	2026	2016	1981	2073
304998	62	126	14	78	142	30	94	158	46	110	174	2040	2008	2117	2025	1999	1993	2020	2058	2009	2022	2008	2029
304998	62	126	14	78	142	30	94	158	46	110	174	2008	2035	2169	2012	1999	1946	2014	2079	1967	2020	2050	1984
304998	62	126	14	78	142	30	94	158	46	110	174	1987	2062	2199	2003	1988	1932	2026	2091	1952	2020	2064	1957
304998	62	126	14	78	142	30	94	158	46	110	174	1989	2048	2175	2006	1994	1952	2001	2082	1963	2018	2048	1978
304998	62	126	14	78	142	30	94	158	46	110	174	2025	2022	2108	2016	2009	1987	2022	2072	2000	2022	2017	2027
304998	62	126	14	78	142	30	94	158	46	110	174	2048	1987	2090	2032	2014	2021	2020	2054	2041	2020	1995	2076
304998	62	126	14	78	142	30	94	158	46	110	174	2045	1987	2095	2029	2010	2010	2025	2064	2023	2021	1999	2069
304998	62	126	14	78	142	30	94	158	46	110	174	2029	2025	2156	2016	2001	1972	2027	2074	1983	2018	2023	2011
304998	62	126	14	78	142	30	94	158	46	110	174	1990	2056	2189	2010	1990	1936	2002	2079	1952	2017	2054	1955
304998	62	126	14	78	142	30	94	158	46	110	174	1988	2067	2177	2001	1992	1931	2012	2084	1954	2021	2069	1955
304998	62	126	14	78	142	30	94	158	46	110	174	2004	2031	2145	2014	1986	1972	2001	2078	1988	2020	2040	2008
304998	62	126	14	78	142	30	94	158	46	110	174	2042	2002	2094	2022	2017	2010	2021	2070	2015	2018	2003	2065
304998	62	126	14	78	142	30	94	158	46	110	174	2057	1986	2089	2027	2009	2024	2042	2060	2029	2017	1984	2076
304998	62	126	14	78	142	30	94	158	46	110	174	2040	2008	2119	2030	2001	1990	2025	2057	2009	2019	2006	2031
304998	62	126	14	78	142	30	94	158	46	110	174	2014	2042	2155	2011	2001	1946	2009	2081	1972	2017	2044	1989
304998	62	126	14	78	142	30	94	158	46	110	174	1991	2058	2183	2008	1976	1938	2002	2085	1951	2021	2067	1963
304998	62	126	14	78	142	30	94	158	46	110	174	1994	2051	2170	2005	1998	1951	2004	2084	1963	2018	2052	1972
304998	62	126	14	78	142	30	94	158	46	110	174	2018	2019	2123	2014	1990	1993	2020	2072	1997	2020	2018	2022
304998	62	126	14	78	142	30	94	158	46	110	174	2047	2000	2093	2029	2013	2013	2023	2058	2039	2017	1995	2068
304998	62	126	14	78	142	30	94	158	46	110	174	2060	2001	2084	2029	2018	2002	2043	2065	2028	2017	1996	2068
304998	62	126	14	78	142	30	94	158	46	110	174	2034	2020	2130	2021	2002	1977	2022	2077	1987	2022	2020	2020
304998	62	126	14	78	142	30	94	158	46	110	174	1999	2051	2173	2006	1999	1936	2005	2085	1954	2020	2053	1967
304998	62	126	14	78	142	30	94	158	46	110	174	1982	2065	2190	2003	1977	1933	2010	2082	1957	2020	2062	1948
304998	62	126	14	78	142	30	94	158	46	110	174	1998	2039	2155	2009	1997	1957	2012	2076	1985	2019	2047	1995
304998	62	126	14	78	142	30	94	158	46	110	174	2040	2015	2094	2020	2011	1999	2028	2072	2013	2017	2009	2059
304998	62	126	14	78	142	30	94	158	46	110	174	2061	1986	2081	2030	2017	2017	2032	2061	2028	2022	1984	2078
304998	62	126	14	78	142	30	94	158	46	110	174	2049	2003	2106	2028	2015	2001	2025	2061	2009	2021	1996	2047
304998	62	126	14	78	142	30	94	158	46	110	174	2016	2034	2161	2018	1997	1954	2015	2074	1983	2020	2041	1989
304998	62	126	14	78	142	30	94	158	46	110	174	1987	2062	2192	2007	1986	1930	2000	2086	1954	2019	2069	1957
304998	62	126	14	78	142	30	94	158	46	110	174	1989	2061	2171	2005	1990	1942	2023	2090	1960	2016	2058	1981
304998	62	126	14	78	142	30	94	158	46	110	174	2011	2021	2124	2017	2000	1984	2009	2071	1994	2017	2021	2023
304998	62	126	14	78	142	30	94	158	46	110	174	2050	1993	2085	2024	2013	2012	2023	2059	2031	2020	1992	2057
304998	62	126	14	78	142	30	94	158	46	110	174	2055	1985	2099	2030	2008	2008	2027	2063	2031	2021	1994	2068
304998	62	126	14	78	142	30	94	158	46	110	174	2031	2020	2128	2022	2003	1982	2032	2074	1994	2021	2019	2029
304998	62	126	14	78	142	30	94	158	46	110	174	2001	2059	2173	2008	1995	1940	2018	2091	1951	2020	2051	1975
304998	62	126	14	78	142	30	94	158	46	110	174	1984	2066	2178	2006	1982	1937	2002	2085	1947	2016	2057	1952
304998	62	126	14	78	142	30	94	158	46	110	174	1995	2046	2154	2006	1996	1962	2007	2081	1981	2018	2051	1991
304998	62	126	14	78	142	30	94	158	46	110	174	2029	2010	2116	2021	2007	1996	2021	2068	2011	2018	2012	2047
304998	62	126	14	78	142	30	94	158	46	110	174	2057	1996	2088	2032	2008	2018	2033	2061	2031	2022	1988	2076
304998	62	126	14	78	142	30	94	158	46	110	174	2046	2006	2100	2028	2015	1998	2029	2061	2015	2021	1994	2053
304998	62	126	14	78	142	30	94	158	46	110	174	2025	2037	2144	2016	1995	1963	2021	2076	1986	2018	2031	1988
304998	62	126	14	78	142	30	94	158	46	110	174	1991	2058	2177	2006	1983	1939	2006	2090	1954	2017	2065	1959
304998	62	126	14	78	142	30	94	158	46	110	174	1987	2055	2178	2000	1992	1937	2001	2087	1954	2022	2064	1975
304998	62	126	14	78	142	30	94	158	46	110	174	2009	2029	2136	2011	2001	1969	2020	2076	1987	2022	2031	2018
304998	62	126	14	78	142	30	94	158	46	110	174	2046	2006	2091	2023	2014	2006	2026	2062	2024	2019	1991	2061
304998	62	126	14	78	142	30	94	158	46	110	174	2060	1993	2081	2030	2015	2018	2028	2061	2033	2021	1989	2062
304998	62	126	14	78	142	30	94	158	46	110	174	2046	2009	2118	2021	2006	1987	2027	2077	2002	2020	2015	2029
304998	62	126	14	78	142	30	94	158	46	110	174	2010	2046	2167	2010	1997	1945	2017	2085	1964	2021	2049	1985
304998	62	126	14	78	142	30	94	158	46	110	174	1982	2059	2192	2004	1985	1933	1999	2086	1948	2017	2064	1958
304998	62	126	14	78	142	30	94	158	46	110	174	1992	2052	2168	2004	1996	1952	2001	2077	1973	2020	2048	1978
304998	62	126	14	78	142	30	94	158	46	110	174	2030	2018	2109	2018	2003	1992	2016	2074	2007	2016	2017	2037
304998	62	126	14	78	142	30	94	158	46	110	174	2064	1989	2077	2025	2014	2014	2043	2063	2025	2021	1989	2076
304998	62	126	14	78	142	30	94	158	46	110	174	2046	1986	2097	2028	2015	2002	2025	2053	2014	2017	1991	2060
304998	62	126	14	78	142	30	94	158	46	110	174	2026	2027	2148	2017	2005	1968	2024	2077	1985	2019	2024	2000
304998	62	126	14	78	142	30	94	158	46	110	174	1987	2061	2190	2006	1989	1937	1998	2086	1957	2018	2062	1962
304998	62	126	14	78	142	30	94	158	46	110	174	1986	2071	2172	2002	1995	1935	2005	2089	1951	2020	2068	1963
304998	62	126	14	78	142	30	94	158	46	110	174	2007	2035	2128	2011	1992	1972	2017	2082	1981	2018	2038	2014
304998	62	126	14	78	142	30	94	158	46	110	174	2030	1992	2097	2022	2013	2002	2019	2059	2021	2017	1994	2054
304998	62	126	14	78	142	30	94	158	46	110	174	2057	1987	2093	2029	2011	2013	2033	2058	2038	2020	1981	2060
304998	62	126	14	78	142	30	94	158	46	110	174	2034	2003	2132	2025	2012	1984	2021	2068	2005	2017	2008	2036
304998	62	126	14	78	142	30	94	158	46	110	174	2010	2050	2156	2009	1996	1954	2025	2084	1970	2020	2047	1988
304998	62	126	14	78	142	30	94	158	46	110	174	1987	2068	2175	2003	1984	1935	2006	2091	1945	2022	2067	1968
304998	62	126	14	78	142	30	94	158	46	110	174	1988	2052	2160	1999	1988	1948	2001	2078	1971	2016	2051	1981
304998	62	126	14	78	142	30	94	158	46	110	174	2025	2019	2121	2016	2005	1988	2013	2076	2005	2019	2020	2024
304998	62	126	14	78	142	30	94	158	46	110	174	2051	1991	2097	2030	2013	2013	2034	2060	2027	2019	1990	2067
304998	62	126	14	78	142	30	94	158	46	110	174	2061	1998	2099	2028	2022	2006	2029	2057	2018	2017	1988	2066
304998	62	126	14	78	142	30	94	158	46	110	174	2030	2025	2127	2018	2000	1977	2017	2064	1991	2021	2018	2012
304998	62	126	14	78	142	30	94	158	46	110	174	2000	2052	2172	2003	1989	1939	1999	2083	1965	2021	2059	1967
304998	62	126	14	78	142	30	94	158	46	110	174	1985	2065	2178	2000	1987	1936	2008	2094	1952	2018	2076	1970
304998	62	126	14	78	142	30	94	158	46	110	174	2003	2042	2152	2008	1989	1964	2008	2083	1979	2020	2042	2008
304998	62	126	14	78	142	30	94	158	46	110	174	2030	2006	2108	2022	2018	2003	2022	2062	2015	2017	1999	2055
304998	62	126	14	78	142	30	94	158	46	110	174	2061	1996	2079	2029	2014	2021	2039	2052	2038	2018	1981	2062
304998	62	126	14	78	142	30	94	158	46	110	174	2043	2001	2113	2026	2008	1995	2027	2063	2014	2018	2002	2028
304998	62	126	14	78	142	30	94	158	46	110	174	2015	2036	2155	2012	1997	1955	2017	2083	1972	2022	2041	1992
304998	62	126	14	78	142	30	94	158	46	110	174	1985	2067	2186	2002	1981	1931	2019	2097	1950	2021	2065	1967
304998	62	126	14	78	142	30	94	158	46	110	174	1976	2061	2168	2003	1990	1944	2000	2084	1963	2020	2055	1975
304998	62	126	14	78	142	30	94	158	46	110	174	2021	2032	2120	2013	2005	1982	2015	2076	2004	2020	2022	2016
304998	62	126	14	78	142	30	94	158	46	110	174	2052	1994	2088	2026	2013	2013	2037	2059	2029	2017	1995	2058
304998	62	126	14	78	142	30	94	158	46	110	174	2060	1989	2092	2029	2020	2007	2033	2054	2023	2018	1989	2060
304998	62	126	14	78	142	30	94	158	46	110	174	2034	2020	2132	2018	2010	1974	2018	2069	1995	2017	2012	2021
304998	62	126	14	78	142	30	94	158	46	110	174	1992	2058	2177	2011	1989	1937	2003	2079	1966	2020	2048	1973
304998	62	126	14	78	142	30	94	158	46	110	174	1982	2076	2174	1996	1985	1938	2001	2091	1954	2020	2072	1957
304998	62	126	14	78	142	30	94	158	46	110	174	1999	2048	2147	2004	1988	1966	2005	2084	1975	2021	2051	2000
304998	62	126	14	78	142	30	94	158	46	110	174	2027	2002	2110	2019	2008	1998	2016	2065	2012	2022	2009	2051
304998	62	126	14	78	142	30	94	158	46	110	174	2057	1987	2091	2031	2017	2014	2045	2052	2032	2018	1983	2062
304998	62	126	14	78	142	30	94	158	46	110	174	2052	1999	2114	2029	2014	1996	2035	2065	2017	2017	1995	2035
304998	62	126	14	78	142	30	94	158	46	110	174	2019	2039	2150	2012	2002	1963	2022	2087	1975	2016	2042	1996
304998	62	126	14	78	142	30	94	158	46	110	174	1990	2073	2167	2003	1986	1941	2017	2090	1954	2019	2066	1968
304998	62	126	14	78	142	30	94	158	46	110	174	1981	2058	2167	2002	1984	1945	1993	2084	1959	2018	2060	1980
304998	62	126	14	78	142	30	94	158	46	110	174	2010	2030	2129	2011	1999	1976	2008	2073	2001	2021	2028	2016
304998	62	126	14	78	142	30	94	158	46	110	174	2043	1991	2111	2029	2009	2009	2028	2060	2028	2018	1995	2051
304998	62	126	14	78	142	30	94	158	46	110	174	2059	1993	2101	2030	2019	2008	2029	2058	2028	2019	1992	2059
304998	62	126	14	78	142	30	94	158	46	110	174	2041	2023	2119	2021	2010	1981	2026	2073	1996	2021	2012	2028
304998	62	126	14	78	142	30	94	158	46	110	174	1999	2049	2157	2012	1988	1944	2004	2078	1968	2022	2051	1981
304998	62	126	14	78	142	30	94	158	46	110	174	1983	2064	2177	1997	1984	1930	1996	2096	1957	2018	2066	1965
304998	62	126	14	78	142	30	94	158	46	110	174	1989	2046	2163	2008	1988	1958	2003	2082	1970	2020	2055	1996
304998	62	126	14	78	142	30	94	158	46	110	174	2028	2013	2120	2020	2011	1997	2018	2068	2009	2017	2013	2036
304998	62	126	14	78	142	30	94	158	46	110	174	2059	1993	2090	2030	2021	2018	2039	2054	2029	2018	1983	2067
304998	62	126	14	78	142	30	94	158	46	110	174	2061	1996	2104	2029	2015	2006	2038	2062	2020	2019	1992	2043
304998	62	126	14	78	142	30	94	158	46	110	174	2024	2027	2143	2013	2003	1962	2015	2085	1985	2022	2030	1997
304998	62	126	14	78	142	30	94	158	46	110	174	1991	2062	2179	2004	1984	1937	2019	2090	1949	2022	2069	1973
