304998	62	126	14	78	142	30	94	158	46	110	174	1994	2044	2138	2000	1980	1973	2000	2088	1986	2021	2037	2022
304998	62	126	14	78	142	30	94	158	46	110	174	2038	2011	2141	2030	2018	1987	2029	2056	1995	2022	2002	2003
304998	62	126	14	78	142	30	94	158	46	110	174	2055	1982	2150	2058	2028	1988	2052	2028	2002	2017	1991	1997
304998	62	126	14	78	142	30	94	158	46	110	174	2052	1994	2143	2047	2019	1983	2044	2044	2004	2022	2000	2012
304998	62	126	14	78	142	30	94	158	46	110	174	2017	2036	2130	2011	1994	1965	2009	2086	1991	2021	2034	2028
304998	62	126	14	78	142	30	94	158	46	110	174	1975	2065	2126	1983	1969	1964	1984	2109	1978	2017	2061	2033
304998	62	126	14	78	142	30	94	158	46	110	174	1982	2070	2122	1977	1975	1965	1990	2110	1977	2019	2063	2020
304998	62	126	14	78	142	30	94	158	46	110	174	2011	2025	2137	2014	1996	1981	2005	2072	2000	2020	2028	2015
304998	62	126	14	78	142	30	94	158	46	110	174	2046	1990	2151	2047	2025	1989	2038	2039	2007	2020	1995	2002
304998	62	126	14	78	142	30	94	158	46	110	174	2054	1983	2151	2052	2035	1987	2048	2036	2002	2017	1987	2000
304998	62	126	14	78	142	30	94	158	46	110	174	2037	2017	2144	2031	2003	1979	2023	2062	1993	2016	2016	2008
304998	62	126	14	78	142	30	94	158	46	110	174	1995	2056	2121	1997	1981	1968	2003	2096	1983	2022	2058	2024
304998	62	126	14	78	142	30	94	158	46	110	174	1982	2070	2112	1983	1952	1962	1982	2108	1979	2021	2068	2040
304998	62	126	14	78	142	30	94	158	46	110	174	1996	2044	2125	1993	1969	1967	1990	2099	1991	2017	2044	2025
304998	62	126	14	78	142	30	94	158	46	110	174	2027	2005	2150	2027	2015	1983	2025	2062	1996	2021	2009	2000
304998	62	126	14	78	142	30	94	158	46	110	174	2056	1986	2158	2058	2034	1989	2047	2037	2002	2017	1994	1987
304998	62	126	14	78	142	30	94	158	46	110	174	2048	1998	2150	2046	2023	1984	2043	2042	2001	2020	2004	2011
304998	62	126	14	78	142	30	94	158	46	110	174	2017	2031	2123	2018	1988	1970	2014	2078	1996	2020	2033	2024
304998	62	126	14	78	142	30	94	158	46	110	174	1989	2059	2121	1984	1968	1955	1980	2114	1984	2020	2056	2029
304998	62	126	14	78	142	30	94	158	46	110	174	1985	2058	2127	1977	1974	1966	1978	2112	1981	2017	2060	2025
304998	62	126	14	78	142	30	94	158	46	110	174	2003	2028	2148	2005	1997	1980	2005	2078	1989	2021	2040	2014
304998	62	126	14	78	142	30	94	158	46	110	174	2045	2000	2150	2038	2023	1982	2041	2039	2002	2018	2000	1999
304998	62	126	14	78	142	30	94	158	46	110	174	2056	1983	2148	2056	2031	1983	2046	2030	2008	2018	1993	1998
304998	62	126	14	78	142	30	94	158	46	110	174	2039	2005	2134	2040	2011	1974	2031	2060	1993	2019	2010	2008
304998	62	126	14	78	142	30	94	158	46	110	174	2004	2045	2127	2000	1980	1968	2010	2093	1982	2020	2051	2022
304998	62	126	14	78	142	30	94	158	46	110	174	1980	2066	2122	1975	1965	1963	1983	2118	1977	2021	2068	2036
304998	62	126	14	78	142	30	94	158	46	110	174	1993	2060	2125	1988	1975	1973	1987	2098	1994	2022	2051	2031
304998	62	126	14	78	142	30	94	158	46	110	174	2017	2010	2145	2018	2010	1976	2014	2062	1999	2017	2015	2005
304998	62	126	14	78	142	30	94	158	46	110	174	2053	1988	2150	2056	2030	1983	2046	2038	2001	2018	1991	1987
304998	62	126	14	78	142	30	94	158	46	110	174	2051	1991	2155	2051	2031	1979	2048	2036	1996	2017	2002	2005
304998	62	126	14	78	142	30	94	158	46	110	174	2023	2029	2133	2023	1990	1984	2023	2071	1986	2020	2030	2024
304998	62	126	14	78	142	30	94	158	46	110	174	1992	2068	2119	1982	1973	1969	1985	2114	1991	2020	2058	2036
304998	62	126	14	78	142	30	94	158	46	110	174	1978	2065	2116	1975	1967	1965	1972	2110	1983	2017	2060	2029
304998	62	126	14	78	142	30	94	158	46	110	174	2008	2033	2137	1998	1996	1969	1998	2088	1984	2019	2043	2015
304998	62	126	14	78	142	30	94	158	46	110	174	2035	1996	2154	2036	2027	1982	2036	2045	1994	2020	2005	1996
304998	62	126	14	78	142	30	94	158	46	110	174	2058	1989	2158	2060	2033	1992	2057	2029	1998	2021	1993	1994
304998	62	126	14	78	142	30	94	158	46	110	174	2039	2009	2146	2039	2018	1975	2037	2057	2000	2019	2010	2010
304998	62	126	14	78	142	30	94	158	46	110	174	2004	2042	2115	2006	1986	1970	2005	2094	1982	2022	2042	2022
304998	62	126	14	78	142	30	94	158	46	110	174	1986	2063	2117	1982	1964	1962	1977	2118	1984	2021	2066	2040
304998	62	126	14	78	142	30	94	158	46	110	174	1993	2052	2119	1986	1980	1967	1991	2104	1984	2017	2055	2040
304998	62	126	14	78	142	30	94	158	46	110	174	2019	2020	2146	2014	2008	1976	2019	2068	1999	2017	2019	2013
304998	62	126	14	78	142	30	94	158	46	110	174	2047	1994	2155	2049	2028	1982	2041	2038	2003	2017	1994	1984
304998	62	126	14	78	142	30	94	158	46	110	174	2053	1996	2146	2054	2031	1978	2052	2038	1992	2018	1999	1993
304998	62	126	14	78	142	30	94	158	46	110	174	2024	2016	2138	2025	2004	1969	2021	2073	1989	2020	2032	2024
304998	62	126	14	78	142	30	94	158	46	110	174	1994	2051	2122	1990	1975	1961	1993	2101	1986	2022	2057	2041
304998	62	126	14	78	142	30	94	158	46	110	174	1981	2064	2124	1976	1958	1968	1969	2116	1996	2022	2059	2033
304998	62	126	14	78	142	30	94	158	46	110	174	2005	2046	2127	1997	1987	1974	2005	2092	1992	2016	2042	2016
304998	62	126	14	78	142	30	94	158	46	110	174	2034	2006	2145	2037	2013	1979	2031	2048	1992	2021	2013	2000
304998	62	126	14	78	142	30	94	158	46	110	174	2060	1985	2151	2059	2040	1976	2057	2030	1991	2018	1996	1997
304998	62	126	14	78	142	30	94	158	46	110	174	2037	1996	2153	2048	2021	1980	2034	2041	2000	2020	2003	2000
304998	62	126	14	78	142	30	94	158	46	110	174	2009	2038	2130	2011	1979	1975	2003	2087	1996	2020	2040	2019
304998	62	126	14	78	142	30	94	158	46	110	174	1982	2068	2114	1976	1969	1963	1987	2112	1986	2020	2065	2043
304998	62	126	14	78	142	30	94	158	46	110	174	1986	2057	2111	1979	1970	1975	1979	2111	1989	2022	2058	2036
304998	62	126	14	78	142	30	94	158	46	110	174	2018	2022	2140	2016	1996	1976	2015	2072	1993	2017	2024	2015
304998	62	126	14	78	142	30	94	158	46	110	174	2044	1992	2162	2047	2035	1976	2042	2034	2003	2022	1993	1989
304998	62	126	14	78	142	30	94	158	46	110	174	2054	1992	2159	2061	2029	1982	2058	2040	1996	2022	2000	1985
304998	62	126	14	78	142	30	94	158	46	110	174	2031	2023	2137	2029	2006	1976	2029	2067	1992	2018	2025	2014
304998	62	126	14	78	142	30	94	158	46	110	174	1999	2053	2109	1992	1973	1971	1996	2103	1985	2021	2048	2040
304998	62	126	14	78	142	30	94	158	46	110	174	1981	2061	2114	1972	1962	1969	1979	2117	1987	2022	2058	2041
304998	62	126	14	78	142	30	94	158	46	110	174	2001	2039	2127	1993	1986	1973	1993	2090	1996	2017	2042	2018
304998	62	126	14	78	142	30	94	158	46	110	174	2034	2010	2155	2031	2016	1981	2028	2057	1998	2016	2014	1998
304998	62	126	14	78	142	30	94	158	46	110	174	2051	1994	2160	2055	2035	1983	2051	2035	1996	2017	1995	1996
304998	62	126	14	78	142	30	94	158	46	110	174	2046	2003	2145	2048	2020	1975	2045	2041	1986	2020	2004	2000
304998	62	126	14	78	142	30	94	158	46	110	174	2018	2028	2127	2015	1988	1975	2012	2082	1994	2018	2029	2017
304998	62	126	14	78	142	30	94	158	46	110	174	1995	2061	2115	1977	1968	1972	1995	2115	1993	2019	2061	2036
304998	62	126	14	78	142	30	94	158	46	110	174	1985	2058	2121	1976	1968	1978	1977	2110	1987	2021	2055	2038
304998	62	126	14	78	142	30	94	158	46	110	174	2017	2034	2132	2008	2003	1975	2019	2081	1991	2016	2027	2014
304998	62	126	14	78	142	30	94	158	46	110	174	2044	1999	2151	2046	2029	1977	2038	2039	1993	2016	1997	1988
304998	62	126	14	78	142	30	94	158	46	110	174	2060	1984	2152	2062	2032	1975	2054	2030	2000	2023	1995	1985
304998	62	126	14	78	142	30	94	158	46	110	174	2036	2013	2148	2037	2015	1976	2039	2059	1996	2021	2022	2009
304998	62	126	14	78	142	30	94	158	46	110	174	1998	2051	2123	1999	1969	1978	1995	2104	1986	2016	2050	2039
304998	62	126	14	78	142	30	94	158	46	110	174	1985	2070	2109	1973	1966	1970	1990	2115	1984	2018	2058	2047
304998	62	126	14	78	142	30	94	158	46	110	174	1994	2043	2116	1986	1978	1975	1984	2097	1990	2021	2043	2022
304998	62	126	14	78	142	30	94	158	46	110	174	2030	2009	2143	2029	2004	1978	2028	2059	2001	2022	2019	1996
304998	62	126	14	78	142	30	94	158	46	110	174	2049	1986	2161	2059	2039	1970	2052	2038	1995	2019	1997	1994
304998	62	126	14	78	142	30	94	158	46	110	174	2049	2001	2156	2058	2020	1981	2053	2047	1995	2018	2001	2005
304998	62	126	14	78	142	30	94	158	46	110	174	2018	2033	2136	2017	1994	1977	2037	2075	1987	2017	2026	2018
304998	62	126	14	78	142	30	94	158	46	110	174	1994	2060	2106	1979	1970	1967	1995	2110	1992	2019	2055	2029
304998	62	126	14	78	142	30	94	158	46	110	174	1984	2054	2113	1976	1963	1973	1982	2119	1994	2022	2061	2046
304998	62	126	14	78	142	30	94	158	46	110	174	2011	2028	2139	2003	1992	1967	2010	2083	1991	2019	2031	2024
304998	62	126	14	78	142	30	94	158	46	110	174	2036	1998	2161	2048	2013	1983	2039	2041	1988	2018	2000	1992
304998	62	126	14	78	142	30	94	158	46	110	174	2050	1991	2165	2067	2024	1988	2058	2024	1992	2022	1991	1978
304998	62	126	14	78	142	30	94	158	46	110	174	2041	2010	2135	2042	2012	1974	2045	2049	1996	2017	2016	2006
304998	62	126	14	78	142	30	94	158	46	110	174	2008	2037	2118	2006	1978	1970	1996	2095	1997	2018	2041	2037
304998	62	126	14	78	142	30	94	158	46	110	174	1982	2062	2112	1975	1967	1972	1987	2117	1991	2022	2054	2045
304998	62	126	14	78	142	30	94	158	46	110	174	1991	2048	2126	1985	1971	1976	1990	2101	1982	2019	2046	2024
304998	62	126	14	78	142	30	94	158	46	110	174	2025	2020	2145	2022	2009	1979	2024	2062	1993	2018	2021	1997
304998	62	126	14	78	142	30	94	158	46	110	174	2051	1994	2152	2057	2026	1975	2063	2038	1997	2021	2003	1992
304998	62	126	14	78	142	30	94	158	46	110	174	2052	1997	2147	2061	2025	1972	2052	2042	1982	2022	1996	2001
304998	62	126	14	78	142	30	94	158	46	110	174	2024	2017	2143	2022	1998	1971	2028	2070	1987	2019	2022	2021
304998	62	126	14	78	142	30	94	158	46	110	174	2000	2054	2117	1993	1968	1975	2006	2106	1989	2017	2051	2031
304998	62	126	14	78	142	30	94	158	46	110	174	1991	2065	2115	1977	1965	1973	1997	2114	1996	2022	2058	2040
304998	62	126	14	78	142	30	94	158	46	110	174	2006	2040	2125	2002	1991	1969	1997	2091	1990	2020	2041	2025
304998	62	126	14	78	142	30	94	158	46	110	174	2041	2000	2145	2044	2020	1975	2053	2049	1993	2016	2004	1995
304998	62	126	14	78	142	30	94	158	46	110	174	2050	1983	2168	2062	2035	1978	2058	2026	1985	2016	1989	1978
304998	62	126	14	78	142	30	94	158	46	110	174	2043	2006	2152	2047	2024	1973	2047	2047	1995	2020	2008	2003
304998	62	126	14	78	142	30	94	158	46	110	174	2015	2045	2126	2010	1979	1972	2009	2093	1993	2019	2042	2033
304998	62	126	14	78	142	30	94	158	46	110	174	1993	2065	2104	1977	1966	1969	1987	2116	1993	2019	2054	2045
304998	62	126	14	78	142	30	94	158	46	110	174	1998	2046	2118	1987	1968	1974	1997	2104	1983	2022	2042	2033
304998	62	126	14	78	142	30	94	158	46	110	174	2018	2011	2148	2020	2004	1974	2015	2063	1988	2022	2020	2004
304998	62	126	14	78	142	30	94	158	46	110	174	2048	1992	2167	2055	2032	1975	2055	2041	1996	2017	1998	1990
304998	62	126	14	78	142	30	94	158	46	110	174	2052	1996	2161	2067	2024	1977	2060	2037	1991	2020	1999	1990
304998	62	126	14	78	142	30	94	158	46	110	174	2034	2020	2127	2034	2006	1974	2037	2067	1986	2022	2016	2017
304998	62	126	14	78	142	30	94	158	46	110	174	2002	2046	2112	1993	1965	1975	1993	2102	1989	2021	2042	2029
304998	62	126	14	78	142	30	94	158	46	110	174	1989	2057	2111	1977	1970	1977	1984	2113	1992	2017	2058	2035
304998	62	126	14	78	142	30	94	158	46	110	174	2005	2038	2132	1998	1985	1975	2002	2089	1996	2018	2038	2023
304998	62	126	14	78	142	30	94	158	46	110	174	2037	2012	2156	2042	2017	1970	2048	2051	1984	2020	2009	2000
304998	62	126	14	78	142	30	94	158	46	110	174	2058	1993	2155	2059	2037	1967	2059	2029	1985	2016	1992	1985
304998	62	126	14	78	142	30	94	158	46	110	174	2052	2001	2143	2057	2016	1977	2048	2042	1991	2018	2008	1992
304998	62	126	14	78	142	30	94	158	46	110	174	2020	2028	2121	2016	1989	1981	2016	2088	1992	2021	2038	2031
304998	62	126	14	78	142	30	94	158	46	110	174	1995	2060	2115	1979	1967	1974	2004	2118	1994	2021	2057	2049
304998	62	126	14	78	142	30	94	158	46	110	174	1996	2056	2128	1983	1975	1973	2006	2108	1985	2017	2047	2035
304998	62	126	14	78	142	30	94	158	46	110	174	2021	2029	2139	2014	2006	1966	2024	2071	1991	2017	2020	2009
304998	62	126	14	78	142	30	94	158	46	110	174	2050	1993	2156	2056	2025	1979	2043	2033	1996	2017	2005	1984
304998	62	126	14	78	142	30	94	158	46	110	174	2058	1987	2156	2067	2029	1973	2055	2032	1986	2020	1993	1992
304998	62	126	14	78	142	30	94	158	46	110	174	2035	2011	2147	2035	2011	1974	2043	2063	1984	2017	2013	2018
304998	62	126	14	78	142	30	94	158	46	110	174	2001	2049	2124	2001	1964	1977	1999	2096	1990	2017	2042	2033
304998	62	126	14	78	142	30	94	158	46	110	174	1993	2068	2106	1971	1971	1973	1986	2112	1996	2016	2053	2035
304998	62	126	14	78	142	30	94	158	46	110	174	2006	2042	2127	1998	1982	1972	1995	2094	1993	2022	2039	2026
304998	62	126	14	78	142	30	94	158	46	110	174	2034	2004	2149	2034	2012	1972	2029	2058	1980	2017	2011	2002
304998	62	126	14	78	142	30	94	158	46	110	174	2057	1985	2174	2060	2033	1970	2056	2027	1979	2021	1992	1981
304998	62	126	14	78	142	30	94	158	46	110	174	2052	2004	2158	2056	2027	1969	2059	2042	1995	2020	1994	1987
304998	62	126	14	78	142	30	94	158	46	110	174	2021	2034	2132	2017	2000	1968	2022	2082	1993	2021	2028	2023
304998	62	126	14	78	142	30	94	158	46	110	174	1998	2054	2101	1982	1975	1973	1986	2109	1991	2018	2054	2042
304998	62	126	14	78	142	30	94	158	46	110	174	1998	2048	2121	1986	1967	1970	1999	2109	1983	2018	2050	2040
304998	62	126	14	78	142	30	94	158	46	110	174	2018	2027	2140	2011	2003	1963	2011	2077	1987	2016	2021	2011
304998	62	126	14	78	142	30	94	158	46	110	174	2045	1997	2164	2052	2023	1974	2049	2040	1989	2019	1999	1979
304998	62	126	14	78	142	30	94	158	46	110	174	2052	1991	2169	2063	2042	1969	2057	2033	1985	2021	1999	1991
304998	62	126	14	78	142	30	94	158	46	110	174	2047	2015	2134	2039	2020	1970	2058	2056	1982	2019	2011	2013
304998	62	126	14	78	142	30	94	158	46	110	174	2015	2040	2117	2003	1982	1971	2010	2091	1993	2017	2037	2035
304998	62	126	14	78	142	30	94	158	46	110	174	1994	2058	2112	1975	1971	1969	1988	2114	1997	2019	2049	2032
304998	62	126	14	78	142	30	94	158	46	110	174	1996	2041	2134	1991	1982	1977	1993	2098	1987	2016	2044	2029
304998	62	126	14	78	142	30	94	158	46	110	174	2030	2019	2148	2024	2020	1971	2028	2056	1983	2020	2014	2002
304998	62	126	14	78	142	30	94	158	46	110	174	2061	1995	2156	2059	2039	1972	2064	2025	1981	2023	1989	1984
304998	62	126	14	78	142	30	94	158	46	110	174	2055	1995	2153	2061	2023	1973	2059	2035	1996	2020	1996	1986
304998	62	126	14	78	142	30	94	158	46	110	174	2027	2021	2138	2020	2003	1965	2030	2074	1987	2020	2028	2018
304998	62	126	14	78	142	30	94	158	46	110	174	1999	2051	2120	1985	1972	1979	2001	2105	1988	2020	2048	2044
304998	62	126	14	78	142	30	94	158	46	110	174	1993	2059	2118	1979	1963	1978	1986	2110	1991	2017	2047	2045
304998	62	126	14	78	142	30	94	158	46	110	174	2016	2034	2131	2004	1992	1971	2012	2075	1995	2020	2023	2016
304998	62	126	14	78	142	30	94	158	46	110	174	2043	2000	2151	2044	2027	1964	2041	2046	1983	2021	1998	1980
304998	62	126	14	78	142	30	94	158	46	110	174	2059	1982	2164	2065	2040	1963	2063	2028	1984	2016	1993	1982
304998	62	126	14	78	142	30	94	158	46	110	174	2039	2005	2157	2047	2026	1968	2043	2046	1983	2021	2009	2007
304998	62	126	14	78	142	30	94	158	46	110	174	2014	2041	2124	2004	1993	1973	2016	2085	1996	2016	2034	2032
304998	62	126	14	78	142	30	94	158	46	110	174	1991	2062	2110	1975	1971	1974	1984	2116	2000	2018	2048	2033
304998	62	126	14	78	142	30	94	158	46	110	174	2006	2048	2112	1986	1978	1973	1996	2105	1989	2019	2044	2031
304998	62	126	14	78	142	30	94	158	46	110	174	2020	2007	2152	2019	2017	1967	2020	2060	1984	2019	2019	2010
304998	62	126	14	78	142	30	94	158	46	110	174	2052	1995	2168	2055	2041	1964	2065	2030	1985	2020	1997	1985
304998	62	126	14	78	142	30	94	158	46	110	174	2059	1996	2167	2063	2035	1965	2073	2037	1984	2018	1991	1983
304998	62	126	14	78	142	30	94	158	46	110	174	2032	2026	2129	2029	2010	1968	2040	2078	1991	2019	2018	2012
304998	62	126	14	78	142	30	94	158	46	110	174	2004	2048	2105	1991	1981	1971	1996	2104	1994	2017	2046	2040
304998	62	126	14	78	142	30	94	158	46	110	174	1993	2048	2109	1974	1969	1976	1984	2102	1995	2019	2048	2048
304998	62	126	14	78	142	30	94	158	46	110	174	2006	2031	2141	1997	1995	1977	1997	2086	1995	2017	2027	2019
304998	62	126	14	78	142	30	94	158	46	110	174	2038	2007	2166	2041	2022	1966	2035	2046	1985	2017	2007	1989
304998	62	126	14	78	142	30	94	158	46	110	174	2052	1996	2171	2064	2041	1966	2057	2028	1981	2019	1997	1980
304998	62	126	14	78	142	30	94	158	46	110	174	2047	2005	2146	2059	2022	1972	2051	2041	1987	2019	2008	2000
304998	62	126	14	78	142	30	94	158	46	110	174	2021	2031	2120	2012	1990	1972	2015	2084	1996	2017	2027	2029
304998	62	126	14	78	142	30	94	158	46	110	174	1997	2054	2109	1975	1973	1982	1980	2119	1994	2017	2046	2045
304998	62	126	14	78	142	30	94	158	46	110	174	1994	2050	2126	1983	1974	1973	1993	2106	1993	2017	2047	2033
304998	62	126	14	78	142	30	94	158	46	110	174	2017	2025	2149	2018	2008	1966	2025	2064	1982	2019	2020	2008
304998	62	126	14	78	142	30	94	158	46	110	174	2051	2005	2158	2057	2040	1966	2066	2035	1984	2020	1995	1992
