304998	62	126	14	78	142	30	94	158	46	110	174	2052	1991	2155	2068	2042	1964	2049	2031	1981	2017	1998	1990
304998	62	126	14	78	142	30	94	158	46	110	174	2035	2014	2143	2031	2015	1970	2034	2066	1986	2016	2016	2003
304998	62	126	14	78	142	30	94	158	46	110	174	1996	2039	2133	1996	1977	1979	2000	2100	1993	2020	2044	2040
304998	62	126	14	78	142	30	94	158	46	110	174	1993	2061	2107	1975	1975	1978	1991	2111	2002	2019	2051	2059
304998	62	126	14	78	142	30	94	158	46	110	174	2008	2042	2124	1996	1989	1978	1996	2089	1994	2022	2029	2028
304998	62	126	14	78	142	30	94	158	46	110	174	2030	2008	2152	2040	2028	1967	2029	2049	1983	2022	2007	1983
304998	62	126	14	78	142	30	94	158	46	110	174	2052	1987	2173	2065	2039	1960	2054	2025	1978	2016	1994	1976
304998	62	126	14	78	142	30	94	158	46	110	174	2046	2003	2163	2053	2026	1970	2048	2042	1981	2021	2009	2001
304998	62	126	14	78	142	30	94	158	46	110	174	2020	2037	2124	2012	2001	1971	2031	2085	2002	2020	2027	2026
304998	62	126	14	78	142	30	94	158	46	110	174	1998	2058	2100	1977	1971	1980	1988	2114	1997	2020	2044	2039
304998	62	126	14	78	142	30	94	158	46	110	174	2000	2045	2105	1979	1977	1977	1988	2106	1995	2022	2046	2035
304998	62	126	14	78	142	30	94	158	46	110	174	2011	2017	2145	2011	2003	1973	2011	2068	1982	2016	2029	2016
304998	62	126	14	78	142	30	94	158	46	110	174	2041	1996	2172	2058	2025	1965	2047	2038	1987	2019	1998	1990
304998	62	126	14	78	142	30	94	158	46	110	174	2049	1998	2174	2063	2042	1957	2054	2032	1981	2019	1996	1979
304998	62	126	14	78	142	30	94	158	46	110	174	2042	2020	2137	2039	2017	1973	2034	2061	1987	2018	2009	2001
304998	62	126	14	78	142	30	94	158	46	110	174	2013	2042	2108	1994	1990	1980	2003	2098	1991	2021	2044	2041
304998	62	126	14	78	142	30	94	158	46	110	174	1994	2052	2104	1969	1970	1985	1985	2109	2007	2017	2051	2053
304998	62	126	14	78	142	30	94	158	46	110	174	2004	2043	2130	1991	1982	1974	1998	2095	2001	2018	2034	2030
304998	62	126	14	78	142	30	94	158	46	110	174	2034	2017	2158	2029	2022	1961	2043	2063	1980	2020	2008	1995
304998	62	126	14	78	142	30	94	158	46	110	174	2049	1996	2173	2058	2042	1962	2051	2026	1973	2021	1998	1974
304998	62	126	14	78	142	30	94	158	46	110	174	2051	2003	2149	2052	2040	1966	2053	2044	1980	2022	2009	2000
304998	62	126	14	78	142	30	94	158	46	110	174	2023	2024	2128	2016	2004	1971	2016	2071	2000	2017	2022	2027
304998	62	126	14	78	142	30	94	158	46	110	174	2000	2046	2114	1981	1971	1985	1986	2113	2003	2020	2038	2039
304998	62	126	14	78	142	30	94	158	46	110	174	1996	2052	2117	1973	1975	1981	1987	2112	2001	2021	2044	2039
304998	62	126	14	78	142	30	94	158	46	110	174	2015	2037	2137	2008	1997	1973	2009	2077	1987	2018	2029	2015
304998	62	126	14	78	142	30	94	158	46	110	174	2049	2005	2153	2044	2034	1965	2064	2042	1986	2018	2004	1993
304998	62	126	14	78	142	30	94	158	46	110	174	2049	1987	2179	2064	2042	1957	2051	2028	1977	2020	1994	1975
304998	62	126	14	78	142	30	94	158	46	110	174	2039	2011	2151	2045	2018	1965	2045	2060	1986	2022	2010	1992
304998	62	126	14	78	142	30	94	158	46	110	174	2012	2039	2128	2005	1993	1975	2005	2091	1997	2018	2040	2037
304998	62	126	14	78	142	30	94	158	46	110	174	1994	2064	2097	1972	1970	1985	1987	2111	2009	2018	2051	2062
304998	62	126	14	78	142	30	94	158	46	110	174	2004	2045	2112	1982	1982	1981	1984	2098	2001	2016	2037	2034
304998	62	126	14	78	142	30	94	158	46	110	174	2029	2011	2151	2022	2016	1968	2017	2060	1983	2022	2015	1985
304998	62	126	14	78	142	30	94	158	46	110	174	2049	1998	2176	2061	2040	1955	2049	2028	1973	2018	2005	1976
304998	62	126	14	78	142	30	94	158	46	110	174	2049	2004	2162	2056	2035	1961	2054	2033	1976	2017	2005	1993
304998	62	126	14	78	142	30	94	158	46	110	174	2029	2034	2124	2022	2002	1974	2023	2066	1998	2020	2019	2024
304998	62	126	14	78	142	30	94	158	46	110	174	2005	2051	2098	1985	1974	1988	1997	2116	2006	2016	2040	2040
304998	62	126	14	78	142	30	94	158	46	110	174	2000	2048	2108	1971	1968	1984	1996	2113	2003	2020	2044	2036
304998	62	126	14	78	142	30	94	158	46	110	174	2012	2033	2142	2001	1990	1971	2003	2084	1986	2021	2032	2018
304998	62	126	14	78	142	30	94	158	46	110	174	2036	2008	2167	2041	2028	1959	2035	2040	1981	2020	2010	1996
304998	62	126	14	78	142	30	94	158	46	110	174	2049	2003	2164	2064	2044	1957	2058	2034	1979	2020	1995	1980
304998	62	126	14	78	142	30	94	158	46	110	174	2045	2008	2147	2050	2015	1968	2059	2052	1980	2018	2011	1990
304998	62	126	14	78	142	30	94	158	46	110	174	2007	2031	2117	2004	1988	1986	2008	2087	1996	2016	2036	2033
304998	62	126	14	78	142	30	94	158	46	110	174	1996	2053	2104	1978	1958	1991	1991	2114	2007	2021	2048	2056
304998	62	126	14	78	142	30	94	158	46	110	174	1996	2047	2124	1986	1978	1980	1990	2098	2007	2020	2036	2040
304998	62	126	14	78	142	30	94	158	46	110	174	2025	2024	2140	2018	2012	1965	2030	2072	1982	2021	2016	1995
304998	62	126	14	78	142	30	94	158	46	110	174	2048	2000	2167	2058	2025	1960	2050	2037	1973	2020	2006	1973
304998	62	126	14	78	142	30	94	158	46	110	174	2045	1999	2165	2062	2033	1956	2051	2031	1971	2017	2003	1990
304998	62	126	14	78	142	30	94	158	46	110	174	2033	2022	2144	2033	2002	1975	2027	2057	1998	2020	2018	2016
304998	62	126	14	78	142	30	94	158	46	110	174	2006	2050	2110	1992	1979	1980	1995	2110	2006	2020	2037	2045
304998	62	126	14	78	142	30	94	158	46	110	174	2001	2058	2098	1971	1973	1988	1987	2116	2008	2022	2050	2042
304998	62	126	14	78	142	30	94	158	46	110	174	2009	2032	2128	2001	1983	1979	2004	2090	1993	2021	2038	2023
304998	62	126	14	78	142	30	94	158	46	110	174	2034	2008	2160	2037	2020	1964	2034	2044	1972	2017	2011	1996
304998	62	126	14	78	142	30	94	158	46	110	174	2044	1994	2182	2069	2029	1959	2050	2028	1975	2019	1995	1977
304998	62	126	14	78	142	30	94	158	46	110	174	2041	2012	2154	2051	2030	1960	2061	2049	1981	2022	2005	1989
304998	62	126	14	78	142	30	94	158	46	110	174	2017	2039	2115	2008	1995	1984	2017	2085	1995	2017	2036	2029
304998	62	126	14	78	142	30	94	158	46	110	174	1999	2049	2094	1985	1970	1984	1985	2114	2006	2016	2050	2063
304998	62	126	14	78	142	30	94	158	46	110	174	1996	2043	2112	1975	1973	1987	1989	2102	2008	2017	2040	2041
304998	62	126	14	78	142	30	94	158	46	110	174	2017	2027	2151	2020	1989	1977	2023	2070	1986	2023	2018	1999
304998	62	126	14	78	142	30	94	158	46	110	174	2041	2008	2174	2053	2036	1954	2048	2036	1970	2018	2006	1974
304998	62	126	14	78	142	30	94	158	46	110	174	2048	2004	2163	2064	2036	1963	2052	2028	1967	2020	2005	1985
304998	62	126	14	78	142	30	94	158	46	110	174	2038	2010	2137	2037	2015	1975	2052	2055	1990	2022	2016	2014
304998	62	126	14	78	142	30	94	158	46	110	174	2008	2042	2113	1992	1981	1983	2008	2100	2010	2021	2031	2035
304998	62	126	14	78	142	30	94	158	46	110	174	2001	2052	2108	1974	1958	1990	1990	2121	2006	2019	2045	2043
304998	62	126	14	78	142	30	94	158	46	110	174	2008	2045	2129	1991	1981	1976	2006	2099	1991	2021	2039	2030
304998	62	126	14	78	142	30	94	158	46	110	174	2034	2014	2153	2028	2018	1967	2040	2049	1977	2019	2018	2000
304998	62	126	14	78	142	30	94	158	46	110	174	2048	1992	2168	2062	2037	1957	2057	2026	1975	2022	1997	1972
304998	62	126	14	78	142	30	94	158	46	110	174	2044	2003	2156	2055	2031	1967	2052	2047	1972	2021	2002	1985
304998	62	126	14	78	142	30	94	158	46	110	174	2021	2028	2129	2021	1993	1981	2016	2077	1994	2022	2029	2025
304998	62	126	14	78	142	30	94	158	46	110	174	2000	2051	2103	1983	1970	1988	1992	2106	2007	2020	2048	2051
304998	62	126	14	78	142	30	94	158	46	110	174	1999	2048	2105	1978	1968	1997	1995	2105	2009	2018	2043	2047
304998	62	126	14	78	142	30	94	158	46	110	174	2019	2025	2138	2015	1993	1977	2011	2077	1991	2020	2021	2007
304998	62	126	14	78	142	30	94	158	46	110	174	2039	1995	2174	2049	2031	1955	2043	2041	1971	2020	2008	1977
304998	62	126	14	78	142	30	94	158	46	110	174	2049	1994	2178	2069	2028	1956	2057	2027	1967	2018	2003	1980
304998	62	126	14	78	142	30	94	158	46	110	174	2034	2018	2150	2041	2019	1972	2048	2051	1988	2018	2014	2008
304998	62	126	14	78	142	30	94	158	46	110	174	2013	2045	2107	2000	1979	1994	2012	2098	2008	2019	2029	2037
304998	62	126	14	78	142	30	94	158	46	110	174	2001	2051	2096	1972	1967	1993	1989	2119	2008	2023	2047	2048
304998	62	126	14	78	142	30	94	158	46	110	174	2001	2034	2128	1987	1984	1978	1998	2099	1996	2018	2040	2035
304998	62	126	14	78	142	30	94	158	46	110	174	2033	2018	2162	2025	2021	1965	2035	2057	1983	2022	2017	2001
304998	62	126	14	78	142	30	94	158	46	110	174	2045	2002	2178	2060	2041	1947	2059	2025	1975	2018	1996	1978
304998	62	126	14	78	142	30	94	158	46	110	174	2048	2008	2152	2058	2031	1962	2060	2044	1974	2017	2003	1979
304998	62	126	14	78	142	30	94	158	46	110	174	2023	2021	2134	2026	1995	1978	2021	2072	1993	2021	2031	2017
304998	62	126	14	78	142	30	94	158	46	110	174	2002	2041	2103	1984	1978	1986	1993	2102	2007	2017	2042	2049
304998	62	126	14	78	142	30	94	158	46	110	174	2003	2046	2121	1980	1972	1989	2005	2105	2014	2021	2038	2050
304998	62	126	14	78	142	30	94	158	46	110	174	2009	2031	2149	2005	1997	1974	2004	2077	1995	2018	2026	2013
304998	62	126	14	78	142	30	94	158	46	110	174	2039	2008	2156	2050	2023	1963	2045	2043	1970	2019	2008	1975
304998	62	126	14	78	142	30	94	158	46	110	174	2043	1987	2176	2071	2033	1953	2048	2028	1963	2021	2004	1974
304998	62	126	14	78	142	30	94	158	46	110	174	2042	2009	2150	2048	2018	1964	2051	2048	1983	2022	2013	2006
304998	62	126	14	78	142	30	94	158	46	110	174	2013	2037	2128	2010	1987	1986	2017	2094	2009	2020	2031	2035
304998	62	126	14	78	142	30	94	158	46	110	174	2002	2057	2098	1971	1974	1987	1996	2113	2009	2018	2041	2044
304998	62	126	14	78	142	30	94	158	46	110	174	2006	2046	2113	1985	1975	1984	1990	2099	2000	2018	2039	2034
304998	62	126	14	78	142	30	94	158	46	110	174	2022	2014	2148	2025	2005	1965	2016	2057	1987	2022	2019	2005
304998	62	126	14	78	142	30	94	158	46	110	174	2048	1996	2175	2060	2040	1955	2051	2028	1975	2022	1998	1976
304998	62	126	14	78	142	30	94	158	46	110	174	2046	2000	2170	2064	2036	1958	2052	2035	1973	2020	1998	1978
304998	62	126	14	78	142	30	94	158	46	110	174	2033	2025	2132	2025	2010	1973	2027	2072	1984	2019	2022	2013
304998	62	126	14	78	142	30	94	158	46	110	174	2014	2046	2098	1992	1973	1994	2002	2107	2004	2020	2042	2048
304998	62	126	14	78	142	30	94	158	46	110	174	2004	2049	2094	1974	1966	1989	1992	2107	2012	2021	2040	2053
304998	62	126	14	78	142	30	94	158	46	110	174	2016	2029	2131	2001	1995	1979	2009	2086	1997	2020	2023	2016
304998	62	126	14	78	142	30	94	158	46	110	174	2034	2010	2167	2044	2022	1963	2039	2045	1972	2019	2008	1976
304998	62	126	14	78	142	30	94	158	46	110	174	2051	2004	2173	2064	2043	1954	2057	2029	1961	2018	2008	1972
304998	62	126	14	78	142	30	94	158	46	110	174	2046	2010	2147	2054	2020	1963	2048	2040	1983	2020	2013	1999
304998	62	126	14	78	142	30	94	158	46	110	174	2018	2029	2113	2014	1996	1978	2009	2085	2004	2019	2029	2032
304998	62	126	14	78	142	30	94	158	46	110	174	2005	2045	2102	1977	1969	1995	1988	2109	2005	2017	2042	2048
304998	62	126	14	78	142	30	94	158	46	110	174	2002	2037	2123	1983	1978	1989	1992	2103	2002	2017	2042	2040
304998	62	126	14	78	142	30	94	158	46	110	174	2027	2026	2144	2015	2011	1970	2032	2068	1986	2016	2019	2012
304998	62	126	14	78	142	30	94	158	46	110	174	2044	2000	2175	2059	2032	1954	2049	2028	1973	2019	2003	1980
304998	62	126	14	78	142	30	94	158	46	110	174	2043	1996	2161	2070	2042	1951	2050	2034	1966	2021	1998	1978
304998	62	126	14	78	142	30	94	158	46	110	174	2035	2012	2138	2036	2014	1972	2028	2059	1988	2017	2019	2005
304998	62	126	14	78	142	30	94	158	46	110	174	2006	2041	2113	1993	1979	1995	2005	2096	2005	2019	2042	2047
304998	62	126	14	78	142	30	94	158	46	110	174	2000	2053	2099	1974	1971	1990	2001	2111	2016	2018	2043	2061
304998	62	126	14	78	142	30	94	158	46	110	174	2005	2036	2121	1999	1989	1972	1994	2087	1999	2020	2028	2021
304998	62	126	14	78	142	30	94	158	46	110	174	2034	2006	2159	2039	2022	1954	2034	2047	1973	2018	2006	1983
304998	62	126	14	78	142	30	94	158	46	110	174	2044	1987	2180	2064	2042	1950	2048	2022	1961	2020	2005	1975
304998	62	126	14	78	142	30	94	158	46	110	174	2046	2008	2162	2057	2019	1965	2066	2041	1979	2020	2009	1999
304998	62	126	14	78	142	30	94	158	46	110	174	2012	2029	2126	2013	1994	1976	2016	2080	2004	2019	2024	2032
304998	62	126	14	78	142	30	94	158	46	110	174	2005	2049	2095	1979	1971	1994	2001	2118	2008	2018	2037	2046
304998	62	126	14	78	142	30	94	158	46	110	174	2000	2038	2114	1979	1976	1990	1988	2105	2006	2022	2039	2044
304998	62	126	14	78	142	30	94	158	46	110	174	2020	2019	2140	2012	2009	1969	2026	2072	1982	2017	2030	2013
304998	62	126	14	78	142	30	94	158	46	110	174	2042	2001	2177	2053	2025	1958	2054	2037	1974	2019	2001	1977
304998	62	126	14	78	142	30	94	158	46	110	174	2044	2003	2170	2067	2036	1945	2054	2030	1967	2020	1999	1971
304998	62	126	14	78	142	30	94	158	46	110	174	2038	2014	2142	2043	2012	1967	2043	2058	1987	2018	2017	1998
304998	62	126	14	78	142	30	94	158	46	110	174	2013	2039	2105	1998	1985	1991	1999	2095	2006	2017	2038	2049
304998	62	126	14	78	142	30	94	158	46	110	174	2003	2045	2099	1974	1971	1993	1994	2114	2020	2017	2044	2058
304998	62	126	14	78	142	30	94	158	46	110	174	2005	2033	2129	1987	1981	1986	1993	2091	2002	2022	2030	2029
304998	62	126	14	78	142	30	94	158	46	110	174	2027	2017	2158	2034	2027	1958	2031	2052	1974	2017	2012	1985
304998	62	126	14	78	142	30	94	158	46	110	174	2051	2000	2169	2064	2042	1940	2058	2027	1955	2018	2008	1974
304998	62	126	14	78	142	30	94	158	46	110	174	2046	2006	2154	2059	2029	1954	2049	2037	1975	2020	2010	1990
304998	62	126	14	78	142	30	94	158	46	110	174	2027	2025	2124	2015	2005	1983	2028	2080	2002	2018	2021	2029
304998	62	126	14	78	142	30	94	158	46	110	174	2007	2045	2107	1980	1963	1997	1996	2110	2015	2018	2036	2044
304998	62	126	14	78	142	30	94	158	46	110	174	2001	2048	2105	1975	1980	1991	1991	2108	2008	2020	2042	2044
304998	62	126	14	78	142	30	94	158	46	110	174	2020	2029	2133	2010	1990	1976	2008	2071	1989	2019	2028	2014
304998	62	126	14	78	142	30	94	158	46	110	174	2037	2002	2176	2049	2033	1952	2036	2038	1968	2017	2005	1980
304998	62	126	14	78	142	30	94	158	46	110	174	2048	1997	2177	2063	2042	1947	2064	2035	1964	2022	1996	1974
304998	62	126	14	78	142	30	94	158	46	110	174	2036	2015	2163	2042	2017	1965	2052	2056	1980	2019	2016	2001
304998	62	126	14	78	142	30	94	158	46	110	174	2016	2043	2112	1999	1989	1982	2010	2091	2006	2021	2043	2038
304998	62	126	14	78	142	30	94	158	46	110	174	2001	2048	2096	1982	1960	2004	1983	2109	2021	2018	2042	2061
304998	62	126	14	78	142	30	94	158	46	110	174	2003	2035	2117	1985	1982	1986	1993	2097	2005	2019	2033	2041
304998	62	126	14	78	142	30	94	158	46	110	174	2031	2017	2159	2027	2014	1968	2047	2064	1977	2016	2011	1989
304998	62	126	14	78	142	30	94	158	46	110	174	2036	1999	2186	2065	2031	1942	2049	2025	1954	2021	2011	1969
304998	62	126	14	78	142	30	94	158	46	110	174	2045	2008	2164	2059	2036	1949	2057	2031	1972	2016	2009	1986
304998	62	126	14	78	142	30	94	158	46	110	174	2025	2026	2124	2029	2003	1977	2021	2070	1998	2021	2020	2019
304998	62	126	14	78	142	30	94	158	46	110	174	2008	2042	2095	1986	1973	1999	1993	2105	2015	2022	2035	2047
304998	62	126	14	78	142	30	94	158	46	110	174	2004	2038	2108	1971	1974	1996	2003	2109	2009	2019	2044	2050
304998	62	126	14	78	142	30	94	158	46	110	174	2016	2027	2140	2004	1995	1978	2008	2079	1993	2020	2029	2019
304998	62	126	14	78	142	30	94	158	46	110	174	2034	2014	2172	2046	2030	1949	2038	2043	1968	2019	2008	1986
304998	62	126	14	78	142	30	94	158	46	110	174	2047	2001	2172	2069	2033	1946	2055	2027	1959	2019	1995	1971
304998	62	126	14	78	142	30	94	158	46	110	174	2041	2008	2147	2047	2020	1967	2046	2050	1973	2019	2015	1992
304998	62	126	14	78	142	30	94	158	46	110	174	2019	2034	2117	2002	1988	1989	2018	2085	2004	2023	2035	2041
304998	62	126	14	78	142	30	94	158	46	110	174	2002	2047	2103	1976	1969	2000	1991	2114	2026	2017	2041	2056
304998	62	126	14	78	142	30	94	158	46	110	174	2004	2046	2116	1985	1980	1989	1988	2102	2009	2021	2032	2036
304998	62	126	14	78	142	30	94	158	46	110	174	2029	2026	2146	2021	2008	1966	2024	2065	1979	2017	2014	1995
304998	62	126	14	78	142	30	94	158	46	110	174	2044	1996	2176	2059	2039	1948	2049	2028	1956	2018	2008	1974
304998	62	126	14	78	142	30	94	158	46	110	174	2047	1996	2170	2062	2034	1948	2051	2026	1970	2019	2010	1985
304998	62	126	14	78	142	30	94	158	46	110	174	2031	2017	2144	2031	2002	1972	2024	2066	1997	2016	2016	2016
304998	62	126	14	78	142	30	94	158	46	110	174	2004	2042	2099	1990	1979	1997	1998	2102	2013	2017	2031	2045
304998	62	126	14	78	142	30	94	158	46	110	174	2007	2045	2092	1971	1974	1997	1985	2113	2020	2019	2046	2049
304998	62	126	14	78	142	30	94	158	46	110	174	2018	2030	2123	1995	1990	1979	2010	2086	1998	2021	2031	2027
304998	62	126	14	78	142	30	94	158	46	110	174	2037	2006	2166	2043	2023	1948	2031	2049	1974	2017	2011	1987
304998	62	126	14	78	142	30	94	158	46	110	174	2049	2001	2186	2068	2037	1937	2058	2031	1951	2017	1997	1970
304998	62	126	14	78	142	30	94	158	46	110	174	2037	2011	2163	2056	2025	1955	2039	2044	1972	2022	2011	1983
304998	62	126	14	78	142	30	94	158	46	110	174	2020	2035	2110	2012	1996	1991	2015	2080	2002	2020	2032	2039
