304998	62	126	14	78	142	30	94	158	46	110	174	2008	2042	2092	1969	1972	2016	1987	2107	2034	2020	2033	2066
304998	62	126	14	78	142	30	94	158	46	110	174	2015	2032	2130	1994	1989	1986	2000	2093	2006	2022	2024	2029
304998	62	126	14	78	142	30	94	158	46	110	174	2030	2021	2156	2037	2018	1938	2036	2052	1957	2017	2018	1977
304998	62	126	14	78	142	30	94	158	46	110	174	2044	2004	2182	2071	2035	1931	2056	2027	1933	2022	2013	1968
304998	62	126	14	78	142	30	94	158	46	110	174	2034	2005	2173	2053	2027	1949	2046	2036	1961	2017	2014	1993
304998	62	126	14	78	142	30	94	158	46	110	174	2024	2029	2126	2015	1999	1989	2021	2078	2010	2018	2023	2029
304998	62	126	14	78	142	30	94	158	46	110	174	2004	2045	2091	1977	1971	2019	1987	2114	2035	2018	2037	2054
304998	62	126	14	78	142	30	94	158	46	110	174	2008	2043	2092	1972	1978	2010	1989	2104	2026	2018	2040	2054
304998	62	126	14	78	142	30	94	158	46	110	174	2025	2023	2140	2013	1998	1977	2018	2070	1977	2016	2023	2011
304998	62	126	14	78	142	30	94	158	46	110	174	2036	2003	2184	2057	2030	1930	2042	2031	1949	2021	2008	1965
304998	62	126	14	78	142	30	94	158	46	110	174	2041	2005	2189	2066	2040	1930	2052	2029	1949	2022	2005	1961
304998	62	126	14	78	142	30	94	158	46	110	174	2032	2019	2149	2040	2016	1963	2042	2058	1979	2019	2020	1998
304998	62	126	14	78	142	30	94	158	46	110	174	2016	2039	2094	1997	1988	2006	2005	2100	2020	2021	2037	2050
304998	62	126	14	78	142	30	94	158	46	110	174	2015	2042	2076	1972	1965	2020	2000	2115	2035	2016	2032	2071
304998	62	126	14	78	142	30	94	158	46	110	174	2012	2027	2113	1987	1980	1989	1999	2092	2012	2020	2028	2037
304998	62	126	14	78	142	30	94	158	46	110	174	2026	2016	2167	2033	2020	1946	2029	2059	1962	2017	2018	1978
304998	62	126	14	78	142	30	94	158	46	110	174	2032	2003	2203	2068	2038	1917	2059	2028	1933	2021	2015	1962
304998	62	126	14	78	142	30	94	158	46	110	174	2039	2013	2170	2061	2033	1940	2049	2039	1953	2022	2012	1987
304998	62	126	14	78	142	30	94	158	46	110	174	2031	2031	2115	2020	1999	1988	2021	2074	2006	2019	2022	2029
304998	62	126	14	78	142	30	94	158	46	110	174	2006	2035	2089	1982	1969	2021	1985	2109	2047	2017	2029	2057
304998	62	126	14	78	142	30	94	158	46	110	174	2010	2040	2101	1971	1974	2013	1990	2112	2032	2018	2039	2055
304998	62	126	14	78	142	30	94	158	46	110	174	2015	2027	2148	2011	1989	1978	2008	2075	1989	2021	2026	2015
304998	62	126	14	78	142	30	94	158	46	110	174	2035	2016	2175	2051	2032	1926	2049	2039	1948	2020	2013	1980
304998	62	126	14	78	142	30	94	158	46	110	174	2042	2009	2177	2071	2042	1927	2060	2028	1940	2021	2008	1967
304998	62	126	14	78	142	30	94	158	46	110	174	2032	2015	2148	2048	2022	1958	2035	2056	1977	2020	2018	1992
304998	62	126	14	78	142	30	94	158	46	110	174	2019	2030	2102	2001	1986	2002	2021	2101	2022	2018	2031	2046
304998	62	126	14	78	142	30	94	158	46	110	174	2005	2039	2093	1975	1956	2029	1984	2113	2036	2016	2042	2074
304998	62	126	14	78	142	30	94	158	46	110	174	2009	2039	2109	1983	1986	2001	1994	2094	2017	2019	2029	2046
304998	62	126	14	78	142	30	94	158	46	110	174	2032	2024	2149	2026	2006	1958	2036	2063	1972	2021	2015	1987
304998	62	126	14	78	142	30	94	158	46	110	174	2038	2002	2189	2064	2044	1913	2052	2033	1937	2020	2010	1960
304998	62	126	14	78	142	30	94	158	46	110	174	2039	2006	2176	2063	2039	1930	2052	2042	1941	2016	2014	1978
304998	62	126	14	78	142	30	94	158	46	110	174	2027	2025	2137	2025	1999	1982	2028	2068	1994	2019	2019	2021
304998	62	126	14	78	142	30	94	158	46	110	174	2013	2042	2087	1981	1975	2019	1998	2106	2041	2018	2029	2056
304998	62	126	14	78	142	30	94	158	46	110	174	2012	2043	2084	1970	1967	2023	1986	2114	2040	2018	2035	2056
304998	62	126	14	78	142	30	94	158	46	110	174	2019	2025	2125	2003	1996	1978	2010	2082	2000	2022	2028	2016
304998	62	126	14	78	142	30	94	158	46	110	174	2033	2008	2175	2043	2034	1928	2053	2044	1940	2019	2011	1986
304998	62	126	14	78	142	30	94	158	46	110	174	2036	2003	2199	2072	2042	1919	2052	2019	1936	2016	2008	1967
304998	62	126	14	78	142	30	94	158	46	110	174	2035	2021	2154	2053	2022	1950	2041	2052	1969	2017	2015	1984
304998	62	126	14	78	142	30	94	158	46	110	174	2018	2037	2103	2001	1983	2001	2024	2087	2018	2021	2029	2039
304998	62	126	14	78	142	30	94	158	46	110	174	2010	2038	2084	1971	1965	2028	1985	2117	2041	2018	2042	2072
304998	62	126	14	78	142	30	94	158	46	110	174	2015	2033	2104	1976	1984	2001	1999	2098	2025	2021	2029	2051
304998	62	126	14	78	142	30	94	158	46	110	174	2022	2018	2159	2021	2006	1961	2015	2062	1980	2020	2018	1991
304998	62	126	14	78	142	30	94	158	46	110	174	2032	2013	2187	2057	2044	1916	2046	2036	1931	2017	2012	1956
304998	62	126	14	78	142	30	94	158	46	110	174	2035	2012	2176	2069	2026	1932	2048	2031	1940	2019	2016	1969
304998	62	126	14	78	142	30	94	158	46	110	174	2036	2023	2127	2030	2001	1974	2035	2066	1989	2017	2021	2017
304998	62	126	14	78	142	30	94	158	46	110	174	2013	2033	2094	1985	1982	2019	1999	2100	2035	2022	2028	2064
304998	62	126	14	78	142	30	94	158	46	110	174	2006	2042	2092	1972	1964	2028	1980	2115	2046	2016	2032	2058
304998	62	126	14	78	142	30	94	158	46	110	174	2017	2031	2126	1995	1989	1990	2015	2092	2007	2019	2030	2021
304998	62	126	14	78	142	30	94	158	46	110	174	2033	2020	2171	2041	2021	1933	2028	2044	1946	2022	2016	1982
304998	62	126	14	78	142	30	94	158	46	110	174	2043	2005	2182	2071	2038	1915	2056	2028	1929	2019	2010	1963
304998	62	126	14	78	142	30	94	158	46	110	174	2034	2010	2159	2054	2029	1943	2044	2044	1970	2021	2011	1986
304998	62	126	14	78	142	30	94	158	46	110	174	2020	2026	2115	2009	1992	1999	2015	2087	2012	2019	2029	2028
304998	62	126	14	78	142	30	94	158	46	110	174	2009	2044	2088	1969	1966	2031	1993	2113	2041	2016	2043	2068
304998	62	126	14	78	142	30	94	158	46	110	174	2009	2041	2095	1969	1973	2014	1996	2108	2024	2017	2032	2056
304998	62	126	14	78	142	30	94	158	46	110	174	2025	2027	2142	2014	2006	1960	2022	2069	1985	2019	2018	2004
304998	62	126	14	78	142	30	94	158	46	110	174	2034	2007	2190	2060	2031	1918	2045	2039	1934	2016	2008	1953
304998	62	126	14	78	142	30	94	158	46	110	174	2041	2008	2191	2066	2039	1925	2059	2034	1941	2021	2015	1961
304998	62	126	14	78	142	30	94	158	46	110	174	2026	2020	2146	2037	2002	1971	2042	2060	1982	2021	2022	2015
304998	62	126	14	78	142	30	94	158	46	110	174	2013	2042	2096	1991	1981	2017	2002	2093	2034	2019	2030	2061
304998	62	126	14	78	142	30	94	158	46	110	174	2012	2047	2075	1972	1966	2031	1985	2114	2055	2020	2028	2064
304998	62	126	14	78	142	30	94	158	46	110	174	2018	2032	2114	1990	1993	1995	2007	2093	2013	2017	2026	2028
304998	62	126	14	78	142	30	94	158	46	110	174	2031	2013	2171	2030	2018	1942	2032	2056	1954	2020	2023	1983
304998	62	126	14	78	142	30	94	158	46	110	174	2038	2012	2193	2069	2033	1912	2054	2030	1929	2019	2010	1965
304998	62	126	14	78	142	30	94	158	46	110	174	2033	2018	2179	2059	2029	1937	2045	2036	1957	2023	2014	1984
304998	62	126	14	78	142	30	94	158	46	110	174	2026	2033	2112	2018	1995	1991	2020	2082	2011	2016	2020	2025
304998	62	126	14	78	142	30	94	158	46	110	174	2016	2032	2083	1981	1970	2031	1994	2114	2046	2017	2035	2064
304998	62	126	14	78	142	30	94	158	46	110	174	2012	2035	2092	1967	1977	2022	1994	2112	2032	2020	2039	2063
304998	62	126	14	78	142	30	94	158	46	110	174	2020	2027	2146	2006	1994	1969	2018	2068	1982	2021	2021	2015
304998	62	126	14	78	142	30	94	158	46	110	174	2027	2015	2190	2053	2032	1915	2038	2036	1939	2017	2013	1965
304998	62	126	14	78	142	30	94	158	46	110	174	2039	2016	2183	2070	2042	1910	2060	2038	1929	2016	2015	1952
304998	62	126	14	78	142	30	94	158	46	110	174	2031	2015	2148	2042	2015	1960	2033	2057	1974	2022	2024	1999
304998	62	126	14	78	142	30	94	158	46	110	174	2021	2030	2100	1990	1986	2017	2012	2089	2028	2017	2029	2060
304998	62	126	14	78	142	30	94	158	46	110	174	2005	2037	2093	1968	1963	2040	1977	2112	2055	2019	2033	2071
304998	62	126	14	78	142	30	94	158	46	110	174	2010	2039	2112	1984	1983	1997	1988	2095	2020	2019	2027	2031
304998	62	126	14	78	142	30	94	158	46	110	174	2028	2028	2161	2025	2015	1940	2051	2057	1957	2021	2023	1982
304998	62	126	14	78	142	30	94	158	46	110	174	2035	2008	2187	2066	2033	1912	2049	2030	1920	2018	2014	1962
304998	62	126	14	78	142	30	94	158	46	110	174	2039	2008	2170	2056	2034	1927	2051	2039	1950	2018	2015	1979
304998	62	126	14	78	142	30	94	158	46	110	174	2019	2020	2138	2019	1994	1984	2013	2073	2012	2022	2018	2024
304998	62	126	14	78	142	30	94	158	46	110	174	2009	2042	2091	1983	1969	2028	1991	2106	2050	2016	2032	2056
304998	62	126	14	78	142	30	94	158	46	110	174	2011	2045	2089	1967	1968	2029	1987	2107	2043	2017	2036	2061
304998	62	126	14	78	142	30	94	158	46	110	174	2022	2029	2127	2002	1997	1986	2015	2079	1992	2020	2030	2024
304998	62	126	14	78	142	30	94	158	46	110	174	2028	2013	2184	2043	2029	1925	2039	2041	1940	2019	2013	1967
304998	62	126	14	78	142	30	94	158	46	110	174	2032	2005	2194	2064	2040	1910	2043	2031	1930	2022	2011	1951
304998	62	126	14	78	142	30	94	158	46	110	174	2032	2019	2164	2045	2019	1946	2051	2056	1969	2019	2021	1989
304998	62	126	14	78	142	30	94	158	46	110	174	2013	2034	2109	2000	1988	2013	2008	2089	2027	2021	2032	2048
304998	62	126	14	78	142	30	94	158	46	110	174	2013	2040	2070	1963	1968	2042	1987	2115	2059	2021	2033	2075
304998	62	126	14	78	142	30	94	158	46	110	174	2015	2035	2097	1974	1980	2011	2001	2103	2033	2020	2028	2050
304998	62	126	14	78	142	30	94	158	46	110	174	2023	2021	2157	2020	2008	1947	2028	2063	1966	2020	2021	1989
304998	62	126	14	78	142	30	94	158	46	110	174	2035	2011	2201	2061	2034	1903	2045	2041	1921	2018	2024	1953
304998	62	126	14	78	142	30	94	158	46	110	174	2024	2020	2183	2059	2032	1922	2047	2031	1935	2019	2015	1978
304998	62	126	14	78	142	30	94	158	46	110	174	2022	2026	2128	2023	2009	1982	2021	2068	2004	2017	2020	2025
304998	62	126	14	78	142	30	94	158	46	110	174	2013	2037	2084	1978	1979	2037	1995	2107	2054	2018	2031	2057
304998	62	126	14	78	142	30	94	158	46	110	174	2006	2037	2087	1970	1969	2030	1983	2111	2052	2020	2037	2070
304998	62	126	14	78	142	30	94	158	46	110	174	2014	2030	2130	1995	1990	1981	2014	2084	2000	2017	2031	2026
304998	62	126	14	78	142	30	94	158	46	110	174	2020	2019	2186	2040	2028	1921	2029	2043	1949	2022	2025	1979
304998	62	126	14	78	142	30	94	158	46	110	174	2035	2017	2186	2066	2041	1908	2042	2032	1927	2021	2013	1953
304998	62	126	14	78	142	30	94	158	46	110	174	2033	2019	2162	2051	2016	1943	2051	2053	1959	2020	2019	1984
304998	62	126	14	78	142	30	94	158	46	110	174	2015	2031	2106	2005	1994	2008	2007	2091	2022	2022	2034	2044
304998	62	126	14	78	142	30	94	158	46	110	174	2014	2042	2079	1975	1966	2042	1998	2112	2060	2020	2035	2079
304998	62	126	14	78	142	30	94	158	46	110	174	2013	2044	2095	1972	1975	2022	2005	2105	2043	2020	2031	2055
304998	62	126	14	78	142	30	94	158	46	110	174	2020	2033	2145	2014	2009	1955	2018	2074	1971	2021	2022	1996
304998	62	126	14	78	142	30	94	158	46	110	174	2036	2012	2197	2054	2032	1903	2050	2036	1924	2016	2023	1955
304998	62	126	14	78	142	30	94	158	46	110	174	2028	2012	2188	2062	2032	1912	2046	2036	1931	2018	2020	1968
304998	62	126	14	78	142	30	94	158	46	110	174	2023	2023	2140	2032	2002	1972	2022	2062	1988	2019	2021	2015
304998	62	126	14	78	142	30	94	158	46	110	174	2003	2035	2101	1990	1979	2032	1991	2101	2053	2018	2027	2061
304998	62	126	14	78	142	30	94	158	46	110	174	2013	2047	2072	1968	1969	2047	1985	2114	2059	2018	2037	2061
304998	62	126	14	78	142	30	94	158	46	110	174	2020	2029	2122	1989	1986	2001	1997	2087	2007	2019	2032	2032
304998	62	126	14	78	142	30	94	158	46	110	174	2025	2019	2174	2032	2020	1927	2031	2049	1945	2022	2023	1986
304998	62	126	14	78	142	30	94	158	46	110	174	2034	2010	2200	2068	2025	1902	2045	2034	1924	2016	2017	1956
304998	62	126	14	78	142	30	94	158	46	110	174	2026	2021	2167	2050	2025	1927	2036	2052	1954	2020	2016	1977
304998	62	126	14	78	142	30	94	158	46	110	174	2021	2037	2108	2008	1994	2009	2022	2088	2022	2019	2032	2041
304998	62	126	14	78	142	30	94	158	46	110	174	2013	2039	2068	1973	1967	2050	1998	2112	2063	2017	2036	2078
304998	62	126	14	78	142	30	94	158	46	110	174	2009	2028	2098	1974	1975	2023	1985	2100	2048	2020	2028	2061
304998	62	126	14	78	142	30	94	158	46	110	174	2018	2024	2148	2013	1994	1967	2011	2076	1987	2022	2020	2005
304998	62	126	14	78	142	30	94	158	46	110	174	2027	2020	2196	2050	2027	1903	2043	2046	1917	2023	2021	1957
304998	62	126	14	78	142	30	94	158	46	110	174	2031	2019	2180	2065	2036	1905	2041	2036	1918	2020	2020	1962
304998	62	126	14	78	142	30	94	158	46	110	174	2026	2027	2131	2034	2011	1966	2038	2061	1979	2020	2025	2015
304998	62	126	14	78	142	30	94	158	46	110	174	2010	2031	2094	1990	1982	2029	1996	2097	2051	2020	2029	2061
304998	62	126	14	78	142	30	94	158	46	110	174	2014	2038	2079	1966	1970	2048	1994	2116	2070	2022	2032	2065
304998	62	126	14	78	142	30	94	158	46	110	174	2017	2033	2119	1989	1983	2002	2008	2094	2018	2017	2032	2035
304998	62	126	14	78	142	30	94	158	46	110	174	2021	2026	2163	2028	2015	1932	2023	2063	1945	2018	2020	1994
304998	62	126	14	78	142	30	94	158	46	110	174	2031	2017	2190	2063	2031	1899	2045	2035	1915	2022	2017	1952
304998	62	126	14	78	142	30	94	158	46	110	174	2014	2008	2182	2059	2017	1927	2037	2046	1946	2018	2018	1970
304998	62	126	14	78	142	30	94	158	46	110	174	2021	2028	2122	2013	2000	2000	2017	2083	2012	2021	2028	2029
304998	62	126	14	78	142	30	94	158	46	110	174	2012	2040	2087	1980	1972	2048	1998	2105	2063	2021	2037	2076
304998	62	126	14	78	142	30	94	158	46	110	174	2013	2041	2080	1972	1974	2040	1998	2104	2048	2016	2029	2066
304998	62	126	14	78	142	30	94	158	46	110	174	2024	2030	2129	2002	1992	1979	2006	2077	1996	2020	2024	2014
304998	62	126	14	78	142	30	94	158	46	110	174	2027	2018	2183	2046	2019	1910	2031	2051	1926	2022	2021	1960
304998	62	126	14	78	142	30	94	158	46	110	174	2027	2017	2194	2063	2029	1900	2047	2040	1915	2022	2029	1955
304998	62	126	14	78	142	30	94	158	46	110	174	2024	2025	2158	2040	2017	1951	2031	2061	1970	2022	2025	2004
304998	62	126	14	78	142	30	94	158	46	110	174	2018	2039	2089	1996	1984	2026	2009	2093	2043	2022	2029	2061
304998	62	126	14	78	142	30	94	158	46	110	174	2018	2046	2066	1969	1962	2062	1988	2115	2071	2019	2033	2070
304998	62	126	14	78	142	30	94	158	46	110	174	2012	2033	2103	1977	1983	2016	1994	2099	2029	2020	2035	2041
304998	62	126	14	78	142	30	94	158	46	110	174	2023	2026	2167	2022	2009	1939	2026	2060	1954	2019	2026	1993
304998	62	126	14	78	142	30	94	158	46	110	174	2028	2015	2214	2058	2034	1886	2039	2036	1908	2023	2020	1964
304998	62	126	14	78	142	30	94	158	46	110	174	2033	2026	2172	2057	2028	1918	2045	2042	1939	2016	2016	1970
304998	62	126	14	78	142	30	94	158	46	110	174	2027	2032	2115	2016	1999	1989	2020	2081	2005	2021	2032	2017
304998	62	126	14	78	142	30	94	158	46	110	174	2011	2031	2079	1981	1971	2053	1992	2105	2064	2020	2036	2076
304998	62	126	14	78	142	30	94	158	46	110	174	2015	2035	2085	1972	1972	2046	1995	2105	2064	2020	2031	2077
304998	62	126	14	78	142	30	94	158	46	110	174	2013	2032	2132	2000	1988	1984	2007	2079	1996	2016	2023	2017
304998	62	126	14	78	142	30	94	158	46	110	174	2018	2026	2186	2046	2012	1913	2024	2044	1936	2020	2025	1963
304998	62	126	14	78	142	30	94	158	46	110	174	2026	2015	2189	2059	2032	1897	2046	2038	1909	2017	2022	1958
304998	62	126	14	78	142	30	94	158	46	110	174	2025	2014	2159	2041	2012	1948	2028	2055	1959	2018	2025	1999
304998	62	126	14	78	142	30	94	158	46	110	174	2016	2025	2105	2001	1986	2020	2007	2087	2034	2021	2025	2054
304998	62	126	14	78	142	30	94	158	46	110	174	2013	2039	2078	1974	1968	2058	1994	2105	2076	2022	2031	2073
304998	62	126	14	78	142	30	94	158	46	110	174	2004	2038	2105	1977	1978	2025	1989	2098	2046	2016	2031	2043
304998	62	126	14	78	142	30	94	158	46	110	174	2023	2027	2146	2015	2011	1944	2024	2068	1966	2018	2031	1997
304998	62	126	14	78	142	30	94	158	46	110	174	2028	2017	2189	2056	2028	1892	2043	2039	1910	2018	2022	1965
304998	62	126	14	78	142	30	94	158	46	110	174	2027	2015	2182	2060	2024	1904	2051	2041	1923	2019	2021	1969
304998	62	126	14	78	142	30	94	158	46	110	174	2019	2026	2133	2025	2000	1978	2025	2069	2000	2019	2026	2008
304998	62	126	14	78	142	30	94	158	46	110	174	2003	2036	2084	1985	1980	2046	1994	2098	2067	2017	2036	2072
304998	62	126	14	78	142	30	94	158	46	110	174	2015	2039	2068	1973	1969	2065	2000	2106	2065	2021	2037	2074
304998	62	126	14	78	142	30	94	158	46	110	174	2014	2021	2129	1995	1990	1991	1999	2087	2009	2018	2027	2032
304998	62	126	14	78	142	30	94	158	46	110	174	2027	2019	2176	2034	2016	1913	2029	2048	1937	2023	2019	1967
304998	62	126	14	78	142	30	94	158	46	110	174	2026	2019	2202	2065	2021	1887	2038	2038	1910	2021	2026	1948
304998	62	126	14	78	142	30	94	158	46	110	174	2019	2024	2162	2047	2019	1929	2028	2051	1951	2019	2025	1989
304998	62	126	14	78	142	30	94	158	46	110	174	2020	2034	2104	2007	1987	2020	2013	2085	2027	2017	2028	2048
304998	62	126	14	78	142	30	94	158	46	110	174	2014	2038	2074	1971	1975	2061	1992	2104	2073	2019	2028	2079
304998	62	126	14	78	142	30	94	158	46	110	174	2017	2033	2094	1973	1974	2036	1992	2100	2053	2016	2025	2054
304998	62	126	14	78	142	30	94	158	46	110	174	2018	2025	2157	2016	1998	1953	2010	2075	1977	2017	2031	2004
