304998	62	126	14	78	142	30	94	158	46	110	174	2023	2023	2077	2005	1989	2068	2014	2081	2081	2017	2025	2069
304998	62	126	14	78	142	30	94	158	46	110	174	2018	2021	2083	1998	1989	2073	2008	2084	2079	2020	2027	2072
304998	62	126	14	78	142	30	94	158	46	110	174	2022	2020	2131	2009	1996	1990	2016	2078	2003	2017	2020	2030
304998	62	126	14	78	142	30	94	158	46	110	174	2018	2021	2193	2035	2003	1895	2026	2062	1918	2022	2022	1964
304998	62	126	14	78	142	30	94	158	46	110	174	2020	2033	2205	2043	2003	1877	2036	2056	1903	2020	2030	1947
304998	62	126	14	78	142	30	94	158	46	110	174	2021	2024	2161	2029	2000	1937	2034	2074	1954	2019	2028	1991
304998	62	126	14	78	142	30	94	158	46	110	174	2026	2024	2097	2011	1991	2029	2024	2083	2034	2022	2026	2050
304998	62	126	14	78	142	30	94	158	46	110	174	2013	2011	2091	2000	1987	2075	2007	2081	2079	2022	2016	2073
304998	62	126	14	78	142	30	94	158	46	110	174	2023	2025	2104	2005	1994	2039	2019	2079	2050	2021	2019	2045
304998	62	126	14	78	142	30	94	158	46	110	174	2023	2029	2156	2018	1999	1945	2025	2080	1972	2019	2029	1996
304998	62	126	14	78	142	30	94	158	46	110	174	2028	2031	2187	2031	2009	1871	2025	2068	1900	2016	2027	1964
304998	62	126	14	78	142	30	94	158	46	110	174	2019	2019	2193	2037	1999	1890	2039	2067	1911	2020	2025	1965
304998	62	126	14	78	142	30	94	158	46	110	174	2016	2018	2148	2018	2006	1969	2027	2066	1996	2020	2017	2007
304998	62	126	14	78	142	30	94	158	46	110	174	2027	2027	2090	2009	1995	2060	2024	2084	2070	2022	2022	2062
304998	62	126	14	78	142	30	94	158	46	110	174	2018	2033	2071	2000	1996	2070	2010	2085	2076	2017	2023	2080
304998	62	126	14	78	142	30	94	158	46	110	174	2028	2023	2117	2007	1998	2008	2019	2079	2012	2017	2020	2035
304998	62	126	14	78	142	30	94	158	46	110	174	2013	2010	2187	2030	1996	1908	2015	2065	1930	2020	2021	1968
304998	62	126	14	78	142	30	94	158	46	110	174	2020	2027	2202	2036	2013	1868	2030	2065	1897	2022	2029	1942
304998	62	126	14	78	142	30	94	158	46	110	174	2011	2029	2180	2031	2004	1926	2026	2072	1943	2020	2030	1981
304998	62	126	14	78	142	30	94	158	46	110	174	2022	2033	2099	2018	1999	2025	2024	2080	2027	2018	2022	2049
304998	62	126	14	78	142	30	94	158	46	110	174	2021	2019	2075	2003	1988	2079	2015	2077	2086	2017	2016	2079
304998	62	126	14	78	142	30	94	158	46	110	174	2018	2020	2098	2005	1991	2053	2017	2078	2063	2022	2024	2051
304998	62	126	14	78	142	30	94	158	46	110	174	2021	2022	2155	2015	2005	1957	2020	2077	1972	2017	2029	2005
304998	62	126	14	78	142	30	94	158	46	110	174	2010	2028	2196	2034	2008	1884	2019	2061	1899	2017	2029	1960
304998	62	126	14	78	142	30	94	158	46	110	174	2018	2026	2185	2032	2007	1880	2023	2064	1900	2019	2022	1965
304998	62	126	14	78	142	30	94	158	46	110	174	2021	2019	2144	2029	1990	1969	2020	2066	1987	2022	2023	1998
304998	62	126	14	78	142	30	94	158	46	110	174	2017	2021	2097	2008	2001	2050	2021	2083	2062	2017	2030	2064
304998	62	126	14	78	142	30	94	158	46	110	174	2024	2027	2083	1999	1999	2080	2024	2085	2078	2020	2020	2082
304998	62	126	14	78	142	30	94	158	46	110	174	2018	2028	2119	2008	1997	2012	2021	2077	2027	2016	2023	2039
304998	62	126	14	78	142	30	94	158	46	110	174	2027	2028	2166	2021	1995	1913	2030	2061	1941	2020	2020	1971
304998	62	126	14	78	142	30	94	158	46	110	174	2010	2018	2206	2038	1999	1873	2020	2065	1899	2017	2036	1946
304998	62	126	14	78	142	30	94	158	46	110	174	2017	2018	2180	2031	2009	1914	2017	2070	1928	2019	2029	1982
304998	62	126	14	78	142	30	94	158	46	110	174	2018	2024	2123	2020	1997	2008	2022	2074	2013	2022	2021	2039
304998	62	126	14	78	142	30	94	158	46	110	174	2024	2034	2070	2003	2002	2076	2017	2077	2078	2017	2018	2072
304998	62	126	14	78	142	30	94	158	46	110	174	2027	2021	2087	2010	1991	2061	2014	2081	2067	2018	2024	2058
304998	62	126	14	78	142	30	94	158	46	110	174	2016	2015	2143	2017	2002	1967	2019	2075	1987	2022	2027	2020
304998	62	126	14	78	142	30	94	158	46	110	174	2019	2024	2208	2027	2005	1887	2035	2073	1911	2016	2028	1963
304998	62	126	14	78	142	30	94	158	46	110	174	2009	2025	2203	2033	2005	1880	2013	2059	1902	2019	2026	1959
304998	62	126	14	78	142	30	94	158	46	110	174	2023	2027	2145	2030	1995	1957	2024	2070	1971	2017	2027	1989
304998	62	126	14	78	142	30	94	158	46	110	174	2018	2018	2098	2015	1997	2045	2013	2077	2050	2016	2026	2057
304998	62	126	14	78	142	30	94	158	46	110	174	2024	2024	2078	2004	1999	2079	2026	2080	2079	2017	2022	2083
304998	62	126	14	78	142	30	94	158	46	110	174	2020	2028	2119	2005	1996	2029	2022	2072	2034	2017	2019	2045
304998	62	126	14	78	142	30	94	158	46	110	174	2019	2034	2161	2019	1995	1924	2019	2071	1951	2022	2024	1981
304998	62	126	14	78	142	30	94	158	46	110	174	2016	2023	2197	2036	1996	1868	2015	2067	1895	2022	2032	1947
304998	62	126	14	78	142	30	94	158	46	110	174	2017	2021	2190	2032	2001	1904	2019	2071	1924	2016	2031	1974
304998	62	126	14	78	142	30	94	158	46	110	174	2017	2020	2129	2018	1999	2000	2019	2066	2008	2022	2022	2027
304998	62	126	14	78	142	30	94	158	46	110	174	2023	2023	2088	2006	1996	2078	2023	2078	2081	2019	2017	2069
304998	62	126	14	78	142	30	94	158	46	110	174	2018	2026	2078	2005	2001	2065	2025	2081	2074	2017	2021	2069
304998	62	126	14	78	142	30	94	158	46	110	174	2025	2023	2131	2015	2001	1982	2032	2077	1993	2016	2029	2022
304998	62	126	14	78	142	30	94	158	46	110	174	2014	2015	2193	2027	2003	1891	2015	2067	1912	2017	2027	1973
304998	62	126	14	78	142	30	94	158	46	110	174	2019	2028	2205	2028	2006	1879	2020	2067	1903	2017	2028	1950
304998	62	126	14	78	142	30	94	158	46	110	174	2014	2026	2164	2029	2001	1935	2013	2071	1956	2016	2031	1987
304998	62	126	14	78	142	30	94	158	46	110	174	2025	2025	2092	2012	2002	2032	2027	2082	2040	2016	2027	2054
304998	62	126	14	78	142	30	94	158	46	110	174	2019	2011	2079	2006	2001	2083	2019	2074	2081	2017	2018	2087
304998	62	126	14	78	142	30	94	158	46	110	174	2019	2017	2106	2010	2002	2035	2019	2076	2051	2019	2017	2053
304998	62	126	14	78	142	30	94	158	46	110	174	2021	2024	2168	2021	1996	1941	2023	2073	1962	2017	2025	1983
304998	62	126	14	78	142	30	94	158	46	110	174	2021	2033	2196	2032	1998	1872	2027	2070	1901	2018	2031	1951
304998	62	126	14	78	142	30	94	158	46	110	174	2019	2024	2181	2031	2003	1892	2030	2071	1916	2022	2029	1968
304998	62	126	14	78	142	30	94	158	46	110	174	2025	2021	2132	2019	1998	1983	2023	2071	1999	2022	2021	2022
304998	62	126	14	78	142	30	94	158	46	110	174	2025	2023	2084	2010	2002	2063	2013	2077	2075	2017	2018	2063
304998	62	126	14	78	142	30	94	158	46	110	174	2024	2024	2076	2009	1998	2073	2023	2080	2076	2019	2024	2072
304998	62	126	14	78	142	30	94	158	46	110	174	2022	2026	2122	2015	2007	1990	2020	2070	2003	2019	2028	2029
304998	62	126	14	78	142	30	94	158	46	110	174	2022	2025	2175	2025	1996	1901	2020	2063	1924	2018	2025	1975
304998	62	126	14	78	142	30	94	158	46	110	174	2011	2020	2211	2031	2005	1873	2010	2074	1900	2022	2026	1947
304998	62	126	14	78	142	30	94	158	46	110	174	2017	2025	2172	2026	1996	1931	2016	2073	1945	2019	2031	1985
304998	62	126	14	78	142	30	94	158	46	110	174	2019	2026	2111	2017	2002	2022	2022	2072	2030	2018	2027	2049
304998	62	126	14	78	142	30	94	158	46	110	174	2027	2024	2065	2005	2008	2080	2038	2075	2088	2021	2020	2085
304998	62	126	14	78	142	30	94	158	46	110	174	2025	2020	2098	2013	1994	2054	2022	2078	2057	2023	2016	2051
304998	62	126	14	78	142	30	94	158	46	110	174	2015	2018	2155	2016	2002	1952	2017	2068	1970	2022	2028	1992
304998	62	126	14	78	142	30	94	158	46	110	174	2019	2026	2210	2023	1993	1878	2015	2065	1901	2020	2036	1955
304998	62	126	14	78	142	30	94	158	46	110	174	2017	2037	2186	2031	2004	1880	2018	2067	1910	2021	2026	1970
304998	62	126	14	78	142	30	94	158	46	110	174	2025	2023	2131	2023	2001	1972	2018	2077	1986	2020	2023	2015
304998	62	126	14	78	142	30	94	158	46	110	174	2015	2012	2089	2014	1997	2058	2018	2074	2065	2016	2022	2061
304998	62	126	14	78	142	30	94	158	46	110	174	2029	2020	2084	2008	1998	2078	2037	2075	2080	2020	2024	2074
304998	62	126	14	78	142	30	94	158	46	110	174	2021	2024	2125	2012	2002	2004	2017	2064	2019	2019	2023	2037
304998	62	126	14	78	142	30	94	158	46	110	174	2025	2032	2167	2023	2002	1907	2027	2073	1937	2019	2022	1978
304998	62	126	14	78	142	30	94	158	46	110	174	2013	2020	2201	2031	1985	1876	2006	2073	1894	2022	2029	1943
304998	62	126	14	78	142	30	94	158	46	110	174	2019	2022	2175	2020	1997	1910	2019	2069	1935	2017	2036	1980
304998	62	126	14	78	142	30	94	158	46	110	174	2023	2021	2123	2022	1993	2019	2017	2067	2024	2017	2026	2042
304998	62	126	14	78	142	30	94	158	46	110	174	2028	2025	2074	2012	2008	2074	2020	2072	2086	2021	2016	2078
304998	62	126	14	78	142	30	94	158	46	110	174	2026	2023	2086	2010	2000	2057	2017	2074	2063	2018	2016	2057
304998	62	126	14	78	142	30	94	158	46	110	174	2024	2018	2144	2016	1993	1964	2019	2076	1979	2021	2028	2001
304998	62	126	14	78	142	30	94	158	46	110	174	2018	2021	2201	2021	1992	1883	2016	2074	1904	2017	2031	1962
304998	62	126	14	78	142	30	94	158	46	110	174	2012	2030	2198	2028	1993	1873	2009	2066	1912	2018	2029	1962
304998	62	126	14	78	142	30	94	158	46	110	174	2018	2028	2145	2025	1999	1960	2013	2072	1981	2016	2022	2003
304998	62	126	14	78	142	30	94	158	46	110	174	2023	2023	2086	2019	2003	2052	2017	2074	2057	2018	2024	2054
304998	62	126	14	78	142	30	94	158	46	110	174	2024	2014	2078	2015	2001	2079	2024	2071	2081	2019	2019	2076
304998	62	126	14	78	142	30	94	158	46	110	174	2028	2024	2110	2016	2002	2012	2020	2068	2031	2017	2018	2044
304998	62	126	14	78	142	30	94	158	46	110	174	2014	2031	2173	2020	1995	1921	2015	2073	1948	2016	2025	1981
304998	62	126	14	78	142	30	94	158	46	110	174	2019	2036	2193	2024	1992	1867	2017	2074	1895	2022	2029	1946
304998	62	126	14	78	142	30	94	158	46	110	174	2022	2024	2173	2023	1996	1908	2016	2074	1925	2017	2037	1977
304998	62	126	14	78	142	30	94	158	46	110	174	2020	2020	2127	2018	1998	2001	2017	2063	2012	2018	2025	2035
304998	62	126	14	78	142	30	94	158	46	110	174	2019	2019	2088	2019	2002	2072	2016	2064	2085	2022	2013	2072
304998	62	126	14	78	142	30	94	158	46	110	174	2023	2021	2090	2014	2006	2063	2019	2067	2073	2017	2019	2063
304998	62	126	14	78	142	30	94	158	46	110	174	2026	2027	2128	2016	2010	1975	2024	2077	1989	2018	2032	2016
304998	62	126	14	78	142	30	94	158	46	110	174	2013	2023	2195	2022	1985	1888	2008	2072	1910	2018	2033	1969
304998	62	126	14	78	142	30	94	158	46	110	174	2010	2023	2203	2024	1995	1867	2005	2071	1902	2017	2030	1955
304998	62	126	14	78	142	30	94	158	46	110	174	2016	2023	2160	2023	1991	1947	2012	2077	1967	2017	2025	1993
304998	62	126	14	78	142	30	94	158	46	110	174	2021	2024	2094	2018	2009	2039	2023	2074	2048	2018	2023	2051
304998	62	126	14	78	142	30	94	158	46	110	174	2028	2020	2073	2014	2013	2079	2031	2068	2082	2017	2020	2084
304998	62	126	14	78	142	30	94	158	46	110	174	2024	2015	2107	2020	1996	2029	2024	2065	2038	2018	2020	2054
304998	62	126	14	78	142	30	94	158	46	110	174	2016	2023	2169	2017	1996	1928	2010	2074	1953	2019	2023	1986
304998	62	126	14	78	142	30	94	158	46	110	174	2014	2033	2204	2019	1991	1875	2015	2079	1899	2020	2037	1946
304998	62	126	14	78	142	30	94	158	46	110	174	2010	2031	2183	2020	1999	1901	2007	2073	1922	2017	2035	1971
304998	62	126	14	78	142	30	94	158	46	110	174	2023	2025	2123	2017	2002	1989	2024	2070	2006	2019	2026	2033
304998	62	126	14	78	142	30	94	158	46	110	174	2023	2015	2085	2019	2003	2069	2019	2066	2078	2020	2014	2070
304998	62	126	14	78	142	30	94	158	46	110	174	2033	2020	2084	2016	2010	2068	2036	2079	2075	2017	2015	2062
304998	62	126	14	78	142	30	94	158	46	110	174	2020	2027	2136	2019	2000	1987	2028	2076	1999	2020	2029	2022
304998	62	126	14	78	142	30	94	158	46	110	174	2020	2029	2176	2015	1997	1894	2010	2071	1918	2017	2029	1975
304998	62	126	14	78	142	30	94	158	46	110	174	2015	2026	2206	2020	1986	1875	2007	2074	1904	2021	2036	1955
304998	62	126	14	78	142	30	94	158	46	110	174	2011	2024	2165	2019	1999	1932	2007	2078	1957	2020	2031	1984
304998	62	126	14	78	142	30	94	158	46	110	174	2017	2022	2113	2025	1996	2035	2022	2074	2039	2020	2023	2047
304998	62	126	14	78	142	30	94	158	46	110	174	2024	2018	2072	2020	2009	2085	2028	2060	2080	2017	2016	2079
304998	62	126	14	78	142	30	94	158	46	110	174	2035	2021	2093	2016	2009	2040	2032	2065	2046	2017	2015	2055
304998	62	126	14	78	142	30	94	158	46	110	174	2020	2020	2159	2024	1995	1942	2014	2077	1971	2020	2022	1997
304998	62	126	14	78	142	30	94	158	46	110	174	2012	2031	2201	2018	1990	1869	2013	2082	1897	2017	2039	1951
304998	62	126	14	78	142	30	94	158	46	110	174	2008	2028	2199	2017	1988	1887	2002	2078	1912	2020	2039	1965
304998	62	126	14	78	142	30	94	158	46	110	174	2017	2033	2127	2016	1999	1978	2013	2066	1990	2017	2021	2022
304998	62	126	14	78	142	30	94	158	46	110	174	2032	2020	2082	2019	2013	2062	2033	2068	2076	2019	2017	2069
304998	62	126	14	78	142	30	94	158	46	110	174	2023	2010	2082	2024	2009	2069	2027	2061	2077	2017	2015	2069
304998	62	126	14	78	142	30	94	158	46	110	174	2026	2023	2127	2016	2006	1996	2032	2074	2008	2020	2023	2030
304998	62	126	14	78	142	30	94	158	46	110	174	2011	2025	2186	2019	1993	1908	2008	2075	1927	2018	2033	1977
304998	62	126	14	78	142	30	94	158	46	110	174	2014	2035	2192	2014	1991	1873	2010	2080	1899	2017	2035	1958
304998	62	126	14	78	142	30	94	158	46	110	174	2015	2021	2170	2015	1988	1919	2016	2084	1945	2016	2028	1975
304998	62	126	14	78	142	30	94	158	46	110	174	2028	2019	2109	2019	2010	2017	2031	2070	2027	2021	2028	2041
304998	62	126	14	78	142	30	94	158	46	110	174	2027	2016	2084	2023	2007	2083	2026	2058	2080	2019	2018	2078
304998	62	126	14	78	142	30	94	158	46	110	174	2025	2022	2091	2023	2008	2053	2029	2058	2060	2019	2015	2061
304998	62	126	14	78	142	30	94	158	46	110	174	2025	2026	2147	2019	2002	1958	2031	2072	1979	2022	2021	2000
304998	62	126	14	78	142	30	94	158	46	110	174	2016	2027	2193	2015	1993	1877	2011	2085	1906	2017	2035	1950
304998	62	126	14	78	142	30	94	158	46	110	174	2013	2032	2196	2013	1990	1882	2008	2086	1902	2017	2037	1959
304998	62	126	14	78	142	30	94	158	46	110	174	2015	2031	2145	2018	1993	1976	2014	2073	1983	2017	2026	2014
304998	62	126	14	78	142	30	94	158	46	110	174	2026	2022	2078	2020	2010	2055	2038	2066	2069	2018	2015	2065
304998	62	126	14	78	142	30	94	158	46	110	174	2035	2014	2069	2022	2016	2069	2041	2065	2080	2017	2014	2071
304998	62	126	14	78	142	30	94	158	46	110	174	2026	2015	2118	2021	2008	2007	2028	2064	2019	2019	2025	2037
304998	62	126	14	78	142	30	94	158	46	110	174	2022	2027	2178	2013	1997	1916	2019	2077	1934	2017	2029	1979
304998	62	126	14	78	142	30	94	158	46	110	174	2013	2034	2202	2006	1992	1871	2008	2084	1902	2017	2029	1953
304998	62	126	14	78	142	30	94	158	46	110	174	2015	2037	2166	2010	1989	1912	2011	2083	1934	2017	2030	1973
304998	62	126	14	78	142	30	94	158	46	110	174	2026	2018	2110	2016	2004	2001	2023	2074	2019	2020	2027	2036
304998	62	126	14	78	142	30	94	158	46	110	174	2031	2018	2075	2027	2019	2072	2036	2065	2069	2020	2021	2078
304998	62	126	14	78	142	30	94	158	46	110	174	2030	2019	2092	2030	2014	2058	2039	2059	2065	2022	2013	2064
304998	62	126	14	78	142	30	94	158	46	110	174	2022	2026	2140	2020	2006	1970	2023	2068	1989	2017	2017	2005
304998	62	126	14	78	142	30	94	158	46	110	174	2019	2037	2188	2011	1989	1885	2005	2084	1908	2021	2037	1956
304998	62	126	14	78	142	30	94	158	46	110	174	2013	2025	2198	2009	1985	1876	1996	2083	1906	2020	2040	1960
304998	62	126	14	78	142	30	94	158	46	110	174	2018	2026	2151	2013	2000	1951	2015	2078	1972	2018	2028	2003
304998	62	126	14	78	142	30	94	158	46	110	174	2027	2023	2097	2020	2011	2045	2030	2064	2059	2021	2015	2053
304998	62	126	14	78	142	30	94	158	46	110	174	2031	2023	2069	2028	2015	2079	2031	2064	2077	2019	2017	2070
304998	62	126	14	78	142	30	94	158	46	110	174	2037	2021	2104	2025	2011	2022	2037	2063	2033	2018	2021	2046
304998	62	126	14	78	142	30	94	158	46	110	174	2019	2025	2168	2020	1994	1927	2014	2076	1947	2022	2028	1989
304998	62	126	14	78	142	30	94	158	46	110	174	2015	2035	2203	2006	1987	1872	2014	2085	1908	2017	2029	1950
304998	62	126	14	78	142	30	94	158	46	110	174	2010	2036	2184	2008	1981	1908	2001	2085	1928	2020	2028	1960
304998	62	126	14	78	142	30	94	158	46	110	174	2020	2031	2114	2018	2005	1991	2018	2071	2006	2016	2028	2027
304998	62	126	14	78	142	30	94	158	46	110	174	2034	2015	2071	2027	2014	2071	2031	2059	2068	2021	2017	2079
304998	62	126	14	78	142	30	94	158	46	110	174	2036	2013	2078	2032	2022	2054	2044	2053	2072	2016	2015	2070
304998	62	126	14	78	142	30	94	158	46	110	174	2028	2021	2138	2024	2002	1981	2023	2067	2000	2018	2021	2011
304998	62	126	14	78	142	30	94	158	46	110	174	2017	2037	2190	2011	1991	1899	2006	2085	1918	2021	2037	1958
304998	62	126	14	78	142	30	94	158	46	110	174	2012	2039	2193	2004	1980	1879	2015	2088	1901	2016	2036	1961
304998	62	126	14	78	142	30	94	158	46	110	174	2019	2029	2149	2010	1994	1938	2015	2080	1961	2017	2028	2002
304998	62	126	14	78	142	30	94	158	46	110	174	2031	2017	2098	2021	2014	2027	2030	2065	2050	2017	2017	2051
304998	62	126	14	78	142	30	94	158	46	110	174	2030	2014	2077	2034	2015	2075	2029	2056	2077	2020	2018	2069
304998	62	126	14	78	142	30	94	158	46	110	174	2030	2023	2103	2029	2019	2029	2036	2059	2038	2019	2020	2053
