304998	62	126	14	78	142	30	94	158	46	110	174	2014	2031	2173	2020	1995	1921	2015	2073	1948	2016	2025	1981
304998	62	126	14	78	142	30	94	158	46	110	174	2019	2036	2193	2024	1992	1867	2017	2074	1895	2022	2029	1946
304998	62	126	14	78	142	30	94	158	46	110	174	2022	2024	2173	2023	1996	1908	2016	2074	1925	2017	2037	1977
304998	62	126	14	78	142	30	94	158	46	110	174	2020	2020	2127	2018	1998	2001	2017	2063	2012	2018	2025	2035
304998	62	126	14	78	142	30	94	158	46	110	174	2019	2019	2088	2019	2002	2072	2016	2064	2085	2022	2013	2072
304998	62	126	14	78	142	30	94	158	46	110	174	2023	2021	2090	2014	2006	2063	2019	2067	2073	2017	2019	2063
304998	62	126	14	78	142	30	94	158	46	110	174	2026	2027	2128	2016	2010	1975	2024	2077	1989	2018	2032	2016
304998	62	126	14	78	142	30	94	158	46	110	174	2013	2023	2195	2022	1985	1888	2008	2072	1910	2018	2033	1969
304998	62	126	14	78	142	30	94	158	46	110	174	2010	2023	2203	2024	1995	1867	2005	2071	1902	2017	2030	1955
304998	62	126	14	78	142	30	94	158	46	110	174	2016	2023	2160	2023	1991	1947	2012	2077	1967	2017	2025	1993
304998	62	126	14	78	142	30	94	158	46	110	174	2021	2024	2094	2018	2009	2039	2023	2074	2048	2018	2023	2051
304998	62	126	14	78	142	30	94	158	46	110	174	2028	2020	2073	2014	2013	2079	2031	2068	2082	2017	2020	2084
304998	62	126	14	78	142	30	94	158	46	110	174	2024	2015	2107	2020	1996	2029	2024	2065	2038	2018	2020	2054
304998	62	126	14	78	142	30	94	158	46	110	174	2016	2023	2169	2017	1996	1928	2010	2074	1953	2019	2023	1986
304998	62	126	14	78	142	30	94	158	46	110	174	2014	2033	2204	2019	1991	1875	2015	2079	1899	2020	2037	1946
304998	62	126	14	78	142	30	94	158	46	110	174	2010	2031	2183	2020	1999	1901	2007	2073	1922	2017	2035	1971
304998	62	126	14	78	142	30	94	158	46	110	174	2023	2025	2123	2017	2002	1989	2024	2070	2006	2019	2026	2033
304998	62	126	14	78	142	30	94	158	46	110	174	2023	2015	2085	2019	2003	2069	2019	2066	2078	2020	2014	2070
304998	62	126	14	78	142	30	94	158	46	110	174	2033	2020	2084	2016	2010	2068	2036	2079	2075	2017	2015	2062
304998	62	126	14	78	142	30	94	158	46	110	174	2020	2027	2136	2019	2000	1987	2028	2076	1999	2020	2029	2022
304998	62	126	14	78	142	30	94	158	46	110	174	2020	2029	2176	2015	1997	1894	2010	2071	1918	2017	2029	1975
304998	62	126	14	78	142	30	94	158	46	110	174	2015	2026	2206	2020	1986	1875	2007	2074	1904	2021	2036	1955
304998	62	126	14	78	142	30	94	158	46	110	174	2011	2024	2165	2019	1999	1932	2007	2078	1957	2020	2031	1984
304998	62	126	14	78	142	30	94	158	46	110	174	2017	2022	2113	2025	1996	2035	2022	2074	2039	2020	2023	2047
304998	62	126	14	78	142	30	94	158	46	110	174	2024	2018	2072	2020	2009	2085	2028	2060	2080	2017	2016	2079
304998	62	126	14	78	142	30	94	158	46	110	174	2035	2021	2093	2016	2009	2040	2032	2065	2046	2017	2015	2055
304998	62	126	14	78	142	30	94	158	46	110	174	2020	2020	2159	2024	1995	1942	2014	2077	1971	2020	2022	1997
304998	62	126	14	78	142	30	94	158	46	110	174	2012	2031	2201	2018	1990	1869	2013	2082	1897	2017	2039	1951
304998	62	126	14	78	142	30	94	158	46	110	174	2008	2028	2199	2017	1988	1887	2002	2078	1912	2020	2039	1965
304998	62	126	14	78	142	30	94	158	46	110	174	2017	2033	2127	2016	1999	1978	2013	2066	1990	2017	2021	2022
304998	62	126	14	78	142	30	94	158	46	110	174	2032	2020	2082	2019	2013	2062	2033	2068	2076	2019	2017	2069
304998	62	126	14	78	142	30	94	158	46	110	174	2023	2010	2082	2024	2009	2069	2027	2061	2077	2017	2015	2069
304998	62	126	14	78	142	30	94	158	46	110	174	2026	2023	2127	2016	2006	1996	2032	2074	2008	2020	2023	2030
304998	62	126	14	78	142	30	94	158	46	110	174	2011	2025	2186	2019	1993	1908	2008	2075	1927	2018	2033	1977
304998	62	126	14	78	142	30	94	158	46	110	174	2014	2035	2192	2014	1991	1873	2010	2080	1899	2017	2035	1958
304998	62	126	14	78	142	30	94	158	46	110	174	2015	2021	2170	2015	1988	1919	2016	2084	1945	2016	2028	1975
304998	62	126	14	78	142	30	94	158	46	110	174	2028	2019	2109	2019	2010	2017	2031	2070	2027	2021	2028	2041
304998	62	126	14	78	142	30	94	158	46	110	174	2027	2016	2084	2023	2007	2083	2026	2058	2080	2019	2018	2078
304998	62	126	14	78	142	30	94	158	46	110	174	2025	2022	2091	2023	2008	2053	2029	2058	2060	2019	2015	2061
304998	62	126	14	78	142	30	94	158	46	110	174	2025	2026	2147	2019	2002	1958	2031	2072	1979	2022	2021	2000
304998	62	126	14	78	142	30	94	158	46	110	174	2016	2027	2193	2015	1993	1877	2011	2085	1906	2017	2035	1950
304998	62	126	14	78	142	30	94	158	46	110	174	2013	2032	2196	2013	1990	1882	2008	2086	1902	2017	2037	1959
304998	62	126	14	78	142	30	94	158	46	110	174	2015	2031	2145	2018	1993	1976	2014	2073	1983	2017	2026	2014
304998	62	126	14	78	142	30	94	158	46	110	174	2026	2022	2078	2020	2010	2055	2038	2066	2069	2018	2015	2065
304998	62	126	14	78	142	30	94	158	46	110	174	2035	2014	2069	2022	2016	2069	2041	2065	2080	2017	2014	2071
304998	62	126	14	78	142	30	94	158	46	110	174	2026	2015	2118	2021	2008	2007	2028	2064	2019	2019	2025	2037
304998	62	126	14	78	142	30	94	158	46	110	174	2022	2027	2178	2013	1997	1916	2019	2077	1934	2017	2029	1979
304998	62	126	14	78	142	30	94	158	46	110	174	2013	2034	2202	2006	1992	1871	2008	2084	1902	2017	2029	1953
304998	62	126	14	78	142	30	94	158	46	110	174	2015	2037	2166	2010	1989	1912	2011	2083	1934	2017	2030	1973
304998	62	126	14	78	142	30	94	158	46	110	174	2026	2018	2110	2016	2004	2001	2023	2074	2019	2020	2027	2036
304998	62	126	14	78	142	30	94	158	46	110	174	2031	2018	2075	2027	2019	2072	2036	2065	2069	2020	2021	2078
304998	62	126	14	78	142	30	94	158	46	110	174	2030	2019	2092	2030	2014	2058	2039	2059	2065	2022	2013	2064
304998	62	126	14	78	142	30	94	158	46	110	174	2022	2026	2140	2020	2006	1970	2023	2068	1989	2017	2017	2005
304998	62	126	14	78	142	30	94	158	46	110	174	2019	2037	2188	2011	1989	1885	2005	2084	1908	2021	2037	1956
304998	62	126	14	78	142	30	94	158	46	110	174	2013	2025	2198	2009	1985	1876	1996	2083	1906	2020	2040	1960
304998	62	126	14	78	142	30	94	158	46	110	174	2018	2026	2151	2013	2000	1951	2015	2078	1972	2018	2028	2003
304998	62	126	14	78	142	30	94	158	46	110	174	2027	2023	2097	2020	2011	2045	2030	2064	2059	2021	2015	2053
304998	62	126	14	78	142	30	94	158	46	110	174	2031	2023	2069	2028	2015	2079	2031	2064	2077	2019	2017	2070
304998	62	126	14	78	142	30	94	158	46	110	174	2037	2021	2104	2025	2011	2022	2037	2063	2033	2018	2021	2046
304998	62	126	14	78	142	30	94	158	46	110	174	2019	2025	2168	2020	1994	1927	2014	2076	1947	2022	2028	1989
304998	62	126	14	78	142	30	94	158	46	110	174	2015	2035	2203	2006	1987	1872	2014	2085	1908	2017	2029	1950
304998	62	126	14	78	142	30	94	158	46	110	174	2010	2036	2184	2008	1981	1908	2001	2085	1928	2020	2028	1960
304998	62	126	14	78	142	30	94	158	46	110	174	2020	2031	2114	2018	2005	1991	2018	2071	2006	2016	2028	2027
304998	62	126	14	78	142	30	94	158	46	110	174	2034	2015	2071	2027	2014	2071	2031	2059	2068	2021	2017	2079
304998	62	126	14	78	142	30	94	158	46	110	174	2036	2013	2078	2032	2022	2054	2044	2053	2072	2016	2015	2070
304998	62	126	14	78	142	30	94	158	46	110	174	2028	2021	2138	2024	2002	1981	2023	2067	2000	2018	2021	2011
304998	62	126	14	78	142	30	94	158	46	110	174	2017	2037	2190	2011	1991	1899	2006	2085	1918	2021	2037	1958
304998	62	126	14	78	142	30	94	158	46	110	174	2012	2039	2193	2004	1980	1879	2015	2088	1901	2016	2036	1961
304998	62	126	14	78	142	30	94	158	46	110	174	2019	2029	2149	2010	1994	1938	2015	2080	1961	2017	2028	2002
304998	62	126	14	78	142	30	94	158	46	110	174	2031	2017	2098	2021	2014	2027	2030	2065	2050	2017	2017	2051
304998	62	126	14	78	142	30	94	158	46	110	174	2030	2014	2077	2034	2015	2075	2029	2056	2077	2020	2018	2069
304998	62	126	14	78	142	30	94	158	46	110	174	2030	2023	2103	2029	2019	2029	2036	2059	2038	2019	2020	2053
304998	62	126	14	78	142	30	94	158	46	110	174	2020	2034	2155	2016	1995	1935	2017	2072	1955	2019	2023	2001
304998	62	126	14	78	142	30	94	158	46	110	174	2017	2037	2196	2004	1982	1875	2008	2085	1906	2022	2033	1957
304998	62	126	14	78	142	30	94	158	46	110	174	2015	2034	2184	2002	1985	1898	1996	2090	1926	2021	2029	1958
304998	62	126	14	78	142	30	94	158	46	110	174	2019	2026	2137	2013	2007	1983	2020	2078	2001	2016	2030	2018
304998	62	126	14	78	142	30	94	158	46	110	174	2029	2021	2079	2029	2021	2061	2040	2059	2060	2022	2015	2074
304998	62	126	14	78	142	30	94	158	46	110	174	2034	2019	2071	2032	2025	2060	2042	2048	2068	2017	2014	2074
304998	62	126	14	78	142	30	94	158	46	110	174	2025	2021	2121	2023	2008	1985	2026	2067	2009	2019	2018	2018
304998	62	126	14	78	142	30	94	158	46	110	174	2015	2028	2186	2008	1993	1899	2019	2090	1926	2021	2032	1966
304998	62	126	14	78	142	30	94	158	46	110	174	2013	2039	2206	1997	1986	1880	2011	2094	1899	2017	2035	1954
304998	62	126	14	78	142	30	94	158	46	110	174	2015	2032	2167	2004	1988	1927	2008	2079	1954	2017	2024	1990
304998	62	126	14	78	142	30	94	158	46	110	174	2027	2024	2094	2021	2009	2019	2023	2067	2039	2019	2017	2044
304998	62	126	14	78	142	30	94	158	46	110	174	2036	2013	2063	2039	2022	2071	2045	2058	2079	2016	2014	2070
304998	62	126	14	78	142	30	94	158	46	110	174	2028	2013	2097	2031	2021	2036	2033	2057	2049	2017	2022	2058
304998	62	126	14	78	142	30	94	158	46	110	174	2026	2028	2157	2018	1993	1955	2020	2078	1962	2022	2026	2003
304998	62	126	14	78	142	30	94	158	46	110	174	2009	2039	2199	1998	1981	1884	2001	2085	1910	2020	2029	1952
304998	62	126	14	78	142	30	94	158	46	110	174	2016	2044	2181	1998	1984	1891	2009	2098	1919	2017	2031	1957
304998	62	126	14	78	142	30	94	158	46	110	174	2018	2027	2132	2011	2000	1970	2016	2081	1990	2021	2029	2014
304998	62	126	14	78	142	30	94	158	46	110	174	2027	2015	2086	2030	2022	2051	2034	2058	2059	2022	2016	2070
304998	62	126	14	78	142	30	94	158	46	110	174	2035	2014	2085	2039	2019	2068	2040	2049	2071	2022	2009	2074
304998	62	126	14	78	142	30	94	158	46	110	174	2028	2026	2122	2027	2012	2001	2024	2060	2017	2017	2016	2027
304998	62	126	14	78	142	30	94	158	46	110	174	2020	2032	2170	2007	1994	1907	2007	2086	1937	2017	2032	1973
304998	62	126	14	78	142	30	94	158	46	110	174	2016	2037	2197	1993	1978	1881	2006	2099	1903	2021	2036	1951
304998	62	126	14	78	142	30	94	158	46	110	174	2010	2031	2175	2000	1991	1927	2002	2086	1941	2018	2026	1986
304998	62	126	14	78	142	30	94	158	46	110	174	2023	2027	2116	2020	2009	2017	2027	2070	2029	2019	2016	2034
304998	62	126	14	78	142	30	94	158	46	110	174	2028	2017	2082	2040	2025	2064	2039	2051	2079	2017	2014	2072
304998	62	126	14	78	142	30	94	158	46	110	174	2035	2018	2081	2034	2023	2044	2047	2059	2046	2022	2017	2060
304998	62	126	14	78	142	30	94	158	46	110	174	2029	2022	2143	2023	1998	1962	2019	2073	1975	2018	2022	2010
304998	62	126	14	78	142	30	94	158	46	110	174	2018	2032	2196	2001	1989	1886	2005	2093	1916	2021	2031	1963
304998	62	126	14	78	142	30	94	158	46	110	174	2008	2042	2197	1993	1967	1895	1996	2097	1920	2016	2032	1949
304998	62	126	14	78	142	30	94	158	46	110	174	2017	2032	2149	2008	1995	1959	2007	2078	1977	2016	2029	2000
304998	62	126	14	78	142	30	94	158	46	110	174	2035	2021	2083	2030	2024	2038	2038	2058	2047	2020	2017	2063
304998	62	126	14	78	142	30	94	158	46	110	174	2038	2011	2077	2042	2028	2061	2038	2045	2071	2020	2008	2078
304998	62	126	14	78	142	30	94	158	46	110	174	2033	2016	2112	2032	2018	2010	2035	2059	2026	2020	2013	2031
304998	62	126	14	78	142	30	94	158	46	110	174	2018	2035	2172	2008	1994	1923	2016	2092	1944	2017	2031	1977
304998	62	126	14	78	142	30	94	158	46	110	174	2005	2042	2203	1995	1978	1877	2002	2099	1903	2021	2043	1958
304998	62	126	14	78	142	30	94	158	46	110	174	2016	2039	2172	1998	1991	1911	2013	2094	1939	2020	2028	1981
304998	62	126	14	78	142	30	94	158	46	110	174	2020	2021	2113	2017	2008	2002	2017	2065	2019	2017	2017	2027
304998	62	126	14	78	142	30	94	158	46	110	174	2036	2015	2080	2041	2032	2062	2035	2051	2072	2017	2015	2069
304998	62	126	14	78	142	30	94	158	46	110	174	2035	2013	2094	2043	2021	2048	2042	2049	2058	2022	2017	2066
304998	62	126	14	78	142	30	94	158	46	110	174	2023	2031	2141	2022	2003	1966	2020	2073	1984	2020	2022	2017
304998	62	126	14	78	142	30	94	158	46	110	174	2014	2039	2185	2002	1988	1896	2001	2087	1917	2019	2030	1959
304998	62	126	14	78	142	30	94	158	46	110	174	2008	2034	2193	1991	1981	1887	1993	2093	1923	2020	2031	1948
304998	62	126	14	78	142	30	94	158	46	110	174	2017	2029	2152	2004	1997	1949	2009	2082	1972	2020	2032	2001
304998	62	126	14	78	142	30	94	158	46	110	174	2033	2017	2098	2025	2012	2031	2031	2062	2042	2017	2018	2058
304998	62	126	14	78	142	30	94	158	46	110	174	2031	2015	2072	2047	2032	2060	2043	2046	2065	2017	2009	2075
304998	62	126	14	78	142	30	94	158	46	110	174	2035	2021	2098	2036	2016	2020	2049	2052	2036	2018	2013	2040
304998	62	126	14	78	142	30	94	158	46	110	174	2019	2025	2161	2012	1996	1933	2012	2080	1960	2017	2029	1985
304998	62	126	14	78	142	30	94	158	46	110	174	2013	2036	2196	1989	1978	1883	2010	2100	1906	2019	2040	1954
304998	62	126	14	78	142	30	94	158	46	110	174	2011	2038	2188	1996	1983	1902	2014	2096	1932	2018	2032	1976
304998	62	126	14	78	142	30	94	158	46	110	174	2015	2028	2123	2014	2004	1986	2015	2068	2004	2019	2019	2027
304998	62	126	14	78	142	30	94	158	46	110	174	2035	2018	2079	2040	2022	2054	2030	2046	2074	2018	2015	2063
304998	62	126	14	78	142	30	94	158	46	110	174	2028	2005	2082	2046	2031	2050	2039	2048	2060	2017	2015	2068
304998	62	126	14	78	142	30	94	158	46	110	174	2030	2020	2130	2023	2011	1981	2026	2064	1994	2020	2021	2024
304998	62	126	14	78	142	30	94	158	46	110	174	2014	2033	2196	2005	1979	1902	2002	2087	1926	2019	2029	1969
304998	62	126	14	78	142	30	94	158	46	110	174	2005	2043	2198	1992	1974	1888	1989	2092	1918	2018	2033	1948
304998	62	126	14	78	142	30	94	158	46	110	174	2013	2032	2150	2002	1990	1939	1997	2085	1966	2016	2035	1992
304998	62	126	14	78	142	30	94	158	46	110	174	2031	2018	2096	2028	2016	2023	2020	2059	2033	2020	2021	2051
304998	62	126	14	78	142	30	94	158	46	110	174	2043	2011	2073	2041	2037	2063	2053	2043	2063	2021	2006	2077
304998	62	126	14	78	142	30	94	158	46	110	174	2033	2012	2106	2040	2020	2019	2034	2049	2032	2017	2008	2050
304998	62	126	14	78	142	30	94	158	46	110	174	2023	2035	2156	2018	2000	1938	2013	2076	1966	2016	2028	1988
304998	62	126	14	78	142	30	94	158	46	110	174	2006	2039	2192	1996	1981	1885	1990	2095	1913	2019	2042	1952
304998	62	126	14	78	142	30	94	158	46	110	174	2008	2033	2182	1995	1975	1912	1987	2091	1933	2018	2038	1974
304998	62	126	14	78	142	30	94	158	46	110	174	2021	2022	2132	2013	1995	1981	2006	2074	1990	2016	2023	2020
304998	62	126	14	78	142	30	94	158	46	110	174	2034	2013	2092	2035	2022	2048	2031	2047	2058	2019	2007	2056
304998	62	126	14	78	142	30	94	158	46	110	174	2041	2015	2082	2047	2032	2050	2043	2046	2065	2019	2014	2068
304998	62	126	14	78	142	30	94	158	46	110	174	2032	2027	2114	2029	2018	1988	2031	2065	2003	2021	2021	2027
304998	62	126	14	78	142	30	94	158	46	110	174	2021	2037	2169	2007	1980	1916	2006	2087	1936	2019	2029	1975
304998	62	126	14	78	142	30	94	158	46	110	174	2004	2039	2195	1986	1974	1894	1988	2096	1911	2022	2034	1946
304998	62	126	14	78	142	30	94	158	46	110	174	2015	2037	2170	1999	1982	1929	1997	2083	1956	2017	2029	1975
304998	62	126	14	78	142	30	94	158	46	110	174	2021	2021	2113	2024	2015	2006	2018	2063	2024	2018	2024	2045
304998	62	126	14	78	142	30	94	158	46	110	174	2039	2016	2072	2047	2034	2055	2043	2045	2065	2022	2013	2078
304998	62	126	14	78	142	30	94	158	46	110	174	2036	2011	2091	2047	2023	2034	2040	2046	2040	2017	2010	2061
304998	62	126	14	78	142	30	94	158	46	110	174	2020	2025	2149	2016	2000	1958	2017	2071	1971	2021	2019	1996
304998	62	126	14	78	142	30	94	158	46	110	174	2011	2033	2201	1996	1971	1889	1994	2089	1929	2017	2038	1947
304998	62	126	14	78	142	30	94	158	46	110	174	2004	2041	2195	1993	1972	1894	1984	2096	1927	2018	2042	1962
304998	62	126	14	78	142	30	94	158	46	110	174	2020	2032	2131	2011	1999	1967	2018	2078	1989	2017	2029	2018
304998	62	126	14	78	142	30	94	158	46	110	174	2038	2013	2084	2034	2029	2037	2031	2048	2048	2021	2011	2066
304998	62	126	14	78	142	30	94	158	46	110	174	2043	2005	2074	2050	2039	2056	2046	2042	2066	2017	2004	2063
304998	62	126	14	78	142	30	94	158	46	110	174	2034	2014	2128	2039	2019	1998	2033	2055	2018	2018	2017	2028
304998	62	126	14	78	142	30	94	158	46	110	174	2015	2033	2178	2005	1988	1921	2003	2084	1947	2022	2039	1986
304998	62	126	14	78	142	30	94	158	46	110	174	2009	2044	2195	1986	1973	1888	1998	2102	1913	2020	2042	1957
304998	62	126	14	78	142	30	94	158	46	110	174	2008	2034	2163	1993	1981	1931	1993	2088	1943	2021	2030	1981
304998	62	126	14	78	142	30	94	158	46	110	174	2029	2021	2111	2020	2013	2009	2020	2060	2019	2021	2016	2030
304998	62	126	14	78	142	30	94	158	46	110	174	2035	2006	2081	2042	2035	2052	2038	2043	2066	2016	2012	2071
304998	62	126	14	78	142	30	94	158	46	110	174	2044	2013	2091	2048	2025	2033	2045	2049	2045	2020	2013	2063
304998	62	126	14	78	142	30	94	158	46	110	174	2025	2034	2143	2024	2006	1961	2031	2074	1978	2022	2021	2009
304998	62	126	14	78	142	30	94	158	46	110	174	2015	2039	2181	1993	1974	1904	1996	2092	1922	2018	2035	1957
304998	62	126	14	78	142	30	94	158	46	110	174	2007	2036	2190	1985	1975	1901	1993	2100	1931	2018	2038	1951
