304998	62	126	14	78	142	30	94	158	46	110	174	2028	2017	2082	2040	2025	2064	2039	2051	2079	2017	2014	2072
304998	62	126	14	78	142	30	94	158	46	110	174	2035	2018	2081	2034	2023	2044	2047	2059	2046	2022	2017	2060
304998	62	126	14	78	142	30	94	158	46	110	174	2029	2022	2143	2023	1998	1962	2019	2073	1975	2018	2022	2010
304998	62	126	14	78	142	30	94	158	46	110	174	2018	2032	2196	2001	1989	1886	2005	2093	1916	2021	2031	1963
304998	62	126	14	78	142	30	94	158	46	110	174	2008	2042	2197	1993	1967	1895	1996	2097	1920	2016	2032	1949
304998	62	126	14	78	142	30	94	158	46	110	174	2017	2032	2149	2008	1995	1959	2007	2078	1977	2016	2029	2000
304998	62	126	14	78	142	30	94	158	46	110	174	2035	2021	2083	2030	2024	2038	2038	2058	2047	2020	2017	2063
304998	62	126	14	78	142	30	94	158	46	110	174	2038	2011	2077	2042	2028	2061	2038	2045	2071	2020	2008	2078
304998	62	126	14	78	142	30	94	158	46	110	174	2033	2016	2112	2032	2018	2010	2035	2059	2026	2020	2013	2031
304998	62	126	14	78	142	30	94	158	46	110	174	2018	2035	2172	2008	1994	1923	2016	2092	1944	2017	2031	1977
304998	62	126	14	78	142	30	94	158	46	110	174	2005	2042	2203	1995	1978	1877	2002	2099	1903	2021	2043	1958
304998	62	126	14	78	142	30	94	158	46	110	174	2016	2039	2172	1998	1991	1911	2013	2094	1939	2020	2028	1981
304998	62	126	14	78	142	30	94	158	46	110	174	2020	2021	2113	2017	2008	2002	2017	2065	2019	2017	2017	2027
304998	62	126	14	78	142	30	94	158	46	110	174	2036	2015	2080	2041	2032	2062	2035	2051	2072	2017	2015	2069
304998	62	126	14	78	142	30	94	158	46	110	174	2035	2013	2094	2043	2021	2048	2042	2049	2058	2022	2017	2066
304998	62	126	14	78	142	30	94	158	46	110	174	2023	2031	2141	2022	2003	1966	2020	2073	1984	2020	2022	2017
304998	62	126	14	78	142	30	94	158	46	110	174	2014	2039	2185	2002	1988	1896	2001	2087	1917	2019	2030	1959
304998	62	126	14	78	142	30	94	158	46	110	174	2008	2034	2193	1991	1981	1887	1993	2093	1923	2020	2031	1948
304998	62	126	14	78	142	30	94	158	46	110	174	2017	2029	2152	2004	1997	1949	2009	2082	1972	2020	2032	2001
304998	62	126	14	78	142	30	94	158	46	110	174	2033	2017	2098	2025	2012	2031	2031	2062	2042	2017	2018	2058
304998	62	126	14	78	142	30	94	158	46	110	174	2031	2015	2072	2047	2032	2060	2043	2046	2065	2017	2009	2075
304998	62	126	14	78	142	30	94	158	46	110	174	2035	2021	2098	2036	2016	2020	2049	2052	2036	2018	2013	2040
304998	62	126	14	78	142	30	94	158	46	110	174	2019	2025	2161	2012	1996	1933	2012	2080	1960	2017	2029	1985
304998	62	126	14	78	142	30	94	158	46	110	174	2013	2036	2196	1989	1978	1883	2010	2100	1906	2019	2040	1954
304998	62	126	14	78	142	30	94	158	46	110	174	2011	2038	2188	1996	1983	1902	2014	2096	1932	2018	2032	1976
304998	62	126	14	78	142	30	94	158	46	110	174	2015	2028	2123	2014	2004	1986	2015	2068	2004	2019	2019	2027
304998	62	126	14	78	142	30	94	158	46	110	174	2035	2018	2079	2040	2022	2054	2030	2046	2074	2018	2015	2063
304998	62	126	14	78	142	30	94	158	46	110	174	2028	2005	2082	2046	2031	2050	2039	2048	2060	2017	2015	2068
304998	62	126	14	78	142	30	94	158	46	110	174	2030	2020	2130	2023	2011	1981	2026	2064	1994	2020	2021	2024
304998	62	126	14	78	142	30	94	158	46	110	174	2014	2033	2196	2005	1979	1902	2002	2087	1926	2019	2029	1969
304998	62	126	14	78	142	30	94	158	46	110	174	2005	2043	2198	1992	1974	1888	1989	2092	1918	2018	2033	1948
304998	62	126	14	78	142	30	94	158	46	110	174	2013	2032	2150	2002	1990	1939	1997	2085	1966	2016	2035	1992
304998	62	126	14	78	142	30	94	158	46	110	174	2031	2018	2096	2028	2016	2023	2020	2059	2033	2020	2021	2051
304998	62	126	14	78	142	30	94	158	46	110	174	2043	2011	2073	2041	2037	2063	2053	2043	2063	2021	2006	2077
304998	62	126	14	78	142	30	94	158	46	110	174	2033	2012	2106	2040	2020	2019	2034	2049	2032	2017	2008	2050
304998	62	126	14	78	142	30	94	158	46	110	174	2023	2035	2156	2018	2000	1938	2013	2076	1966	2016	2028	1988
304998	62	126	14	78	142	30	94	158	46	110	174	2006	2039	2192	1996	1981	1885	1990	2095	1913	2019	2042	1952
304998	62	126	14	78	142	30	94	158	46	110	174	2008	2033	2182	1995	1975	1912	1987	2091	1933	2018	2038	1974
304998	62	126	14	78	142	30	94	158	46	110	174	2021	2022	2132	2013	1995	1981	2006	2074	1990	2016	2023	2020
304998	62	126	14	78	142	30	94	158	46	110	174	2034	2013	2092	2035	2022	2048	2031	2047	2058	2019	2007	2056
304998	62	126	14	78	142	30	94	158	46	110	174	2041	2015	2082	2047	2032	2050	2043	2046	2065	2019	2014	2068
304998	62	126	14	78	142	30	94	158	46	110	174	2032	2027	2114	2029	2018	1988	2031	2065	2003	2021	2021	2027
304998	62	126	14	78	142	30	94	158	46	110	174	2021	2037	2169	2007	1980	1916	2006	2087	1936	2019	2029	1975
304998	62	126	14	78	142	30	94	158	46	110	174	2004	2039	2195	1986	1974	1894	1988	2096	1911	2022	2034	1946
304998	62	126	14	78	142	30	94	158	46	110	174	2015	2037	2170	1999	1982	1929	1997	2083	1956	2017	2029	1975
304998	62	126	14	78	142	30	94	158	46	110	174	2021	2021	2113	2024	2015	2006	2018	2063	2024	2018	2024	2045
304998	62	126	14	78	142	30	94	158	46	110	174	2039	2016	2072	2047	2034	2055	2043	2045	2065	2022	2013	2078
304998	62	126	14	78	142	30	94	158	46	110	174	2036	2011	2091	2047	2023	2034	2040	2046	2040	2017	2010	2061
304998	62	126	14	78	142	30	94	158	46	110	174	2020	2025	2149	2016	2000	1958	2017	2071	1971	2021	2019	1996
304998	62	126	14	78	142	30	94	158	46	110	174	2011	2033	2201	1996	1971	1889	1994	2089	1929	2017	2038	1947
304998	62	126	14	78	142	30	94	158	46	110	174	2004	2041	2195	1993	1972	1894	1984	2096	1927	2018	2042	1962
304998	62	126	14	78	142	30	94	158	46	110	174	2020	2032	2131	2011	1999	1967	2018	2078	1989	2017	2029	2018
304998	62	126	14	78	142	30	94	158	46	110	174	2038	2013	2084	2034	2029	2037	2031	2048	2048	2021	2011	2066
304998	62	126	14	78	142	30	94	158	46	110	174	2043	2005	2074	2050	2039	2056	2046	2042	2066	2017	2004	2063
304998	62	126	14	78	142	30	94	158	46	110	174	2034	2014	2128	2039	2019	1998	2033	2055	2018	2018	2017	2028
304998	62	126	14	78	142	30	94	158	46	110	174	2015	2033	2178	2005	1988	1921	2003	2084	1947	2022	2039	1986
304998	62	126	14	78	142	30	94	158	46	110	174	2009	2044	2195	1986	1973	1888	1998	2102	1913	2020	2042	1957
304998	62	126	14	78	142	30	94	158	46	110	174	2008	2034	2163	1993	1981	1931	1993	2088	1943	2021	2030	1981
304998	62	126	14	78	142	30	94	158	46	110	174	2029	2021	2111	2020	2013	2009	2020	2060	2019	2021	2016	2030
304998	62	126	14	78	142	30	94	158	46	110	174	2035	2006	2081	2042	2035	2052	2038	2043	2066	2016	2012	2071
304998	62	126	14	78	142	30	94	158	46	110	174	2044	2013	2091	2048	2025	2033	2045	2049	2045	2020	2013	2063
304998	62	126	14	78	142	30	94	158	46	110	174	2025	2034	2143	2024	2006	1961	2031	2074	1978	2022	2021	2009
304998	62	126	14	78	142	30	94	158	46	110	174	2015	2039	2181	1993	1974	1904	1996	2092	1922	2018	2035	1957
304998	62	126	14	78	142	30	94	158	46	110	174	2007	2036	2190	1985	1975	1901	1993	2100	1931	2018	2038	1951
304998	62	126	14	78	142	30	94	158	46	110	174	2011	2023	2154	2003	1992	1953	2001	2080	1980	2021	2034	2001
304998	62	126	14	78	142	30	94	158	46	110	174	2033	2018	2096	2039	2015	2032	2037	2058	2041	2017	2015	2059
304998	62	126	14	78	142	30	94	158	46	110	174	2039	2010	2081	2053	2039	2048	2048	2042	2061	2017	2007	2079
304998	62	126	14	78	142	30	94	158	46	110	174	2038	2023	2101	2040	2023	2009	2036	2050	2018	2016	2011	2037
304998	62	126	14	78	142	30	94	158	46	110	174	2020	2028	2157	2011	1994	1936	2008	2080	1960	2022	2033	1979
304998	62	126	14	78	142	30	94	158	46	110	174	2002	2038	2199	1986	1970	1890	1987	2102	1921	2017	2041	1954
304998	62	126	14	78	142	30	94	158	46	110	174	2007	2036	2184	1993	1977	1917	1993	2098	1942	2020	2042	1981
304998	62	126	14	78	142	30	94	158	46	110	174	2021	2026	2126	2016	2014	1988	2015	2068	2003	2016	2019	2033
304998	62	126	14	78	142	30	94	158	46	110	174	2038	2016	2074	2044	2037	2050	2039	2038	2058	2017	2006	2066
304998	62	126	14	78	142	30	94	158	46	110	174	2045	2008	2077	2047	2033	2041	2041	2035	2056	2021	2008	2058
304998	62	126	14	78	142	30	94	158	46	110	174	2031	2018	2131	2022	2009	1975	2022	2066	1995	2019	2028	2013
304998	62	126	14	78	142	30	94	158	46	110	174	2015	2037	2189	1998	1976	1907	2002	2093	1928	2018	2037	1973
304998	62	126	14	78	142	30	94	158	46	110	174	2003	2044	2199	1983	1974	1893	1993	2102	1918	2020	2042	1958
304998	62	126	14	78	142	30	94	158	46	110	174	2015	2038	2151	2000	1993	1951	2004	2077	1971	2018	2025	1993
304998	62	126	14	78	142	30	94	158	46	110	174	2033	2019	2091	2032	2019	2022	2033	2053	2041	2020	2021	2046
304998	62	126	14	78	142	30	94	158	46	110	174	2041	2004	2071	2050	2036	2056	2040	2044	2061	2018	2011	2076
304998	62	126	14	78	142	30	94	158	46	110	174	2033	2015	2108	2042	2025	2012	2044	2049	2025	2021	2011	2053
304998	62	126	14	78	142	30	94	158	46	110	174	2019	2030	2166	2012	1996	1942	2016	2081	1962	2022	2026	1987
304998	62	126	14	78	142	30	94	158	46	110	174	2004	2043	2196	1988	1972	1897	1988	2093	1918	2018	2035	1950
304998	62	126	14	78	142	30	94	158	46	110	174	2007	2043	2175	1989	1978	1914	1988	2091	1945	2022	2042	1964
304998	62	126	14	78	142	30	94	158	46	110	174	2018	2026	2124	2013	2007	1987	2009	2073	1998	2016	2027	2025
304998	62	126	14	78	142	30	94	158	46	110	174	2038	2010	2082	2046	2030	2041	2044	2046	2050	2020	2011	2067
304998	62	126	14	78	142	30	94	158	46	110	174	2039	2004	2088	2054	2031	2039	2042	2038	2048	2017	2005	2070
304998	62	126	14	78	142	30	94	158	46	110	174	2032	2025	2130	2031	2014	1978	2036	2054	1996	2017	2012	2017
304998	62	126	14	78	142	30	94	158	46	110	174	2017	2041	2177	2000	1989	1916	2002	2090	1950	2020	2037	1968
304998	62	126	14	78	142	30	94	158	46	110	174	2009	2042	2185	1983	1973	1894	1986	2105	1921	2017	2044	1957
304998	62	126	14	78	142	30	94	158	46	110	174	2014	2026	2159	1992	1986	1939	2001	2084	1960	2020	2031	1993
304998	62	126	14	78	142	30	94	158	46	110	174	2025	2015	2111	2030	2014	2012	2021	2052	2024	2019	2012	2047
304998	62	126	14	78	142	30	94	158	46	110	174	2039	2012	2081	2053	2035	2047	2058	2036	2059	2020	2003	2068
304998	62	126	14	78	142	30	94	158	46	110	174	2033	2015	2105	2044	2031	2023	2039	2047	2039	2021	2014	2044
304998	62	126	14	78	142	30	94	158	46	110	174	2026	2029	2142	2017	1993	1959	2020	2081	1971	2021	2031	2001
304998	62	126	14	78	142	30	94	158	46	110	174	2007	2033	2194	1990	1974	1899	1993	2098	1918	2019	2043	1960
304998	62	126	14	78	142	30	94	158	46	110	174	2001	2036	2191	1987	1971	1911	1988	2097	1929	2018	2036	1971
304998	62	126	14	78	142	30	94	158	46	110	174	2020	2024	2137	2014	1994	1970	2021	2073	1988	2021	2021	2007
304998	62	126	14	78	142	30	94	158	46	110	174	2035	2018	2092	2042	2031	2031	2039	2049	2049	2021	2015	2061
304998	62	126	14	78	142	30	94	158	46	110	174	2045	2013	2072	2053	2032	2051	2057	2042	2052	2018	2009	2070
304998	62	126	14	78	142	30	94	158	46	110	174	2038	2018	2113	2038	2014	1989	2041	2064	2004	2020	2019	2030
304998	62	126	14	78	142	30	94	158	46	110	174	2013	2027	2174	2001	1989	1923	2005	2086	1939	2018	2030	1981
304998	62	126	14	78	142	30	94	158	46	110	174	2010	2039	2203	1984	1974	1897	1992	2100	1920	2021	2036	1951
304998	62	126	14	78	142	30	94	158	46	110	174	2008	2032	2174	1997	1987	1928	1992	2091	1955	2022	2032	1977
304998	62	126	14	78	142	30	94	158	46	110	174	2027	2026	2106	2025	2016	2005	2028	2063	2019	2020	2020	2043
304998	62	126	14	78	142	30	94	158	46	110	174	2044	2005	2069	2051	2026	2050	2047	2041	2056	2017	2007	2073
304998	62	126	14	78	142	30	94	158	46	110	174	2043	2006	2093	2048	2030	2024	2051	2043	2036	2020	2011	2059
304998	62	126	14	78	142	30	94	158	46	110	174	2026	2025	2148	2020	1997	1961	2018	2065	1981	2021	2016	1996
304998	62	126	14	78	142	30	94	158	46	110	174	2009	2045	2196	1998	1971	1903	2006	2096	1934	2020	2042	1957
304998	62	126	14	78	142	30	94	158	46	110	174	2008	2048	2192	1985	1976	1906	1991	2103	1924	2022	2041	1968
304998	62	126	14	78	142	30	94	158	46	110	174	2023	2033	2137	2006	1993	1965	2016	2077	1977	2019	2028	2011
304998	62	126	14	78	142	30	94	158	46	110	174	2034	2010	2085	2037	2028	2029	2034	2049	2039	2018	2006	2061
304998	62	126	14	78	142	30	94	158	46	110	174	2042	2004	2079	2053	2034	2044	2052	2035	2059	2020	2002	2066
304998	62	126	14	78	142	30	94	158	46	110	174	2034	2015	2120	2040	2018	1995	2035	2062	2018	2020	2017	2029
304998	62	126	14	78	142	30	94	158	46	110	174	2019	2036	2173	2011	1990	1928	2018	2085	1951	2020	2033	1988
304998	62	126	14	78	142	30	94	158	46	110	174	2008	2046	2194	1985	1974	1898	1994	2103	1915	2022	2036	1957
304998	62	126	14	78	142	30	94	158	46	110	174	2014	2042	2162	1990	1983	1932	2001	2091	1948	2022	2033	1980
304998	62	126	14	78	142	30	94	158	46	110	174	2025	2020	2113	2020	2010	1993	2018	2065	2013	2020	2015	2029
304998	62	126	14	78	142	30	94	158	46	110	174	2038	2002	2080	2051	2027	2046	2052	2043	2054	2018	2009	2065
304998	62	126	14	78	142	30	94	158	46	110	174	2045	2007	2091	2053	2028	2033	2046	2045	2042	2022	2013	2064
304998	62	126	14	78	142	30	94	158	46	110	174	2025	2024	2143	2026	2010	1967	2036	2070	1978	2019	2020	2014
304998	62	126	14	78	142	30	94	158	46	110	174	2018	2039	2179	1992	1979	1909	2005	2092	1929	2021	2035	1965
304998	62	126	14	78	142	30	94	158	46	110	174	2008	2036	2192	1982	1975	1906	1992	2101	1934	2020	2031	1953
304998	62	126	14	78	142	30	94	158	46	110	174	2013	2026	2154	2003	1995	1951	2003	2084	1969	2022	2029	1995
304998	62	126	14	78	142	30	94	158	46	110	174	2032	2011	2103	2040	2014	2024	2038	2058	2034	2020	2014	2061
304998	62	126	14	78	142	30	94	158	46	110	174	2039	2005	2086	2055	2036	2044	2052	2038	2049	2018	2008	2075
304998	62	126	14	78	142	30	94	158	46	110	174	2037	2015	2105	2046	2012	2011	2038	2047	2022	2020	2011	2041
304998	62	126	14	78	142	30	94	158	46	110	174	2018	2025	2161	2013	2000	1939	2016	2081	1968	2020	2022	1984
304998	62	126	14	78	142	30	94	158	46	110	174	2008	2035	2195	1988	1969	1899	1991	2102	1923	2020	2040	1949
304998	62	126	14	78	142	30	94	158	46	110	174	2007	2033	2185	1992	1961	1923	2003	2093	1940	2020	2042	1974
304998	62	126	14	78	142	30	94	158	46	110	174	2022	2021	2135	2019	2009	1985	2025	2067	1994	2017	2019	2026
304998	62	126	14	78	142	30	94	158	46	110	174	2035	2012	2082	2050	2031	2045	2041	2040	2054	2022	2006	2071
304998	62	126	14	78	142	30	94	158	46	110	174	2043	2005	2086	2058	2025	2042	2049	2039	2050	2018	2002	2060
304998	62	126	14	78	142	30	94	158	46	110	174	2027	2015	2131	2032	2011	1981	2026	2067	1992	2021	2020	2013
304998	62	126	14	78	142	30	94	158	46	110	174	2017	2033	2185	1999	1984	1909	2013	2094	1936	2022	2037	1966
304998	62	126	14	78	142	30	94	158	46	110	174	2006	2037	2205	1986	1971	1891	1999	2096	1923	2020	2040	1960
304998	62	126	14	78	142	30	94	158	46	110	174	2012	2035	2164	1999	1994	1944	2004	2085	1976	2016	2023	1999
304998	62	126	14	78	142	30	94	158	46	110	174	2035	2020	2095	2032	2017	2020	2050	2059	2032	2021	2009	2038
304998	62	126	14	78	142	30	94	158	46	110	174	2038	1999	2077	2057	2032	2048	2048	2037	2053	2018	2006	2069
304998	62	126	14	78	142	30	94	158	46	110	174	2036	2008	2100	2046	2026	2015	2046	2052	2024	2017	2014	2048
304998	62	126	14	78	142	30	94	158	46	110	174	2023	2019	2168	2021	1993	1946	2024	2074	1969	2017	2027	1997
304998	62	126	14	78	142	30	94	158	46	110	174	2009	2042	2201	1989	1974	1900	1997	2102	1926	2016	2030	1959
304998	62	126	14	78	142	30	94	158	46	110	174	2013	2047	2181	1988	1977	1916	2012	2104	1934	2021	2034	1958
304998	62	126	14	78	142	30	94	158	46	110	174	2024	2027	2130	2016	1999	1985	2018	2074	1987	2022	2023	2014
304998	62	126	14	78	142	30	94	158	46	110	174	2041	2004	2081	2044	2029	2037	2038	2044	2045	2018	2013	2070
304998	62	126	14	78	142	30	94	158	46	110	174	2039	2001	2091	2056	2034	2039	2048	2039	2054	2017	2007	2077
304998	62	126	14	78	142	30	94	158	46	110	174	2028	2019	2132	2038	2016	1983	2039	2062	2001	2020	2014	2020
304998	62	126	14	78	142	30	94	158	46	110	174	2014	2041	2184	2003	1983	1924	2010	2091	1936	2021	2029	1963
304998	62	126	14	78	142	30	94	158	46	110	174	2004	2041	2192	1984	1970	1901	1998	2104	1922	2017	2043	1948
304998	62	126	14	78	142	30	94	158	46	110	174	2015	2032	2158	1993	1987	1940	2004	2084	1961	2017	2032	1993
304998	62	126	14	78	142	30	94	158	46	110	174	2031	2013	2115	2025	2018	2008	2030	2063	2026	2018	2011	2043
304998	62	126	14	78	142	30	94	158	46	110	174	2039	2005	2085	2061	2038	2050	2057	2042	2056	2017	2002	2076
304998	62	126	14	78	142	30	94	158	46	110	174	2040	2012	2098	2048	2030	2019	2049	2047	2030	2020	2008	2044
304998	62	126	14	78	142	30	94	158	46	110	174	2026	2024	2152	2020	1994	1959	2020	2067	1970	2017	2026	1997
304998	62	126	14	78	142	30	94	158	46	110	174	2010	2039	2192	1989	1974	1901	2001	2096	1935	2017	2035	1965
304998	62	126	14	78	142	30	94	158	46	110	174	2012	2034	2190	1984	1977	1906	2004	2105	1932	2022	2036	1970
304998	62	126	14	78	142	30	94	158	46	110	174	2016	2023	2145	2013	1997	1973	2014	2077	1982	2019	2018	2009
304998	62	126	14	78	142	30	94	158	46	110	174	2034	2010	2096	2044	2030	2032	2043	2043	2038	2021	2011	2053
304998	62	126	14	78	142	30	94	158	46	110	174	2042	2007	2082	2061	2026	2048	2052	2031	2061	2019	2006	2070
304998	62	126	14	78	142	30	94	158	46	110	174	2034	2013	2118	2043	2017	1994	2039	2056	2010	2022	2016	2036
