304998	62	126	14	78	142	30	94	158	46	110	174	2004	2042	2151	1991	1986	1963	1996	2099	1982	2017	2040	2001
304998	62	126	14	78	142	30	94	158	46	110	174	2035	2014	2099	2043	2025	1990	2035	2045	2010	2022	2009	2054
304998	62	126	14	78	142	30	94	158	46	110	174	2058	2000	2076	2069	2044	2011	2059	2019	2021	2021	1996	2072
304998	62	126	14	78	142	30	94	158	46	110	174	2046	2004	2110	2054	2030	1989	2046	2040	2006	2021	2002	2033
304998	62	126	14	78	142	30	94	158	46	110	174	2017	2037	2159	2000	1986	1960	2005	2092	1982	2017	2034	1984
304998	62	126	14	78	142	30	94	158	46	110	174	1996	2058	2190	1967	1957	1937	1981	2125	1950	2022	2056	1962
304998	62	126	14	78	142	30	94	158	46	110	174	1994	2059	2166	1969	1963	1950	1994	2112	1968	2017	2048	1987
304998	62	126	14	78	142	30	94	158	46	110	174	2024	2030	2120	2014	1995	1983	2012	2070	1995	2022	2019	2025
304998	62	126	14	78	142	30	94	158	46	110	174	2047	1998	2084	2058	2044	2006	2051	2024	2028	2018	1997	2062
304998	62	126	14	78	142	30	94	158	46	110	174	2046	1990	2094	2071	2044	2003	2049	2026	2026	2020	2002	2050
304998	62	126	14	78	142	30	94	158	46	110	174	2033	2017	2133	2038	2001	1979	2034	2064	1992	2016	2025	2017
304998	62	126	14	78	142	30	94	158	46	110	174	2000	2048	2184	1982	1973	1945	1994	2111	1964	2019	2047	1979
304998	62	126	14	78	142	30	94	158	46	110	174	1996	2070	2178	1958	1957	1946	1973	2123	1955	2020	2048	1968
304998	62	126	14	78	142	30	94	158	46	110	174	2005	2045	2145	1991	1970	1972	1992	2091	1984	2022	2037	1997
304998	62	126	14	78	142	30	94	158	46	110	174	2030	2006	2101	2035	2029	1997	2027	2049	2013	2022	2011	2035
304998	62	126	14	78	142	30	94	158	46	110	174	2055	1995	2087	2074	2041	2012	2068	2025	2024	2021	2000	2069
304998	62	126	14	78	142	30	94	158	46	110	174	2046	2003	2114	2058	2032	1988	2051	2039	2006	2020	2009	2050
304998	62	126	14	78	142	30	94	158	46	110	174	2019	2038	2153	2013	1994	1958	2014	2081	1979	2022	2028	1999
304998	62	126	14	78	142	30	94	158	46	110	174	1997	2060	2174	1965	1958	1947	1976	2115	1964	2018	2050	1961
304998	62	126	14	78	142	30	94	158	46	110	174	1993	2053	2173	1963	1969	1950	1975	2118	1968	2017	2054	1971
304998	62	126	14	78	142	30	94	158	46	110	174	2019	2025	2132	2007	1998	1979	2009	2080	1998	2016	2033	2022
304998	62	126	14	78	142	30	94	158	46	110	174	2043	2000	2098	2059	2040	2001	2052	2035	2015	2017	2005	2061
304998	62	126	14	78	142	30	94	158	46	110	174	2052	1997	2094	2068	2045	2003	2065	2020	2020	2021	1997	2062
304998	62	126	14	78	142	30	94	158	46	110	174	2042	2024	2130	2039	2017	1975	2035	2056	2000	2021	2012	2018
304998	62	126	14	78	142	30	94	158	46	110	174	2008	2050	2162	1990	1977	1948	2003	2105	1968	2018	2043	1972
304998	62	126	14	78	142	30	94	158	46	110	174	1996	2064	2182	1957	1954	1946	1975	2125	1952	2019	2055	1968
304998	62	126	14	78	142	30	94	158	46	110	174	1998	2044	2164	1976	1977	1955	1996	2105	1969	2021	2041	1996
304998	62	126	14	78	142	30	94	158	46	110	174	2028	2015	2117	2028	2022	1988	2030	2055	2005	2020	2010	2044
304998	62	126	14	78	142	30	94	158	46	110	174	2047	1998	2091	2069	2045	2001	2051	2020	2027	2016	1995	2057
304998	62	126	14	78	142	30	94	158	46	110	174	2051	2006	2098	2062	2040	1993	2052	2038	2012	2022	2007	2042
304998	62	126	14	78	142	30	94	158	46	110	174	2027	2024	2149	2019	1998	1967	2015	2080	1983	2016	2033	2004
304998	62	126	14	78	142	30	94	158	46	110	174	1998	2053	2182	1972	1964	1942	1982	2120	1956	2021	2050	1971
304998	62	126	14	78	142	30	94	158	46	110	174	1995	2060	2182	1965	1959	1946	1987	2118	1966	2021	2047	1971
304998	62	126	14	78	142	30	94	158	46	110	174	2006	2033	2138	1998	2000	1972	1995	2084	1994	2018	2024	2007
304998	62	126	14	78	142	30	94	158	46	110	174	2044	2006	2095	2049	2034	2000	2047	2041	2014	2018	2005	2048
304998	62	126	14	78	142	30	94	158	46	110	174	2057	1993	2083	2074	2043	2008	2058	2024	2021	2021	1999	2063
304998	62	126	14	78	142	30	94	158	46	110	174	2042	2010	2122	2045	2018	1982	2040	2055	1993	2021	2017	2036
304998	62	126	14	78	142	30	94	158	46	110	174	2012	2041	2166	1995	1979	1951	2008	2093	1975	2021	2034	1986
304998	62	126	14	78	142	30	94	158	46	110	174	1990	2062	2189	1960	1959	1943	1983	2125	1962	2017	2048	1956
304998	62	126	14	78	142	30	94	158	46	110	174	1999	2056	2160	1976	1977	1957	1987	2113	1977	2021	2048	1984
304998	62	126	14	78	142	30	94	158	46	110	174	2027	2023	2112	2021	2009	1992	2033	2064	1998	2017	2020	2034
304998	62	126	14	78	142	30	94	158	46	110	174	2048	1990	2088	2066	2042	1997	2057	2028	2020	2020	1996	2072
304998	62	126	14	78	142	30	94	158	46	110	174	2050	1995	2098	2066	2040	1993	2060	2025	2015	2022	1998	2053
304998	62	126	14	78	142	30	94	158	46	110	174	2025	2025	2148	2024	2003	1966	2026	2076	1992	2017	2019	2006
304998	62	126	14	78	142	30	94	158	46	110	174	1994	2054	2184	1972	1966	1946	1994	2114	1963	2017	2051	1962
304998	62	126	14	78	142	30	94	158	46	110	174	1992	2066	2175	1961	1954	1954	1982	2126	1959	2019	2053	1970
304998	62	126	14	78	142	30	94	158	46	110	174	2006	2033	2138	1996	1984	1970	2005	2084	1986	2022	2034	2011
304998	62	126	14	78	142	30	94	158	46	110	174	2043	2001	2098	2045	2030	1990	2037	2040	2015	2022	2006	2050
304998	62	126	14	78	142	30	94	158	46	110	174	2050	1983	2091	2072	2050	1999	2064	2028	2023	2016	1991	2057
304998	62	126	14	78	142	30	94	158	46	110	174	2043	2008	2124	2052	2027	1982	2041	2045	2002	2020	2017	2031
304998	62	126	14	78	142	30	94	158	46	110	174	2014	2043	2161	2005	1986	1959	2011	2094	1973	2016	2037	1996
304998	62	126	14	78	142	30	94	158	46	110	174	1993	2061	2182	1960	1963	1949	1986	2120	1960	2022	2053	1966
304998	62	126	14	78	142	30	94	158	46	110	174	1996	2048	2159	1968	1963	1955	1981	2111	1979	2018	2042	1984
304998	62	126	14	78	142	30	94	158	46	110	174	2025	2021	2124	2015	2008	1978	2031	2072	1998	2021	2020	2019
304998	62	126	14	78	142	30	94	158	46	110	174	2046	1995	2099	2062	2041	2000	2052	2028	2015	2020	2007	2057
304998	62	126	14	78	142	30	94	158	46	110	174	2049	2000	2102	2068	2044	1996	2068	2028	2009	2020	2002	2062
304998	62	126	14	78	142	30	94	158	46	110	174	2030	2027	2132	2032	2006	1982	2035	2067	1997	2019	2018	2017
304998	62	126	14	78	142	30	94	158	46	110	174	2000	2049	2174	1978	1967	1950	1992	2116	1972	2018	2044	1970
304998	62	126	14	78	142	30	94	158	46	110	174	1994	2060	2178	1958	1962	1942	1986	2126	1960	2021	2054	1964
304998	62	126	14	78	142	30	94	158	46	110	174	2004	2037	2154	1987	1981	1969	2001	2096	1982	2020	2042	2004
304998	62	126	14	78	142	30	94	158	46	110	174	2030	2011	2110	2042	2025	1991	2039	2042	2007	2017	2011	2050
304998	62	126	14	78	142	30	94	158	46	110	174	2052	1996	2086	2070	2050	2005	2058	2020	2028	2018	1996	2068
304998	62	126	14	78	142	30	94	158	46	110	174	2045	2005	2107	2059	2016	1990	2048	2047	2004	2021	2001	2028
304998	62	126	14	78	142	30	94	158	46	110	174	2017	2034	2156	2006	1992	1963	2013	2094	1979	2020	2035	1995
304998	62	126	14	78	142	30	94	158	46	110	174	1993	2059	2184	1962	1963	1947	1979	2123	1959	2020	2058	1966
304998	62	126	14	78	142	30	94	158	46	110	174	1993	2056	2177	1967	1966	1959	1989	2113	1973	2022	2045	1986
304998	62	126	14	78	142	30	94	158	46	110	174	2017	2036	2128	2007	2004	1981	2012	2074	1999	2020	2020	2022
304998	62	126	14	78	142	30	94	158	46	110	174	2048	1998	2092	2060	2036	1998	2057	2035	2019	2020	1997	2053
304998	62	126	14	78	142	30	94	158	46	110	174	2051	1989	2096	2071	2044	1995	2066	2024	2009	2020	2004	2054
304998	62	126	14	78	142	30	94	158	46	110	174	2039	2013	2132	2040	2015	1979	2040	2065	1990	2022	2016	2026
304998	62	126	14	78	142	30	94	158	46	110	174	2001	2051	2181	1988	1975	1952	2007	2109	1972	2019	2041	1980
304998	62	126	14	78	142	30	94	158	46	110	174	1991	2071	2180	1956	1960	1949	1989	2130	1962	2022	2048	1960
304998	62	126	14	78	142	30	94	158	46	110	174	2003	2046	2145	1982	1975	1968	2001	2102	1977	2021	2037	1991
304998	62	126	14	78	142	30	94	158	46	110	174	2032	2005	2105	2032	2019	1985	2035	2052	2002	2022	2015	2043
304998	62	126	14	78	142	30	94	158	46	110	174	2053	1987	2087	2069	2048	1993	2060	2025	2019	2017	1992	2071
304998	62	126	14	78	142	30	94	158	46	110	174	2042	1996	2119	2066	2027	1992	2048	2039	2012	2020	1999	2044
304998	62	126	14	78	142	30	94	158	46	110	174	2020	2034	2156	2014	1994	1966	2026	2085	1984	2021	2025	1997
304998	62	126	14	78	142	30	94	158	46	110	174	1994	2063	2182	1967	1963	1955	1988	2122	1960	2019	2053	1964
304998	62	126	14	78	142	30	94	158	46	110	174	1982	2052	2172	1963	1953	1956	1976	2114	1969	2020	2056	1981
304998	62	126	14	78	142	30	94	158	46	110	174	2017	2024	2132	1999	2004	1971	2005	2077	1998	2017	2022	2023
304998	62	126	14	78	142	30	94	158	46	110	174	2045	1995	2107	2057	2029	2002	2052	2038	2019	2021	1997	2058
304998	62	126	14	78	142	30	94	158	46	110	174	2053	1994	2097	2078	2044	2000	2067	2031	2011	2016	1997	2052
304998	62	126	14	78	142	30	94	158	46	110	174	2040	2021	2124	2044	2021	1977	2047	2059	1992	2016	2018	2026
304998	62	126	14	78	142	30	94	158	46	110	174	2004	2046	2156	1992	1967	1957	2007	2099	1973	2018	2041	1982
304998	62	126	14	78	142	30	94	158	46	110	174	1992	2063	2180	1957	1965	1946	1979	2130	1968	2020	2048	1968
304998	62	126	14	78	142	30	94	158	46	110	174	1998	2044	2164	1978	1974	1967	1994	2113	1974	2021	2034	1986
304998	62	126	14	78	142	30	94	158	46	110	174	2027	2015	2123	2029	2012	1986	2037	2059	1995	2020	2016	2028
304998	62	126	14	78	142	30	94	158	46	110	174	2049	1994	2090	2069	2044	2002	2070	2021	2015	2017	1999	2063
304998	62	126	14	78	142	30	94	158	46	110	174	2051	1994	2098	2069	2026	1994	2057	2030	2014	2022	2003	2054
304998	62	126	14	78	142	30	94	158	46	110	174	2026	2029	2146	2020	2004	1965	2024	2085	1986	2017	2017	2005
304998	62	126	14	78	142	30	94	158	46	110	174	1998	2057	2181	1971	1964	1954	1996	2124	1967	2018	2045	1967
304998	62	126	14	78	142	30	94	158	46	110	174	1985	2060	2185	1959	1957	1958	1983	2121	1964	2021	2056	1968
304998	62	126	14	78	142	30	94	158	46	110	174	2010	2037	2142	1996	1990	1979	2008	2082	1990	2020	2030	2016
304998	62	126	14	78	142	30	94	158	46	110	174	2041	1996	2099	2050	2029	1990	2039	2039	2015	2016	1999	2058
304998	62	126	14	78	142	30	94	158	46	110	174	2059	1986	2088	2074	2048	1993	2080	2033	2017	2018	1986	2060
304998	62	126	14	78	142	30	94	158	46	110	174	2037	2006	2130	2054	2022	1982	2049	2049	1992	2018	2011	2023
304998	62	126	14	78	142	30	94	158	46	110	174	2003	2040	2170	1995	1979	1963	2006	2092	1974	2019	2042	1983
304998	62	126	14	78	142	30	94	158	46	110	174	1993	2068	2184	1958	1954	1956	1987	2132	1969	2021	2050	1970
304998	62	126	14	78	142	30	94	158	46	110	174	1996	2052	2163	1966	1964	1962	1988	2112	1972	2022	2041	1991
304998	62	126	14	78	142	30	94	158	46	110	174	2027	2019	2118	2021	2014	1979	2035	2066	1996	2020	2017	2023
304998	62	126	14	78	142	30	94	158	46	110	174	2049	1983	2094	2067	2046	1997	2061	2023	2013	2020	2001	2059
304998	62	126	14	78	142	30	94	158	46	110	174	2048	1996	2107	2075	2034	1997	2062	2028	2014	2020	2001	2060
304998	62	126	14	78	142	30	94	158	46	110	174	2028	2029	2143	2029	2007	1971	2028	2072	1991	2022	2021	2013
304998	62	126	14	78	142	30	94	158	46	110	174	2000	2057	2173	1983	1959	1955	1995	2117	1971	2017	2044	1960
304998	62	126	14	78	142	30	94	158	46	110	174	1989	2058	2177	1958	1962	1952	1988	2128	1968	2016	2051	1964
304998	62	126	14	78	142	30	94	158	46	110	174	2006	2033	2150	1986	1990	1971	2008	2089	1991	2021	2040	2007
304998	62	126	14	78	142	30	94	158	46	110	174	2036	2007	2111	2043	2034	1994	2040	2045	2007	2021	2010	2050
304998	62	126	14	78	142	30	94	158	46	110	174	2056	1993	2091	2077	2047	1996	2067	2027	2016	2018	1988	2066
304998	62	126	14	78	142	30	94	158	46	110	174	2048	2003	2113	2061	2017	1987	2048	2048	2000	2021	2004	2027
304998	62	126	14	78	142	30	94	158	46	110	174	2020	2034	2154	2004	1986	1964	2021	2092	1981	2020	2037	1986
304998	62	126	14	78	142	30	94	158	46	110	174	1985	2062	2190	1962	1961	1954	1977	2125	1976	2018	2053	1966
304998	62	126	14	78	142	30	94	158	46	110	174	1993	2056	2168	1967	1969	1965	1988	2118	1968	2020	2043	1985
304998	62	126	14	78	142	30	94	158	46	110	174	2017	2023	2125	2013	2008	1978	2019	2066	1992	2018	2017	2024
304998	62	126	14	78	142	30	94	158	46	110	174	2053	1999	2084	2067	2043	1995	2058	2031	2010	2021	1999	2050
304998	62	126	14	78	142	30	94	158	46	110	174	2059	1987	2095	2072	2045	1993	2060	2030	2017	2021	2000	2058
304998	62	126	14	78	142	30	94	158	46	110	174	2036	2018	2136	2036	2008	1976	2035	2067	1994	2021	2018	2019
304998	62	126	14	78	142	30	94	158	46	110	174	1997	2056	2182	1981	1966	1957	2004	2112	1966	2017	2044	1975
304998	62	126	14	78	142	30	94	158	46	110	174	1983	2071	2183	1955	1959	1950	1979	2123	1966	2017	2048	1962
304998	62	126	14	78	142	30	94	158	46	110	174	2005	2042	2142	1987	1982	1969	1997	2097	1987	2018	2042	1996
304998	62	126	14	78	142	30	94	158	46	110	174	2038	2004	2102	2039	2029	1985	2031	2048	2003	2018	2012	2049
304998	62	126	14	78	142	30	94	158	46	110	174	2060	1986	2094	2072	2045	2004	2074	2020	2015	2022	1991	2071
304998	62	126	14	78	142	30	94	158	46	110	174	2046	2002	2119	2060	2031	1982	2055	2039	2001	2019	2001	2035
304998	62	126	14	78	142	30	94	158	46	110	174	2022	2039	2146	2008	1992	1963	2023	2079	1986	2017	2031	1990
304998	62	126	14	78	142	30	94	158	46	110	174	1993	2062	2174	1966	1961	1956	1976	2126	1974	2022	2054	1966
304998	62	126	14	78	142	30	94	158	46	110	174	1990	2055	2167	1964	1968	1959	1971	2118	1975	2021	2048	1980
304998	62	126	14	78	142	30	94	158	46	110	174	2017	2022	2138	2004	1998	1982	2013	2075	1990	2018	2020	2026
304998	62	126	14	78	142	30	94	158	46	110	174	2049	2001	2100	2061	2038	1988	2059	2027	2017	2022	1996	2051
304998	62	126	14	78	142	30	94	158	46	110	174	2059	1996	2094	2078	2050	1988	2065	2025	2017	2017	1997	2053
304998	62	126	14	78	142	30	94	158	46	110	174	2042	2017	2121	2041	2011	1979	2047	2063	1992	2020	2017	2025
304998	62	126	14	78	142	30	94	158	46	110	174	2010	2048	2172	1985	1982	1960	1998	2105	1971	2016	2042	1987
304998	62	126	14	78	142	30	94	158	46	110	174	1985	2067	2182	1958	1956	1965	1979	2131	1969	2017	2050	1962
304998	62	126	14	78	142	30	94	158	46	110	174	1999	2049	2162	1979	1973	1964	1985	2104	1989	2020	2038	1987
304998	62	126	14	78	142	30	94	158	46	110	174	2030	2016	2107	2028	2021	1981	2026	2058	2001	2020	2015	2039
304998	62	126	14	78	142	30	94	158	46	110	174	2057	1985	2090	2071	2050	1995	2068	2020	2011	2017	1996	2063
304998	62	126	14	78	142	30	94	158	46	110	174	2049	1993	2112	2063	2039	1986	2052	2031	2000	2016	1997	2050
304998	62	126	14	78	142	30	94	158	46	110	174	2023	2031	2151	2015	1995	1973	2025	2084	1987	2016	2022	1997
304998	62	126	14	78	142	30	94	158	46	110	174	1989	2062	2188	1969	1962	1954	1979	2122	1969	2018	2057	1964
304998	62	126	14	78	142	30	94	158	46	110	174	1996	2074	2168	1957	1967	1954	1993	2124	1972	2019	2055	1982
304998	62	126	14	78	142	30	94	158	46	110	174	2017	2028	2138	2003	1999	1976	2014	2078	1986	2018	2025	2018
304998	62	126	14	78	142	30	94	158	46	110	174	2049	1994	2097	2051	2042	1990	2047	2030	2009	2020	1996	2054
304998	62	126	14	78	142	30	94	158	46	110	174	2062	1987	2096	2075	2042	1990	2059	2030	2013	2018	1991	2054
304998	62	126	14	78	142	30	94	158	46	110	174	2037	2011	2129	2049	2017	1976	2040	2051	1991	2020	2014	2024
304998	62	126	14	78	142	30	94	158	46	110	174	2013	2054	2158	1992	1981	1959	2015	2105	1974	2017	2042	1991
304998	62	126	14	78	142	30	94	158	46	110	174	1989	2067	2176	1959	1957	1954	1975	2123	1970	2017	2049	1970
304998	62	126	14	78	142	30	94	158	46	110	174	2002	2048	2155	1969	1974	1969	1984	2104	1987	2017	2040	1985
304998	62	126	14	78	142	30	94	158	46	110	174	2026	2014	2121	2021	2014	1984	2026	2065	1998	2018	2019	2033
304998	62	126	14	78	142	30	94	158	46	110	174	2048	1995	2097	2069	2042	1989	2053	2018	2007	2017	1997	2065
304998	62	126	14	78	142	30	94	158	46	110	174	2058	2002	2099	2070	2042	1984	2066	2027	2002	2020	1993	2057
304998	62	126	14	78	142	30	94	158	46	110	174	2029	2026	2140	2021	2003	1966	2024	2076	1994	2018	2019	2010
304998	62	126	14	78	142	30	94	158	46	110	174	1996	2056	2177	1969	1965	1961	1985	2125	1975	2017	2048	1961
304998	62	126	14	78	142	30	94	158	46	110	174	1991	2068	2177	1955	1963	1953	1993	2130	1972	2017	2058	1973
304998	62	126	14	78	142	30	94	158	46	110	174	2004	2042	2142	1995	1994	1969	2002	2083	1987	2022	2033	2014
304998	62	126	14	78	142	30	94	158	46	110	174	2041	2002	2103	2050	2028	1989	2036	2038	2006	2021	2003	2051
304998	62	126	14	78	142	30	94	158	46	110	174	2052	1978	2092	2079	2042	1995	2053	2023	2014	2016	1992	2055
304998	62	126	14	78	142	30	94	158	46	110	174	2045	2004	2120	2051	2031	1983	2044	2052	1998	2017	2011	2028
304998	62	126	14	78	142	30	94	158	46	110	174	2013	2042	2169	1995	1983	1967	2010	2096	1976	2020	2043	1988
304998	62	126	14	78	142	30	94	158	46	110	174	1983	2070	2182	1960	1963	1955	1971	2124	1971	2016	2055	1972
304998	62	126	14	78	142	30	94	158	46	110	174	1996	2058	2164	1970	1976	1965	1979	2112	1985	2017	2044	1981
304998	62	126	14	78	142	30	94	158	46	110	174	2026	2022	2115	2021	2003	1983	2018	2067	1996	2021	2014	2019
304998	62	126	14	78	142	30	94	158	46	110	174	2052	1987	2095	2064	2045	1992	2059	2028	2009	2021	1998	2059
