304998	62	126	14	78	142	30	94	158	46	110	174	2003	2046	2145	1982	1975	1968	2001	2102	1977	2021	2037	1991
304998	62	126	14	78	142	30	94	158	46	110	174	2032	2005	2105	2032	2019	1985	2035	2052	2002	2022	2015	2043
304998	62	126	14	78	142	30	94	158	46	110	174	2053	1987	2087	2069	2048	1993	2060	2025	2019	2017	1992	2071
304998	62	126	14	78	142	30	94	158	46	110	174	2042	1996	2119	2066	2027	1992	2048	2039	2012	2020	1999	2044
304998	62	126	14	78	142	30	94	158	46	110	174	2020	2034	2156	2014	1994	1966	2026	2085	1984	2021	2025	1997
304998	62	126	14	78	142	30	94	158	46	110	174	1994	2063	2182	1967	1963	1955	1988	2122	1960	2019	2053	1964
304998	62	126	14	78	142	30	94	158	46	110	174	1982	2052	2172	1963	1953	1956	1976	2114	1969	2020	2056	1981
304998	62	126	14	78	142	30	94	158	46	110	174	2017	2024	2132	1999	2004	1971	2005	2077	1998	2017	2022	2023
304998	62	126	14	78	142	30	94	158	46	110	174	2045	1995	2107	2057	2029	2002	2052	2038	2019	2021	1997	2058
304998	62	126	14	78	142	30	94	158	46	110	174	2053	1994	2097	2078	2044	2000	2067	2031	2011	2016	1997	2052
304998	62	126	14	78	142	30	94	158	46	110	174	2040	2021	2124	2044	2021	1977	2047	2059	1992	2016	2018	2026
304998	62	126	14	78	142	30	94	158	46	110	174	2004	2046	2156	1992	1967	1957	2007	2099	1973	2018	2041	1982
304998	62	126	14	78	142	30	94	158	46	110	174	1992	2063	2180	1957	1965	1946	1979	2130	1968	2020	2048	1968
304998	62	126	14	78	142	30	94	158	46	110	174	1998	2044	2164	1978	1974	1967	1994	2113	1974	2021	2034	1986
304998	62	126	14	78	142	30	94	158	46	110	174	2027	2015	2123	2029	2012	1986	2037	2059	1995	2020	2016	2028
304998	62	126	14	78	142	30	94	158	46	110	174	2049	1994	2090	2069	2044	2002	2070	2021	2015	2017	1999	2063
304998	62	126	14	78	142	30	94	158	46	110	174	2051	1994	2098	2069	2026	1994	2057	2030	2014	2022	2003	2054
304998	62	126	14	78	142	30	94	158	46	110	174	2026	2029	2146	2020	2004	1965	2024	2085	1986	2017	2017	2005
304998	62	126	14	78	142	30	94	158	46	110	174	1998	2057	2181	1971	1964	1954	1996	2124	1967	2018	2045	1967
304998	62	126	14	78	142	30	94	158	46	110	174	1985	2060	2185	1959	1957	1958	1983	2121	1964	2021	2056	1968
304998	62	126	14	78	142	30	94	158	46	110	174	2010	2037	2142	1996	1990	1979	2008	2082	1990	2020	2030	2016
304998	62	126	14	78	142	30	94	158	46	110	174	2041	1996	2099	2050	2029	1990	2039	2039	2015	2016	1999	2058
304998	62	126	14	78	142	30	94	158	46	110	174	2059	1986	2088	2074	2048	1993	2080	2033	2017	2018	1986	2060
304998	62	126	14	78	142	30	94	158	46	110	174	2037	2006	2130	2054	2022	1982	2049	2049	1992	2018	2011	2023
304998	62	126	14	78	142	30	94	158	46	110	174	2003	2040	2170	1995	1979	1963	2006	2092	1974	2019	2042	1983
304998	62	126	14	78	142	30	94	158	46	110	174	1993	2068	2184	1958	1954	1956	1987	2132	1969	2021	2050	1970
304998	62	126	14	78	142	30	94	158	46	110	174	1996	2052	2163	1966	1964	1962	1988	2112	1972	2022	2041	1991
304998	62	126	14	78	142	30	94	158	46	110	174	2027	2019	2118	2021	2014	1979	2035	2066	1996	2020	2017	2023
304998	62	126	14	78	142	30	94	158	46	110	174	2049	1983	2094	2067	2046	1997	2061	2023	2013	2020	2001	2059
304998	62	126	14	78	142	30	94	158	46	110	174	2048	1996	2107	2075	2034	1997	2062	2028	2014	2020	2001	2060
304998	62	126	14	78	142	30	94	158	46	110	174	2028	2029	2143	2029	2007	1971	2028	2072	1991	2022	2021	2013
304998	62	126	14	78	142	30	94	158	46	110	174	2000	2057	2173	1983	1959	1955	1995	2117	1971	2017	2044	1960
304998	62	126	14	78	142	30	94	158	46	110	174	1989	2058	2177	1958	1962	1952	1988	2128	1968	2016	2051	1964
304998	62	126	14	78	142	30	94	158	46	110	174	2006	2033	2150	1986	1990	1971	2008	2089	1991	2021	2040	2007
304998	62	126	14	78	142	30	94	158	46	110	174	2036	2007	2111	2043	2034	1994	2040	2045	2007	2021	2010	2050
304998	62	126	14	78	142	30	94	158	46	110	174	2056	1993	2091	2077	2047	1996	2067	2027	2016	2018	1988	2066
304998	62	126	14	78	142	30	94	158	46	110	174	2048	2003	2113	2061	2017	1987	2048	2048	2000	2021	2004	2027
304998	62	126	14	78	142	30	94	158	46	110	174	2020	2034	2154	2004	1986	1964	2021	2092	1981	2020	2037	1986
304998	62	126	14	78	142	30	94	158	46	110	174	1985	2062	2190	1962	1961	1954	1977	2125	1976	2018	2053	1966
304998	62	126	14	78	142	30	94	158	46	110	174	1993	2056	2168	1967	1969	1965	1988	2118	1968	2020	2043	1985
304998	62	126	14	78	142	30	94	158	46	110	174	2017	2023	2125	2013	2008	1978	2019	2066	1992	2018	2017	2024
304998	62	126	14	78	142	30	94	158	46	110	174	2053	1999	2084	2067	2043	1995	2058	2031	2010	2021	1999	2050
304998	62	126	14	78	142	30	94	158	46	110	174	2059	1987	2095	2072	2045	1993	2060	2030	2017	2021	2000	2058
304998	62	126	14	78	142	30	94	158	46	110	174	2036	2018	2136	2036	2008	1976	2035	2067	1994	2021	2018	2019
304998	62	126	14	78	142	30	94	158	46	110	174	1997	2056	2182	1981	1966	1957	2004	2112	1966	2017	2044	1975
304998	62	126	14	78	142	30	94	158	46	110	174	1983	2071	2183	1955	1959	1950	1979	2123	1966	2017	2048	1962
304998	62	126	14	78	142	30	94	158	46	110	174	2005	2042	2142	1987	1982	1969	1997	2097	1987	2018	2042	1996
304998	62	126	14	78	142	30	94	158	46	110	174	2038	2004	2102	2039	2029	1985	2031	2048	2003	2018	2012	2049
304998	62	126	14	78	142	30	94	158	46	110	174	2060	1986	2094	2072	2045	2004	2074	2020	2015	2022	1991	2071
304998	62	126	14	78	142	30	94	158	46	110	174	2046	2002	2119	2060	2031	1982	2055	2039	2001	2019	2001	2035
304998	62	126	14	78	142	30	94	158	46	110	174	2022	2039	2146	2008	1992	1963	2023	2079	1986	2017	2031	1990
304998	62	126	14	78	142	30	94	158	46	110	174	1993	2062	2174	1966	1961	1956	1976	2126	1974	2022	2054	1966
304998	62	126	14	78	142	30	94	158	46	110	174	1990	2055	2167	1964	1968	1959	1971	2118	1975	2021	2048	1980
304998	62	126	14	78	142	30	94	158	46	110	174	2017	2022	2138	2004	1998	1982	2013	2075	1990	2018	2020	2026
304998	62	126	14	78	142	30	94	158	46	110	174	2049	2001	2100	2061	2038	1988	2059	2027	2017	2022	1996	2051
304998	62	126	14	78	142	30	94	158	46	110	174	2059	1996	2094	2078	2050	1988	2065	2025	2017	2017	1997	2053
304998	62	126	14	78	142	30	94	158	46	110	174	2042	2017	2121	2041	2011	1979	2047	2063	1992	2020	2017	2025
304998	62	126	14	78	142	30	94	158	46	110	174	2010	2048	2172	1985	1982	1960	1998	2105	1971	2016	2042	1987
304998	62	126	14	78	142	30	94	158	46	110	174	1985	2067	2182	1958	1956	1965	1979	2131	1969	2017	2050	1962
304998	62	126	14	78	142	30	94	158	46	110	174	1999	2049	2162	1979	1973	1964	1985	2104	1989	2020	2038	1987
304998	62	126	14	78	142	30	94	158	46	110	174	2030	2016	2107	2028	2021	1981	2026	2058	2001	2020	2015	2039
304998	62	126	14	78	142	30	94	158	46	110	174	2057	1985	2090	2071	2050	1995	2068	2020	2011	2017	1996	2063
304998	62	126	14	78	142	30	94	158	46	110	174	2049	1993	2112	2063	2039	1986	2052	2031	2000	2016	1997	2050
304998	62	126	14	78	142	30	94	158	46	110	174	2023	2031	2151	2015	1995	1973	2025	2084	1987	2016	2022	1997
304998	62	126	14	78	142	30	94	158	46	110	174	1989	2062	2188	1969	1962	1954	1979	2122	1969	2018	2057	1964
304998	62	126	14	78	142	30	94	158	46	110	174	1996	2074	2168	1957	1967	1954	1993	2124	1972	2019	2055	1982
304998	62	126	14	78	142	30	94	158	46	110	174	2017	2028	2138	2003	1999	1976	2014	2078	1986	2018	2025	2018
304998	62	126	14	78	142	30	94	158	46	110	174	2049	1994	2097	2051	2042	1990	2047	2030	2009	2020	1996	2054
304998	62	126	14	78	142	30	94	158	46	110	174	2062	1987	2096	2075	2042	1990	2059	2030	2013	2018	1991	2054
304998	62	126	14	78	142	30	94	158	46	110	174	2037	2011	2129	2049	2017	1976	2040	2051	1991	2020	2014	2024
304998	62	126	14	78	142	30	94	158	46	110	174	2013	2054	2158	1992	1981	1959	2015	2105	1974	2017	2042	1991
304998	62	126	14	78	142	30	94	158	46	110	174	1989	2067	2176	1959	1957	1954	1975	2123	1970	2017	2049	1970
304998	62	126	14	78	142	30	94	158	46	110	174	2002	2048	2155	1969	1974	1969	1984	2104	1987	2017	2040	1985
304998	62	126	14	78	142	30	94	158	46	110	174	2026	2014	2121	2021	2014	1984	2026	2065	1998	2018	2019	2033
304998	62	126	14	78	142	30	94	158	46	110	174	2048	1995	2097	2069	2042	1989	2053	2018	2007	2017	1997	2065
304998	62	126	14	78	142	30	94	158	46	110	174	2058	2002	2099	2070	2042	1984	2066	2027	2002	2020	1993	2057
304998	62	126	14	78	142	30	94	158	46	110	174	2029	2026	2140	2021	2003	1966	2024	2076	1994	2018	2019	2010
304998	62	126	14	78	142	30	94	158	46	110	174	1996	2056	2177	1969	1965	1961	1985	2125	1975	2017	2048	1961
304998	62	126	14	78	142	30	94	158	46	110	174	1991	2068	2177	1955	1963	1953	1993	2130	1972	2017	2058	1973
304998	62	126	14	78	142	30	94	158	46	110	174	2004	2042	2142	1995	1994	1969	2002	2083	1987	2022	2033	2014
304998	62	126	14	78	142	30	94	158	46	110	174	2041	2002	2103	2050	2028	1989	2036	2038	2006	2021	2003	2051
304998	62	126	14	78	142	30	94	158	46	110	174	2052	1978	2092	2079	2042	1995	2053	2023	2014	2016	1992	2055
304998	62	126	14	78	142	30	94	158	46	110	174	2045	2004	2120	2051	2031	1983	2044	2052	1998	2017	2011	2028
304998	62	126	14	78	142	30	94	158	46	110	174	2013	2042	2169	1995	1983	1967	2010	2096	1976	2020	2043	1988
304998	62	126	14	78	142	30	94	158	46	110	174	1983	2070	2182	1960	1963	1955	1971	2124	1971	2016	2055	1972
304998	62	126	14	78	142	30	94	158	46	110	174	1996	2058	2164	1970	1976	1965	1979	2112	1985	2017	2044	1981
304998	62	126	14	78	142	30	94	158	46	110	174	2026	2022	2115	2021	2003	1983	2018	2067	1996	2021	2014	2019
304998	62	126	14	78	142	30	94	158	46	110	174	2052	1987	2095	2064	2045	1992	2059	2028	2009	2021	1998	2059
304998	62	126	14	78	142	30	94	158	46	110	174	2052	1988	2108	2075	2036	1983	2057	2022	2000	2017	1998	2054
304998	62	126	14	78	142	30	94	158	46	110	174	2034	2028	2144	2031	2010	1970	2025	2068	1994	2016	2018	2016
304998	62	126	14	78	142	30	94	158	46	110	174	1996	2062	2169	1975	1965	1961	1988	2114	1976	2022	2045	1969
304998	62	126	14	78	142	30	94	158	46	110	174	1989	2066	2172	1956	1962	1962	1975	2125	1968	2017	2058	1965
304998	62	126	14	78	142	30	94	158	46	110	174	2005	2039	2145	1987	1984	1972	1996	2091	1984	2021	2039	2006
304998	62	126	14	78	142	30	94	158	46	110	174	2038	2002	2110	2042	2026	1981	2040	2040	2005	2020	2007	2048
304998	62	126	14	78	142	30	94	158	46	110	174	2058	1984	2096	2072	2049	1984	2068	2022	2013	2019	1989	2063
304998	62	126	14	78	142	30	94	158	46	110	174	2051	2008	2111	2059	2033	1981	2052	2043	1999	2022	2000	2027
304998	62	126	14	78	142	30	94	158	46	110	174	2019	2043	2146	2003	1990	1967	2014	2095	1981	2016	2036	1994
304998	62	126	14	78	142	30	94	158	46	110	174	1995	2066	2174	1961	1962	1963	1991	2125	1971	2016	2061	1967
304998	62	126	14	78	142	30	94	158	46	110	174	1989	2053	2175	1969	1963	1965	1988	2112	1985	2018	2048	1983
304998	62	126	14	78	142	30	94	158	46	110	174	2017	2026	2132	2009	2010	1972	2010	2074	1996	2021	2019	2023
304998	62	126	14	78	142	30	94	158	46	110	174	2048	1994	2097	2064	2042	1983	2051	2029	2005	2017	1997	2050
304998	62	126	14	78	142	30	94	158	46	110	174	2054	1987	2097	2076	2044	1991	2060	2021	2004	2021	2001	2052
304998	62	126	14	78	142	30	94	158	46	110	174	2039	2015	2137	2039	2012	1975	2033	2057	1994	2021	2020	2024
304998	62	126	14	78	142	30	94	158	46	110	174	2002	2052	2174	1983	1970	1963	1987	2114	1983	2022	2043	1977
304998	62	126	14	78	142	30	94	158	46	110	174	1985	2072	2179	1954	1961	1962	1987	2131	1976	2018	2056	1967
304998	62	126	14	78	142	30	94	158	46	110	174	1999	2049	2151	1979	1982	1968	1989	2094	1984	2020	2041	1992
304998	62	126	14	78	142	30	94	158	46	110	174	2038	2010	2103	2034	2022	1983	2035	2044	2001	2017	2015	2041
304998	62	126	14	78	142	30	94	158	46	110	174	2063	1981	2099	2074	2044	1986	2064	2017	2015	2017	1993	2064
304998	62	126	14	78	142	30	94	158	46	110	174	2049	1996	2120	2060	2028	1980	2056	2040	2001	2020	1999	2038
304998	62	126	14	78	142	30	94	158	46	110	174	2022	2036	2156	2013	1991	1968	2019	2092	1977	2022	2029	1994
304998	62	126	14	78	142	30	94	158	46	110	174	1989	2069	2175	1965	1957	1968	1983	2121	1971	2016	2061	1969
304998	62	126	14	78	142	30	94	158	46	110	174	1985	2065	2164	1959	1963	1969	1985	2118	1984	2018	2055	1983
304998	62	126	14	78	142	30	94	158	46	110	174	2012	2016	2140	2003	1998	1972	1999	2076	1999	2019	2026	2024
304998	62	126	14	78	142	30	94	158	46	110	174	2049	1991	2103	2055	2032	1979	2055	2034	2004	2016	1993	2053
304998	62	126	14	78	142	30	94	158	46	110	174	2063	1988	2103	2077	2039	1982	2067	2022	1998	2020	1996	2048
304998	62	126	14	78	142	30	94	158	46	110	174	2030	2016	2126	2042	2018	1976	2037	2050	1992	2021	2021	2023
304998	62	126	14	78	142	30	94	158	46	110	174	2010	2053	2159	1991	1978	1967	1998	2107	1988	2020	2045	1987
304998	62	126	14	78	142	30	94	158	46	110	174	1985	2063	2185	1955	1958	1961	1970	2129	1975	2019	2057	1971
304998	62	126	14	78	142	30	94	158	46	110	174	1994	2048	2154	1978	1978	1964	1998	2104	1982	2019	2042	1985
304998	62	126	14	78	142	30	94	158	46	110	174	2025	2012	2121	2028	2018	1980	2028	2057	1995	2020	2014	2032
304998	62	126	14	78	142	30	94	158	46	110	174	2054	1991	2093	2071	2043	1985	2060	2021	2009	2023	1993	2063
304998	62	126	14	78	142	30	94	158	46	110	174	2053	1994	2105	2066	2038	1984	2066	2039	2004	2016	1998	2048
304998	62	126	14	78	142	30	94	158	46	110	174	2025	2023	2148	2018	1992	1970	2016	2080	1987	2022	2023	2001
304998	62	126	14	78	142	30	94	158	46	110	174	1996	2065	2176	1970	1965	1963	1990	2122	1972	2018	2059	1967
304998	62	126	14	78	142	30	94	158	46	110	174	1983	2073	2174	1959	1962	1967	1975	2118	1980	2022	2063	1973
304998	62	126	14	78	142	30	94	158	46	110	174	2008	2037	2130	1995	1994	1975	1999	2083	1998	2022	2033	2019
304998	62	126	14	78	142	30	94	158	46	110	174	2046	1999	2096	2051	2030	1984	2042	2042	2002	2022	1998	2051
304998	62	126	14	78	142	30	94	158	46	110	174	2054	1979	2104	2074	2039	1987	2054	2020	2004	2020	1989	2051
304998	62	126	14	78	142	30	94	158	46	110	174	2041	2006	2129	2047	2019	1970	2041	2049	1991	2016	2016	2024
304998	62	126	14	78	142	30	94	158	46	110	174	2007	2050	2167	1994	1978	1969	2005	2097	1984	2023	2049	1990
304998	62	126	14	78	142	30	94	158	46	110	174	1986	2075	2170	1955	1960	1968	1984	2134	1981	2020	2060	1976
304998	62	126	14	78	142	30	94	158	46	110	174	1994	2052	2148	1967	1970	1974	1994	2114	1983	2016	2041	1993
304998	62	126	14	78	142	30	94	158	46	110	174	2025	2009	2125	2021	2006	1976	2017	2056	1994	2018	2013	2021
304998	62	126	14	78	142	30	94	158	46	110	174	2059	1986	2102	2067	2045	1985	2059	2019	2008	2022	1995	2056
304998	62	126	14	78	142	30	94	158	46	110	174	2054	1992	2114	2073	2038	1983	2057	2034	2007	2017	2001	2051
304998	62	126	14	78	142	30	94	158	46	110	174	2031	2031	2137	2025	2006	1975	2025	2079	1988	2017	2023	2013
304998	62	126	14	78	142	30	94	158	46	110	174	1994	2061	2167	1975	1956	1974	1993	2116	1981	2017	2047	1969
304998	62	126	14	78	142	30	94	158	46	110	174	1979	2063	2173	1958	1963	1967	1973	2122	1973	2022	2063	1964
304998	62	126	14	78	142	30	94	158	46	110	174	2006	2041	2150	1993	1989	1974	2000	2090	1995	2020	2040	2014
304998	62	126	14	78	142	30	94	158	46	110	174	2035	2003	2108	2047	2031	1980	2036	2042	2002	2022	2004	2050
304998	62	126	14	78	142	30	94	158	46	110	174	2063	1991	2090	2073	2042	1984	2068	2024	2003	2020	1989	2061
304998	62	126	14	78	142	30	94	158	46	110	174	2046	2000	2119	2056	2016	1981	2045	2047	1992	2019	2001	2025
304998	62	126	14	78	142	30	94	158	46	110	174	2009	2038	2157	2002	1985	1969	2003	2086	1987	2017	2045	1985
304998	62	126	14	78	142	30	94	158	46	110	174	1983	2071	2183	1965	1951	1964	1981	2125	1980	2019	2067	1976
304998	62	126	14	78	142	30	94	158	46	110	174	1987	2065	2161	1969	1975	1964	1985	2113	1982	2018	2051	1992
304998	62	126	14	78	142	30	94	158	46	110	174	2024	2024	2118	2016	2013	1982	2016	2074	1991	2017	2021	2022
304998	62	126	14	78	142	30	94	158	46	110	174	2057	1983	2091	2066	2041	1980	2056	2025	2003	2020	1996	2050
304998	62	126	14	78	142	30	94	158	46	110	174	2054	1985	2105	2069	2041	1980	2057	2027	2005	2019	1999	2047
304998	62	126	14	78	142	30	94	158	46	110	174	2032	2020	2140	2035	2006	1973	2029	2074	1992	2019	2022	2022
304998	62	126	14	78	142	30	94	158	46	110	174	1994	2061	2173	1980	1974	1968	1999	2114	1982	2022	2049	1980
304998	62	126	14	78	142	30	94	158	46	110	174	1986	2072	2162	1953	1960	1970	1991	2124	1973	2017	2058	1974
304998	62	126	14	78	142	30	94	158	46	110	174	2006	2044	2142	1993	1978	1975	1997	2091	1987	2020	2041	1997
304998	62	126	14	78	142	30	94	158	46	110	174	2035	2002	2111	2042	2026	1971	2035	2051	2001	2018	2012	2045
304998	62	126	14	78	142	30	94	158	46	110	174	2065	1982	2103	2077	2040	1982	2073	2022	2004	2021	1991	2066
304998	62	126	14	78	142	30	94	158	46	110	174	2046	2004	2123	2057	2032	1975	2045	2035	1996	2016	2001	2032
304998	62	126	14	78	142	30	94	158	46	110	174	2020	2043	2141	2008	1991	1975	2012	2088	1982	2019	2031	1993
304998	62	126	14	78	142	30	94	158	46	110	174	1986	2064	2173	1961	1957	1966	1971	2120	1985	2017	2062	1965
304998	62	126	14	78	142	30	94	158	46	110	174	1987	2061	2164	1966	1972	1964	1975	2121	1981	2017	2058	1989
304998	62	126	14	78	142	30	94	158	46	110	174	2020	2024	2138	2012	2002	1970	2011	2074	1988	2022	2022	2024
304998	62	126	14	78	142	30	94	158	46	110	174	2045	1993	2110	2057	2031	1987	2051	2028	1999	2017	1994	2051
