304998	62	126	14	78	142	30	94	158	46	110	174	2019	2043	2146	2003	1990	1967	2014	2095	1981	2016	2036	1994
304998	62	126	14	78	142	30	94	158	46	110	174	1995	2066	2174	1961	1962	1963	1991	2125	1971	2016	2061	1967
304998	62	126	14	78	142	30	94	158	46	110	174	1989	2053	2175	1969	1963	1965	1988	2112	1985	2018	2048	1983
304998	62	126	14	78	142	30	94	158	46	110	174	2017	2026	2132	2009	2010	1972	2010	2074	1996	2021	2019	2023
304998	62	126	14	78	142	30	94	158	46	110	174	2048	1994	2097	2064	2042	1983	2051	2029	2005	2017	1997	2050
304998	62	126	14	78	142	30	94	158	46	110	174	2054	1987	2097	2076	2044	1991	2060	2021	2004	2021	2001	2052
304998	62	126	14	78	142	30	94	158	46	110	174	2039	2015	2137	2039	2012	1975	2033	2057	1994	2021	2020	2024
304998	62	126	14	78	142	30	94	158	46	110	174	2002	2052	2174	1983	1970	1963	1987	2114	1983	2022	2043	1977
304998	62	126	14	78	142	30	94	158	46	110	174	1985	2072	2179	1954	1961	1962	1987	2131	1976	2018	2056	1967
304998	62	126	14	78	142	30	94	158	46	110	174	1999	2049	2151	1979	1982	1968	1989	2094	1984	2020	2041	1992
304998	62	126	14	78	142	30	94	158	46	110	174	2038	2010	2103	2034	2022	1983	2035	2044	2001	2017	2015	2041
304998	62	126	14	78	142	30	94	158	46	110	174	2063	1981	2099	2074	2044	1986	2064	2017	2015	2017	1993	2064
304998	62	126	14	78	142	30	94	158	46	110	174	2049	1996	2120	2060	2028	1980	2056	2040	2001	2020	1999	2038
304998	62	126	14	78	142	30	94	158	46	110	174	2022	2036	2156	2013	1991	1968	2019	2092	1977	2022	2029	1994
304998	62	126	14	78	142	30	94	158	46	110	174	1989	2069	2175	1965	1957	1968	1983	2121	1971	2016	2061	1969
304998	62	126	14	78	142	30	94	158	46	110	174	1985	2065	2164	1959	1963	1969	1985	2118	1984	2018	2055	1983
304998	62	126	14	78	142	30	94	158	46	110	174	2012	2016	2140	2003	1998	1972	1999	2076	1999	2019	2026	2024
304998	62	126	14	78	142	30	94	158	46	110	174	2049	1991	2103	2055	2032	1979	2055	2034	2004	2016	1993	2053
304998	62	126	14	78	142	30	94	158	46	110	174	2063	1988	2103	2077	2039	1982	2067	2022	1998	2020	1996	2048
304998	62	126	14	78	142	30	94	158	46	110	174	2030	2016	2126	2042	2018	1976	2037	2050	1992	2021	2021	2023
304998	62	126	14	78	142	30	94	158	46	110	174	2010	2053	2159	1991	1978	1967	1998	2107	1988	2020	2045	1987
304998	62	126	14	78	142	30	94	158	46	110	174	1985	2063	2185	1955	1958	1961	1970	2129	1975	2019	2057	1971
304998	62	126	14	78	142	30	94	158	46	110	174	1994	2048	2154	1978	1978	1964	1998	2104	1982	2019	2042	1985
304998	62	126	14	78	142	30	94	158	46	110	174	2025	2012	2121	2028	2018	1980	2028	2057	1995	2020	2014	2032
304998	62	126	14	78	142	30	94	158	46	110	174	2054	1991	2093	2071	2043	1985	2060	2021	2009	2023	1993	2063
304998	62	126	14	78	142	30	94	158	46	110	174	2053	1994	2105	2066	2038	1984	2066	2039	2004	2016	1998	2048
304998	62	126	14	78	142	30	94	158	46	110	174	2025	2023	2148	2018	1992	1970	2016	2080	1987	2022	2023	2001
304998	62	126	14	78	142	30	94	158	46	110	174	1996	2065	2176	1970	1965	1963	1990	2122	1972	2018	2059	1967
304998	62	126	14	78	142	30	94	158	46	110	174	1983	2073	2174	1959	1962	1967	1975	2118	1980	2022	2063	1973
304998	62	126	14	78	142	30	94	158	46	110	174	2008	2037	2130	1995	1994	1975	1999	2083	1998	2022	2033	2019
304998	62	126	14	78	142	30	94	158	46	110	174	2046	1999	2096	2051	2030	1984	2042	2042	2002	2022	1998	2051
304998	62	126	14	78	142	30	94	158	46	110	174	2054	1979	2104	2074	2039	1987	2054	2020	2004	2020	1989	2051
304998	62	126	14	78	142	30	94	158	46	110	174	2041	2006	2129	2047	2019	1970	2041	2049	1991	2016	2016	2024
304998	62	126	14	78	142	30	94	158	46	110	174	2007	2050	2167	1994	1978	1969	2005	2097	1984	2023	2049	1990
304998	62	126	14	78	142	30	94	158	46	110	174	1986	2075	2170	1955	1960	1968	1984	2134	1981	2020	2060	1976
304998	62	126	14	78	142	30	94	158	46	110	174	1994	2052	2148	1967	1970	1974	1994	2114	1983	2016	2041	1993
304998	62	126	14	78	142	30	94	158	46	110	174	2025	2009	2125	2021	2006	1976	2017	2056	1994	2018	2013	2021
304998	62	126	14	78	142	30	94	158	46	110	174	2059	1986	2102	2067	2045	1985	2059	2019	2008	2022	1995	2056
304998	62	126	14	78	142	30	94	158	46	110	174	2054	1992	2114	2073	2038	1983	2057	2034	2007	2017	2001	2051
304998	62	126	14	78	142	30	94	158	46	110	174	2031	2031	2137	2025	2006	1975	2025	2079	1988	2017	2023	2013
304998	62	126	14	78	142	30	94	158	46	110	174	1994	2061	2167	1975	1956	1974	1993	2116	1981	2017	2047	1969
304998	62	126	14	78	142	30	94	158	46	110	174	1979	2063	2173	1958	1963	1967	1973	2122	1973	2022	2063	1964
304998	62	126	14	78	142	30	94	158	46	110	174	2006	2041	2150	1993	1989	1974	2000	2090	1995	2020	2040	2014
304998	62	126	14	78	142	30	94	158	46	110	174	2035	2003	2108	2047	2031	1980	2036	2042	2002	2022	2004	2050
304998	62	126	14	78	142	30	94	158	46	110	174	2063	1991	2090	2073	2042	1984	2068	2024	2003	2020	1989	2061
304998	62	126	14	78	142	30	94	158	46	110	174	2046	2000	2119	2056	2016	1981	2045	2047	1992	2019	2001	2025
304998	62	126	14	78	142	30	94	158	46	110	174	2009	2038	2157	2002	1985	1969	2003	2086	1987	2017	2045	1985
304998	62	126	14	78	142	30	94	158	46	110	174	1983	2071	2183	1965	1951	1964	1981	2125	1980	2019	2067	1976
304998	62	126	14	78	142	30	94	158	46	110	174	1987	2065	2161	1969	1975	1964	1985	2113	1982	2018	2051	1992
304998	62	126	14	78	142	30	94	158	46	110	174	2024	2024	2118	2016	2013	1982	2016	2074	1991	2017	2021	2022
304998	62	126	14	78	142	30	94	158	46	110	174	2057	1983	2091	2066	2041	1980	2056	2025	2003	2020	1996	2050
304998	62	126	14	78	142	30	94	158	46	110	174	2054	1985	2105	2069	2041	1980	2057	2027	2005	2019	1999	2047
304998	62	126	14	78	142	30	94	158	46	110	174	2032	2020	2140	2035	2006	1973	2029	2074	1992	2019	2022	2022
304998	62	126	14	78	142	30	94	158	46	110	174	1994	2061	2173	1980	1974	1968	1999	2114	1982	2022	2049	1980
304998	62	126	14	78	142	30	94	158	46	110	174	1986	2072	2162	1953	1960	1970	1991	2124	1973	2017	2058	1974
304998	62	126	14	78	142	30	94	158	46	110	174	2006	2044	2142	1993	1978	1975	1997	2091	1987	2020	2041	1997
304998	62	126	14	78	142	30	94	158	46	110	174	2035	2002	2111	2042	2026	1971	2035	2051	2001	2018	2012	2045
304998	62	126	14	78	142	30	94	158	46	110	174	2065	1982	2103	2077	2040	1982	2073	2022	2004	2021	1991	2066
304998	62	126	14	78	142	30	94	158	46	110	174	2046	2004	2123	2057	2032	1975	2045	2035	1996	2016	2001	2032
304998	62	126	14	78	142	30	94	158	46	110	174	2020	2043	2141	2008	1991	1975	2012	2088	1982	2019	2031	1993
304998	62	126	14	78	142	30	94	158	46	110	174	1986	2064	2173	1961	1957	1966	1971	2120	1985	2017	2062	1965
304998	62	126	14	78	142	30	94	158	46	110	174	1987	2061	2164	1966	1972	1964	1975	2121	1981	2017	2058	1989
304998	62	126	14	78	142	30	94	158	46	110	174	2020	2024	2138	2012	2002	1970	2011	2074	1988	2022	2022	2024
304998	62	126	14	78	142	30	94	158	46	110	174	2045	1993	2110	2057	2031	1987	2051	2028	1999	2017	1994	2051
304998	62	126	14	78	142	30	94	158	46	110	174	2063	1993	2094	2068	2045	1981	2083	2025	2007	2021	1996	2046
304998	62	126	14	78	142	30	94	158	46	110	174	2032	2010	2131	2044	2003	1975	2032	2058	1992	2018	2016	2017
304998	62	126	14	78	142	30	94	158	46	110	174	2005	2052	2163	1986	1977	1967	1996	2110	1979	2020	2052	1991
304998	62	126	14	78	142	30	94	158	46	110	174	1976	2063	2184	1965	1950	1974	1972	2122	1977	2019	2058	1973
304998	62	126	14	78	142	30	94	158	46	110	174	1995	2048	2159	1984	1983	1974	1994	2092	1984	2022	2040	1993
304998	62	126	14	78	142	30	94	158	46	110	174	2035	2015	2112	2031	2019	1980	2029	2055	2004	2018	2016	2033
304998	62	126	14	78	142	30	94	158	46	110	174	2058	1982	2089	2072	2038	1979	2049	2022	2002	2022	1994	2059
304998	62	126	14	78	142	30	94	158	46	110	174	2057	1996	2113	2064	2034	1969	2054	2037	1998	2021	2002	2047
304998	62	126	14	78	142	30	94	158	46	110	174	2016	2029	2155	2016	1992	1974	2014	2079	1983	2018	2031	2001
304998	62	126	14	78	142	30	94	158	46	110	174	1987	2072	2175	1969	1959	1976	1979	2121	1986	2021	2058	1970
304998	62	126	14	78	142	30	94	158	46	110	174	1988	2070	2161	1961	1960	1969	1985	2124	1985	2020	2060	1979
304998	62	126	14	78	142	30	94	158	46	110	174	2017	2031	2127	2005	1991	1978	2007	2077	1987	2016	2032	2023
304998	62	126	14	78	142	30	94	158	46	110	174	2049	1991	2103	2058	2034	1973	2045	2036	1991	2017	1997	2055
304998	62	126	14	78	142	30	94	158	46	110	174	2061	1984	2109	2074	2046	1982	2057	2017	2000	2017	1987	2056
304998	62	126	14	78	142	30	94	158	46	110	174	2039	2015	2131	2048	2011	1981	2039	2052	1998	2020	2013	2013
304998	62	126	14	78	142	30	94	158	46	110	174	2005	2057	2153	1993	1979	1965	2000	2105	1983	2022	2048	1985
304998	62	126	14	78	142	30	94	158	46	110	174	1984	2074	2167	1962	1948	1969	1975	2123	1981	2021	2067	1975
304998	62	126	14	78	142	30	94	158	46	110	174	1995	2046	2156	1976	1978	1969	1989	2100	1981	2021	2043	2002
304998	62	126	14	78	142	30	94	158	46	110	174	2029	2010	2128	2029	2016	1975	2018	2050	1999	2018	2010	2024
304998	62	126	14	78	142	30	94	158	46	110	174	2055	1987	2106	2074	2047	1976	2060	2026	2003	2020	1994	2051
304998	62	126	14	78	142	30	94	158	46	110	174	2056	1996	2108	2069	2036	1973	2060	2031	1992	2020	2001	2042
304998	62	126	14	78	142	30	94	158	46	110	174	2028	2033	2130	2023	1997	1969	2018	2075	1985	2017	2029	2013
304998	62	126	14	78	142	30	94	158	46	110	174	1991	2060	2167	1971	1964	1966	1991	2115	1985	2017	2054	1984
304998	62	126	14	78	142	30	94	158	46	110	174	1978	2065	2172	1960	1971	1972	1971	2120	1988	2020	2058	1972
304998	62	126	14	78	142	30	94	158	46	110	174	2008	2040	2139	1996	1989	1973	2001	2088	1989	2018	2039	2001
304998	62	126	14	78	142	30	94	158	46	110	174	2039	1995	2108	2050	2029	1971	2042	2039	1997	2017	2005	2049
304998	62	126	14	78	142	30	94	158	46	110	174	2065	1981	2094	2076	2044	1971	2066	2018	1995	2018	1991	2059
304998	62	126	14	78	142	30	94	158	46	110	174	2046	2001	2126	2048	2025	1976	2042	2046	2002	2017	2008	2029
304998	62	126	14	78	142	30	94	158	46	110	174	2004	2044	2157	1996	1987	1975	2003	2095	1990	2017	2040	1982
304998	62	126	14	78	142	30	94	158	46	110	174	1981	2071	2175	1959	1961	1966	1977	2122	1983	2019	2067	1972
304998	62	126	14	78	142	30	94	158	46	110	174	1982	2060	2159	1970	1975	1969	1987	2107	1984	2020	2057	1993
304998	62	126	14	78	142	30	94	158	46	110	174	2026	2019	2114	2020	2014	1972	2027	2061	1995	2020	2018	2031
304998	62	126	14	78	142	30	94	158	46	110	174	2055	1981	2100	2067	2042	1975	2050	2030	2004	2018	1989	2053
304998	62	126	14	78	142	30	94	158	46	110	174	2053	1985	2114	2068	2042	1977	2054	2030	1997	2016	1992	2041
304998	62	126	14	78	142	30	94	158	46	110	174	2027	2022	2144	2027	2002	1972	2024	2068	1989	2021	2027	2011
304998	62	126	14	78	142	30	94	158	46	110	174	1993	2068	2164	1977	1968	1973	1985	2111	1981	2017	2056	1981
304998	62	126	14	78	142	30	94	158	46	110	174	1985	2069	2157	1956	1961	1972	1986	2120	1987	2022	2059	1984
304998	62	126	14	78	142	30	94	158	46	110	174	2003	2038	2142	1994	1990	1969	1996	2092	1995	2018	2034	2002
304998	62	126	14	78	142	30	94	158	46	110	174	2041	1997	2114	2042	2030	1977	2033	2045	1998	2021	2005	2037
304998	62	126	14	78	142	30	94	158	46	110	174	2062	1980	2111	2077	2038	1976	2055	2020	1996	2022	1997	2053
304998	62	126	14	78	142	30	94	158	46	110	174	2044	2005	2121	2055	2025	1975	2042	2041	1994	2018	2006	2039
304998	62	126	14	78	142	30	94	158	46	110	174	2015	2045	2145	2004	1992	1972	2016	2094	1994	2016	2036	1998
304998	62	126	14	78	142	30	94	158	46	110	174	1981	2071	2169	1967	1966	1972	1974	2125	1985	2018	2053	1972
304998	62	126	14	78	142	30	94	158	46	110	174	1984	2065	2157	1971	1971	1975	1994	2118	1986	2021	2060	1988
304998	62	126	14	78	142	30	94	158	46	110	174	2017	2025	2134	2012	2005	1973	2017	2073	1982	2016	2024	2027
304998	62	126	14	78	142	30	94	158	46	110	174	2048	1991	2106	2060	2039	1968	2048	2026	1997	2022	1991	2055
304998	62	126	14	78	142	30	94	158	46	110	174	2063	1990	2101	2070	2042	1970	2060	2027	2004	2021	1991	2050
304998	62	126	14	78	142	30	94	158	46	110	174	2035	2019	2131	2030	2012	1969	2024	2068	1992	2020	2016	2011
304998	62	126	14	78	142	30	94	158	46	110	174	1998	2059	2163	1980	1978	1979	1995	2108	1985	2017	2056	1981
304998	62	126	14	78	142	30	94	158	46	110	174	1977	2074	2172	1958	1955	1975	1974	2122	1979	2022	2067	1986
304998	62	126	14	78	142	30	94	158	46	110	174	1999	2054	2146	1986	1982	1970	1994	2097	1997	2023	2037	2005
304998	62	126	14	78	142	30	94	158	46	110	174	2037	2008	2109	2035	2025	1970	2036	2051	1996	2018	2004	2040
304998	62	126	14	78	142	30	94	158	46	110	174	2064	1982	2096	2069	2043	1972	2057	2024	1996	2018	1991	2045
304998	62	126	14	78	142	30	94	158	46	110	174	2051	1995	2120	2053	2031	1977	2052	2040	1993	2018	2008	2040
304998	62	126	14	78	142	30	94	158	46	110	174	2016	2045	2154	2006	1993	1977	2015	2086	1987	2017	2037	2006
304998	62	126	14	78	142	30	94	158	46	110	174	1984	2075	2174	1966	1961	1969	1980	2125	1999	2017	2053	1983
304998	62	126	14	78	142	30	94	158	46	110	174	1987	2074	2151	1964	1966	1970	1985	2124	1989	2019	2050	1990
304998	62	126	14	78	142	30	94	158	46	110	174	2012	2023	2134	2006	2002	1974	2011	2075	1990	2021	2026	2010
304998	62	126	14	78	142	30	94	158	46	110	174	2046	1986	2112	2053	2043	1976	2043	2031	1992	2020	2002	2053
304998	62	126	14	78	142	30	94	158	46	110	174	2065	1984	2115	2071	2043	1972	2059	2022	1997	2021	1994	2057
304998	62	126	14	78	142	30	94	158	46	110	174	2034	2017	2134	2037	2011	1973	2032	2059	1997	2017	2013	2021
304998	62	126	14	78	142	30	94	158	46	110	174	2003	2062	2151	1984	1978	1970	2006	2106	1988	2021	2047	1981
304998	62	126	14	78	142	30	94	158	46	110	174	1981	2067	2166	1960	1954	1981	1972	2129	1987	2018	2065	1971
304998	62	126	14	78	142	30	94	158	46	110	174	1990	2047	2155	1977	1979	1972	1990	2098	1988	2022	2048	2007
304998	62	126	14	78	142	30	94	158	46	110	174	2033	2011	2130	2029	2021	1975	2031	2058	1996	2017	2010	2039
304998	62	126	14	78	142	30	94	158	46	110	174	2054	1988	2112	2067	2043	1969	2049	2027	1996	2016	1983	2051
304998	62	126	14	78	142	30	94	158	46	110	174	2059	2000	2107	2063	2032	1972	2071	2045	1988	2021	1999	2030
304998	62	126	14	78	142	30	94	158	46	110	174	2020	2028	2143	2013	1998	1974	2017	2083	1987	2021	2035	2005
304998	62	126	14	78	142	30	94	158	46	110	174	1983	2064	2165	1968	1969	1973	1981	2118	1993	2022	2060	1986
304998	62	126	14	78	142	30	94	158	46	110	174	1984	2066	2166	1958	1963	1978	1992	2123	1996	2018	2056	1984
304998	62	126	14	78	142	30	94	158	46	110	174	2007	2039	2143	1997	1997	1967	2001	2088	1993	2017	2028	2008
304998	62	126	14	78	142	30	94	158	46	110	174	2050	1997	2103	2048	2029	1967	2049	2039	1992	2017	1999	2045
304998	62	126	14	78	142	30	94	158	46	110	174	2065	1978	2103	2075	2040	1971	2053	2022	1993	2017	1991	2050
304998	62	126	14	78	142	30	94	158	46	110	174	2040	2004	2129	2042	2016	1971	2037	2054	2000	2020	2012	2030
304998	62	126	14	78	142	30	94	158	46	110	174	2002	2048	2159	1991	1981	1984	2000	2105	1992	2020	2041	1989
304998	62	126	14	78	142	30	94	158	46	110	174	1980	2078	2169	1962	1953	1978	1978	2130	1984	2017	2057	1966
304998	62	126	14	78	142	30	94	158	46	110	174	1988	2060	2147	1976	1981	1970	1994	2111	1988	2020	2054	1996
304998	62	126	14	78	142	30	94	158	46	110	174	2034	2018	2116	2022	2013	1973	2033	2060	1988	2019	2018	2034
304998	62	126	14	78	142	30	94	158	46	110	174	2059	1978	2109	2066	2042	1970	2049	2028	2000	2017	1987	2054
304998	62	126	14	78	142	30	94	158	46	110	174	2060	1989	2115	2061	2036	1979	2056	2043	1994	2019	1988	2039
304998	62	126	14	78	142	30	94	158	46	110	174	2022	2031	2146	2024	1995	1979	2027	2076	1986	2017	2029	2002
304998	62	126	14	78	142	30	94	158	46	110	174	1989	2076	2160	1971	1969	1975	1984	2117	1984	2021	2063	1984
304998	62	126	14	78	142	30	94	158	46	110	174	1985	2076	2156	1961	1969	1978	1992	2125	1995	2017	2060	1994
304998	62	126	14	78	142	30	94	158	46	110	174	2002	2035	2140	1997	1991	1974	2000	2093	1995	2019	2029	2011
304998	62	126	14	78	142	30	94	158	46	110	174	2045	1997	2117	2044	2027	1972	2038	2043	1991	2017	1997	2034
304998	62	126	14	78	142	30	94	158	46	110	174	2059	1985	2114	2071	2038	1969	2055	2022	1987	2018	1995	2051
304998	62	126	14	78	142	30	94	158	46	110	174	2041	2006	2127	2048	2021	1973	2040	2043	1991	2018	2011	2033
304998	62	126	14	78	142	30	94	158	46	110	174	2015	2052	2148	1998	1983	1975	2008	2100	1996	2021	2041	1999
304998	62	126	14	78	142	30	94	158	46	110	174	1982	2071	2166	1964	1968	1976	1977	2128	1992	2017	2060	1974
304998	62	126	14	78	142	30	94	158	46	110	174	1988	2063	2154	1970	1975	1980	1993	2117	1986	2019	2054	1984
304998	62	126	14	78	142	30	94	158	46	110	174	2015	2023	2131	2014	2004	1978	2018	2063	1988	2020	2023	2028
304998	62	126	14	78	142	30	94	158	46	110	174	2056	1990	2101	2060	2034	1967	2051	2028	1997	2023	1994	2054
304998	62	126	14	78	142	30	94	158	46	110	174	2065	1990	2109	2062	2034	1968	2054	2034	1996	2020	1989	2040
304998	62	126	14	78	142	30	94	158	46	110	174	2035	2018	2134	2026	2010	1971	2025	2074	1993	2022	2020	2011
304998	62	126	14	78	142	30	94	158	46	110	174	1989	2063	2166	1975	1977	1978	1993	2116	1984	2021	2062	1981
304998	62	126	14	78	142	30	94	158	46	110	174	1979	2081	2163	1955	1959	1979	1972	2123	1986	2020	2061	1986
