304998	62	126	14	78	142	30	94	158	46	110	174	2064	1978	2128	2063	2040	1966	2059	2025	1983	2020	1983	2039
304998	62	126	14	78	142	30	94	158	46	110	174	2056	1991	2129	2063	2019	1966	2048	2038	1984	2020	1993	2023
304998	62	126	14	78	142	30	94	158	46	110	174	2027	2039	2130	2019	2005	1975	2032	2080	1998	2021	2031	2004
304998	62	126	14	78	142	30	94	158	46	110	174	1988	2067	2151	1980	1963	1993	1987	2115	1998	2020	2061	1995
304998	62	126	14	78	142	30	94	158	46	110	174	1980	2071	2147	1969	1975	1982	1987	2119	2000	2017	2060	2003
304998	62	126	14	78	142	30	94	158	46	110	174	2009	2035	2148	2003	1989	1974	2011	2077	1982	2019	2025	2008
304998	62	126	14	78	142	30	94	158	46	110	174	2051	1997	2120	2047	2027	1968	2045	2036	1985	2016	1995	2027
304998	62	126	14	78	142	30	94	158	46	110	174	2073	1983	2111	2061	2041	1962	2057	2031	1985	2021	1987	2041
304998	62	126	14	78	142	30	94	158	46	110	174	2051	2006	2125	2042	2016	1970	2042	2057	1989	2017	2009	2028
304998	62	126	14	78	142	30	94	158	46	110	174	2009	2046	2148	1998	1991	1978	2017	2098	1992	2020	2040	1998
304998	62	126	14	78	142	30	94	158	46	110	174	1982	2077	2159	1970	1965	1994	1986	2119	2001	2018	2058	1983
304998	62	126	14	78	142	30	94	158	46	110	174	1989	2065	2149	1976	1979	1980	1988	2110	1996	2019	2057	1999
304998	62	126	14	78	142	30	94	158	46	110	174	2034	2020	2124	2017	2013	1969	2027	2070	1988	2018	2014	2025
304998	62	126	14	78	142	30	94	158	46	110	174	2066	1978	2112	2060	2036	1955	2059	2028	1983	2019	1986	2041
304998	62	126	14	78	142	30	94	158	46	110	174	2063	1980	2126	2057	2031	1962	2054	2032	1983	2020	1985	2028
304998	62	126	14	78	142	30	94	158	46	110	174	2034	2025	2142	2020	2005	1973	2023	2072	1996	2017	2024	2003
304998	62	126	14	78	142	30	94	158	46	110	174	1991	2074	2158	1980	1973	1985	1991	2114	2002	2017	2062	1991
304998	62	126	14	78	142	30	94	158	46	110	174	1980	2080	2148	1967	1970	1986	2001	2123	1998	2016	2059	1995
304998	62	126	14	78	142	30	94	158	46	110	174	2006	2040	2137	1994	1985	1975	2009	2087	1986	2017	2031	2011
304998	62	126	14	78	142	30	94	158	46	110	174	2049	1996	2120	2044	2028	1959	2036	2041	1985	2018	1998	2021
304998	62	126	14	78	142	30	94	158	46	110	174	2065	1975	2127	2065	2040	1959	2049	2025	1985	2019	1990	2040
304998	62	126	14	78	142	30	94	158	46	110	174	2049	2006	2132	2048	2019	1973	2047	2052	1986	2020	2008	2033
304998	62	126	14	78	142	30	94	158	46	110	174	2013	2050	2145	2005	1986	1983	2011	2089	1994	2017	2038	2005
304998	62	126	14	78	142	30	94	158	46	110	174	1981	2076	2144	1971	1953	1992	1983	2117	1999	2019	2060	1982
304998	62	126	14	78	142	30	94	158	46	110	174	1987	2061	2147	1977	1979	1979	1992	2110	2002	2022	2054	1997
304998	62	126	14	78	142	30	94	158	46	110	174	2023	2017	2140	2015	2014	1965	2016	2067	1990	2016	2020	2019
304998	62	126	14	78	142	30	94	158	46	110	174	2059	1987	2124	2060	2034	1965	2055	2034	1978	2022	1989	2044
304998	62	126	14	78	142	30	94	158	46	110	174	2068	1984	2117	2059	2028	1966	2059	2033	1981	2022	1984	2038
304998	62	126	14	78	142	30	94	158	46	110	174	2037	2022	2127	2030	2008	1969	2035	2066	2000	2021	2017	2006
304998	62	126	14	78	142	30	94	158	46	110	174	1992	2059	2149	1985	1976	1984	2005	2113	1996	2020	2058	1994
304998	62	126	14	78	142	30	94	158	46	110	174	1981	2078	2157	1966	1972	1984	1988	2120	1996	2017	2066	1997
304998	62	126	14	78	142	30	94	158	46	110	174	2005	2046	2148	1995	1987	1979	2005	2094	1989	2021	2040	2006
304998	62	126	14	78	142	30	94	158	46	110	174	2042	2006	2122	2033	2024	1967	2039	2046	1987	2018	1997	2027
304998	62	126	14	78	142	30	94	158	46	110	174	2067	1977	2114	2066	2034	1960	2052	2026	1984	2017	1985	2033
304998	62	126	14	78	142	30	94	158	46	110	174	2056	1994	2125	2054	2023	1966	2043	2047	1982	2022	2000	2029
304998	62	126	14	78	142	30	94	158	46	110	174	2016	2036	2148	2006	1996	1977	2013	2087	1993	2021	2035	2011
304998	62	126	14	78	142	30	94	158	46	110	174	1982	2075	2159	1969	1970	1993	1992	2117	1998	2018	2059	1992
304998	62	126	14	78	142	30	94	158	46	110	174	1984	2074	2146	1968	1974	1981	1993	2109	2006	2021	2053	1986
304998	62	126	14	78	142	30	94	158	46	110	174	2016	2025	2126	2014	1998	1973	2007	2072	1988	2021	2029	2016
304998	62	126	14	78	142	30	94	158	46	110	174	2064	1983	2119	2053	2031	1957	2050	2039	1985	2018	1993	2042
304998	62	126	14	78	142	30	94	158	46	110	174	2064	1972	2123	2062	2040	1959	2051	2026	1980	2020	1981	2040
304998	62	126	14	78	142	30	94	158	46	110	174	2039	2011	2141	2033	2013	1973	2035	2063	1992	2019	2011	2013
304998	62	126	14	78	142	30	94	158	46	110	174	1998	2064	2145	1986	1981	1985	2004	2108	1997	2019	2051	1988
304998	62	126	14	78	142	30	94	158	46	110	174	1983	2076	2144	1968	1969	1986	1991	2123	1994	2020	2067	1993
304998	62	126	14	78	142	30	94	158	46	110	174	2004	2048	2139	1995	1979	1979	2014	2102	1993	2017	2045	2011
304998	62	126	14	78	142	30	94	158	46	110	174	2033	2007	2128	2029	2021	1963	2026	2048	1986	2022	2003	2027
304998	62	126	14	78	142	30	94	158	46	110	174	2066	1979	2125	2065	2027	1969	2051	2028	1982	2018	1981	2026
304998	62	126	14	78	142	30	94	158	46	110	174	2048	1994	2133	2054	2028	1963	2040	2040	1983	2016	2001	2026
304998	62	126	14	78	142	30	94	158	46	110	174	2025	2038	2132	2012	1995	1979	2025	2083	1995	2017	2030	2011
304998	62	126	14	78	142	30	94	158	46	110	174	1995	2071	2154	1977	1975	1983	2006	2110	1995	2022	2058	1995
304998	62	126	14	78	142	30	94	158	46	110	174	1974	2070	2153	1972	1982	1986	1981	2114	2001	2018	2054	1993
304998	62	126	14	78	142	30	94	158	46	110	174	2010	2030	2145	2005	1994	1974	2008	2079	1991	2022	2027	2009
304998	62	126	14	78	142	30	94	158	46	110	174	2050	1993	2125	2048	2022	1962	2043	2041	1985	2022	1997	2039
304998	62	126	14	78	142	30	94	158	46	110	174	2072	1983	2113	2062	2038	1955	2065	2029	1979	2017	1983	2046
304998	62	126	14	78	142	30	94	158	46	110	174	2049	2008	2132	2039	2012	1973	2037	2051	1991	2017	2007	2016
304998	62	126	14	78	142	30	94	158	46	110	174	2003	2050	2147	1995	1981	1987	2000	2102	1996	2018	2044	1994
304998	62	126	14	78	142	30	94	158	46	110	174	1981	2076	2157	1970	1960	1993	1985	2122	2000	2017	2066	1989
304998	62	126	14	78	142	30	94	158	46	110	174	1989	2059	2147	1982	1977	1979	1994	2098	1993	2019	2048	2006
304998	62	126	14	78	142	30	94	158	46	110	174	2026	2014	2121	2028	2015	1969	2024	2055	1982	2017	2010	2026
304998	62	126	14	78	142	30	94	158	46	110	174	2066	1974	2119	2062	2029	1961	2052	2029	1988	2019	1983	2037
304998	62	126	14	78	142	30	94	158	46	110	174	2058	1985	2128	2057	2034	1961	2051	2041	1986	2021	1991	2028
304998	62	126	14	78	142	30	94	158	46	110	174	2024	2033	2142	2019	2002	1978	2030	2081	1985	2021	2031	2015
304998	62	126	14	78	142	30	94	158	46	110	174	1985	2074	2156	1981	1965	1986	1991	2109	1995	2017	2058	1998
304998	62	126	14	78	142	30	94	158	46	110	174	1980	2081	2143	1969	1971	1978	1982	2114	2006	2021	2061	1998
304998	62	126	14	78	142	30	94	158	46	110	174	2013	2036	2136	1999	1988	1983	2007	2084	1995	2022	2026	2006
304998	62	126	14	78	142	30	94	158	46	110	174	2046	1990	2126	2041	2032	1963	2036	2044	1985	2020	2001	2028
304998	62	126	14	78	142	30	94	158	46	110	174	2067	1978	2122	2061	2038	1966	2056	2031	1977	2018	1987	2044
304998	62	126	14	78	142	30	94	158	46	110	174	2044	2008	2135	2050	2004	1967	2041	2050	1986	2021	2009	2023
304998	62	126	14	78	142	30	94	158	46	110	174	2011	2057	2139	2001	1978	1981	2009	2096	2001	2020	2039	1995
304998	62	126	14	78	142	30	94	158	46	110	174	1982	2075	2143	1970	1970	1991	1982	2123	1999	2019	2066	1985
304998	62	126	14	78	142	30	94	158	46	110	174	1989	2057	2146	1974	1981	1981	1991	2106	1995	2020	2055	1997
304998	62	126	14	78	142	30	94	158	46	110	174	2024	2013	2134	2018	2009	1969	2032	2062	1982	2016	2014	2030
304998	62	126	14	78	142	30	94	158	46	110	174	2053	1983	2127	2065	2032	1959	2046	2027	1983	2017	1983	2037
304998	62	126	14	78	142	30	94	158	46	110	174	2065	1990	2119	2062	2035	1962	2056	2041	1981	2016	1984	2026
304998	62	126	14	78	142	30	94	158	46	110	174	2029	2023	2138	2026	2000	1978	2026	2067	1987	2017	2026	2010
304998	62	126	14	78	142	30	94	158	46	110	174	1991	2060	2156	1982	1976	1991	1995	2106	1996	2022	2061	2000
304998	62	126	14	78	142	30	94	158	46	110	174	1984	2069	2152	1969	1967	1986	1984	2112	1999	2016	2063	2001
304998	62	126	14	78	142	30	94	158	46	110	174	2001	2043	2141	1995	1989	1973	2012	2093	1999	2018	2033	2011
304998	62	126	14	78	142	30	94	158	46	110	174	2043	2004	2121	2045	2028	1959	2043	2048	1984	2021	1999	2019
304998	62	126	14	78	142	30	94	158	46	110	174	2063	1971	2120	2063	2033	1962	2049	2025	1979	2021	1989	2036
304998	62	126	14	78	142	30	94	158	46	110	174	2048	1994	2129	2048	2014	1969	2039	2044	1982	2017	2001	2029
304998	62	126	14	78	142	30	94	158	46	110	174	2014	2041	2151	2007	1992	1984	2019	2087	1998	2019	2040	2002
304998	62	126	14	78	142	30	94	158	46	110	174	1983	2079	2153	1972	1970	1986	1980	2122	1999	2016	2061	1993
304998	62	126	14	78	142	30	94	158	46	110	174	1987	2067	2140	1976	1981	1980	1994	2117	1993	2022	2058	1994
304998	62	126	14	78	142	30	94	158	46	110	174	2018	2019	2128	2017	2005	1970	2014	2063	1983	2017	2026	2019
304998	62	126	14	78	142	30	94	158	46	110	174	2057	1978	2121	2054	2027	1964	2049	2033	1986	2017	1988	2043
304998	62	126	14	78	142	30	94	158	46	110	174	2065	1979	2138	2060	2028	1961	2047	2031	1984	2018	1983	2029
304998	62	126	14	78	142	30	94	158	46	110	174	2033	2021	2136	2034	2006	1969	2037	2067	1988	2021	2014	2009
304998	62	126	14	78	142	30	94	158	46	110	174	1989	2065	2150	1989	1982	1980	1998	2104	1996	2022	2059	2000
304998	62	126	14	78	142	30	94	158	46	110	174	1983	2076	2143	1972	1966	1988	1983	2114	2002	2022	2067	2000
304998	62	126	14	78	142	30	94	158	46	110	174	1997	2043	2139	1992	1988	1977	2001	2092	2002	2020	2040	2011
304998	62	126	14	78	142	30	94	158	46	110	174	2038	2000	2129	2032	2016	1964	2042	2054	1986	2017	2001	2025
304998	62	126	14	78	142	30	94	158	46	110	174	2064	1981	2124	2066	2035	1954	2055	2031	1975	2022	1987	2028
304998	62	126	14	78	142	30	94	158	46	110	174	2051	1996	2128	2047	2027	1963	2039	2044	1984	2016	1999	2028
304998	62	126	14	78	142	30	94	158	46	110	174	2020	2042	2131	2011	1998	1985	2023	2080	2001	2021	2040	2013
304998	62	126	14	78	142	30	94	158	46	110	174	1988	2069	2147	1976	1973	1989	1984	2114	2005	2016	2062	1995
304998	62	126	14	78	142	30	94	158	46	110	174	1982	2063	2147	1973	1970	1982	1981	2112	1997	2019	2059	1995
304998	62	126	14	78	142	30	94	158	46	110	174	2016	2031	2139	2011	2000	1969	2019	2076	1982	2018	2029	2015
304998	62	126	14	78	142	30	94	158	46	110	174	2049	1995	2120	2049	2033	1956	2035	2029	1983	2019	1996	2036
304998	62	126	14	78	142	30	94	158	46	110	174	2070	1982	2117	2065	2038	1969	2048	2032	1983	2018	1987	2039
304998	62	126	14	78	142	30	94	158	46	110	174	2043	2011	2131	2034	2014	1974	2027	2059	1987	2016	2011	2014
304998	62	126	14	78	142	30	94	158	46	110	174	2001	2059	2150	1990	1983	1986	1998	2102	1994	2020	2050	1995
304998	62	126	14	78	142	30	94	158	46	110	174	1973	2075	2157	1974	1964	1991	1981	2114	2001	2020	2071	1995
304998	62	126	14	78	142	30	94	158	46	110	174	1996	2058	2141	1985	1987	1976	1995	2093	1998	2020	2045	2011
304998	62	126	14	78	142	30	94	158	46	110	174	2035	2012	2124	2026	2014	1968	2023	2055	1988	2017	2009	2028
304998	62	126	14	78	142	30	94	158	46	110	174	2063	1977	2121	2057	2033	1961	2048	2031	1979	2022	1981	2027
304998	62	126	14	78	142	30	94	158	46	110	174	2061	1988	2131	2051	2028	1965	2045	2038	1984	2020	1999	2026
304998	62	126	14	78	142	30	94	158	46	110	174	2021	2036	2146	2016	1993	1980	2015	2077	1993	2022	2034	2014
304998	62	126	14	78	142	30	94	158	46	110	174	1988	2078	2154	1981	1974	1986	1988	2112	2006	2018	2063	1995
304998	62	126	14	78	142	30	94	158	46	110	174	1986	2077	2138	1971	1971	1989	1982	2116	2000	2022	2059	1997
304998	62	126	14	78	142	30	94	158	46	110	174	2012	2035	2130	2007	1989	1975	2008	2083	1990	2017	2029	2007
304998	62	126	14	78	142	30	94	158	46	110	174	2049	1983	2129	2045	2029	1958	2039	2039	1977	2022	1997	2027
304998	62	126	14	78	142	30	94	158	46	110	174	2066	1981	2129	2063	2036	1954	2054	2027	1987	2017	1987	2043
304998	62	126	14	78	142	30	94	158	46	110	174	2045	2012	2137	2037	2020	1965	2037	2058	1995	2018	2008	2021
304998	62	126	14	78	142	30	94	158	46	110	174	2008	2054	2136	1991	1986	1985	2007	2095	1996	2018	2046	1998
304998	62	126	14	78	142	30	94	158	46	110	174	1981	2074	2147	1966	1965	1988	1982	2114	1996	2017	2070	1989
304998	62	126	14	78	142	30	94	158	46	110	174	1986	2051	2149	1986	1984	1978	1987	2096	1998	2018	2054	2006
304998	62	126	14	78	142	30	94	158	46	110	174	2026	2015	2132	2024	2011	1965	2023	2058	1993	2022	2013	2034
304998	62	126	14	78	142	30	94	158	46	110	174	2060	1985	2126	2062	2034	1959	2052	2035	1982	2021	1984	2029
304998	62	126	14	78	142	30	94	158	46	110	174	2065	1993	2121	2057	2033	1963	2055	2042	1982	2016	1988	2023
304998	62	126	14	78	142	30	94	158	46	110	174	2028	2028	2140	2018	1999	1982	2018	2075	1991	2019	2028	2005
304998	62	126	14	78	142	30	94	158	46	110	174	1981	2063	2145	1984	1971	1985	1991	2102	2006	2018	2062	2001
304998	62	126	14	78	142	30	94	158	46	110	174	1979	2068	2154	1968	1972	1983	1983	2114	2006	2016	2067	2005
304998	62	126	14	78	142	30	94	158	46	110	174	2004	2045	2140	2002	1997	1978	2002	2085	1998	2022	2029	2007
304998	62	126	14	78	142	30	94	158	46	110	174	2048	2000	2120	2038	2028	1963	2039	2048	1977	2020	2000	2026
304998	62	126	14	78	142	30	94	158	46	110	174	2065	1971	2122	2062	2032	1964	2047	2029	1976	2019	1990	2030
304998	62	126	14	78	142	30	94	158	46	110	174	2043	1997	2137	2044	2012	1968	2035	2046	1992	2018	2008	2030
304998	62	126	14	78	142	30	94	158	46	110	174	2011	2045	2150	2002	1984	1980	2003	2095	1999	2017	2042	2008
304998	62	126	14	78	142	30	94	158	46	110	174	1982	2079	2149	1973	1970	1988	1987	2117	2000	2017	2065	1988
304998	62	126	14	78	142	30	94	158	46	110	174	1984	2070	2139	1977	1979	1983	1985	2101	1994	2017	2060	2000
304998	62	126	14	78	142	30	94	158	46	110	174	2025	2020	2124	2020	2008	1970	2021	2064	1987	2019	2022	2022
304998	62	126	14	78	142	30	94	158	46	110	174	2061	1977	2124	2054	2031	1958	2042	2032	1988	2021	1989	2034
304998	62	126	14	78	142	30	94	158	46	110	174	2063	1983	2129	2061	2029	1957	2046	2040	1982	2020	1988	2027
304998	62	126	14	78	142	30	94	158	46	110	174	2033	2022	2143	2026	1998	1973	2030	2072	1989	2016	2021	2006
304998	62	126	14	78	142	30	94	158	46	110	174	1991	2070	2144	1983	1978	1985	1994	2104	1996	2016	2065	2001
304998	62	126	14	78	142	30	94	158	46	110	174	1987	2077	2139	1974	1967	1995	1995	2114	2003	2021	2069	1997
304998	62	126	14	78	142	30	94	158	46	110	174	2003	2038	2137	1999	1989	1978	1997	2087	2002	2016	2038	2015
304998	62	126	14	78	142	30	94	158	46	110	174	2041	2000	2126	2036	2020	1958	2039	2052	1980	2020	1999	2024
304998	62	126	14	78	142	30	94	158	46	110	174	2065	1978	2129	2058	2034	1959	2055	2031	1971	2017	1983	2029
304998	62	126	14	78	142	30	94	158	46	110	174	2047	2004	2134	2048	2025	1966	2038	2045	1984	2022	2004	2026
304998	62	126	14	78	142	30	94	158	46	110	174	2015	2045	2137	2005	1995	1987	2008	2087	2002	2018	2043	2011
304998	62	126	14	78	142	30	94	158	46	110	174	1981	2072	2148	1973	1966	1991	1981	2117	2007	2018	2060	1999
304998	62	126	14	78	142	30	94	158	46	110	174	1985	2063	2147	1974	1981	1982	2001	2111	1997	2021	2055	1998
304998	62	126	14	78	142	30	94	158	46	110	174	2015	2022	2139	2012	2002	1968	2010	2074	1986	2016	2025	2014
304998	62	126	14	78	142	30	94	158	46	110	174	2052	1984	2125	2048	2034	1959	2040	2037	1977	2018	1995	2039
304998	62	126	14	78	142	30	94	158	46	110	174	2065	1987	2122	2057	2033	1962	2049	2036	1985	2017	1987	2031
304998	62	126	14	78	142	30	94	158	46	110	174	2031	2011	2133	2031	2005	1975	2023	2067	1993	2021	2015	2015
304998	62	126	14	78	142	30	94	158	46	110	174	2000	2062	2146	1986	1980	1987	1997	2107	1998	2021	2055	1999
304998	62	126	14	78	142	30	94	158	46	110	174	1972	2075	2153	1974	1969	1990	1983	2118	1997	2021	2072	1996
304998	62	126	14	78	142	30	94	158	46	110	174	1988	2048	2144	1993	1986	1977	1995	2088	1996	2017	2044	2015
304998	62	126	14	78	142	30	94	158	46	110	174	2035	2012	2122	2026	2015	1966	2025	2055	1993	2019	2001	2030
304998	62	126	14	78	142	30	94	158	46	110	174	2063	1972	2126	2058	2023	1959	2047	2035	1978	2022	1983	2024
304998	62	126	14	78	142	30	94	158	46	110	174	2057	1989	2136	2048	2022	1965	2041	2049	1986	2020	2000	2020
304998	62	126	14	78	142	30	94	158	46	110	174	2017	2035	2146	2011	1994	1975	2019	2079	1992	2022	2037	2011
304998	62	126	14	78	142	30	94	158	46	110	174	1978	2073	2153	1981	1970	1988	1986	2114	2005	2022	2062	2001
304998	62	126	14	78	142	30	94	158	46	110	174	1983	2075	2134	1972	1979	1988	1992	2117	2009	2020	2055	2005
304998	62	126	14	78	142	30	94	158	46	110	174	2015	2027	2126	2009	1993	1978	2009	2079	1986	2020	2032	2008
304998	62	126	14	78	142	30	94	158	46	110	174	2046	1983	2138	2051	2024	1958	2041	2039	1982	2021	1997	2025
304998	62	126	14	78	142	30	94	158	46	110	174	2065	1983	2132	2062	2033	1959	2052	2037	1973	2020	1986	2038
304998	62	126	14	78	142	30	94	158	46	110	174	2040	2016	2136	2037	2012	1968	2040	2060	1996	2022	2011	2019
