304998	62	126	14	78	142	30	94	158	46	110	174	2043	1998	2138	2043	2031	1961	2043	2046	1981	2018	1998	2026
304998	62	126	14	78	142	30	94	158	46	110	174	2072	1984	2123	2063	2037	1962	2067	2034	1975	2021	1983	2039
304998	62	126	14	78	142	30	94	158	46	110	174	2049	2000	2130	2046	2020	1962	2038	2047	1985	2018	2001	2021
304998	62	126	14	78	142	30	94	158	46	110	174	2010	2043	2145	2004	1995	1981	2008	2088	2003	2018	2035	2004
304998	62	126	14	78	142	30	94	158	46	110	174	1978	2073	2154	1976	1974	1988	1982	2112	2005	2016	2064	1991
304998	62	126	14	78	142	30	94	158	46	110	174	1990	2063	2147	1979	1980	1986	1998	2105	1998	2021	2060	2003
304998	62	126	14	78	142	30	94	158	46	110	174	2026	2023	2130	2017	2011	1970	2020	2068	1982	2021	2019	2027
304998	62	126	14	78	142	30	94	158	46	110	174	2058	1981	2118	2052	2034	1956	2046	2029	1983	2021	1984	2031
304998	62	126	14	78	142	30	94	158	46	110	174	2069	1980	2123	2060	2038	1955	2052	2038	1984	2019	1982	2019
304998	62	126	14	78	142	30	94	158	46	110	174	2033	2021	2142	2032	2009	1975	2025	2073	1990	2020	2022	2012
304998	62	126	14	78	142	30	94	158	46	110	174	1996	2068	2147	1989	1983	1989	2002	2106	1999	2016	2060	2006
304998	62	126	14	78	142	30	94	158	46	110	174	1979	2078	2152	1971	1974	1989	1988	2110	2001	2021	2062	2002
304998	62	126	14	78	142	30	94	158	46	110	174	2003	2043	2138	1993	1985	1977	1996	2082	1999	2016	2032	2006
304998	62	126	14	78	142	30	94	158	46	110	174	2043	1994	2130	2040	2023	1958	2036	2049	1984	2021	2001	2019
304998	62	126	14	78	142	30	94	158	46	110	174	2065	1972	2132	2065	2031	1958	2049	2029	1972	2022	1983	2038
304998	62	126	14	78	142	30	94	158	46	110	174	2051	2001	2136	2050	2017	1964	2041	2047	1979	2018	2001	2030
304998	62	126	14	78	142	30	94	158	46	110	174	2013	2043	2140	2007	1990	1984	2022	2082	1997	2021	2030	2009
304998	62	126	14	78	142	30	94	158	46	110	174	1987	2073	2141	1981	1972	1987	1993	2115	2008	2017	2060	1991
304998	62	126	14	78	142	30	94	158	46	110	174	1988	2058	2142	1984	1980	1978	1991	2112	1998	2018	2060	1999
304998	62	126	14	78	142	30	94	158	46	110	174	2023	2022	2142	2017	2005	1967	2021	2071	1986	2016	2020	2020
304998	62	126	14	78	142	30	94	158	46	110	174	2055	1986	2128	2051	2037	1957	2051	2037	1974	2020	1987	2032
304998	62	126	14	78	142	30	94	158	46	110	174	2072	1987	2128	2059	2028	1957	2053	2032	1982	2017	1979	2027
304998	62	126	14	78	142	30	94	158	46	110	174	2040	2015	2131	2033	2006	1969	2034	2066	1993	2018	2016	2011
304998	62	126	14	78	142	30	94	158	46	110	174	1997	2056	2146	1993	1984	1984	2007	2103	1997	2016	2057	2002
304998	62	126	14	78	142	30	94	158	46	110	174	1977	2071	2153	1971	1975	1989	1984	2115	2001	2022	2062	2005
304998	62	126	14	78	142	30	94	158	46	110	174	1996	2047	2147	1993	1996	1978	2004	2089	1998	2022	2040	2011
304998	62	126	14	78	142	30	94	158	46	110	174	2035	2006	2129	2034	2020	1961	2029	2052	1985	2021	2002	2014
304998	62	126	14	78	142	30	94	158	46	110	174	2072	1983	2123	2062	2034	1955	2048	2036	1969	2020	1986	2031
304998	62	126	14	78	142	30	94	158	46	110	174	2062	1992	2128	2047	2025	1956	2052	2043	1984	2019	1997	2031
304998	62	126	14	78	142	30	94	158	46	110	174	2019	2037	2140	2015	2003	1982	2021	2079	1991	2019	2030	2008
304998	62	126	14	78	142	30	94	158	46	110	174	1990	2073	2149	1978	1975	1989	1984	2114	2006	2019	2058	1991
304998	62	126	14	78	142	30	94	158	46	110	174	1979	2069	2147	1979	1977	1983	1989	2111	2001	2020	2062	1995
304998	62	126	14	78	142	30	94	158	46	110	174	2018	2029	2129	2007	1997	1973	2017	2076	1987	2017	2029	2020
304998	62	126	14	78	142	30	94	158	46	110	174	2054	1984	2129	2050	2029	1956	2045	2046	1975	2021	1988	2033
304998	62	126	14	78	142	30	94	158	46	110	174	2062	1975	2128	2058	2037	1961	2050	2025	1980	2016	1981	2027
304998	62	126	14	78	142	30	94	158	46	110	174	2040	2009	2140	2038	2015	1968	2038	2064	1993	2020	2011	2012
304998	62	126	14	78	142	30	94	158	46	110	174	2003	2054	2142	1996	1982	1982	2002	2098	1996	2020	2051	2006
304998	62	126	14	78	142	30	94	158	46	110	174	1984	2078	2138	1976	1973	1991	1992	2120	1997	2020	2064	2001
304998	62	126	14	78	142	30	94	158	46	110	174	1995	2048	2136	1987	1988	1975	2001	2098	1995	2020	2042	2012
304998	62	126	14	78	142	30	94	158	46	110	174	2038	2008	2138	2027	2015	1967	2025	2058	1989	2017	2004	2014
304998	62	126	14	78	142	30	94	158	46	110	174	2062	1984	2131	2057	2040	1954	2059	2038	1982	2022	1986	2028
304998	62	126	14	78	142	30	94	158	46	110	174	2059	1996	2136	2050	2025	1964	2051	2040	1978	2023	1994	2027
304998	62	126	14	78	142	30	94	158	46	110	174	2024	2031	2131	2021	1996	1978	2021	2076	1989	2017	2024	2011
304998	62	126	14	78	142	30	94	158	46	110	174	1993	2064	2143	1984	1977	1983	2000	2106	2005	2020	2054	1993
304998	62	126	14	78	142	30	94	158	46	110	174	1983	2064	2151	1973	1975	1986	1996	2114	2008	2020	2065	1995
304998	62	126	14	78	142	30	94	158	46	110	174	2009	2035	2144	2000	1997	1975	2015	2083	1986	2020	2033	2012
304998	62	126	14	78	142	30	94	158	46	110	174	2046	1990	2135	2045	2023	1961	2038	2045	1975	2019	1995	2032
304998	62	126	14	78	142	30	94	158	46	110	174	2067	1979	2124	2061	2033	1954	2058	2028	1973	2018	1978	2030
304998	62	126	14	78	142	30	94	158	46	110	174	2051	2003	2136	2039	2022	1967	2046	2049	1991	2016	2006	2014
304998	62	126	14	78	142	30	94	158	46	110	174	2014	2047	2144	2001	1992	1981	2009	2097	1999	2019	2047	2004
304998	62	126	14	78	142	30	94	158	46	110	174	1983	2073	2149	1980	1965	1994	1996	2119	2004	2017	2066	2003
304998	62	126	14	78	142	30	94	158	46	110	174	1982	2056	2144	1985	1985	1983	1996	2097	1995	2020	2048	2008
304998	62	126	14	78	142	30	94	158	46	110	174	2031	2019	2124	2021	2010	1969	2021	2055	1987	2022	2009	2013
304998	62	126	14	78	142	30	94	158	46	110	174	2067	1976	2125	2058	2040	1954	2043	2038	1987	2017	1985	2027
304998	62	126	14	78	142	30	94	158	46	110	174	2066	1982	2126	2057	2038	1955	2060	2042	1982	2016	1992	2033
304998	62	126	14	78	142	30	94	158	46	110	174	2033	2025	2147	2028	1992	1984	2026	2078	1989	2017	2021	2017
304998	62	126	14	78	142	30	94	158	46	110	174	1994	2074	2147	1983	1981	1988	1997	2108	1996	2020	2051	1994
304998	62	126	14	78	142	30	94	158	46	110	174	1984	2076	2140	1971	1967	1985	1996	2114	2007	2022	2062	1994
304998	62	126	14	78	142	30	94	158	46	110	174	2007	2038	2136	1999	1995	1974	2011	2087	1991	2020	2040	2016
304998	62	126	14	78	142	30	94	158	46	110	174	2045	1994	2129	2042	2025	1958	2037	2045	1979	2020	1996	2032
304998	62	126	14	78	142	30	94	158	46	110	174	2066	1974	2138	2066	2030	1961	2049	2029	1972	2017	1981	2029
304998	62	126	14	78	142	30	94	158	46	110	174	2052	2005	2142	2045	2020	1968	2052	2045	1984	2016	1999	2017
304998	62	126	14	78	142	30	94	158	46	110	174	2015	2052	2136	2005	1989	1982	2009	2095	1996	2018	2045	2005
304998	62	126	14	78	142	30	94	158	46	110	174	1988	2075	2140	1977	1971	1986	1992	2117	2002	2017	2064	2002
304998	62	126	14	78	142	30	94	158	46	110	174	1987	2054	2148	1981	1983	1983	1993	2102	1996	2021	2050	2006
304998	62	126	14	78	142	30	94	158	46	110	174	2028	2020	2134	2018	2011	1965	2030	2067	1986	2020	2013	2012
304998	62	126	14	78	142	30	94	158	46	110	174	2056	1984	2140	2055	2032	1958	2050	2037	1983	2017	1990	2021
304998	62	126	14	78	142	30	94	158	46	110	174	2070	1986	2126	2058	2031	1955	2051	2041	1981	2017	1990	2028
304998	62	126	14	78	142	30	94	158	46	110	174	2043	2022	2126	2031	2005	1974	2043	2070	1988	2017	2016	2017
304998	62	126	14	78	142	30	94	158	46	110	174	1997	2056	2144	1989	1984	1985	1997	2102	1997	2019	2049	2000
304998	62	126	14	78	142	30	94	158	46	110	174	1984	2073	2150	1973	1976	1993	1991	2116	2005	2022	2061	1992
304998	62	126	14	78	142	30	94	158	46	110	174	2004	2044	2147	1998	1994	1978	2003	2088	1996	2016	2042	2005
304998	62	126	14	78	142	30	94	158	46	110	174	2045	2008	2123	2034	2022	1959	2034	2049	1981	2018	2001	2025
304998	62	126	14	78	142	30	94	158	46	110	174	2072	1978	2124	2062	2034	1955	2051	2029	1975	2017	1981	2033
304998	62	126	14	78	142	30	94	158	46	110	174	2057	1991	2126	2051	2026	1962	2043	2038	1987	2020	1991	2018
304998	62	126	14	78	142	30	94	158	46	110	174	2020	2040	2141	2013	1997	1979	2018	2084	1999	2017	2034	2001
304998	62	126	14	78	142	30	94	158	46	110	174	1987	2074	2151	1979	1972	1994	1986	2116	2002	2016	2063	2003
304998	62	126	14	78	142	30	94	158	46	110	174	1987	2068	2137	1975	1979	1979	1996	2104	1999	2018	2054	2007
304998	62	126	14	78	142	30	94	158	46	110	174	2023	2026	2127	2011	2007	1968	2020	2067	1982	2020	2017	2018
304998	62	126	14	78	142	30	94	158	46	110	174	2058	1982	2125	2053	2031	1952	2042	2035	1981	2021	1986	2021
304998	62	126	14	78	142	30	94	158	46	110	174	2073	1981	2136	2059	2036	1959	2055	2041	1978	2018	1985	2023
304998	62	126	14	78	142	30	94	158	46	110	174	2040	2012	2147	2036	2005	1977	2032	2063	1984	2017	2019	2017
304998	62	126	14	78	142	30	94	158	46	110	174	2001	2060	2149	1996	1981	1986	1995	2098	1994	2018	2046	2005
304998	62	126	14	78	142	30	94	158	46	110	174	1982	2076	2140	1979	1972	1988	1988	2113	2006	2017	2061	1998
304998	62	126	14	78	142	30	94	158	46	110	174	2001	2048	2142	1995	1984	1977	2003	2094	1997	2022	2042	1999
304998	62	126	14	78	142	30	94	158	46	110	174	2042	2002	2136	2029	2022	1966	2033	2056	1978	2020	2008	2017
304998	62	126	14	78	142	30	94	158	46	110	174	2067	1978	2133	2063	2033	1961	2051	2029	1972	2020	1983	2039
304998	62	126	14	78	142	30	94	158	46	110	174	2057	1995	2134	2050	2030	1957	2050	2041	1981	2020	1990	2025
304998	62	126	14	78	142	30	94	158	46	110	174	2026	2038	2132	2019	1997	1979	2024	2079	1994	2016	2023	2002
304998	62	126	14	78	142	30	94	158	46	110	174	1994	2067	2138	1983	1982	1986	1996	2114	2006	2018	2063	1993
304998	62	126	14	78	142	30	94	158	46	110	174	1987	2065	2144	1978	1982	1985	2002	2112	1997	2021	2063	2003
304998	62	126	14	78	142	30	94	158	46	110	174	2016	2030	2143	2008	2001	1975	2020	2077	1985	2017	2026	2019
304998	62	126	14	78	142	30	94	158	46	110	174	2054	1991	2135	2050	2025	1954	2046	2038	1979	2020	1989	2022
304998	62	126	14	78	142	30	94	158	46	110	174	2069	1982	2127	2065	2036	1954	2063	2033	1987	2019	1986	2025
304998	62	126	14	78	142	30	94	158	46	110	174	2046	2008	2124	2039	2018	1970	2038	2060	1985	2020	2013	2015
304998	62	126	14	78	142	30	94	158	46	110	174	2009	2052	2138	1998	1991	1986	2007	2098	1998	2017	2048	2006
304998	62	126	14	78	142	30	94	158	46	110	174	1983	2073	2153	1975	1971	1991	1988	2106	2001	2020	2063	2002
304998	62	126	14	78	142	30	94	158	46	110	174	1994	2054	2149	1995	1986	1985	1995	2090	2003	2018	2039	2006
304998	62	126	14	78	142	30	94	158	46	110	174	2028	2015	2134	2033	2014	1965	2022	2059	1982	2016	2008	2014
304998	62	126	14	78	142	30	94	158	46	110	174	2065	1978	2122	2062	2033	1952	2049	2028	1976	2021	1985	2027
304998	62	126	14	78	142	30	94	158	46	110	174	2067	1985	2129	2056	2031	1962	2051	2039	1976	2017	1989	2031
304998	62	126	14	78	142	30	94	158	46	110	174	2030	2029	2142	2023	2000	1979	2029	2069	1995	2020	2023	2010
304998	62	126	14	78	142	30	94	158	46	110	174	1988	2070	2150	1986	1974	1986	1998	2106	2007	2020	2054	1997
304998	62	126	14	78	142	30	94	158	46	110	174	1980	2075	2144	1976	1977	1986	1996	2112	2000	2018	2058	1988
304998	62	126	14	78	142	30	94	158	46	110	174	2009	2039	2130	2012	1989	1978	2010	2077	1988	2016	2034	2014
304998	62	126	14	78	142	30	94	158	46	110	174	2049	1988	2126	2044	2028	1960	2046	2039	1979	2019	1991	2031
304998	62	126	14	78	142	30	94	158	46	110	174	2072	1973	2130	2062	2041	1959	2059	2029	1987	2017	1982	2030
304998	62	126	14	78	142	30	94	158	46	110	174	2048	1997	2143	2050	2016	1968	2038	2053	1985	2021	1998	2010
304998	62	126	14	78	142	30	94	158	46	110	174	2008	2047	2150	2000	1994	1981	2014	2093	1999	2017	2043	2001
304998	62	126	14	78	142	30	94	158	46	110	174	1985	2078	2139	1979	1967	1992	1995	2112	2001	2022	2061	1998
304998	62	126	14	78	142	30	94	158	46	110	174	1992	2057	2135	1983	1984	1985	1993	2095	2000	2020	2048	2010
304998	62	126	14	78	142	30	94	158	46	110	174	2026	2008	2134	2020	2009	1969	2022	2065	1987	2017	2011	2017
304998	62	126	14	78	142	30	94	158	46	110	174	2061	1975	2136	2055	2037	1953	2049	2035	1974	2021	1979	2022
304998	62	126	14	78	142	30	94	158	46	110	174	2063	1982	2135	2061	2031	1954	2051	2038	1975	2022	1988	2020
304998	62	126	14	78	142	30	94	158	46	110	174	2032	2026	2131	2029	2008	1969	2035	2065	1990	2016	2024	2018
304998	62	126	14	78	142	30	94	158	46	110	174	1997	2060	2143	1992	1973	1993	2006	2104	2009	2020	2054	2003
304998	62	126	14	78	142	30	94	158	46	110	174	1984	2070	2141	1975	1972	1987	1992	2114	2004	2019	2054	1996
304998	62	126	14	78	142	30	94	158	46	110	174	2003	2033	2146	2001	1992	1976	2010	2089	1993	2022	2036	2000
304998	62	126	14	78	142	30	94	158	46	110	174	2042	1997	2143	2042	2023	1956	2044	2044	1973	2020	2000	2021
304998	62	126	14	78	142	30	94	158	46	110	174	2064	1981	2129	2063	2036	1955	2056	2027	1971	2016	1983	2036
304998	62	126	14	78	142	30	94	158	46	110	174	2052	1993	2131	2050	2017	1965	2036	2048	1985	2018	1997	2020
304998	62	126	14	78	142	30	94	158	46	110	174	2014	2034	2142	2009	1993	1976	2017	2086	1995	2017	2032	2004
304998	62	126	14	78	142	30	94	158	46	110	174	1982	2068	2153	1985	1967	1991	1991	2112	2002	2020	2063	1991
304998	62	126	14	78	142	30	94	158	46	110	174	1982	2061	2148	1985	1984	1983	1995	2102	1999	2022	2059	2008
304998	62	126	14	78	142	30	94	158	46	110	174	2020	2022	2140	2016	2009	1970	2015	2067	1996	2021	2019	2020
304998	62	126	14	78	142	30	94	158	46	110	174	2062	1985	2122	2053	2032	1960	2053	2040	1974	2018	1984	2025
304998	62	126	14	78	142	30	94	158	46	110	174	2069	1974	2125	2063	2032	1954	2046	2036	1973	2020	1983	2018
304998	62	126	14	78	142	30	94	158	46	110	174	2039	2013	2138	2032	2013	1968	2044	2066	1986	2022	2018	2013
304998	62	126	14	78	142	30	94	158	46	110	174	1997	2059	2150	1998	1976	1988	2005	2096	2006	2017	2057	2001
304998	62	126	14	78	142	30	94	158	46	110	174	1978	2072	2144	1976	1976	1991	1981	2113	2004	2019	2065	1999
304998	62	126	14	78	142	30	94	158	46	110	174	2001	2049	2132	1997	1984	1989	2012	2088	1993	2019	2042	2011
304998	62	126	14	78	142	30	94	158	46	110	174	2039	1996	2137	2034	2021	1956	2031	2048	1976	2019	2004	2015
304998	62	126	14	78	142	30	94	158	46	110	174	2064	1974	2134	2064	2038	1950	2051	2026	1975	2021	1984	2029
304998	62	126	14	78	142	30	94	158	46	110	174	2056	1990	2142	2055	2017	1958	2044	2043	1989	2021	1996	2025
304998	62	126	14	78	142	30	94	158	46	110	174	2014	2038	2143	2012	1996	1979	2015	2082	1993	2019	2031	2015
304998	62	126	14	78	142	30	94	158	46	110	174	1981	2071	2142	1979	1968	1995	1993	2106	2004	2020	2058	1993
304998	62	126	14	78	142	30	94	158	46	110	174	1985	2060	2142	1984	1976	1986	1984	2104	2001	2016	2058	1994
304998	62	126	14	78	142	30	94	158	46	110	174	2022	2024	2132	2011	2005	1967	2023	2074	1994	2019	2031	2015
304998	62	126	14	78	142	30	94	158	46	110	174	2057	1984	2137	2050	2030	1954	2044	2039	1978	2022	1990	2029
304998	62	126	14	78	142	30	94	158	46	110	174	2064	1985	2139	2061	2035	1955	2051	2033	1975	2018	1979	2032
304998	62	126	14	78	142	30	94	158	46	110	174	2037	2013	2138	2034	2011	1975	2036	2061	1986	2017	2008	2006
304998	62	126	14	78	142	30	94	158	46	110	174	2005	2052	2135	2000	1978	1983	2007	2090	1998	2020	2053	1998
304998	62	126	14	78	142	30	94	158	46	110	174	1985	2072	2144	1981	1975	1989	1989	2115	2008	2020	2069	2006
304998	62	126	14	78	142	30	94	158	46	110	174	1994	2049	2148	1992	1986	1978	2000	2097	1997	2018	2040	2014
304998	62	126	14	78	142	30	94	158	46	110	174	2038	2005	2134	2032	2020	1963	2032	2058	1976	2020	2002	2020
304998	62	126	14	78	142	30	94	158	46	110	174	2056	1976	2134	2056	2035	1950	2042	2033	1975	2022	1983	2016
304998	62	126	14	78	142	30	94	158	46	110	174	2055	1986	2131	2054	2020	1961	2042	2039	1987	2021	1999	2022
304998	62	126	14	78	142	30	94	158	46	110	174	2031	2028	2142	2021	1999	1976	2019	2080	1994	2018	2029	2013
304998	62	126	14	78	142	30	94	158	46	110	174	1985	2064	2148	1982	1974	1995	1993	2105	2004	2019	2056	2005
304998	62	126	14	78	142	30	94	158	46	110	174	1982	2071	2142	1979	1980	1993	1999	2112	2001	2017	2057	1997
304998	62	126	14	78	142	30	94	158	46	110	174	2007	2036	2135	2006	1996	1970	2009	2075	1990	2016	2029	2009
304998	62	126	14	78	142	30	94	158	46	110	174	2048	1985	2127	2049	2022	1951	2034	2042	1984	2017	1997	2025
304998	62	126	14	78	142	30	94	158	46	110	174	2071	1969	2138	2062	2039	1948	2066	2037	1976	2022	1985	2027
304998	62	126	14	78	142	30	94	158	46	110	174	2041	2001	2145	2040	2013	1967	2038	2053	1984	2022	2007	2020
304998	62	126	14	78	142	30	94	158	46	110	174	2006	2059	2143	2000	1996	1983	2015	2094	1996	2021	2046	1999
304998	62	126	14	78	142	30	94	158	46	110	174	1974	2079	2136	1977	1971	1997	1985	2106	2009	2017	2071	1998
304998	62	126	14	78	142	30	94	158	46	110	174	1989	2052	2134	1988	1984	1981	1991	2097	2000	2021	2051	2011
304998	62	126	14	78	142	30	94	158	46	110	174	2032	2009	2141	2021	2010	1965	2028	2057	1982	2019	2011	2019
304998	62	126	14	78	142	30	94	158	46	110	174	2063	1976	2142	2062	2020	1955	2047	2035	1973	2020	1981	2024
304998	62	126	14	78	142	30	94	158	46	110	174	2062	1986	2139	2055	2032	1963	2049	2038	1977	2023	1990	2013
