304998	62	126	14	78	142	30	94	158	46	110	174	1983	2079	2134	1982	1979	2001	1998	2111	2008	2016	2064	2011
304998	62	126	14	78	142	30	94	158	46	110	174	1984	2074	2125	1978	1984	1996	1995	2100	2015	2016	2052	2009
304998	62	126	14	78	142	30	94	158	46	110	174	2022	2029	2128	2010	2000	1967	2018	2076	1990	2017	2025	2011
304998	62	126	14	78	142	30	94	158	46	110	174	2057	1983	2138	2041	2027	1948	2041	2046	1968	2019	1994	2016
304998	62	126	14	78	142	30	94	158	46	110	174	2061	1979	2153	2054	2032	1955	2049	2042	1969	2019	1988	2017
304998	62	126	14	78	142	30	94	158	46	110	174	2042	2019	2142	2029	2010	1974	2035	2062	1984	2017	2011	2016
304998	62	126	14	78	142	30	94	158	46	110	174	1994	2063	2131	1993	1984	1992	2001	2097	2014	2017	2051	2008
304998	62	126	14	78	142	30	94	158	46	110	174	1975	2079	2123	1976	1972	1995	1984	2113	2017	2017	2072	2009
304998	62	126	14	78	142	30	94	158	46	110	174	1996	2048	2134	1994	1993	1979	2009	2092	1994	2020	2045	2019
304998	62	126	14	78	142	30	94	158	46	110	174	2035	2003	2146	2025	2017	1963	2024	2058	1970	2016	2002	2020
304998	62	126	14	78	142	30	94	158	46	110	174	2068	1985	2148	2051	2027	1953	2058	2036	1975	2019	1981	2010
304998	62	126	14	78	142	30	94	158	46	110	174	2058	1998	2140	2039	2024	1963	2046	2049	1977	2018	1991	2011
304998	62	126	14	78	142	30	94	158	46	110	174	2026	2041	2123	2014	1996	1983	2015	2082	1998	2017	2035	2014
304998	62	126	14	78	142	30	94	158	46	110	174	1988	2072	2128	1986	1981	1992	1999	2112	2009	2018	2063	2021
304998	62	126	14	78	142	30	94	158	46	110	174	1979	2071	2140	1977	1981	1995	1988	2103	2008	2021	2060	2016
304998	62	126	14	78	142	30	94	158	46	110	174	2013	2029	2142	2009	1988	1976	2009	2079	1994	2018	2025	2006
304998	62	126	14	78	142	30	94	158	46	110	174	2052	1989	2146	2037	2025	1955	2042	2048	1972	2019	1992	2013
304998	62	126	14	78	142	30	94	158	46	110	174	2068	1981	2134	2051	2024	1959	2052	2040	1970	2016	1986	2018
304998	62	126	14	78	142	30	94	158	46	110	174	2045	2007	2132	2034	2012	1960	2035	2061	1981	2018	2008	2023
304998	62	126	14	78	142	30	94	158	46	110	174	2000	2051	2133	1996	1993	1990	2007	2088	2010	2021	2047	2016
304998	62	126	14	78	142	30	94	158	46	110	174	1981	2081	2138	1980	1966	2004	1988	2117	2015	2017	2066	2007
304998	62	126	14	78	142	30	94	158	46	110	174	1992	2059	2139	1984	1986	1985	2000	2103	2000	2019	2058	2014
304998	62	126	14	78	142	30	94	158	46	110	174	2030	2018	2129	2020	2009	1965	2023	2062	1977	2020	2013	2018
304998	62	126	14	78	142	30	94	158	46	110	174	2068	1979	2138	2048	2030	1946	2052	2034	1964	2017	1979	2021
304998	62	126	14	78	142	30	94	158	46	110	174	2059	1981	2145	2048	2026	1952	2040	2041	1987	2021	1985	2010
304998	62	126	14	78	142	30	94	158	46	110	174	2030	2033	2142	2017	2006	1982	2031	2080	1996	2020	2027	2005
304998	62	126	14	78	142	30	94	158	46	110	174	1982	2073	2136	1985	1977	2000	2004	2105	2008	2022	2066	2017
304998	62	126	14	78	142	30	94	158	46	110	174	1981	2077	2129	1979	1982	1992	1987	2112	2010	2020	2068	2022
304998	62	126	14	78	142	30	94	158	46	110	174	2007	2038	2129	2001	1994	1975	2019	2078	2000	2022	2028	2016
304998	62	126	14	78	142	30	94	158	46	110	174	2045	1990	2142	2037	2019	1954	2037	2049	1974	2016	1996	2010
304998	62	126	14	78	142	30	94	158	46	110	174	2070	1979	2149	2050	2032	1955	2048	2041	1965	2020	1987	2007
304998	62	126	14	78	142	30	94	158	46	110	174	2046	2008	2145	2034	2015	1967	2043	2060	1981	2022	2011	2017
304998	62	126	14	78	142	30	94	158	46	110	174	2005	2057	2129	1999	1994	1990	2013	2090	2004	2019	2044	2017
304998	62	126	14	78	142	30	94	158	46	110	174	1979	2079	2127	1979	1970	2001	1987	2114	2019	2021	2064	2014
304998	62	126	14	78	142	30	94	158	46	110	174	1986	2059	2130	1983	1983	1985	2002	2100	2005	2021	2057	2011
304998	62	126	14	78	142	30	94	158	46	110	174	2022	2016	2139	2016	2010	1970	2018	2066	1981	2018	2020	2010
304998	62	126	14	78	142	30	94	158	46	110	174	2057	1985	2149	2050	2032	1948	2049	2043	1966	2019	1985	2023
304998	62	126	14	78	142	30	94	158	46	110	174	2060	1988	2144	2048	2022	1953	2044	2038	1981	2021	1984	2015
304998	62	126	14	78	142	30	94	158	46	110	174	2033	2026	2125	2025	1995	1980	2025	2072	1996	2016	2018	2010
304998	62	126	14	78	142	30	94	158	46	110	174	1994	2064	2129	1991	1985	1994	2002	2103	2008	2016	2063	2008
304998	62	126	14	78	142	30	94	158	46	110	174	1977	2072	2128	1975	1972	2002	1989	2110	2009	2017	2069	2015
304998	62	126	14	78	142	30	94	158	46	110	174	2000	2046	2138	1992	1995	1984	2020	2088	1995	2017	2040	2021
304998	62	126	14	78	142	30	94	158	46	110	174	2042	2000	2147	2033	2017	1955	2028	2052	1985	2018	1995	2013
304998	62	126	14	78	142	30	94	158	46	110	174	2073	1982	2132	2053	2032	1947	2064	2043	1970	2018	1982	2005
304998	62	126	14	78	142	30	94	158	46	110	174	2057	2000	2140	2042	2020	1959	2058	2057	1976	2020	2007	2010
304998	62	126	14	78	142	30	94	158	46	110	174	2018	2040	2130	2005	1994	1984	2010	2091	1997	2017	2040	2018
304998	62	126	14	78	142	30	94	158	46	110	174	1980	2078	2129	1981	1975	2005	1998	2109	2021	2020	2064	2021
304998	62	126	14	78	142	30	94	158	46	110	174	1972	2066	2137	1981	1980	1991	1986	2104	2009	2018	2054	2011
304998	62	126	14	78	142	30	94	158	46	110	174	2020	2027	2137	2014	2009	1965	2018	2072	1984	2022	2018	2011
304998	62	126	14	78	142	30	94	158	46	110	174	2061	1982	2146	2047	2020	1947	2041	2039	1967	2018	1989	2014
304998	62	126	14	78	142	30	94	158	46	110	174	2064	1983	2144	2048	2030	1947	2052	2039	1970	2022	1987	2014
304998	62	126	14	78	142	30	94	158	46	110	174	2034	2020	2143	2029	1997	1980	2024	2064	1998	2016	2016	2019
304998	62	126	14	78	142	30	94	158	46	110	174	1993	2066	2134	1990	1983	1997	2000	2105	2006	2016	2051	2008
304998	62	126	14	78	142	30	94	158	46	110	174	1977	2085	2118	1979	1974	1998	2007	2115	2011	2016	2072	2014
304998	62	126	14	78	142	30	94	158	46	110	174	2000	2045	2127	1996	1993	1977	2005	2090	1996	2021	2045	2026
304998	62	126	14	78	142	30	94	158	46	110	174	2042	2000	2140	2027	2019	1958	2028	2057	1981	2020	1999	2018
304998	62	126	14	78	142	30	94	158	46	110	174	2064	1973	2149	2053	2023	1955	2046	2043	1967	2021	1977	2010
304998	62	126	14	78	142	30	94	158	46	110	174	2055	2001	2148	2042	2015	1959	2051	2052	1977	2017	1995	2005
304998	62	126	14	78	142	30	94	158	46	110	174	2013	2046	2127	2009	1994	1983	2012	2084	1998	2016	2037	2010
304998	62	126	14	78	142	30	94	158	46	110	174	1987	2077	2117	1983	1976	1995	2004	2110	2020	2016	2069	2022
304998	62	126	14	78	142	30	94	158	46	110	174	1980	2064	2130	1979	1982	1991	1989	2104	2012	2017	2062	2019
304998	62	126	14	78	142	30	94	158	46	110	174	2019	2025	2141	2004	2005	1970	2021	2078	1984	2017	2021	2008
304998	62	126	14	78	142	30	94	158	46	110	174	2054	1991	2153	2044	2020	1951	2050	2049	1967	2017	1993	2006
304998	62	126	14	78	142	30	94	158	46	110	174	2066	1987	2141	2051	2027	1947	2046	2042	1969	2017	1984	2015
304998	62	126	14	78	142	30	94	158	46	110	174	2045	2018	2127	2032	2011	1964	2039	2064	1990	2020	2010	2020
304998	62	126	14	78	142	30	94	158	46	110	174	1998	2052	2128	1998	1985	1996	2001	2096	2009	2017	2050	2016
304998	62	126	14	78	142	30	94	158	46	110	174	1981	2076	2133	1977	1981	2003	2003	2114	2015	2020	2064	2008
304998	62	126	14	78	142	30	94	158	46	110	174	1998	2053	2144	1993	1988	1992	2009	2088	1996	2021	2054	2016
304998	62	126	14	78	142	30	94	158	46	110	174	2034	2018	2138	2021	2016	1956	2023	2059	1983	2018	2012	2014
304998	62	126	14	78	142	30	94	158	46	110	174	2070	1982	2138	2050	2032	1943	2040	2044	1974	2017	1982	2013
304998	62	126	14	78	142	30	94	158	46	110	174	2056	1988	2145	2045	2023	1955	2039	2046	1972	2017	1987	2010
304998	62	126	14	78	142	30	94	158	46	110	174	2025	2031	2138	2013	2002	1984	2023	2082	1995	2021	2030	2011
304998	62	126	14	78	142	30	94	158	46	110	174	1987	2074	2132	1986	1978	2000	1994	2105	2012	2020	2068	2021
304998	62	126	14	78	142	30	94	158	46	110	174	1979	2077	2123	1982	1986	1997	2000	2105	2014	2022	2064	2023
304998	62	126	14	78	142	30	94	158	46	110	174	2010	2039	2129	2004	1998	1975	2013	2084	1991	2020	2028	2014
304998	62	126	14	78	142	30	94	158	46	110	174	2056	1991	2143	2039	2024	1947	2037	2051	1967	2018	1992	2003
304998	62	126	14	78	142	30	94	158	46	110	174	2069	1976	2149	2048	2031	1949	2050	2036	1966	2018	1986	2011
304998	62	126	14	78	142	30	94	158	46	110	174	2046	2006	2144	2037	2012	1968	2039	2057	1990	2018	2012	2016
304998	62	126	14	78	142	30	94	158	46	110	174	2000	2056	2134	2000	1987	1991	2004	2094	2008	2016	2049	2023
304998	62	126	14	78	142	30	94	158	46	110	174	1981	2081	2119	1978	1980	1999	1998	2114	2016	2016	2061	2016
304998	62	126	14	78	142	30	94	158	46	110	174	1994	2063	2128	1991	1986	1984	2013	2102	2002	2022	2055	2008
304998	62	126	14	78	142	30	94	158	46	110	174	2031	2013	2140	2018	2014	1961	2023	2062	1981	2018	2017	2018
304998	62	126	14	78	142	30	94	158	46	110	174	2063	1979	2150	2048	2027	1948	2045	2042	1973	2016	1984	2012
304998	62	126	14	78	142	30	94	158	46	110	174	2057	1989	2156	2047	2022	1952	2043	2047	1969	2018	1986	2010
304998	62	126	14	78	142	30	94	158	46	110	174	2033	2036	2124	2016	2008	1975	2025	2076	1986	2016	2025	2006
304998	62	126	14	78	142	30	94	158	46	110	174	1993	2068	2123	1990	1984	1991	1999	2103	2010	2021	2064	2014
304998	62	126	14	78	142	30	94	158	46	110	174	1981	2073	2123	1981	1981	1996	1994	2108	2017	2016	2068	2024
304998	62	126	14	78	142	30	94	158	46	110	174	2005	2041	2135	1997	1999	1977	2011	2091	1996	2022	2032	2018
304998	62	126	14	78	142	30	94	158	46	110	174	2043	1998	2148	2032	2018	1954	2029	2052	1969	2019	1994	2008
304998	62	126	14	78	142	30	94	158	46	110	174	2074	1985	2143	2050	2030	1939	2052	2045	1961	2021	1985	2002
304998	62	126	14	78	142	30	94	158	46	110	174	2054	2004	2128	2040	2011	1962	2035	2051	1982	2019	2005	2007
304998	62	126	14	78	142	30	94	158	46	110	174	2009	2046	2124	2004	1993	1991	2004	2093	2009	2019	2044	2023
304998	62	126	14	78	142	30	94	158	46	110	174	1987	2079	2128	1978	1979	2002	1997	2114	2015	2021	2067	2020
304998	62	126	14	78	142	30	94	158	46	110	174	1984	2063	2139	1989	1984	1996	1996	2100	2004	2018	2054	2013
304998	62	126	14	78	142	30	94	158	46	110	174	2017	2023	2133	2017	2006	1961	2015	2067	1979	2022	2018	2010
304998	62	126	14	78	142	30	94	158	46	110	174	2063	1988	2135	2046	2024	1940	2043	2037	1974	2019	1986	2009
304998	62	126	14	78	142	30	94	158	46	110	174	2068	1983	2145	2048	2030	1946	2038	2043	1971	2018	1984	2015
304998	62	126	14	78	142	30	94	158	46	110	174	2034	2021	2138	2022	2008	1972	2030	2075	1986	2019	2016	2012
304998	62	126	14	78	142	30	94	158	46	110	174	1990	2074	2130	1991	1986	1998	2014	2107	2005	2018	2059	2013
304998	62	126	14	78	142	30	94	158	46	110	174	1972	2084	2124	1976	1983	1995	1992	2104	2014	2020	2072	2021
304998	62	126	14	78	142	30	94	158	46	110	174	2005	2051	2123	1996	1991	1978	2007	2091	2003	2022	2042	2020
304998	62	126	14	78	142	30	94	158	46	110	174	2040	1996	2143	2031	2016	1955	2028	2058	1973	2020	1996	2013
304998	62	126	14	78	142	30	94	158	46	110	174	2072	1974	2149	2045	2031	1945	2046	2041	1961	2019	1974	2002
304998	62	126	14	78	142	30	94	158	46	110	174	2053	1997	2150	2043	2018	1964	2040	2051	1975	2021	1997	2006
304998	62	126	14	78	142	30	94	158	46	110	174	2015	2045	2138	2008	1994	1985	2014	2080	2004	2023	2041	2019
304998	62	126	14	78	142	30	94	158	46	110	174	1981	2081	2123	1980	1979	2003	1986	2113	2020	2021	2071	2025
304998	62	126	14	78	142	30	94	158	46	110	174	1981	2066	2119	1984	1983	1992	1991	2105	2004	2016	2058	2020
304998	62	126	14	78	142	30	94	158	46	110	174	2015	2020	2139	2009	2004	1967	2010	2069	1982	2021	2019	2008
304998	62	126	14	78	142	30	94	158	46	110	174	2060	1980	2151	2039	2025	1950	2039	2043	1964	2018	1988	2006
304998	62	126	14	78	142	30	94	158	46	110	174	2064	1980	2154	2051	2018	1952	2042	2038	1975	2022	1986	2011
304998	62	126	14	78	142	30	94	158	46	110	174	2041	2024	2132	2028	2006	1974	2028	2077	1989	2022	2014	2019
304998	62	126	14	78	142	30	94	158	46	110	174	2001	2067	2119	1992	1985	1997	2006	2103	2009	2017	2050	2020
304998	62	126	14	78	142	30	94	158	46	110	174	1981	2079	2116	1984	1977	2001	1995	2106	2011	2020	2066	2012
304998	62	126	14	78	142	30	94	158	46	110	174	1993	2051	2137	1990	1991	1988	2005	2091	2001	2021	2051	2022
304998	62	126	14	78	142	30	94	158	46	110	174	2034	2007	2151	2028	2013	1958	2027	2062	1979	2020	2011	2014
304998	62	126	14	78	142	30	94	158	46	110	174	2067	1985	2153	2051	2029	1939	2050	2042	1963	2016	1976	2015
304998	62	126	14	78	142	30	94	158	46	110	174	2060	1999	2139	2047	2017	1953	2044	2052	1968	2022	1993	2006
304998	62	126	14	78	142	30	94	158	46	110	174	2021	2033	2133	2015	1995	1983	2021	2079	1995	2021	2034	2010
304998	62	126	14	78	142	30	94	158	46	110	174	1980	2072	2127	1987	1979	2004	1994	2106	2022	2016	2071	2024
304998	62	126	14	78	142	30	94	158	46	110	174	1981	2071	2130	1981	1979	2001	1989	2113	2011	2017	2063	2021
304998	62	126	14	78	142	30	94	158	46	110	174	2009	2037	2142	2008	1996	1972	2012	2079	1981	2019	2026	2015
304998	62	126	14	78	142	30	94	158	46	110	174	2056	1988	2138	2038	2023	1947	2041	2046	1961	2022	1985	1998
304998	62	126	14	78	142	30	94	158	46	110	174	2067	1977	2147	2053	2032	1941	2048	2036	1971	2016	1987	2003
304998	62	126	14	78	142	30	94	158	46	110	174	2044	2007	2134	2029	2015	1963	2037	2066	1991	2016	2015	2015
304998	62	126	14	78	142	30	94	158	46	110	174	2002	2061	2126	1998	1988	1998	2009	2103	2004	2020	2051	2023
304998	62	126	14	78	142	30	94	158	46	110	174	1970	2077	2128	1979	1971	2001	1993	2112	2011	2020	2066	2023
304998	62	126	14	78	142	30	94	158	46	110	174	1992	2060	2125	1993	1986	1982	2004	2092	2002	2020	2048	2008
304998	62	126	14	78	142	30	94	158	46	110	174	2030	2005	2138	2024	2009	1956	2018	2056	1983	2019	2014	2012
304998	62	126	14	78	142	30	94	158	46	110	174	2064	1975	2149	2047	2032	1945	2045	2042	1964	2018	1984	2015
304998	62	126	14	78	142	30	94	158	46	110	174	2061	1988	2147	2046	2019	1958	2049	2051	1969	2020	1985	2016
304998	62	126	14	78	142	30	94	158	46	110	174	2022	2031	2140	2017	1995	1986	2016	2078	1997	2018	2024	2014
304998	62	126	14	78	142	30	94	158	46	110	174	1982	2077	2120	1991	1978	2000	1998	2102	2018	2021	2068	2015
304998	62	126	14	78	142	30	94	158	46	110	174	1978	2075	2120	1987	1971	1999	1991	2103	2017	2022	2068	2025
304998	62	126	14	78	142	30	94	158	46	110	174	2010	2032	2133	2003	1998	1975	2007	2084	1991	2020	2036	2016
304998	62	126	14	78	142	30	94	158	46	110	174	2051	1990	2149	2037	2021	1956	2038	2048	1968	2018	1989	2012
304998	62	126	14	78	142	30	94	158	46	110	174	2067	1980	2156	2053	2027	1948	2049	2039	1959	2023	1976	2002
304998	62	126	14	78	142	30	94	158	46	110	174	2045	2007	2145	2033	2015	1961	2030	2055	1988	2018	2007	2010
304998	62	126	14	78	142	30	94	158	46	110	174	2007	2057	2115	2004	1989	1992	2017	2096	2011	2018	2049	2020
304998	62	126	14	78	142	30	94	158	46	110	174	1982	2075	2120	1983	1978	2005	1992	2115	2014	2022	2070	2030
304998	62	126	14	78	142	30	94	158	46	110	174	1987	2063	2127	1985	1993	1992	2001	2100	2001	2022	2050	2021
304998	62	126	14	78	142	30	94	158	46	110	174	2025	2013	2149	2019	2008	1968	2044	2061	1981	2018	2015	2006
304998	62	126	14	78	142	30	94	158	46	110	174	2064	1987	2151	2045	2030	1942	2041	2044	1967	2020	1985	2009
304998	62	126	14	78	142	30	94	158	46	110	174	2071	1990	2142	2048	2021	1947	2054	2053	1971	2018	1990	2014
304998	62	126	14	78	142	30	94	158	46	110	174	2032	2024	2130	2020	2006	1976	2030	2075	1989	2018	2021	2018
304998	62	126	14	78	142	30	94	158	46	110	174	1989	2068	2123	1987	1983	2000	1997	2102	2005	2020	2052	2016
304998	62	126	14	78	142	30	94	158	46	110	174	1972	2077	2131	1977	1977	2002	1992	2104	2024	2023	2069	2013
304998	62	126	14	78	142	30	94	158	46	110	174	1996	2048	2140	1997	1992	1976	2006	2086	1996	2017	2045	2021
304998	62	126	14	78	142	30	94	158	46	110	174	2046	2001	2140	2033	2018	1949	2036	2058	1970	2018	1995	2013
304998	62	126	14	78	142	30	94	158	46	110	174	2070	1974	2150	2052	2021	1940	2039	2033	1956	2019	1973	2007
304998	62	126	14	78	142	30	94	158	46	110	174	2052	1996	2141	2038	2017	1962	2032	2052	1984	2018	1997	2003
304998	62	126	14	78	142	30	94	158	46	110	174	2014	2046	2131	2009	1988	1997	2020	2094	2007	2019	2045	2015
304998	62	126	14	78	142	30	94	158	46	110	174	1978	2084	2125	1979	1976	2005	1995	2112	2014	2020	2070	2023
304998	62	126	14	78	142	30	94	158	46	110	174	1984	2074	2120	1984	1989	1990	2014	2106	2004	2022	2060	2025
304998	62	126	14	78	142	30	94	158	46	110	174	2023	2020	2135	2017	2004	1968	2023	2073	1981	2021	2014	2015
304998	62	126	14	78	142	30	94	158	46	110	174	2057	1984	2150	2045	2029	1942	2044	2041	1968	2017	1981	1998
304998	62	126	14	78	142	30	94	158	46	110	174	2070	1980	2152	2051	2025	1955	2052	2047	1969	2017	1986	2009
304998	62	126	14	78	142	30	94	158	46	110	174	2036	2020	2140	2027	2000	1978	2035	2066	1988	2019	2022	2018
304998	62	126	14	78	142	30	94	158	46	110	174	1992	2073	2116	1995	1984	1997	2005	2100	2005	2022	2057	2022
304998	62	126	14	78	142	30	94	158	46	110	174	1985	2081	2115	1981	1973	2006	1990	2105	2020	2017	2064	2017
304998	62	126	14	78	142	30	94	158	46	110	174	1994	2045	2132	1996	1992	1982	1998	2088	2002	2020	2045	2007
