304998	62	126	14	78	142	30	94	158	46	110	174	2045	2018	2127	2032	2011	1964	2039	2064	1990	2020	2010	2020
304998	62	126	14	78	142	30	94	158	46	110	174	1998	2052	2128	1998	1985	1996	2001	2096	2009	2017	2050	2016
304998	62	126	14	78	142	30	94	158	46	110	174	1981	2076	2133	1977	1981	2003	2003	2114	2015	2020	2064	2008
304998	62	126	14	78	142	30	94	158	46	110	174	1998	2053	2144	1993	1988	1992	2009	2088	1996	2021	2054	2016
304998	62	126	14	78	142	30	94	158	46	110	174	2034	2018	2138	2021	2016	1956	2023	2059	1983	2018	2012	2014
304998	62	126	14	78	142	30	94	158	46	110	174	2070	1982	2138	2050	2032	1943	2040	2044	1974	2017	1982	2013
304998	62	126	14	78	142	30	94	158	46	110	174	2056	1988	2145	2045	2023	1955	2039	2046	1972	2017	1987	2010
304998	62	126	14	78	142	30	94	158	46	110	174	2025	2031	2138	2013	2002	1984	2023	2082	1995	2021	2030	2011
304998	62	126	14	78	142	30	94	158	46	110	174	1987	2074	2132	1986	1978	2000	1994	2105	2012	2020	2068	2021
304998	62	126	14	78	142	30	94	158	46	110	174	1979	2077	2123	1982	1986	1997	2000	2105	2014	2022	2064	2023
304998	62	126	14	78	142	30	94	158	46	110	174	2010	2039	2129	2004	1998	1975	2013	2084	1991	2020	2028	2014
304998	62	126	14	78	142	30	94	158	46	110	174	2056	1991	2143	2039	2024	1947	2037	2051	1967	2018	1992	2003
304998	62	126	14	78	142	30	94	158	46	110	174	2069	1976	2149	2048	2031	1949	2050	2036	1966	2018	1986	2011
304998	62	126	14	78	142	30	94	158	46	110	174	2046	2006	2144	2037	2012	1968	2039	2057	1990	2018	2012	2016
304998	62	126	14	78	142	30	94	158	46	110	174	2000	2056	2134	2000	1987	1991	2004	2094	2008	2016	2049	2023
304998	62	126	14	78	142	30	94	158	46	110	174	1981	2081	2119	1978	1980	1999	1998	2114	2016	2016	2061	2016
304998	62	126	14	78	142	30	94	158	46	110	174	1994	2063	2128	1991	1986	1984	2013	2102	2002	2022	2055	2008
304998	62	126	14	78	142	30	94	158	46	110	174	2031	2013	2140	2018	2014	1961	2023	2062	1981	2018	2017	2018
304998	62	126	14	78	142	30	94	158	46	110	174	2063	1979	2150	2048	2027	1948	2045	2042	1973	2016	1984	2012
304998	62	126	14	78	142	30	94	158	46	110	174	2057	1989	2156	2047	2022	1952	2043	2047	1969	2018	1986	2010
304998	62	126	14	78	142	30	94	158	46	110	174	2033	2036	2124	2016	2008	1975	2025	2076	1986	2016	2025	2006
304998	62	126	14	78	142	30	94	158	46	110	174	1993	2068	2123	1990	1984	1991	1999	2103	2010	2021	2064	2014
304998	62	126	14	78	142	30	94	158	46	110	174	1981	2073	2123	1981	1981	1996	1994	2108	2017	2016	2068	2024
304998	62	126	14	78	142	30	94	158	46	110	174	2005	2041	2135	1997	1999	1977	2011	2091	1996	2022	2032	2018
304998	62	126	14	78	142	30	94	158	46	110	174	2043	1998	2148	2032	2018	1954	2029	2052	1969	2019	1994	2008
304998	62	126	14	78	142	30	94	158	46	110	174	2074	1985	2143	2050	2030	1939	2052	2045	1961	2021	1985	2002
304998	62	126	14	78	142	30	94	158	46	110	174	2054	2004	2128	2040	2011	1962	2035	2051	1982	2019	2005	2007
304998	62	126	14	78	142	30	94	158	46	110	174	2009	2046	2124	2004	1993	1991	2004	2093	2009	2019	2044	2023
304998	62	126	14	78	142	30	94	158	46	110	174	1987	2079	2128	1978	1979	2002	1997	2114	2015	2021	2067	2020
304998	62	126	14	78	142	30	94	158	46	110	174	1984	2063	2139	1989	1984	1996	1996	2100	2004	2018	2054	2013
304998	62	126	14	78	142	30	94	158	46	110	174	2017	2023	2133	2017	2006	1961	2015	2067	1979	2022	2018	2010
304998	62	126	14	78	142	30	94	158	46	110	174	2063	1988	2135	2046	2024	1940	2043	2037	1974	2019	1986	2009
304998	62	126	14	78	142	30	94	158	46	110	174	2068	1983	2145	2048	2030	1946	2038	2043	1971	2018	1984	2015
304998	62	126	14	78	142	30	94	158	46	110	174	2034	2021	2138	2022	2008	1972	2030	2075	1986	2019	2016	2012
304998	62	126	14	78	142	30	94	158	46	110	174	1990	2074	2130	1991	1986	1998	2014	2107	2005	2018	2059	2013
304998	62	126	14	78	142	30	94	158	46	110	174	1972	2084	2124	1976	1983	1995	1992	2104	2014	2020	2072	2021
304998	62	126	14	78	142	30	94	158	46	110	174	2005	2051	2123	1996	1991	1978	2007	2091	2003	2022	2042	2020
304998	62	126	14	78	142	30	94	158	46	110	174	2040	1996	2143	2031	2016	1955	2028	2058	1973	2020	1996	2013
304998	62	126	14	78	142	30	94	158	46	110	174	2072	1974	2149	2045	2031	1945	2046	2041	1961	2019	1974	2002
304998	62	126	14	78	142	30	94	158	46	110	174	2053	1997	2150	2043	2018	1964	2040	2051	1975	2021	1997	2006
304998	62	126	14	78	142	30	94	158	46	110	174	2015	2045	2138	2008	1994	1985	2014	2080	2004	2023	2041	2019
304998	62	126	14	78	142	30	94	158	46	110	174	1981	2081	2123	1980	1979	2003	1986	2113	2020	2021	2071	2025
304998	62	126	14	78	142	30	94	158	46	110	174	1981	2066	2119	1984	1983	1992	1991	2105	2004	2016	2058	2020
304998	62	126	14	78	142	30	94	158	46	110	174	2015	2020	2139	2009	2004	1967	2010	2069	1982	2021	2019	2008
304998	62	126	14	78	142	30	94	158	46	110	174	2060	1980	2151	2039	2025	1950	2039	2043	1964	2018	1988	2006
304998	62	126	14	78	142	30	94	158	46	110	174	2064	1980	2154	2051	2018	1952	2042	2038	1975	2022	1986	2011
304998	62	126	14	78	142	30	94	158	46	110	174	2041	2024	2132	2028	2006	1974	2028	2077	1989	2022	2014	2019
304998	62	126	14	78	142	30	94	158	46	110	174	2001	2067	2119	1992	1985	1997	2006	2103	2009	2017	2050	2020
304998	62	126	14	78	142	30	94	158	46	110	174	1981	2079	2116	1984	1977	2001	1995	2106	2011	2020	2066	2012
304998	62	126	14	78	142	30	94	158	46	110	174	1993	2051	2137	1990	1991	1988	2005	2091	2001	2021	2051	2022
304998	62	126	14	78	142	30	94	158	46	110	174	2034	2007	2151	2028	2013	1958	2027	2062	1979	2020	2011	2014
304998	62	126	14	78	142	30	94	158	46	110	174	2067	1985	2153	2051	2029	1939	2050	2042	1963	2016	1976	2015
304998	62	126	14	78	142	30	94	158	46	110	174	2060	1999	2139	2047	2017	1953	2044	2052	1968	2022	1993	2006
304998	62	126	14	78	142	30	94	158	46	110	174	2021	2033	2133	2015	1995	1983	2021	2079	1995	2021	2034	2010
304998	62	126	14	78	142	30	94	158	46	110	174	1980	2072	2127	1987	1979	2004	1994	2106	2022	2016	2071	2024
304998	62	126	14	78	142	30	94	158	46	110	174	1981	2071	2130	1981	1979	2001	1989	2113	2011	2017	2063	2021
304998	62	126	14	78	142	30	94	158	46	110	174	2009	2037	2142	2008	1996	1972	2012	2079	1981	2019	2026	2015
304998	62	126	14	78	142	30	94	158	46	110	174	2056	1988	2138	2038	2023	1947	2041	2046	1961	2022	1985	1998
304998	62	126	14	78	142	30	94	158	46	110	174	2067	1977	2147	2053	2032	1941	2048	2036	1971	2016	1987	2003
304998	62	126	14	78	142	30	94	158	46	110	174	2044	2007	2134	2029	2015	1963	2037	2066	1991	2016	2015	2015
304998	62	126	14	78	142	30	94	158	46	110	174	2002	2061	2126	1998	1988	1998	2009	2103	2004	2020	2051	2023
304998	62	126	14	78	142	30	94	158	46	110	174	1970	2077	2128	1979	1971	2001	1993	2112	2011	2020	2066	2023
304998	62	126	14	78	142	30	94	158	46	110	174	1992	2060	2125	1993	1986	1982	2004	2092	2002	2020	2048	2008
304998	62	126	14	78	142	30	94	158	46	110	174	2030	2005	2138	2024	2009	1956	2018	2056	1983	2019	2014	2012
304998	62	126	14	78	142	30	94	158	46	110	174	2064	1975	2149	2047	2032	1945	2045	2042	1964	2018	1984	2015
304998	62	126	14	78	142	30	94	158	46	110	174	2061	1988	2147	2046	2019	1958	2049	2051	1969	2020	1985	2016
304998	62	126	14	78	142	30	94	158	46	110	174	2022	2031	2140	2017	1995	1986	2016	2078	1997	2018	2024	2014
304998	62	126	14	78	142	30	94	158	46	110	174	1982	2077	2120	1991	1978	2000	1998	2102	2018	2021	2068	2015
304998	62	126	14	78	142	30	94	158	46	110	174	1978	2075	2120	1987	1971	1999	1991	2103	2017	2022	2068	2025
304998	62	126	14	78	142	30	94	158	46	110	174	2010	2032	2133	2003	1998	1975	2007	2084	1991	2020	2036	2016
304998	62	126	14	78	142	30	94	158	46	110	174	2051	1990	2149	2037	2021	1956	2038	2048	1968	2018	1989	2012
304998	62	126	14	78	142	30	94	158	46	110	174	2067	1980	2156	2053	2027	1948	2049	2039	1959	2023	1976	2002
304998	62	126	14	78	142	30	94	158	46	110	174	2045	2007	2145	2033	2015	1961	2030	2055	1988	2018	2007	2010
304998	62	126	14	78	142	30	94	158	46	110	174	2007	2057	2115	2004	1989	1992	2017	2096	2011	2018	2049	2020
304998	62	126	14	78	142	30	94	158	46	110	174	1982	2075	2120	1983	1978	2005	1992	2115	2014	2022	2070	2030
304998	62	126	14	78	142	30	94	158	46	110	174	1987	2063	2127	1985	1993	1992	2001	2100	2001	2022	2050	2021
304998	62	126	14	78	142	30	94	158	46	110	174	2025	2013	2149	2019	2008	1968	2044	2061	1981	2018	2015	2006
304998	62	126	14	78	142	30	94	158	46	110	174	2064	1987	2151	2045	2030	1942	2041	2044	1967	2020	1985	2009
304998	62	126	14	78	142	30	94	158	46	110	174	2071	1990	2142	2048	2021	1947	2054	2053	1971	2018	1990	2014
304998	62	126	14	78	142	30	94	158	46	110	174	2032	2024	2130	2020	2006	1976	2030	2075	1989	2018	2021	2018
304998	62	126	14	78	142	30	94	158	46	110	174	1989	2068	2123	1987	1983	2000	1997	2102	2005	2020	2052	2016
304998	62	126	14	78	142	30	94	158	46	110	174	1972	2077	2131	1977	1977	2002	1992	2104	2024	2023	2069	2013
304998	62	126	14	78	142	30	94	158	46	110	174	1996	2048	2140	1997	1992	1976	2006	2086	1996	2017	2045	2021
304998	62	126	14	78	142	30	94	158	46	110	174	2046	2001	2140	2033	2018	1949	2036	2058	1970	2018	1995	2013
304998	62	126	14	78	142	30	94	158	46	110	174	2070	1974	2150	2052	2021	1940	2039	2033	1956	2019	1973	2007
304998	62	126	14	78	142	30	94	158	46	110	174	2052	1996	2141	2038	2017	1962	2032	2052	1984	2018	1997	2003
304998	62	126	14	78	142	30	94	158	46	110	174	2014	2046	2131	2009	1988	1997	2020	2094	2007	2019	2045	2015
304998	62	126	14	78	142	30	94	158	46	110	174	1978	2084	2125	1979	1976	2005	1995	2112	2014	2020	2070	2023
304998	62	126	14	78	142	30	94	158	46	110	174	1984	2074	2120	1984	1989	1990	2014	2106	2004	2022	2060	2025
304998	62	126	14	78	142	30	94	158	46	110	174	2023	2020	2135	2017	2004	1968	2023	2073	1981	2021	2014	2015
304998	62	126	14	78	142	30	94	158	46	110	174	2057	1984	2150	2045	2029	1942	2044	2041	1968	2017	1981	1998
304998	62	126	14	78	142	30	94	158	46	110	174	2070	1980	2152	2051	2025	1955	2052	2047	1969	2017	1986	2009
304998	62	126	14	78	142	30	94	158	46	110	174	2036	2020	2140	2027	2000	1978	2035	2066	1988	2019	2022	2018
304998	62	126	14	78	142	30	94	158	46	110	174	1992	2073	2116	1995	1984	1997	2005	2100	2005	2022	2057	2022
304998	62	126	14	78	142	30	94	158	46	110	174	1985	2081	2115	1981	1973	2006	1990	2105	2020	2017	2064	2017
304998	62	126	14	78	142	30	94	158	46	110	174	1994	2045	2132	1996	1992	1982	1998	2088	2002	2020	2045	2007
304998	62	126	14	78	142	30	94	158	46	110	174	2041	1999	2148	2029	2017	1953	2041	2060	1972	2022	2004	2013
304998	62	126	14	78	142	30	94	158	46	110	174	2068	1977	2158	2053	2016	1943	2045	2039	1958	2020	1979	2009
304998	62	126	14	78	142	30	94	158	46	110	174	2058	2003	2137	2042	2020	1953	2041	2046	1975	2021	1988	2012
304998	62	126	14	78	142	30	94	158	46	110	174	2021	2046	2120	2014	1995	1984	2037	2083	2005	2017	2032	2013
304998	62	126	14	78	142	30	94	158	46	110	174	1982	2076	2123	1986	1980	1999	1995	2107	2016	2018	2073	2018
304998	62	126	14	78	142	30	94	158	46	110	174	1986	2071	2124	1982	1984	1995	2000	2110	2007	2021	2063	2025
304998	62	126	14	78	142	30	94	158	46	110	174	2009	2022	2146	2014	1995	1970	2012	2071	1983	2022	2022	2016
304998	62	126	14	78	142	30	94	158	46	110	174	2055	1993	2150	2043	2025	1940	2046	2043	1971	2020	1983	2002
304998	62	126	14	78	142	30	94	158	46	110	174	2068	1979	2147	2055	2022	1947	2044	2040	1967	2021	1984	2001
304998	62	126	14	78	142	30	94	158	46	110	174	2042	2010	2133	2029	2011	1973	2031	2067	1985	2022	2014	2013
304998	62	126	14	78	142	30	94	158	46	110	174	1999	2060	2125	1994	1993	1997	2010	2099	2011	2017	2053	2023
304998	62	126	14	78	142	30	94	158	46	110	174	1979	2079	2125	1982	1978	2006	2002	2103	2022	2018	2068	2022
304998	62	126	14	78	142	30	94	158	46	110	174	1996	2062	2127	1992	1993	1983	2001	2091	2003	2020	2044	2009
304998	62	126	14	78	142	30	94	158	46	110	174	2036	2010	2139	2029	2011	1951	2025	2064	1972	2017	2006	2007
304998	62	126	14	78	142	30	94	158	46	110	174	2067	1972	2148	2053	2024	1940	2050	2042	1958	2021	1979	2007
304998	62	126	14	78	142	30	94	158	46	110	174	2059	1986	2147	2044	2022	1953	2045	2046	1969	2022	1991	2013
304998	62	126	14	78	142	30	94	158	46	110	174	2022	2034	2141	2015	1996	1983	2017	2073	2005	2017	2029	2016
304998	62	126	14	78	142	30	94	158	46	110	174	1987	2080	2122	1990	1980	2003	1997	2106	2020	2020	2064	2016
304998	62	126	14	78	142	30	94	158	46	110	174	1983	2077	2112	1980	1984	1996	2007	2109	2016	2018	2070	2024
304998	62	126	14	78	142	30	94	158	46	110	174	2015	2032	2131	2011	2001	1974	2014	2079	1987	2017	2029	2021
304998	62	126	14	78	142	30	94	158	46	110	174	2052	1982	2150	2041	2024	1948	2033	2042	1968	2020	1985	2007
304998	62	126	14	78	142	30	94	158	46	110	174	2068	1972	2164	2048	2019	1950	2043	2035	1969	2018	1972	2002
304998	62	126	14	78	142	30	94	158	46	110	174	2043	2014	2147	2036	2015	1963	2038	2063	1984	2018	2009	2008
304998	62	126	14	78	142	30	94	158	46	110	174	2002	2063	2120	2000	1994	1993	2011	2091	2003	2021	2051	2022
304998	62	126	14	78	142	30	94	158	46	110	174	1979	2077	2114	1985	1972	2004	1991	2106	2016	2021	2071	2032
304998	62	126	14	78	142	30	94	158	46	110	174	1995	2062	2125	1989	1991	1984	2003	2098	2007	2018	2048	2019
304998	62	126	14	78	142	30	94	158	46	110	174	2031	2009	2150	2021	2005	1962	2031	2070	1975	2022	2009	2002
304998	62	126	14	78	142	30	94	158	46	110	174	2062	1976	2161	2048	2026	1938	2043	2044	1955	2021	1984	2003
304998	62	126	14	78	142	30	94	158	46	110	174	2066	1992	2143	2047	2027	1948	2057	2050	1966	2017	1988	2008
304998	62	126	14	78	142	30	94	158	46	110	174	2028	2027	2135	2018	2005	1982	2027	2068	2000	2022	2021	2018
304998	62	126	14	78	142	30	94	158	46	110	174	1987	2071	2117	1993	1982	1999	1996	2109	2017	2017	2056	2018
304998	62	126	14	78	142	30	94	158	46	110	174	1975	2073	2128	1985	1976	2003	1990	2104	2013	2020	2069	2015
304998	62	126	14	78	142	30	94	158	46	110	174	1998	2036	2147	2008	1996	1978	2009	2081	1990	2022	2040	2018
304998	62	126	14	78	142	30	94	158	46	110	174	2052	1997	2149	2039	2022	1944	2044	2046	1969	2020	1992	2012
304998	62	126	14	78	142	30	94	158	46	110	174	2075	1972	2147	2050	2022	1946	2040	2037	1966	2022	1975	2005
304998	62	126	14	78	142	30	94	158	46	110	174	2058	2002	2139	2040	2019	1963	2038	2061	1977	2016	1999	2007
304998	62	126	14	78	142	30	94	158	46	110	174	2004	2046	2134	2005	1990	1988	2009	2088	2006	2018	2050	2015
304998	62	126	14	78	142	30	94	158	46	110	174	1974	2078	2124	1985	1971	2006	1994	2105	2018	2019	2072	2028
304998	62	126	14	78	142	30	94	158	46	110	174	1987	2068	2128	1990	1992	1990	1998	2100	2009	2016	2057	2023
304998	62	126	14	78	142	30	94	158	46	110	174	2028	2022	2133	2017	2006	1966	2028	2071	1985	2017	2011	2005
304998	62	126	14	78	142	30	94	158	46	110	174	2068	1976	2145	2044	2030	1944	2055	2041	1956	2017	1979	1998
304998	62	126	14	78	142	30	94	158	46	110	174	2068	1974	2155	2049	2027	1948	2044	2041	1960	2019	1986	2005
304998	62	126	14	78	142	30	94	158	46	110	174	2032	2023	2145	2027	1999	1975	2031	2066	1995	2020	2018	2017
304998	62	126	14	78	142	30	94	158	46	110	174	1994	2072	2125	1992	1987	1999	2011	2103	2020	2019	2057	2026
304998	62	126	14	78	142	30	94	158	46	110	174	1980	2082	2113	1981	1981	2005	1998	2112	2014	2017	2067	2018
304998	62	126	14	78	142	30	94	158	46	110	174	2003	2040	2128	2007	1988	1984	2008	2085	1996	2016	2041	2013
304998	62	126	14	78	142	30	94	158	46	110	174	2045	1989	2148	2031	2021	1948	2035	2051	1973	2018	1995	2009
304998	62	126	14	78	142	30	94	158	46	110	174	2070	1975	2157	2059	2021	1941	2054	2039	1969	2017	1977	2005
304998	62	126	14	78	142	30	94	158	46	110	174	2053	2001	2148	2041	2022	1958	2042	2059	1974	2020	1994	2011
304998	62	126	14	78	142	30	94	158	46	110	174	2018	2051	2119	2010	1998	1985	2015	2088	2000	2019	2041	2008
304998	62	126	14	78	142	30	94	158	46	110	174	1980	2075	2112	1986	1975	2007	1996	2104	2018	2018	2072	2023
304998	62	126	14	78	142	30	94	158	46	110	174	1982	2065	2129	1987	1983	1995	2000	2098	2013	2020	2061	2029
304998	62	126	14	78	142	30	94	158	46	110	174	2020	2020	2151	2017	2000	1965	2016	2070	1981	2018	2017	2010
304998	62	126	14	78	142	30	94	158	46	110	174	2061	1985	2156	2050	2026	1938	2041	2046	1955	2022	1983	1998
304998	62	126	14	78	142	30	94	158	46	110	174	2066	1984	2150	2053	2028	1941	2050	2044	1959	2020	1984	1999
304998	62	126	14	78	142	30	94	158	46	110	174	2040	2019	2126	2031	2000	1979	2045	2062	1985	2017	2019	2015
304998	62	126	14	78	142	30	94	158	46	110	174	1996	2062	2124	1999	1985	1999	1995	2099	2021	2022	2058	2029
304998	62	126	14	78	142	30	94	158	46	110	174	1974	2078	2126	1980	1972	2013	1991	2109	2016	2016	2066	2020
304998	62	126	14	78	142	30	94	158	46	110	174	1993	2049	2142	1996	1990	1986	2011	2092	1999	2018	2040	2008
304998	62	126	14	78	142	30	94	158	46	110	174	2030	2002	2153	2029	2017	1957	2025	2051	1969	2020	2002	2003
304998	62	126	14	78	142	30	94	158	46	110	174	2073	1973	2148	2058	2017	1947	2045	2038	1962	2020	1977	2011
304998	62	126	14	78	142	30	94	158	46	110	174	2063	1988	2146	2048	2020	1952	2044	2049	1975	2020	1993	2014
304998	62	126	14	78	142	30	94	158	46	110	174	2020	2038	2131	2017	1995	1986	2021	2083	1997	2021	2031	2010
304998	62	126	14	78	142	30	94	158	46	110	174	1981	2076	2126	1990	1982	2004	1994	2105	2016	2018	2068	2017
