304998	62	126	14	78	142	30	94	158	46	110	174	1984	2074	2120	1984	1989	1990	2014	2106	2004	2022	2060	2025
304998	62	126	14	78	142	30	94	158	46	110	174	2023	2020	2135	2017	2004	1968	2023	2073	1981	2021	2014	2015
304998	62	126	14	78	142	30	94	158	46	110	174	2057	1984	2150	2045	2029	1942	2044	2041	1968	2017	1981	1998
304998	62	126	14	78	142	30	94	158	46	110	174	2070	1980	2152	2051	2025	1955	2052	2047	1969	2017	1986	2009
304998	62	126	14	78	142	30	94	158	46	110	174	2036	2020	2140	2027	2000	1978	2035	2066	1988	2019	2022	2018
304998	62	126	14	78	142	30	94	158	46	110	174	1992	2073	2116	1995	1984	1997	2005	2100	2005	2022	2057	2022
304998	62	126	14	78	142	30	94	158	46	110	174	1985	2081	2115	1981	1973	2006	1990	2105	2020	2017	2064	2017
304998	62	126	14	78	142	30	94	158	46	110	174	1994	2045	2132	1996	1992	1982	1998	2088	2002	2020	2045	2007
304998	62	126	14	78	142	30	94	158	46	110	174	2041	1999	2148	2029	2017	1953	2041	2060	1972	2022	2004	2013
304998	62	126	14	78	142	30	94	158	46	110	174	2068	1977	2158	2053	2016	1943	2045	2039	1958	2020	1979	2009
304998	62	126	14	78	142	30	94	158	46	110	174	2058	2003	2137	2042	2020	1953	2041	2046	1975	2021	1988	2012
304998	62	126	14	78	142	30	94	158	46	110	174	2021	2046	2120	2014	1995	1984	2037	2083	2005	2017	2032	2013
304998	62	126	14	78	142	30	94	158	46	110	174	1982	2076	2123	1986	1980	1999	1995	2107	2016	2018	2073	2018
304998	62	126	14	78	142	30	94	158	46	110	174	1986	2071	2124	1982	1984	1995	2000	2110	2007	2021	2063	2025
304998	62	126	14	78	142	30	94	158	46	110	174	2009	2022	2146	2014	1995	1970	2012	2071	1983	2022	2022	2016
304998	62	126	14	78	142	30	94	158	46	110	174	2055	1993	2150	2043	2025	1940	2046	2043	1971	2020	1983	2002
304998	62	126	14	78	142	30	94	158	46	110	174	2068	1979	2147	2055	2022	1947	2044	2040	1967	2021	1984	2001
304998	62	126	14	78	142	30	94	158	46	110	174	2042	2010	2133	2029	2011	1973	2031	2067	1985	2022	2014	2013
304998	62	126	14	78	142	30	94	158	46	110	174	1999	2060	2125	1994	1993	1997	2010	2099	2011	2017	2053	2023
304998	62	126	14	78	142	30	94	158	46	110	174	1979	2079	2125	1982	1978	2006	2002	2103	2022	2018	2068	2022
304998	62	126	14	78	142	30	94	158	46	110	174	1996	2062	2127	1992	1993	1983	2001	2091	2003	2020	2044	2009
304998	62	126	14	78	142	30	94	158	46	110	174	2036	2010	2139	2029	2011	1951	2025	2064	1972	2017	2006	2007
304998	62	126	14	78	142	30	94	158	46	110	174	2067	1972	2148	2053	2024	1940	2050	2042	1958	2021	1979	2007
304998	62	126	14	78	142	30	94	158	46	110	174	2059	1986	2147	2044	2022	1953	2045	2046	1969	2022	1991	2013
304998	62	126	14	78	142	30	94	158	46	110	174	2022	2034	2141	2015	1996	1983	2017	2073	2005	2017	2029	2016
304998	62	126	14	78	142	30	94	158	46	110	174	1987	2080	2122	1990	1980	2003	1997	2106	2020	2020	2064	2016
304998	62	126	14	78	142	30	94	158	46	110	174	1983	2077	2112	1980	1984	1996	2007	2109	2016	2018	2070	2024
304998	62	126	14	78	142	30	94	158	46	110	174	2015	2032	2131	2011	2001	1974	2014	2079	1987	2017	2029	2021
304998	62	126	14	78	142	30	94	158	46	110	174	2052	1982	2150	2041	2024	1948	2033	2042	1968	2020	1985	2007
304998	62	126	14	78	142	30	94	158	46	110	174	2068	1972	2164	2048	2019	1950	2043	2035	1969	2018	1972	2002
304998	62	126	14	78	142	30	94	158	46	110	174	2043	2014	2147	2036	2015	1963	2038	2063	1984	2018	2009	2008
304998	62	126	14	78	142	30	94	158	46	110	174	2002	2063	2120	2000	1994	1993	2011	2091	2003	2021	2051	2022
304998	62	126	14	78	142	30	94	158	46	110	174	1979	2077	2114	1985	1972	2004	1991	2106	2016	2021	2071	2032
304998	62	126	14	78	142	30	94	158	46	110	174	1995	2062	2125	1989	1991	1984	2003	2098	2007	2018	2048	2019
304998	62	126	14	78	142	30	94	158	46	110	174	2031	2009	2150	2021	2005	1962	2031	2070	1975	2022	2009	2002
304998	62	126	14	78	142	30	94	158	46	110	174	2062	1976	2161	2048	2026	1938	2043	2044	1955	2021	1984	2003
304998	62	126	14	78	142	30	94	158	46	110	174	2066	1992	2143	2047	2027	1948	2057	2050	1966	2017	1988	2008
304998	62	126	14	78	142	30	94	158	46	110	174	2028	2027	2135	2018	2005	1982	2027	2068	2000	2022	2021	2018
304998	62	126	14	78	142	30	94	158	46	110	174	1987	2071	2117	1993	1982	1999	1996	2109	2017	2017	2056	2018
304998	62	126	14	78	142	30	94	158	46	110	174	1975	2073	2128	1985	1976	2003	1990	2104	2013	2020	2069	2015
304998	62	126	14	78	142	30	94	158	46	110	174	1998	2036	2147	2008	1996	1978	2009	2081	1990	2022	2040	2018
304998	62	126	14	78	142	30	94	158	46	110	174	2052	1997	2149	2039	2022	1944	2044	2046	1969	2020	1992	2012
304998	62	126	14	78	142	30	94	158	46	110	174	2075	1972	2147	2050	2022	1946	2040	2037	1966	2022	1975	2005
304998	62	126	14	78	142	30	94	158	46	110	174	2058	2002	2139	2040	2019	1963	2038	2061	1977	2016	1999	2007
304998	62	126	14	78	142	30	94	158	46	110	174	2004	2046	2134	2005	1990	1988	2009	2088	2006	2018	2050	2015
304998	62	126	14	78	142	30	94	158	46	110	174	1974	2078	2124	1985	1971	2006	1994	2105	2018	2019	2072	2028
304998	62	126	14	78	142	30	94	158	46	110	174	1987	2068	2128	1990	1992	1990	1998	2100	2009	2016	2057	2023
304998	62	126	14	78	142	30	94	158	46	110	174	2028	2022	2133	2017	2006	1966	2028	2071	1985	2017	2011	2005
304998	62	126	14	78	142	30	94	158	46	110	174	2068	1976	2145	2044	2030	1944	2055	2041	1956	2017	1979	1998
304998	62	126	14	78	142	30	94	158	46	110	174	2068	1974	2155	2049	2027	1948	2044	2041	1960	2019	1986	2005
304998	62	126	14	78	142	30	94	158	46	110	174	2032	2023	2145	2027	1999	1975	2031	2066	1995	2020	2018	2017
304998	62	126	14	78	142	30	94	158	46	110	174	1994	2072	2125	1992	1987	1999	2011	2103	2020	2019	2057	2026
304998	62	126	14	78	142	30	94	158	46	110	174	1980	2082	2113	1981	1981	2005	1998	2112	2014	2017	2067	2018
304998	62	126	14	78	142	30	94	158	46	110	174	2003	2040	2128	2007	1988	1984	2008	2085	1996	2016	2041	2013
304998	62	126	14	78	142	30	94	158	46	110	174	2045	1989	2148	2031	2021	1948	2035	2051	1973	2018	1995	2009
304998	62	126	14	78	142	30	94	158	46	110	174	2070	1975	2157	2059	2021	1941	2054	2039	1969	2017	1977	2005
304998	62	126	14	78	142	30	94	158	46	110	174	2053	2001	2148	2041	2022	1958	2042	2059	1974	2020	1994	2011
304998	62	126	14	78	142	30	94	158	46	110	174	2018	2051	2119	2010	1998	1985	2015	2088	2000	2019	2041	2008
304998	62	126	14	78	142	30	94	158	46	110	174	1980	2075	2112	1986	1975	2007	1996	2104	2018	2018	2072	2023
304998	62	126	14	78	142	30	94	158	46	110	174	1982	2065	2129	1987	1983	1995	2000	2098	2013	2020	2061	2029
304998	62	126	14	78	142	30	94	158	46	110	174	2020	2020	2151	2017	2000	1965	2016	2070	1981	2018	2017	2010
304998	62	126	14	78	142	30	94	158	46	110	174	2061	1985	2156	2050	2026	1938	2041	2046	1955	2022	1983	1998
304998	62	126	14	78	142	30	94	158	46	110	174	2066	1984	2150	2053	2028	1941	2050	2044	1959	2020	1984	1999
304998	62	126	14	78	142	30	94	158	46	110	174	2040	2019	2126	2031	2000	1979	2045	2062	1985	2017	2019	2015
304998	62	126	14	78	142	30	94	158	46	110	174	1996	2062	2124	1999	1985	1999	1995	2099	2021	2022	2058	2029
304998	62	126	14	78	142	30	94	158	46	110	174	1974	2078	2126	1980	1972	2013	1991	2109	2016	2016	2066	2020
304998	62	126	14	78	142	30	94	158	46	110	174	1993	2049	2142	1996	1990	1986	2011	2092	1999	2018	2040	2008
304998	62	126	14	78	142	30	94	158	46	110	174	2030	2002	2153	2029	2017	1957	2025	2051	1969	2020	2002	2003
304998	62	126	14	78	142	30	94	158	46	110	174	2073	1973	2148	2058	2017	1947	2045	2038	1962	2020	1977	2011
304998	62	126	14	78	142	30	94	158	46	110	174	2063	1988	2146	2048	2020	1952	2044	2049	1975	2020	1993	2014
304998	62	126	14	78	142	30	94	158	46	110	174	2020	2038	2131	2017	1995	1986	2021	2083	1997	2021	2031	2010
304998	62	126	14	78	142	30	94	158	46	110	174	1981	2076	2126	1990	1982	2004	1994	2105	2016	2018	2068	2017
304998	62	126	14	78	142	30	94	158	46	110	174	1980	2076	2122	1984	1990	1998	1992	2100	2014	2020	2069	2019
304998	62	126	14	78	142	30	94	158	46	110	174	2018	2033	2130	2014	2000	1971	2020	2077	1995	2016	2025	2021
304998	62	126	14	78	142	30	94	158	46	110	174	2064	1977	2154	2046	2016	1949	2046	2046	1958	2020	1983	2007
304998	62	126	14	78	142	30	94	158	46	110	174	2075	1970	2156	2053	2024	1939	2049	2045	1954	2020	1974	1998
304998	62	126	14	78	142	30	94	158	46	110	174	2038	2009	2147	2041	2006	1964	2035	2054	1984	2019	2013	2007
304998	62	126	14	78	142	30	94	158	46	110	174	2001	2063	2121	2001	1992	1997	2012	2094	2017	2021	2054	2021
304998	62	126	14	78	142	30	94	158	46	110	174	1983	2083	2113	1983	1980	2008	1997	2114	2016	2017	2072	2028
304998	62	126	14	78	142	30	94	158	46	110	174	1993	2048	2132	1998	1989	1984	1995	2092	1999	2021	2048	2017
304998	62	126	14	78	142	30	94	158	46	110	174	2039	2005	2150	2025	2011	1955	2031	2058	1970	2018	2001	2002
304998	62	126	14	78	142	30	94	158	46	110	174	2068	1968	2164	2053	2029	1937	2052	2036	1965	2020	1984	1997
304998	62	126	14	78	142	30	94	158	46	110	174	2062	1987	2149	2048	2019	1953	2034	2047	1969	2018	1993	2013
304998	62	126	14	78	142	30	94	158	46	110	174	2028	2037	2126	2019	2001	1984	2027	2080	1996	2019	2027	2024
304998	62	126	14	78	142	30	94	158	46	110	174	1984	2072	2118	1991	1976	2007	1996	2103	2014	2020	2057	2021
304998	62	126	14	78	142	30	94	158	46	110	174	1979	2073	2118	1985	1984	1992	2012	2102	2015	2017	2068	2018
304998	62	126	14	78	142	30	94	158	46	110	174	2004	2032	2143	2010	1993	1977	2008	2079	1989	2018	2039	2011
304998	62	126	14	78	142	30	94	158	46	110	174	2049	1991	2155	2043	2024	1942	2037	2051	1962	2021	1991	2012
304998	62	126	14	78	142	30	94	158	46	110	174	2074	1974	2152	2054	2021	1946	2053	2039	1960	2022	1972	2004
304998	62	126	14	78	142	30	94	158	46	110	174	2051	2003	2136	2037	2011	1965	2039	2054	1973	2020	1997	2003
304998	62	126	14	78	142	30	94	158	46	110	174	2009	2047	2124	2006	1991	1993	2009	2087	2018	2020	2050	2015
304998	62	126	14	78	142	30	94	158	46	110	174	1974	2076	2121	1984	1972	2007	1986	2104	2024	2018	2078	2026
304998	62	126	14	78	142	30	94	158	46	110	174	1988	2064	2130	1999	1989	1988	2010	2096	2005	2020	2056	2028
304998	62	126	14	78	142	30	94	158	46	110	174	2028	2013	2144	2022	2004	1963	2027	2061	1971	2020	2007	2004
304998	62	126	14	78	142	30	94	158	46	110	174	2068	1973	2149	2053	2022	1939	2046	2040	1958	2022	1975	1997
304998	62	126	14	78	142	30	94	158	46	110	174	2066	1976	2149	2051	2024	1943	2045	2046	1971	2020	1988	2001
304998	62	126	14	78	142	30	94	158	46	110	174	2030	2022	2140	2025	2001	1981	2029	2070	1989	2019	2026	2020
304998	62	126	14	78	142	30	94	158	46	110	174	1989	2074	2124	1993	1986	2006	2005	2103	2012	2017	2057	2032
304998	62	126	14	78	142	30	94	158	46	110	174	1977	2083	2114	1982	1984	2002	1994	2104	2013	2020	2065	2023
304998	62	126	14	78	142	30	94	158	46	110	174	2009	2043	2125	2004	1992	1976	2011	2082	1997	2020	2038	2009
304998	62	126	14	78	142	30	94	158	46	110	174	2047	1987	2151	2035	2022	1941	2037	2049	1968	2019	1997	2001
304998	62	126	14	78	142	30	94	158	46	110	174	2071	1968	2162	2053	2027	1936	2045	2035	1955	2021	1978	2010
304998	62	126	14	78	142	30	94	158	46	110	174	2052	1997	2156	2042	2018	1963	2035	2054	1974	2022	1995	2012
304998	62	126	14	78	142	30	94	158	46	110	174	2012	2049	2121	2008	1988	1992	2011	2078	2010	2020	2034	2014
304998	62	126	14	78	142	30	94	158	46	110	174	1975	2076	2108	1986	1979	2001	1990	2111	2025	2020	2070	2022
304998	62	126	14	78	142	30	94	158	46	110	174	1989	2064	2122	1992	1991	1990	2000	2097	2006	2018	2062	2025
304998	62	126	14	78	142	30	94	158	46	110	174	2024	2014	2148	2017	2008	1966	2015	2064	1977	2019	2016	2013
304998	62	126	14	78	142	30	94	158	46	110	174	2065	1981	2164	2047	2022	1940	2059	2036	1960	2018	1979	2004
304998	62	126	14	78	142	30	94	158	46	110	174	2069	1983	2155	2050	2020	1947	2041	2040	1966	2020	1979	1999
304998	62	126	14	78	142	30	94	158	46	110	174	2038	2022	2130	2028	2009	1969	2027	2070	1985	2021	2022	2006
304998	62	126	14	78	142	30	94	158	46	110	174	1997	2065	2117	1997	1990	2002	2006	2095	2015	2022	2063	2029
304998	62	126	14	78	142	30	94	158	46	110	174	1977	2078	2115	1981	1984	2007	1996	2106	2019	2020	2071	2031
304998	62	126	14	78	142	30	94	158	46	110	174	2000	2044	2137	1999	1990	1983	2008	2086	2002	2019	2039	2014
304998	62	126	14	78	142	30	94	158	46	110	174	2041	2001	2156	2038	2007	1947	2026	2059	1965	2017	1997	1993
304998	62	126	14	78	142	30	94	158	46	110	174	2071	1974	2155	2051	2031	1938	2049	2042	1957	2022	1978	1998
304998	62	126	14	78	142	30	94	158	46	110	174	2060	1987	2151	2045	2012	1961	2041	2047	1973	2021	1999	2013
304998	62	126	14	78	142	30	94	158	46	110	174	2016	2036	2128	2012	2001	1986	2015	2077	2009	2018	2034	2022
304998	62	126	14	78	142	30	94	158	46	110	174	1983	2077	2117	1988	1972	2015	1992	2109	2027	2020	2064	2025
304998	62	126	14	78	142	30	94	158	46	110	174	1981	2073	2124	1986	1983	1997	1996	2102	2014	2022	2062	2019
304998	62	126	14	78	142	30	94	158	46	110	174	2019	2025	2133	2014	2010	1966	2018	2068	1981	2016	2025	2018
304998	62	126	14	78	142	30	94	158	46	110	174	2062	1975	2152	2042	2031	1937	2038	2039	1959	2021	1985	2005
304998	62	126	14	78	142	30	94	158	46	110	174	2068	1974	2160	2048	2029	1941	2043	2035	1967	2021	1974	1992
304998	62	126	14	78	142	30	94	158	46	110	174	2043	2013	2143	2027	2006	1965	2043	2067	1984	2018	2011	2006
304998	62	126	14	78	142	30	94	158	46	110	174	2000	2066	2123	2006	1976	1999	2016	2100	2008	2022	2059	2022
304998	62	126	14	78	142	30	94	158	46	110	174	1967	2085	2109	1984	1981	2006	1996	2104	2015	2019	2075	2040
304998	62	126	14	78	142	30	94	158	46	110	174	2000	2049	2120	2000	1985	1992	2006	2084	2008	2018	2050	2023
304998	62	126	14	78	142	30	94	158	46	110	174	2040	1994	2153	2029	2016	1952	2020	2061	1975	2020	1995	1996
304998	62	126	14	78	142	30	94	158	46	110	174	2068	1969	2165	2049	2026	1933	2056	2043	1952	2022	1977	1993
304998	62	126	14	78	142	30	94	158	46	110	174	2053	1986	2161	2044	2018	1949	2033	2046	1964	2017	1996	2002
304998	62	126	14	78	142	30	94	158	46	110	174	2023	2041	2125	2020	2002	1982	2018	2074	2003	2016	2036	2024
304998	62	126	14	78	142	30	94	158	46	110	174	1980	2072	2112	1990	1981	2010	1996	2103	2025	2022	2067	2033
304998	62	126	14	78	142	30	94	158	46	110	174	1970	2064	2120	1988	1974	2010	1993	2101	2013	2022	2066	2021
304998	62	126	14	78	142	30	94	158	46	110	174	2016	2028	2141	2006	2000	1970	2017	2078	1982	2020	2026	2010
304998	62	126	14	78	142	30	94	158	46	110	174	2050	1982	2166	2041	2019	1938	2038	2043	1956	2019	1991	1999
304998	62	126	14	78	142	30	94	158	46	110	174	2072	1980	2158	2051	2028	1937	2052	2043	1959	2020	1971	2004
304998	62	126	14	78	142	30	94	158	46	110	174	2046	2008	2134	2034	2012	1967	2027	2063	1981	2020	2008	2015
304998	62	126	14	78	142	30	94	158	46	110	174	2003	2054	2112	2004	1982	1999	2012	2089	2010	2020	2049	2020
304998	62	126	14	78	142	30	94	158	46	110	174	1981	2080	2114	1983	1981	2011	2001	2102	2022	2019	2077	2033
304998	62	126	14	78	142	30	94	158	46	110	174	1986	2060	2129	1997	1982	1991	2000	2090	2004	2019	2054	2030
304998	62	126	14	78	142	30	94	158	46	110	174	2030	2011	2156	2022	2018	1955	2021	2065	1975	2020	2002	2007
304998	62	126	14	78	142	30	94	158	46	110	174	2072	1978	2158	2048	2031	1939	2042	2042	1953	2019	1967	1993
304998	62	126	14	78	142	30	94	158	46	110	174	2073	1984	2149	2048	2007	1955	2049	2046	1959	2021	1987	1996
304998	62	126	14	78	142	30	94	158	46	110	174	2024	2028	2132	2017	2002	1977	2021	2074	1998	2020	2033	2021
304998	62	126	14	78	142	30	94	158	46	110	174	1987	2071	2112	1996	1982	2008	2002	2101	2025	2022	2066	2042
304998	62	126	14	78	142	30	94	158	46	110	174	1970	2080	2116	1984	1985	2003	1993	2103	2019	2017	2068	2034
304998	62	126	14	78	142	30	94	158	46	110	174	2009	2038	2129	2000	1999	1978	2019	2082	1986	2017	2029	2010
304998	62	126	14	78	142	30	94	158	46	110	174	2054	1987	2161	2045	2013	1940	2038	2051	1955	2021	1996	1994
304998	62	126	14	78	142	30	94	158	46	110	174	2067	1972	2168	2047	2023	1936	2042	2037	1962	2020	1979	1996
304998	62	126	14	78	142	30	94	158	46	110	174	2045	2002	2153	2043	2012	1956	2040	2059	1980	2019	1999	2008
304998	62	126	14	78	142	30	94	158	46	110	174	2000	2056	2123	2005	1999	1996	2007	2091	2008	2016	2043	2024
304998	62	126	14	78	142	30	94	158	46	110	174	1979	2088	2097	1984	1982	2013	2001	2105	2021	2017	2074	2034
304998	62	126	14	78	142	30	94	158	46	110	174	1988	2061	2114	1987	1990	1997	2005	2091	2015	2022	2062	2034
304998	62	126	14	78	142	30	94	158	46	110	174	2026	2013	2149	2020	2006	1956	2020	2070	1980	2016	2013	2016
304998	62	126	14	78	142	30	94	158	46	110	174	2063	1974	2175	2047	2022	1933	2039	2045	1956	2020	1976	1988
304998	62	126	14	78	142	30	94	158	46	110	174	2062	1983	2169	2046	2018	1948	2038	2046	1959	2016	1977	1990
304998	62	126	14	78	142	30	94	158	46	110	174	2033	2026	2124	2018	2006	1979	2024	2070	1993	2020	2029	2019
304998	62	126	14	78	142	30	94	158	46	110	174	1990	2067	2103	1989	1983	2008	2006	2095	2026	2022	2066	2039
304998	62	126	14	78	142	30	94	158	46	110	174	1975	2075	2105	1984	1984	2008	1995	2106	2028	2017	2068	2039
304998	62	126	14	78	142	30	94	158	46	110	174	2005	2048	2134	2001	1995	1981	2015	2085	1994	2022	2036	2019
304998	62	126	14	78	142	30	94	158	46	110	174	2044	1998	2166	2035	2009	1947	2033	2051	1961	2018	1996	1989
