304998	62	126	14	78	142	30	94	158	46	110	174	1986	2071	2080	1992	1980	2017	2000	2098	2027	2022	2062	2060
304998	62	126	14	78	142	30	94	158	46	110	174	1981	2065	2092	1989	1979	2009	1997	2087	2025	2022	2068	2043
304998	62	126	14	78	142	30	94	158	46	110	174	2008	2033	2138	2009	2004	1971	2009	2079	1997	2018	2034	2017
304998	62	126	14	78	142	30	94	158	46	110	174	2043	1997	2179	2030	2016	1938	2031	2059	1957	2019	1997	1985
304998	62	126	14	78	142	30	94	158	46	110	174	2068	1988	2181	2046	2017	1933	2047	2052	1953	2017	1982	1969
304998	62	126	14	78	142	30	94	158	46	110	174	2049	2011	2141	2030	2006	1964	2029	2063	1974	2019	2003	1996
304998	62	126	14	78	142	30	94	158	46	110	174	2001	2045	2102	2007	1989	1999	2006	2086	2019	2017	2050	2042
304998	62	126	14	78	142	30	94	158	46	110	174	1977	2071	2086	1988	1991	2014	1996	2100	2038	2021	2079	2066
304998	62	126	14	78	142	30	94	158	46	110	174	1991	2057	2116	1997	1989	2000	2008	2094	2009	2022	2056	2044
304998	62	126	14	78	142	30	94	158	46	110	174	2022	2020	2155	2015	2008	1956	2015	2070	1972	2017	2013	1995
304998	62	126	14	78	142	30	94	158	46	110	174	2062	1987	2176	2039	2019	1930	2045	2047	1948	2023	1982	1961
304998	62	126	14	78	142	30	94	158	46	110	174	2059	1984	2175	2031	2017	1940	2025	2051	1970	2022	1990	1979
304998	62	126	14	78	142	30	94	158	46	110	174	2030	2026	2128	2016	2007	1976	2018	2074	1996	2021	2026	2029
304998	62	126	14	78	142	30	94	158	46	110	174	1988	2063	2096	1993	1987	2012	2005	2094	2026	2021	2058	2061
304998	62	126	14	78	142	30	94	158	46	110	174	1980	2077	2090	1990	1993	2013	1999	2096	2027	2018	2065	2054
304998	62	126	14	78	142	30	94	158	46	110	174	2008	2043	2118	2003	1996	1981	2018	2085	2003	2020	2039	2022
304998	62	126	14	78	142	30	94	158	46	110	174	2039	1991	2169	2029	2009	1937	2019	2058	1965	2021	2007	1983
304998	62	126	14	78	142	30	94	158	46	110	174	2065	1977	2192	2040	2020	1929	2038	2054	1946	2020	1981	1972
304998	62	126	14	78	142	30	94	158	46	110	174	2041	2003	2164	2028	2011	1959	2031	2060	1970	2017	1995	1990
304998	62	126	14	78	142	30	94	158	46	110	174	2010	2049	2107	2009	1993	2003	2010	2080	2012	2020	2045	2037
304998	62	126	14	78	142	30	94	158	46	110	174	1985	2077	2071	1989	1985	2015	1995	2098	2038	2021	2072	2066
304998	62	126	14	78	142	30	94	158	46	110	174	1987	2056	2091	1997	1989	1998	1997	2094	2015	2018	2060	2050
304998	62	126	14	78	142	30	94	158	46	110	174	2025	2018	2153	2018	2011	1956	2022	2075	1976	2022	2019	2002
304998	62	126	14	78	142	30	94	158	46	110	174	2053	1986	2196	2039	2016	1937	2030	2048	1948	2020	1978	1957
304998	62	126	14	78	142	30	94	158	46	110	174	2062	1994	2180	2032	2019	1937	2038	2052	1964	2018	1992	1970
304998	62	126	14	78	142	30	94	158	46	110	174	2033	2024	2127	2020	2005	1973	2026	2077	1995	2019	2020	2020
304998	62	126	14	78	142	30	94	158	46	110	174	2001	2059	2083	2002	1991	2004	2005	2096	2023	2017	2056	2064
304998	62	126	14	78	142	30	94	158	46	110	174	1983	2070	2079	1988	1993	2013	2004	2101	2027	2019	2067	2063
304998	62	126	14	78	142	30	94	158	46	110	174	1998	2044	2126	2003	1995	1987	2017	2079	2001	2021	2045	2018
304998	62	126	14	78	142	30	94	158	46	110	174	2034	2009	2176	2024	2009	1951	2022	2063	1971	2019	2006	1983
304998	62	126	14	78	142	30	94	158	46	110	174	2066	1992	2187	2035	2016	1927	2040	2055	1952	2017	1980	1970
304998	62	126	14	78	142	30	94	158	46	110	174	2055	1998	2154	2033	2007	1948	2036	2058	1972	2020	1996	1986
304998	62	126	14	78	142	30	94	158	46	110	174	2021	2041	2111	2014	2001	1987	2017	2079	2003	2016	2034	2031
304998	62	126	14	78	142	30	94	158	46	110	174	1986	2074	2085	1993	1992	2018	2004	2098	2036	2016	2072	2069
304998	62	126	14	78	142	30	94	158	46	110	174	1985	2065	2098	1992	1993	2006	2000	2093	2023	2017	2064	2057
304998	62	126	14	78	142	30	94	158	46	110	174	2018	2031	2143	2008	2006	1967	2022	2077	1984	2017	2021	2006
304998	62	126	14	78	142	30	94	158	46	110	174	2051	1995	2183	2035	2009	1935	2028	2056	1947	2017	1987	1960
304998	62	126	14	78	142	30	94	158	46	110	174	2068	1984	2180	2037	2018	1934	2042	2054	1959	2021	1984	1964
304998	62	126	14	78	142	30	94	158	46	110	174	2035	2011	2145	2023	2007	1969	2017	2065	1988	2020	2017	2014
304998	62	126	14	78	142	30	94	158	46	110	174	1997	2057	2098	2002	1992	2008	2007	2093	2022	2021	2053	2054
304998	62	126	14	78	142	30	94	158	46	110	174	1978	2075	2083	1989	1970	2027	1999	2096	2034	2017	2066	2066
304998	62	126	14	78	142	30	94	158	46	110	174	2002	2054	2108	2013	1968	2000	2003	2082	2007	2022	2048	2027
304998	62	126	14	78	142	30	94	158	46	110	174	2034	2008	2158	2020	2005	1949	2024	2066	1970	2018	2013	1984
304998	62	126	14	78	142	30	94	158	46	110	174	2065	1980	2193	2037	2019	1931	2030	2056	1952	2020	1983	1963
304998	62	126	14	78	142	30	94	158	46	110	174	2056	1996	2174	2032	2020	1953	2041	2067	1959	2018	1995	1985
304998	62	126	14	78	142	30	94	158	46	110	174	2016	2044	2114	2011	2002	1989	2026	2083	2000	2016	2032	2025
304998	62	126	14	78	142	30	94	158	46	110	174	1993	2073	2074	1995	1990	2012	2011	2093	2029	2020	2073	2061
304998	62	126	14	78	142	30	94	158	46	110	174	1987	2070	2086	1996	1990	2006	1998	2098	2031	2020	2068	2064
304998	62	126	14	78	142	30	94	158	46	110	174	2015	2027	2141	2006	2003	1971	2007	2077	1989	2018	2026	2019
304998	62	126	14	78	142	30	94	158	46	110	174	2048	1994	2189	2027	2016	1939	2037	2059	1954	2022	1989	1966
304998	62	126	14	78	142	30	94	158	46	110	174	2061	1984	2189	2032	2018	1931	2032	2052	1947	2017	1981	1955
304998	62	126	14	78	142	30	94	158	46	110	174	2039	2021	2144	2025	2011	1961	2028	2065	1984	2021	2014	2005
304998	62	126	14	78	142	30	94	158	46	110	174	2005	2056	2092	2008	1991	2008	2018	2092	2022	2018	2051	2056
304998	62	126	14	78	142	30	94	158	46	110	174	1983	2070	2075	1990	1991	2018	2002	2098	2031	2019	2065	2072
304998	62	126	14	78	142	30	94	158	46	110	174	1994	2055	2111	1997	1990	1997	2009	2096	2008	2017	2045	2033
304998	62	126	14	78	142	30	94	158	46	110	174	2024	2018	2168	2020	1999	1954	2027	2063	1974	2021	2014	1991
304998	62	126	14	78	142	30	94	158	46	110	174	2059	1993	2196	2034	2018	1926	2030	2053	1954	2022	1986	1967
304998	62	126	14	78	142	30	94	158	46	110	174	2062	1998	2168	2033	2016	1945	2042	2068	1963	2017	1987	1975
304998	62	126	14	78	142	30	94	158	46	110	174	2027	2029	2118	2019	2005	1983	2026	2077	2000	2020	2023	2021
304998	62	126	14	78	142	30	94	158	46	110	174	1993	2064	2079	1997	1994	2013	2007	2094	2026	2022	2068	2067
304998	62	126	14	78	142	30	94	158	46	110	174	1979	2061	2095	1993	1978	2017	1992	2092	2038	2017	2071	2069
304998	62	126	14	78	142	30	94	158	46	110	174	2001	2039	2139	2011	1995	1973	2007	2079	1996	2018	2033	2018
304998	62	126	14	78	142	30	94	158	46	110	174	2046	2007	2177	2026	2013	1939	2036	2063	1955	2021	1993	1963
304998	62	126	14	78	142	30	94	158	46	110	174	2065	1985	2189	2040	2017	1933	2035	2051	1947	2022	1982	1953
304998	62	126	14	78	142	30	94	158	46	110	174	2049	2008	2150	2026	2015	1962	2034	2063	1975	2021	2014	1992
304998	62	126	14	78	142	30	94	158	46	110	174	2009	2050	2103	2012	1986	2003	2012	2087	2019	2018	2045	2053
304998	62	126	14	78	142	30	94	158	46	110	174	1984	2074	2082	1996	1982	2015	2003	2100	2029	2016	2066	2079
304998	62	126	14	78	142	30	94	158	46	110	174	1996	2062	2098	1996	1995	1996	2017	2093	2014	2020	2050	2039
304998	62	126	14	78	142	30	94	158	46	110	174	2026	2020	2150	2016	2006	1961	2017	2067	1973	2016	2020	1990
304998	62	126	14	78	142	30	94	158	46	110	174	2063	1986	2192	2037	2013	1936	2032	2052	1951	2017	1988	1967
304998	62	126	14	78	142	30	94	158	46	110	174	2062	1990	2183	2033	2015	1938	2038	2062	1957	2016	1986	1970
304998	62	126	14	78	142	30	94	158	46	110	174	2025	2031	2138	2023	1998	1977	2020	2074	1988	2017	2018	2014
304998	62	126	14	78	142	30	94	158	46	110	174	1992	2062	2084	2001	1993	2007	2003	2092	2021	2017	2061	2061
304998	62	126	14	78	142	30	94	158	46	110	174	1985	2070	2075	1996	1987	2018	2001	2090	2031	2017	2068	2072
304998	62	126	14	78	142	30	94	158	46	110	174	2006	2041	2120	2005	2000	1984	2016	2080	2003	2020	2038	2029
304998	62	126	14	78	142	30	94	158	46	110	174	2041	2002	2177	2026	2013	1940	2026	2063	1955	2019	1993	1978
304998	62	126	14	78	142	30	94	158	46	110	174	2062	1985	2199	2040	2011	1930	2032	2052	1945	2017	1977	1954
304998	62	126	14	78	142	30	94	158	46	110	174	2046	2008	2169	2030	2016	1948	2030	2059	1974	2018	2002	1986
304998	62	126	14	78	142	30	94	158	46	110	174	2010	2047	2103	2011	1996	1994	2012	2083	2016	2019	2041	2046
304998	62	126	14	78	142	30	94	158	46	110	174	1991	2071	2068	1998	1978	2019	2006	2097	2036	2020	2064	2076
304998	62	126	14	78	142	30	94	158	46	110	174	1984	2055	2096	1992	1993	2002	2007	2091	2018	2017	2053	2047
304998	62	126	14	78	142	30	94	158	46	110	174	2022	2020	2159	2015	2003	1964	2020	2070	1970	2021	2021	1990
304998	62	126	14	78	142	30	94	158	46	110	174	2052	1992	2199	2033	2015	1929	2037	2054	1954	2016	1993	1966
304998	62	126	14	78	142	30	94	158	46	110	174	2062	2000	2185	2033	2018	1939	2035	2053	1959	2019	1985	1970
304998	62	126	14	78	142	30	94	158	46	110	174	2035	2029	2127	2020	2006	1974	2029	2071	1985	2019	2016	2014
304998	62	126	14	78	142	30	94	158	46	110	174	2006	2056	2084	2008	1990	2003	2011	2091	2023	2020	2050	2058
304998	62	126	14	78	142	30	94	158	46	110	174	1987	2065	2079	1992	1995	2013	2012	2095	2027	2020	2072	2065
304998	62	126	14	78	142	30	94	158	46	110	174	2003	2045	2128	2010	1990	1992	2010	2083	2006	2018	2045	2039
304998	62	126	14	78	142	30	94	158	46	110	174	2035	2014	2174	2023	2014	1949	2021	2063	1966	2018	2001	1980
304998	62	126	14	78	142	30	94	158	46	110	174	2056	1996	2190	2034	2014	1937	2035	2051	1948	2018	1982	1945
304998	62	126	14	78	142	30	94	158	46	110	174	2054	2000	2161	2038	2008	1947	2034	2059	1964	2016	1994	1976
304998	62	126	14	78	142	30	94	158	46	110	174	2017	2034	2110	2013	2002	1987	2014	2073	2009	2022	2040	2037
304998	62	126	14	78	142	30	94	158	46	110	174	1993	2064	2080	2003	1981	2019	2003	2092	2035	2022	2066	2073
304998	62	126	14	78	142	30	94	158	46	110	174	1987	2064	2099	1997	1995	2008	2005	2092	2022	2016	2055	2062
304998	62	126	14	78	142	30	94	158	46	110	174	2016	2032	2139	2013	1999	1969	2017	2079	1982	2020	2018	2002
304998	62	126	14	78	142	30	94	158	46	110	174	2050	1999	2183	2032	2013	1932	2038	2054	1954	2019	1997	1955
304998	62	126	14	78	142	30	94	158	46	110	174	2060	1982	2190	2043	2014	1933	2039	2049	1955	2019	1988	1968
304998	62	126	14	78	142	30	94	158	46	110	174	2037	2012	2148	2020	2010	1967	2025	2076	1986	2022	2011	2008
304998	62	126	14	78	142	30	94	158	46	110	174	2002	2048	2098	2006	1991	2010	2015	2087	2020	2022	2047	2058
304998	62	126	14	78	142	30	94	158	46	110	174	1987	2068	2080	1995	1989	2019	2005	2094	2027	2017	2066	2063
304998	62	126	14	78	142	30	94	158	46	110	174	1999	2051	2106	2004	1988	1990	2004	2079	2011	2020	2048	2036
304998	62	126	14	78	142	30	94	158	46	110	174	2038	2010	2160	2025	2004	1951	2020	2064	1975	2019	2011	1989
304998	62	126	14	78	142	30	94	158	46	110	174	2054	1983	2198	2031	2018	1929	2030	2049	1947	2022	1981	1955
304998	62	126	14	78	142	30	94	158	46	110	174	2054	1998	2177	2036	2005	1959	2030	2060	1960	2021	1994	1969
304998	62	126	14	78	142	30	94	158	46	110	174	2018	2031	2126	2018	2003	1983	2018	2071	2003	2022	2035	2025
304998	62	126	14	78	142	30	94	158	46	110	174	1991	2064	2077	1997	1992	2013	2004	2089	2035	2022	2064	2073
304998	62	126	14	78	142	30	94	158	46	110	174	1993	2068	2080	1994	1989	2010	2004	2096	2022	2016	2060	2066
304998	62	126	14	78	142	30	94	158	46	110	174	2011	2031	2132	2009	2008	1968	2015	2072	1987	2017	2025	2013
304998	62	126	14	78	142	30	94	158	46	110	174	2052	1992	2190	2032	2014	1937	2025	2060	1953	2017	1993	1959
304998	62	126	14	78	142	30	94	158	46	110	174	2061	1987	2201	2037	2018	1932	2032	2049	1954	2017	1991	1958
304998	62	126	14	78	142	30	94	158	46	110	174	2043	2020	2149	2023	2011	1954	2035	2068	1986	2021	2009	2000
304998	62	126	14	78	142	30	94	158	46	110	174	2006	2051	2092	2011	1997	1996	2013	2086	2014	2017	2042	2058
304998	62	126	14	78	142	30	94	158	46	110	174	1985	2060	2072	1997	1991	2018	1997	2091	2028	2020	2056	2072
304998	62	126	14	78	142	30	94	158	46	110	174	1998	2049	2104	1997	1996	1994	2007	2085	2007	2021	2048	2038
304998	62	126	14	78	142	30	94	158	46	110	174	2023	2013	2172	2023	2002	1956	2017	2063	1981	2022	2022	1988
304998	62	126	14	78	142	30	94	158	46	110	174	2052	1995	2203	2037	2018	1927	2031	2057	1952	2019	1988	1954
304998	62	126	14	78	142	30	94	158	46	110	174	2052	1998	2178	2033	2015	1941	2048	2059	1954	2018	1988	1968
304998	62	126	14	78	142	30	94	158	46	110	174	2025	2033	2120	2021	2005	1982	2019	2072	1992	2022	2021	2019
304998	62	126	14	78	142	30	94	158	46	110	174	2002	2057	2078	2000	1996	2013	2007	2084	2030	2018	2060	2067
304998	62	126	14	78	142	30	94	158	46	110	174	1988	2057	2087	1995	1982	2015	1996	2092	2034	2020	2066	2075
304998	62	126	14	78	142	30	94	158	46	110	174	2010	2038	2137	2012	1997	1977	2008	2077	1994	2016	2032	2023
304998	62	126	14	78	142	30	94	158	46	110	174	2041	2007	2186	2028	2011	1941	2031	2060	1960	2021	1996	1971
304998	62	126	14	78	142	30	94	158	46	110	174	2058	1996	2186	2040	2018	1931	2030	2048	1940	2018	1985	1945
304998	62	126	14	78	142	30	94	158	46	110	174	2043	2005	2157	2029	2009	1954	2025	2057	1982	2016	2008	1994
304998	62	126	14	78	142	30	94	158	46	110	174	2015	2042	2100	2010	2001	1997	2018	2086	2015	2022	2041	2054
304998	62	126	14	78	142	30	94	158	46	110	174	1989	2061	2077	1995	1996	2014	2001	2091	2030	2020	2061	2074
304998	62	126	14	78	142	30	94	158	46	110	174	1993	2054	2104	1997	1995	1995	2005	2084	2015	2022	2051	2047
304998	62	126	14	78	142	30	94	158	46	110	174	2028	2023	2151	2018	2010	1962	2017	2064	1974	2021	2018	1993
304998	62	126	14	78	142	30	94	158	46	110	174	2054	1993	2188	2032	2013	1928	2025	2053	1955	2021	1995	1954
304998	62	126	14	78	142	30	94	158	46	110	174	2053	1989	2188	2039	2009	1936	2033	2056	1953	2020	1990	1970
304998	62	126	14	78	142	30	94	158	46	110	174	2033	2023	2140	2020	2006	1974	2021	2073	1986	2020	2019	2018
304998	62	126	14	78	142	30	94	158	46	110	174	1994	2052	2092	2005	1994	2013	2006	2086	2019	2018	2048	2062
304998	62	126	14	78	142	30	94	158	46	110	174	1989	2068	2075	1994	1992	2015	2004	2088	2034	2017	2064	2065
304998	62	126	14	78	142	30	94	158	46	110	174	2010	2045	2116	2007	2000	1984	2008	2082	2003	2020	2039	2030
304998	62	126	14	78	142	30	94	158	46	110	174	2034	2002	2179	2029	2003	1936	2021	2061	1958	2020	2001	1974
304998	62	126	14	78	142	30	94	158	46	110	174	2051	1985	2199	2036	2016	1930	2026	2054	1939	2018	1984	1949
304998	62	126	14	78	142	30	94	158	46	110	174	2043	2003	2171	2029	2009	1955	2036	2060	1969	2017	2001	1977
304998	62	126	14	78	142	30	94	158	46	110	174	2014	2039	2114	2013	2004	1994	2012	2074	2014	2017	2038	2045
304998	62	126	14	78	142	30	94	158	46	110	174	1993	2067	2070	2000	1992	2019	2007	2096	2040	2019	2065	2085
304998	62	126	14	78	142	30	94	158	46	110	174	1999	2059	2086	2001	1990	2001	2013	2088	2015	2018	2053	2061
304998	62	126	14	78	142	30	94	158	46	110	174	2019	2023	2145	2014	2003	1961	2016	2074	1979	2021	2019	2000
304998	62	126	14	78	142	30	94	158	46	110	174	2049	1993	2201	2031	2015	1933	2026	2052	1949	2021	1996	1946
304998	62	126	14	78	142	30	94	158	46	110	174	2049	1994	2196	2033	2015	1939	2025	2055	1959	2020	1996	1963
304998	62	126	14	78	142	30	94	158	46	110	174	2039	2027	2139	2016	2002	1973	2036	2075	1988	2018	2017	2013
304998	62	126	14	78	142	30	94	158	46	110	174	2004	2054	2075	2009	1994	2003	2004	2087	2018	2019	2045	2068
304998	62	126	14	78	142	30	94	158	46	110	174	1995	2060	2064	1999	1993	2014	2006	2091	2029	2021	2056	2069
304998	62	126	14	78	142	30	94	158	46	110	174	2003	2039	2115	2006	1997	1984	2008	2076	2010	2018	2043	2033
304998	62	126	14	78	142	30	94	158	46	110	174	2027	2006	2183	2031	2002	1956	2016	2063	1967	2020	2012	1979
304998	62	126	14	78	142	30	94	158	46	110	174	2049	2000	2208	2032	2015	1930	2044	2057	1946	2016	1993	1950
304998	62	126	14	78	142	30	94	158	46	110	174	2045	2008	2171	2032	2005	1947	2028	2064	1961	2022	1999	1979
304998	62	126	14	78	142	30	94	158	46	110	174	2022	2036	2104	2017	2006	1985	2027	2076	2005	2022	2031	2028
304998	62	126	14	78	142	30	94	158	46	110	174	1993	2055	2071	1999	1993	2014	2003	2086	2039	2022	2059	2080
304998	62	126	14	78	142	30	94	158	46	110	174	1993	2052	2089	1999	1995	2006	2001	2091	2024	2022	2060	2071
304998	62	126	14	78	142	30	94	158	46	110	174	2018	2030	2153	2010	2001	1972	2019	2076	1987	2021	2025	2013
304998	62	126	14	78	142	30	94	158	46	110	174	2041	2004	2189	2026	2014	1933	2026	2058	1951	2021	1994	1954
304998	62	126	14	78	142	30	94	158	46	110	174	2058	1998	2188	2036	2014	1924	2039	2055	1950	2020	1996	1948
304998	62	126	14	78	142	30	94	158	46	110	174	2033	2011	2147	2024	2008	1969	2015	2065	1990	2017	2020	2007
304998	62	126	14	78	142	30	94	158	46	110	174	2004	2043	2092	2008	1999	2007	2008	2086	2026	2016	2047	2064
304998	62	126	14	78	142	30	94	158	46	110	174	1993	2061	2077	1996	1988	2019	2001	2092	2031	2020	2055	2081
304998	62	126	14	78	142	30	94	158	46	110	174	2001	2051	2109	2008	1999	1988	2010	2079	2006	2021	2041	2040
