304998	62	126	14	78	142	30	94	158	46	110	174	2014	2034	2114	2012	1993	1994	2012	2081	2006	2020	2029	2040
304998	62	126	14	78	142	30	94	158	46	110	174	2023	2023	2170	2021	2004	1948	2023	2072	1967	2017	2024	1971
304998	62	126	14	78	142	30	94	158	46	110	174	2025	2012	2208	2030	1999	1928	2020	2064	1943	2017	2014	1936
304998	62	126	14	78	142	30	94	158	46	110	174	2026	2010	2189	2033	2002	1941	2017	2059	1967	2020	2011	1961
304998	62	126	14	78	142	30	94	158	46	110	174	2020	2024	2120	2025	1998	1989	2016	2072	2009	2017	2022	2034
304998	62	126	14	78	142	30	94	158	46	110	174	2015	2042	2068	2009	1994	2022	2030	2085	2029	2017	2040	2092
304998	62	126	14	78	142	30	94	158	46	110	174	2008	2040	2070	2006	1997	2010	2011	2081	2025	2020	2038	2086
304998	62	126	14	78	142	30	94	158	46	110	174	2019	2026	2130	2014	2001	1973	2020	2071	1992	2017	2026	2018
304998	62	126	14	78	142	30	94	158	46	110	174	2027	2015	2204	2022	1999	1937	2023	2061	1959	2018	2018	1944
304998	62	126	14	78	142	30	94	158	46	110	174	2030	2015	2213	2029	2002	1935	2017	2070	1948	2019	2014	1932
304998	62	126	14	78	142	30	94	158	46	110	174	2022	2022	2163	2020	1998	1963	2027	2075	1975	2020	2026	1989
304998	62	126	14	78	142	30	94	158	46	110	174	2016	2036	2080	2015	1997	2001	2016	2077	2013	2019	2030	2073
304998	62	126	14	78	142	30	94	158	46	110	174	2016	2042	2054	2006	2001	2016	2017	2077	2038	2017	2032	2103
304998	62	126	14	78	142	30	94	158	46	110	174	2017	2027	2100	2011	1997	2001	2009	2077	2020	2021	2029	2054
304998	62	126	14	78	142	30	94	158	46	110	174	2024	2021	2171	2018	2002	1959	2022	2075	1974	2020	2028	1973
304998	62	126	14	78	142	30	94	158	46	110	174	2022	2015	2222	2028	1995	1934	2020	2066	1944	2021	2020	1936
304998	62	126	14	78	142	30	94	158	46	110	174	2020	2022	2187	2023	1998	1938	2020	2063	1956	2019	2017	1959
304998	62	126	14	78	142	30	94	158	46	110	174	2025	2026	2117	2019	1995	1981	2015	2073	2005	2018	2020	2026
304998	62	126	14	78	142	30	94	158	46	110	174	2019	2032	2064	2007	2001	2012	2017	2083	2031	2022	2034	2086
304998	62	126	14	78	142	30	94	158	46	110	174	2019	2034	2073	2004	2001	2009	2023	2084	2025	2022	2041	2092
304998	62	126	14	78	142	30	94	158	46	110	174	2013	2027	2138	2020	1991	1978	2016	2074	1994	2021	2032	2028
304998	62	126	14	78	142	30	94	158	46	110	174	2020	2023	2191	2022	2004	1937	2020	2063	1957	2019	2018	1950
304998	62	126	14	78	142	30	94	158	46	110	174	2025	2014	2207	2032	1995	1934	2017	2064	1954	2022	2015	1930
304998	62	126	14	78	142	30	94	158	46	110	174	2023	2015	2164	2024	1999	1960	2019	2074	1976	2021	2027	1984
304998	62	126	14	78	142	30	94	158	46	110	174	2020	2027	2096	2016	2006	1992	2027	2080	2014	2020	2029	2062
304998	62	126	14	78	142	30	94	158	46	110	174	2012	2035	2066	2014	1999	2011	2012	2078	2033	2021	2028	2098
304998	62	126	14	78	142	30	94	158	46	110	174	2018	2039	2085	2011	2002	2002	2014	2072	2020	2018	2026	2062
304998	62	126	14	78	142	30	94	158	46	110	174	2018	2025	2152	2018	1999	1964	2020	2073	1983	2017	2028	1988
304998	62	126	14	78	142	30	94	158	46	110	174	2029	2014	2206	2019	2001	1931	2018	2072	1951	2022	2024	1939
304998	62	126	14	78	142	30	94	158	46	110	174	2024	2018	2197	2022	1997	1937	2027	2069	1957	2017	2024	1948
304998	62	126	14	78	142	30	94	158	46	110	174	2020	2025	2140	2015	2004	1975	2023	2072	1988	2022	2020	2019
304998	62	126	14	78	142	30	94	158	46	110	174	2020	2034	2066	2012	2001	2011	2012	2077	2034	2020	2033	2077
304998	62	126	14	78	142	30	94	158	46	110	174	2015	2031	2060	2008	2000	2017	2009	2077	2034	2020	2036	2093
304998	62	126	14	78	142	30	94	158	46	110	174	2025	2028	2117	2012	1995	1981	2022	2077	1998	2020	2029	2043
304998	62	126	14	78	142	30	94	158	46	110	174	2022	2021	2189	2018	1999	1940	2018	2074	1957	2017	2016	1964
304998	62	126	14	78	142	30	94	158	46	110	174	2023	2023	2215	2024	2002	1934	2016	2066	1954	2020	2020	1929
304998	62	126	14	78	142	30	94	158	46	110	174	2018	2027	2171	2020	2007	1954	2021	2074	1970	2022	2032	1970
304998	62	126	14	78	142	30	94	158	46	110	174	2022	2027	2090	2016	1996	1999	2018	2080	2008	2018	2031	2054
304998	62	126	14	78	142	30	94	158	46	110	174	2023	2026	2062	2011	1999	2015	2034	2082	2028	2020	2024	2098
304998	62	126	14	78	142	30	94	158	46	110	174	2013	2030	2084	2011	2005	2002	2012	2076	2017	2020	2026	2071
304998	62	126	14	78	142	30	94	158	46	110	174	2017	2027	2157	2018	1997	1969	2019	2077	1991	2019	2029	1998
304998	62	126	14	78	142	30	94	158	46	110	174	2016	2026	2211	2019	2006	1935	2020	2069	1948	2020	2030	1939
304998	62	126	14	78	142	30	94	158	46	110	174	2027	2029	2190	2022	1997	1939	2027	2073	1944	2020	2021	1944
304998	62	126	14	78	142	30	94	158	46	110	174	2027	2027	2139	2018	1995	1969	2024	2072	1986	2021	2020	2011
304998	62	126	14	78	142	30	94	158	46	110	174	2022	2024	2080	2015	2003	2003	2016	2074	2029	2020	2026	2073
304998	62	126	14	78	142	30	94	158	46	110	174	2015	2025	2071	2014	1995	2017	2011	2080	2037	2021	2029	2094
304998	62	126	14	78	142	30	94	158	46	110	174	2021	2036	2113	2015	2001	1990	2017	2080	2003	2020	2031	2050
304998	62	126	14	78	142	30	94	158	46	110	174	2024	2030	2174	2016	2000	1949	2036	2075	1966	2018	2021	1968
304998	62	126	14	78	142	30	94	158	46	110	174	2013	2022	2208	2024	1998	1923	2015	2064	1951	2016	2023	1926
304998	62	126	14	78	142	30	94	158	46	110	174	2020	2027	2180	2020	2005	1950	2016	2076	1967	2017	2033	1965
304998	62	126	14	78	142	30	94	158	46	110	174	2018	2028	2119	2017	1999	1988	2015	2078	2006	2022	2029	2050
304998	62	126	14	78	142	30	94	158	46	110	174	2023	2030	2063	2009	2005	2017	2027	2083	2029	2019	2025	2098
304998	62	126	14	78	142	30	94	158	46	110	174	2024	2032	2078	2012	1998	2008	2015	2077	2020	2018	2021	2071
304998	62	126	14	78	142	30	94	158	46	110	174	2023	2025	2132	2022	2004	1970	2015	2068	1993	2018	2028	2005
304998	62	126	14	78	142	30	94	158	46	110	174	2017	2023	2204	2018	1998	1935	2018	2073	1952	2021	2027	1949
304998	62	126	14	78	142	30	94	158	46	110	174	2020	2026	2210	2021	2000	1939	2019	2070	1951	2022	2023	1942
304998	62	126	14	78	142	30	94	158	46	110	174	2015	2028	2150	2018	1995	1965	2018	2073	1983	2016	2021	1996
304998	62	126	14	78	142	30	94	158	46	110	174	2020	2028	2075	2014	2000	2001	2022	2071	2021	2022	2029	2065
304998	62	126	14	78	142	30	94	158	46	110	174	2026	2027	2059	2010	1999	2018	2018	2078	2038	2018	2028	2097
304998	62	126	14	78	142	30	94	158	46	110	174	2023	2028	2104	2014	2003	1987	2019	2083	2008	2020	2023	2060
304998	62	126	14	78	142	30	94	158	46	110	174	2021	2025	2177	2015	1996	1954	2026	2075	1969	2017	2022	1975
304998	62	126	14	78	142	30	94	158	46	110	174	2021	2035	2206	2020	1993	1928	2023	2070	1941	2018	2026	1927
304998	62	126	14	78	142	30	94	158	46	110	174	2021	2028	2184	2015	1994	1949	2017	2065	1968	2018	2031	1959
304998	62	126	14	78	142	30	94	158	46	110	174	2023	2025	2113	2021	2001	1984	2013	2078	2005	2016	2026	2038
304998	62	126	14	78	142	30	94	158	46	110	174	2021	2019	2069	2011	1995	2015	2011	2079	2031	2016	2019	2088
304998	62	126	14	78	142	30	94	158	46	110	174	2018	2021	2081	2010	1997	2015	2009	2076	2022	2022	2020	2077
304998	62	126	14	78	142	30	94	158	46	110	174	2017	2032	2136	2015	1999	1974	2021	2072	1996	2021	2029	2021
304998	62	126	14	78	142	30	94	158	46	110	174	2019	2034	2188	2017	1989	1946	2011	2074	1961	2021	2030	1956
304998	62	126	14	78	142	30	94	158	46	110	174	2017	2031	2197	2016	2004	1930	2017	2079	1947	2021	2026	1938
304998	62	126	14	78	142	30	94	158	46	110	174	2018	2018	2160	2014	1999	1962	2011	2072	1971	2022	2024	1982
304998	62	126	14	78	142	30	94	158	46	110	174	2023	2025	2095	2013	1994	2007	2021	2078	2009	2019	2027	2061
304998	62	126	14	78	142	30	94	158	46	110	174	2024	2033	2063	2015	1996	2015	2017	2078	2040	2021	2030	2102
304998	62	126	14	78	142	30	94	158	46	110	174	2026	2031	2088	2018	1999	1993	2027	2083	2016	2021	2023	2066
304998	62	126	14	78	142	30	94	158	46	110	174	2018	2023	2157	2017	1999	1960	2021	2074	1971	2020	2022	1981
304998	62	126	14	78	142	30	94	158	46	110	174	2018	2031	2206	2016	2003	1936	2011	2075	1947	2020	2028	1928
304998	62	126	14	78	142	30	94	158	46	110	174	2014	2026	2196	2017	1999	1945	2018	2074	1961	2017	2037	1954
304998	62	126	14	78	142	30	94	158	46	110	174	2015	2030	2132	2017	1992	1984	2017	2074	1996	2016	2026	2033
304998	62	126	14	78	142	30	94	158	46	110	174	2026	2031	2063	2016	2004	2006	2017	2081	2026	2019	2022	2085
304998	62	126	14	78	142	30	94	158	46	110	174	2023	2019	2075	2018	1996	2017	2013	2074	2026	2016	2019	2078
304998	62	126	14	78	142	30	94	158	46	110	174	2021	2021	2126	2016	1996	1986	2012	2074	1995	2017	2029	2031
304998	62	126	14	78	142	30	94	158	46	110	174	2017	2027	2193	2017	1992	1945	2016	2073	1967	2022	2030	1961
304998	62	126	14	78	142	30	94	158	46	110	174	2013	2040	2209	2017	2003	1931	2027	2080	1957	2017	2029	1937
304998	62	126	14	78	142	30	94	158	46	110	174	2018	2032	2155	2018	1996	1963	2016	2077	1970	2019	2024	1976
304998	62	126	14	78	142	30	94	158	46	110	174	2021	2024	2099	2018	1996	2000	2016	2077	2005	2020	2029	2051
304998	62	126	14	78	142	30	94	158	46	110	174	2028	2019	2065	2013	2002	2023	2030	2074	2036	2022	2025	2100
304998	62	126	14	78	142	30	94	158	46	110	174	2027	2020	2105	2017	1992	2007	2018	2072	2025	2019	2022	2072
304998	62	126	14	78	142	30	94	158	46	110	174	2019	2035	2155	2016	2001	1962	2016	2082	1979	2020	2027	1991
304998	62	126	14	78	142	30	94	158	46	110	174	2015	2038	2197	2018	1994	1939	2012	2075	1951	2022	2031	1932
304998	62	126	14	78	142	30	94	158	46	110	174	2005	2026	2190	2019	1991	1946	2007	2072	1954	2016	2036	1955
304998	62	126	14	78	142	30	94	158	46	110	174	2020	2028	2138	2019	1990	1981	2013	2074	1997	2016	2027	2022
304998	62	126	14	78	142	30	94	158	46	110	174	2020	2023	2090	2015	1997	2007	2018	2079	2026	2021	2018	2078
304998	62	126	14	78	142	30	94	158	46	110	174	2025	2026	2070	2016	2003	2015	2025	2078	2025	2023	2016	2081
304998	62	126	14	78	142	30	94	158	46	110	174	2018	2025	2113	2015	2001	1993	2013	2073	2003	2016	2028	2038
304998	62	126	14	78	142	30	94	158	46	110	174	2020	2032	2175	2018	1993	1951	2027	2074	1968	2021	2031	1967
304998	62	126	14	78	142	30	94	158	46	110	174	2014	2027	2208	2017	1992	1931	2016	2072	1953	2017	2030	1939
304998	62	126	14	78	142	30	94	158	46	110	174	2012	2031	2176	2019	1995	1957	2019	2080	1968	2018	2028	1969
304998	62	126	14	78	142	30	94	158	46	110	174	2017	2026	2115	2014	2003	1995	2015	2074	2009	2018	2031	2046
304998	62	126	14	78	142	30	94	158	46	110	174	2026	2025	2061	2020	1999	2019	2016	2075	2029	2020	2024	2097
304998	62	126	14	78	142	30	94	158	46	110	174	2032	2018	2086	2018	1993	2009	2022	2074	2026	2016	2021	2073
304998	62	126	14	78	142	30	94	158	46	110	174	2023	2023	2145	2013	1997	1964	2019	2082	1984	2022	2021	2004
304998	62	126	14	78	142	30	94	158	46	110	174	2015	2032	2203	2019	1989	1938	2019	2077	1955	2020	2034	1937
304998	62	126	14	78	142	30	94	158	46	110	174	2006	2034	2198	2016	2000	1939	2011	2073	1954	2017	2038	1949
304998	62	126	14	78	142	30	94	158	46	110	174	2021	2034	2138	2013	2003	1975	2037	2074	1988	2020	2029	2009
304998	62	126	14	78	142	30	94	158	46	110	174	2025	2021	2079	2020	2001	2003	2020	2077	2027	2017	2022	2076
304998	62	126	14	78	142	30	94	158	46	110	174	2032	2019	2070	2013	2004	2012	2020	2086	2030	2016	2017	2088
304998	62	126	14	78	142	30	94	158	46	110	174	2022	2021	2121	2016	1994	1993	2015	2076	2004	2020	2025	2044
304998	62	126	14	78	142	30	94	158	46	110	174	2016	2037	2176	2014	2000	1953	2016	2071	1968	2018	2030	1976
304998	62	126	14	78	142	30	94	158	46	110	174	2017	2037	2205	2014	1996	1937	2019	2076	1959	2018	2029	1937
304998	62	126	14	78	142	30	94	158	46	110	174	2007	2032	2170	2019	1993	1948	2009	2078	1968	2018	2028	1968
304998	62	126	14	78	142	30	94	158	46	110	174	2020	2027	2117	2014	2000	1984	2020	2078	2004	2020	2029	2031
304998	62	126	14	78	142	30	94	158	46	110	174	2021	2016	2079	2021	1989	2019	2012	2074	2026	2017	2023	2090
304998	62	126	14	78	142	30	94	158	46	110	174	2023	2020	2087	2017	1992	2013	2014	2072	2028	2018	2025	2082
304998	62	126	14	78	142	30	94	158	46	110	174	2019	2028	2134	2019	1985	1978	2011	2073	1994	2017	2021	2013
304998	62	126	14	78	142	30	94	158	46	110	174	2015	2028	2187	2014	2002	1937	2019	2077	1954	2019	2034	1945
304998	62	126	14	78	142	30	94	158	46	110	174	2011	2033	2202	2015	1997	1936	2020	2076	1948	2021	2045	1937
304998	62	126	14	78	142	30	94	158	46	110	174	2015	2032	2156	2018	1997	1966	2022	2072	1975	2020	2033	2000
304998	62	126	14	78	142	30	94	158	46	110	174	2026	2027	2090	2013	1998	2004	2023	2075	2024	2019	2016	2068
304998	62	126	14	78	142	30	94	158	46	110	174	2034	2023	2057	2018	1997	2016	2017	2077	2039	2022	2013	2084
304998	62	126	14	78	142	30	94	158	46	110	174	2032	2017	2099	2016	2004	1993	2030	2077	2008	2020	2024	2046
304998	62	126	14	78	142	30	94	158	46	110	174	2021	2027	2168	2016	1995	1956	2016	2072	1972	2016	2032	1991
304998	62	126	14	78	142	30	94	158	46	110	174	2012	2032	2210	2015	1993	1936	2020	2075	1951	2022	2037	1943
304998	62	126	14	78	142	30	94	158	46	110	174	2009	2037	2181	2015	1998	1942	2013	2076	1971	2019	2035	1955
304998	62	126	14	78	142	30	94	158	46	110	174	2020	2029	2114	2020	2003	1982	2022	2078	1995	2022	2030	2022
304998	62	126	14	78	142	30	94	158	46	110	174	2027	2013	2073	2019	2002	2013	2018	2076	2028	2020	2023	2090
304998	62	126	14	78	142	30	94	158	46	110	174	2032	2020	2080	2012	2010	2010	2034	2074	2029	2021	2020	2087
304998	62	126	14	78	142	30	94	158	46	110	174	2023	2026	2134	2016	1989	1983	2019	2074	2001	2017	2020	2020
304998	62	126	14	78	142	30	94	158	46	110	174	2016	2039	2185	2018	2003	1940	2011	2082	1957	2021	2028	1949
304998	62	126	14	78	142	30	94	158	46	110	174	2010	2034	2196	2018	1991	1933	2015	2074	1950	2018	2045	1938
304998	62	126	14	78	142	30	94	158	46	110	174	2018	2033	2154	2014	1997	1962	2019	2071	1975	2016	2032	1991
304998	62	126	14	78	142	30	94	158	46	110	174	2028	2024	2097	2013	2000	1998	2018	2068	2020	2020	2018	2059
304998	62	126	14	78	142	30	94	158	46	110	174	2025	2021	2071	2021	1995	2018	2010	2076	2039	2017	2015	2087
304998	62	126	14	78	142	30	94	158	46	110	174	2030	2027	2092	2014	2003	1992	2019	2077	2017	2016	2021	2053
304998	62	126	14	78	142	30	94	158	46	110	174	2019	2028	2152	2020	1994	1964	2015	2074	1972	2017	2031	1990
304998	62	126	14	78	142	30	94	158	46	110	174	2011	2033	2199	2019	1993	1935	2013	2070	1954	2017	2035	1950
304998	62	126	14	78	142	30	94	158	46	110	174	2012	2035	2190	2013	1995	1941	2025	2073	1963	2017	2032	1953
304998	62	126	14	78	142	30	94	158	46	110	174	2014	2028	2131	2018	2000	1974	2013	2077	1993	2017	2022	2011
304998	62	126	14	78	142	30	94	158	46	110	174	2025	2028	2077	2016	2005	2012	2013	2074	2027	2022	2022	2080
304998	62	126	14	78	142	30	94	158	46	110	174	2031	2022	2064	2018	1995	2017	2023	2072	2026	2021	2019	2092
304998	62	126	14	78	142	30	94	158	46	110	174	2027	2022	2112	2012	2002	1982	2021	2071	2001	2017	2021	2031
304998	62	126	14	78	142	30	94	158	46	110	174	2016	2029	2181	2017	1999	1946	2009	2075	1965	2016	2027	1957
304998	62	126	14	78	142	30	94	158	46	110	174	2013	2037	2208	2014	1999	1929	2013	2075	1950	2021	2042	1938
304998	62	126	14	78	142	30	94	158	46	110	174	2018	2039	2164	2013	1995	1954	2018	2076	1969	2017	2038	1984
304998	62	126	14	78	142	30	94	158	46	110	174	2028	2027	2092	2018	2002	1996	2022	2071	2009	2020	2020	2054
304998	62	126	14	78	142	30	94	158	46	110	174	2033	2014	2060	2015	2004	2012	2022	2075	2042	2019	2012	2089
304998	62	126	14	78	142	30	94	158	46	110	174	2034	2019	2092	2013	2000	2001	2030	2077	2017	2021	2018	2061
304998	62	126	14	78	142	30	94	158	46	110	174	2021	2031	2154	2018	1998	1964	2021	2077	1981	2022	2028	1995
304998	62	126	14	78	142	30	94	158	46	110	174	2017	2039	2197	2015	1993	1937	2015	2077	1951	2016	2033	1957
304998	62	126	14	78	142	30	94	158	46	110	174	2015	2045	2185	2013	1992	1940	2022	2074	1961	2017	2034	1953
304998	62	126	14	78	142	30	94	158	46	110	174	2019	2025	2133	2018	1999	1969	2013	2074	1990	2022	2025	2006
304998	62	126	14	78	142	30	94	158	46	110	174	2031	2021	2079	2015	2009	2002	2017	2072	2018	2021	2022	2074
304998	62	126	14	78	142	30	94	158	46	110	174	2028	2017	2079	2016	1999	2018	2017	2074	2026	2020	2018	2093
304998	62	126	14	78	142	30	94	158	46	110	174	2028	2026	2119	2015	2006	1986	2022	2069	2006	2018	2019	2045
304998	62	126	14	78	142	30	94	158	46	110	174	2016	2038	2173	2013	1995	1948	2013	2078	1972	2017	2030	1964
304998	62	126	14	78	142	30	94	158	46	110	174	2010	2040	2193	2016	1999	1930	2014	2078	1951	2020	2038	1937
304998	62	126	14	78	142	30	94	158	46	110	174	2015	2032	2168	2015	1997	1952	2018	2075	1967	2020	2040	1974
304998	62	126	14	78	142	30	94	158	46	110	174	2022	2027	2114	2017	1997	1993	2019	2073	2003	2018	2025	2047
304998	62	126	14	78	142	30	94	158	46	110	174	2033	2021	2072	2010	2004	2013	2021	2074	2034	2017	2014	2091
304998	62	126	14	78	142	30	94	158	46	110	174	2034	2026	2083	2017	1999	2001	2023	2080	2028	2016	2015	2064
304998	62	126	14	78	142	30	94	158	46	110	174	2027	2028	2135	2013	2003	1970	2018	2079	1985	2018	2029	2005
304998	62	126	14	78	142	30	94	158	46	110	174	2012	2033	2188	2018	1992	1940	2015	2077	1953	2021	2038	1956
