304998	62	126	14	78	142	30	94	158	46	110	174	2042	2013	2066	2014	2007	2020	2021	2071	2039	2021	2004	2084
304998	62	126	14	78	142	30	94	158	46	110	174	2033	2014	2097	2018	1998	2005	2015	2077	2020	2017	2016	2058
304998	62	126	14	78	142	30	94	158	46	110	174	2017	2038	2153	2010	1998	1963	2020	2078	1979	2021	2036	2005
304998	62	126	14	78	142	30	94	158	46	110	174	2000	2054	2189	2006	1997	1934	2004	2084	1956	2021	2050	1956
304998	62	126	14	78	142	30	94	158	46	110	174	2002	2051	2177	2012	1985	1944	2006	2077	1967	2020	2048	1957
304998	62	126	14	78	142	30	94	158	46	110	174	2013	2035	2128	2008	2004	1979	2007	2084	1994	2020	2028	2006
304998	62	126	14	78	142	30	94	158	46	110	174	2027	2017	2084	2017	1990	2021	2015	2076	2028	2022	2018	2075
304998	62	126	14	78	142	30	94	158	46	110	174	2040	2008	2079	2020	2000	2013	2021	2075	2031	2021	2011	2089
304998	62	126	14	78	142	30	94	158	46	110	174	2025	2026	2120	2015	2004	1984	2025	2073	2001	2018	2019	2040
304998	62	126	14	78	142	30	94	158	46	110	174	2011	2049	2167	2011	1989	1950	2009	2081	1971	2021	2035	1972
304998	62	126	14	78	142	30	94	158	46	110	174	2002	2051	2184	2007	1995	1932	2010	2085	1956	2022	2051	1938
304998	62	126	14	78	142	30	94	158	46	110	174	2006	2042	2160	2006	1993	1955	2006	2085	1968	2017	2046	1978
304998	62	126	14	78	142	30	94	158	46	110	174	2022	2026	2114	2015	1989	1996	2023	2079	2005	2016	2026	2048
304998	62	126	14	78	142	30	94	158	46	110	174	2037	2013	2075	2014	2008	2015	2022	2072	2031	2021	2006	2089
304998	62	126	14	78	142	30	94	158	46	110	174	2037	2023	2087	2015	1999	2007	2023	2070	2031	2019	2011	2066
304998	62	126	14	78	142	30	94	158	46	110	174	2025	2037	2139	2014	1997	1973	2011	2084	1990	2020	2031	2004
304998	62	126	14	78	142	30	94	158	46	110	174	2005	2043	2182	2007	1990	1941	2010	2080	1953	2016	2054	1950
304998	62	126	14	78	142	30	94	158	46	110	174	1997	2047	2194	2011	1988	1939	2010	2084	1954	2021	2051	1961
304998	62	126	14	78	142	30	94	158	46	110	174	2009	2032	2148	2011	1993	1967	2017	2072	1991	2021	2032	2008
304998	62	126	14	78	142	30	94	158	46	110	174	2025	2017	2094	2014	2004	2007	2017	2077	2026	2022	2013	2064
304998	62	126	14	78	142	30	94	158	46	110	174	2039	2017	2069	2020	2003	2016	2028	2071	2033	2017	2010	2076
304998	62	126	14	78	142	30	94	158	46	110	174	2031	2020	2105	2015	2001	1992	2018	2076	2004	2017	2019	2050
304998	62	126	14	78	142	30	94	158	46	110	174	2009	2037	2167	2011	1996	1955	2015	2079	1970	2019	2042	1985
304998	62	126	14	78	142	30	94	158	46	110	174	1996	2046	2204	2008	1985	1940	2009	2081	1956	2016	2048	1949
304998	62	126	14	78	142	30	94	158	46	110	174	1998	2045	2182	2009	1992	1948	2003	2084	1969	2022	2040	1969
304998	62	126	14	78	142	30	94	158	46	110	174	2016	2035	2117	2013	2005	1988	2021	2083	2005	2018	2027	2033
304998	62	126	14	78	142	30	94	158	46	110	174	2040	2017	2066	2018	1999	2021	2020	2075	2028	2020	2014	2088
304998	62	126	14	78	142	30	94	158	46	110	174	2037	2008	2087	2019	2003	2008	2020	2067	2022	2018	2010	2078
304998	62	126	14	78	142	30	94	158	46	110	174	2028	2026	2145	2013	1990	1980	2014	2077	1996	2021	2022	2017
304998	62	126	14	78	142	30	94	158	46	110	174	2002	2045	2189	2009	1992	1946	2014	2086	1962	2021	2039	1948
304998	62	126	14	78	142	30	94	158	46	110	174	1997	2053	2192	2006	1992	1938	2006	2086	1949	2017	2054	1953
304998	62	126	14	78	142	30	94	158	46	110	174	2011	2044	2145	2013	1989	1974	2019	2081	1982	2019	2041	1999
304998	62	126	14	78	142	30	94	158	46	110	174	2025	2018	2096	2017	1999	2005	2017	2074	2025	2016	2015	2065
304998	62	126	14	78	142	30	94	158	46	110	174	2041	2005	2073	2019	2001	2014	2020	2074	2040	2021	2000	2089
304998	62	126	14	78	142	30	94	158	46	110	174	2033	2018	2109	2020	1996	2001	2026	2075	2012	2020	2011	2045
304998	62	126	14	78	142	30	94	158	46	110	174	2009	2033	2165	2013	1999	1957	2007	2078	1974	2019	2040	1982
304998	62	126	14	78	142	30	94	158	46	110	174	1995	2056	2191	2004	1990	1938	2017	2086	1949	2018	2054	1948
304998	62	126	14	78	142	30	94	158	46	110	174	2000	2045	2176	2015	1987	1944	2011	2079	1969	2016	2044	1972
304998	62	126	14	78	142	30	94	158	46	110	174	2019	2025	2122	2009	2005	1985	2010	2083	2001	2020	2027	2027
304998	62	126	14	78	142	30	94	158	46	110	174	2036	2008	2086	2018	2002	2018	2030	2075	2031	2022	2008	2071
304998	62	126	14	78	142	30	94	158	46	110	174	2036	2007	2088	2017	2003	2009	2022	2071	2023	2018	2012	2072
304998	62	126	14	78	142	30	94	158	46	110	174	2026	2028	2123	2012	2003	1981	2025	2074	1996	2021	2026	2026
304998	62	126	14	78	142	30	94	158	46	110	174	2005	2043	2178	2014	1985	1945	2013	2081	1967	2020	2042	1967
304998	62	126	14	78	142	30	94	158	46	110	174	1995	2048	2190	2008	1994	1937	2006	2091	1955	2018	2048	1950
304998	62	126	14	78	142	30	94	158	46	110	174	2004	2036	2154	2015	1992	1965	2024	2081	1971	2020	2038	1980
304998	62	126	14	78	142	30	94	158	46	110	174	2016	2018	2107	2021	1991	2003	2018	2074	2007	2019	2020	2061
304998	62	126	14	78	142	30	94	158	46	110	174	2040	2012	2076	2017	2004	2018	2026	2064	2039	2016	2006	2090
304998	62	126	14	78	142	30	94	158	46	110	174	2033	2012	2098	2022	1999	2002	2025	2071	2022	2017	2009	2062
304998	62	126	14	78	142	30	94	158	46	110	174	2016	2031	2154	2016	1992	1966	2011	2079	1980	2022	2028	1988
304998	62	126	14	78	142	30	94	158	46	110	174	1998	2046	2199	2006	1995	1938	2007	2085	1949	2022	2051	1946
304998	62	126	14	78	142	30	94	158	46	110	174	1991	2046	2185	2013	1980	1949	2009	2081	1957	2017	2058	1959
304998	62	126	14	78	142	30	94	158	46	110	174	2010	2033	2135	2014	1997	1979	2012	2078	1996	2020	2028	2031
304998	62	126	14	78	142	30	94	158	46	110	174	2035	2012	2077	2018	2001	2009	2031	2072	2028	2020	2008	2076
304998	62	126	14	78	142	30	94	158	46	110	174	2044	2006	2075	2025	1999	2020	2029	2069	2025	2017	1999	2079
304998	62	126	14	78	142	30	94	158	46	110	174	2029	2020	2126	2020	2004	1989	2019	2074	1996	2022	2019	2022
304998	62	126	14	78	142	30	94	158	46	110	174	2004	2038	2183	2010	1981	1954	2022	2074	1968	2021	2044	1975
304998	62	126	14	78	142	30	94	158	46	110	174	1995	2058	2197	2008	1995	1929	2009	2086	1955	2021	2057	1948
304998	62	126	14	78	142	30	94	158	46	110	174	2006	2044	2156	2008	1999	1955	2012	2086	1971	2020	2043	1987
304998	62	126	14	78	142	30	94	158	46	110	174	2027	2016	2102	2019	1990	2003	2026	2074	2006	2020	2015	2040
304998	62	126	14	78	142	30	94	158	46	110	174	2039	2005	2074	2024	2011	2018	2024	2068	2026	2020	2007	2084
304998	62	126	14	78	142	30	94	158	46	110	174	2039	2009	2102	2016	1990	2006	2020	2070	2026	2022	2013	2066
304998	62	126	14	78	142	30	94	158	46	110	174	2018	2033	2149	2016	1999	1968	2014	2076	1983	2022	2031	2007
304998	62	126	14	78	142	30	94	158	46	110	174	2001	2052	2184	2010	1996	1937	2016	2085	1951	2021	2046	1946
304998	62	126	14	78	142	30	94	158	46	110	174	1997	2047	2184	2016	1970	1942	2001	2083	1954	2016	2048	1947
304998	62	126	14	78	142	30	94	158	46	110	174	2009	2027	2140	2014	1995	1971	2013	2070	1991	2018	2041	2009
304998	62	126	14	78	142	30	94	158	46	110	174	2036	2013	2089	2020	1994	2012	2020	2070	2029	2020	2014	2078
304998	62	126	14	78	142	30	94	158	46	110	174	2040	2005	2075	2020	2012	2011	2025	2069	2031	2022	2000	2087
304998	62	126	14	78	142	30	94	158	46	110	174	2034	2020	2109	2017	2008	1988	2020	2072	2001	2019	2013	2038
304998	62	126	14	78	142	30	94	158	46	110	174	2014	2039	2166	2016	1983	1951	2017	2076	1964	2017	2039	1960
304998	62	126	14	78	142	30	94	158	46	110	174	1994	2046	2199	2010	1986	1933	2006	2080	1956	2021	2060	1945
304998	62	126	14	78	142	30	94	158	46	110	174	2000	2039	2174	2013	1991	1951	2014	2084	1974	2019	2046	1981
304998	62	126	14	78	142	30	94	158	46	110	174	2020	2025	2115	2016	2005	1989	2024	2075	2006	2020	2016	2045
304998	62	126	14	78	142	30	94	158	46	110	174	2037	2009	2073	2018	2012	2017	2023	2067	2027	2022	1997	2080
304998	62	126	14	78	142	30	94	158	46	110	174	2044	2004	2084	2020	2004	2013	2034	2068	2025	2021	2003	2065
304998	62	126	14	78	142	30	94	158	46	110	174	2023	2020	2145	2017	2007	1965	2016	2075	1996	2016	2033	2010
304998	62	126	14	78	142	30	94	158	46	110	174	2004	2048	2189	2008	1996	1933	2015	2084	1949	2017	2049	1957
304998	62	126	14	78	142	30	94	158	46	110	174	1995	2054	2195	2008	1987	1939	2006	2081	1950	2021	2051	1953
304998	62	126	14	78	142	30	94	158	46	110	174	2005	2043	2139	2008	2002	1970	2014	2074	1985	2017	2030	1998
304998	62	126	14	78	142	30	94	158	46	110	174	2033	2008	2087	2018	2003	2005	2021	2068	2030	2018	2014	2060
304998	62	126	14	78	142	30	94	158	46	110	174	2046	1999	2076	2020	2013	2008	2019	2064	2035	2019	2007	2086
304998	62	126	14	78	142	30	94	158	46	110	174	2039	2015	2114	2022	2005	1993	2035	2071	2008	2021	2013	2050
304998	62	126	14	78	142	30	94	158	46	110	174	2015	2036	2167	2016	1994	1955	2009	2076	1966	2020	2031	1986
304998	62	126	14	78	142	30	94	158	46	110	174	1998	2061	2189	2006	1985	1937	2006	2080	1954	2018	2048	1936
304998	62	126	14	78	142	30	94	158	46	110	174	2000	2045	2169	2013	1989	1951	2005	2081	1970	2017	2050	1965
304998	62	126	14	78	142	30	94	158	46	110	174	2023	2023	2118	2016	2004	1980	2019	2074	1998	2020	2028	2034
304998	62	126	14	78	142	30	94	158	46	110	174	2044	2004	2082	2025	2005	2014	2023	2071	2027	2018	2000	2087
304998	62	126	14	78	142	30	94	158	46	110	174	2037	2008	2091	2026	2011	2014	2023	2056	2026	2019	1994	2076
304998	62	126	14	78	142	30	94	158	46	110	174	2033	2027	2131	2017	1995	1981	2025	2077	1996	2019	2020	2006
304998	62	126	14	78	142	30	94	158	46	110	174	2004	2042	2184	2009	1991	1938	2008	2084	1953	2021	2048	1955
304998	62	126	14	78	142	30	94	158	46	110	174	1999	2051	2191	2008	1991	1932	2023	2087	1951	2021	2058	1955
304998	62	126	14	78	142	30	94	158	46	110	174	2008	2034	2154	2013	1995	1965	2022	2081	1975	2018	2036	1999
304998	62	126	14	78	142	30	94	158	46	110	174	2025	2017	2100	2022	2005	2006	2019	2063	2017	2018	2008	2056
304998	62	126	14	78	142	30	94	158	46	110	174	2046	2004	2066	2024	2008	2014	2035	2070	2040	2020	1999	2078
304998	62	126	14	78	142	30	94	158	46	110	174	2045	2015	2096	2025	2004	1990	2031	2076	2011	2022	2011	2050
304998	62	126	14	78	142	30	94	158	46	110	174	2018	2033	2157	2017	1996	1958	2014	2077	1968	2021	2034	1989
304998	62	126	14	78	142	30	94	158	46	110	174	2002	2048	2196	2011	1997	1940	2008	2080	1949	2018	2048	1947
304998	62	126	14	78	142	30	94	158	46	110	174	1995	2049	2189	2013	1982	1944	2009	2080	1966	2017	2047	1959
304998	62	126	14	78	142	30	94	158	46	110	174	2020	2036	2120	2017	2005	1974	2021	2080	1992	2020	2023	2019
304998	62	126	14	78	142	30	94	158	46	110	174	2041	2008	2074	2025	2005	2012	2023	2069	2025	2022	2006	2074
304998	62	126	14	78	142	30	94	158	46	110	174	2043	1997	2079	2027	2005	2017	2028	2063	2025	2021	1999	2084
304998	62	126	14	78	142	30	94	158	46	110	174	2032	2015	2128	2016	2003	1980	2030	2074	2001	2021	2013	2024
304998	62	126	14	78	142	30	94	158	46	110	174	2006	2045	2187	2017	1991	1947	2012	2085	1962	2022	2041	1960
304998	62	126	14	78	142	30	94	158	46	110	174	1998	2060	2192	2003	1995	1926	2018	2092	1948	2021	2051	1937
304998	62	126	14	78	142	30	94	158	46	110	174	2009	2045	2150	2009	1994	1961	2023	2082	1972	2021	2045	1991
304998	62	126	14	78	142	30	94	158	46	110	174	2027	2010	2098	2018	1998	1994	2019	2065	2009	2017	2013	2058
304998	62	126	14	78	142	30	94	158	46	110	174	2049	1999	2077	2023	2011	2016	2032	2064	2036	2017	1994	2090
304998	62	126	14	78	142	30	94	158	46	110	174	2040	2008	2104	2026	1998	2006	2035	2069	2019	2018	1998	2053
304998	62	126	14	78	142	30	94	158	46	110	174	2024	2036	2151	2018	2001	1959	2028	2074	1975	2022	2031	1991
304998	62	126	14	78	142	30	94	158	46	110	174	2004	2054	2190	2008	1993	1936	2009	2082	1948	2017	2054	1950
304998	62	126	14	78	142	30	94	158	46	110	174	2000	2049	2179	2014	1983	1944	2010	2082	1959	2020	2048	1964
304998	62	126	14	78	142	30	94	158	46	110	174	2017	2030	2131	2014	2001	1973	2021	2080	1993	2016	2024	2018
304998	62	126	14	78	142	30	94	158	46	110	174	2042	2003	2090	2022	2001	2008	2042	2074	2022	2018	1995	2067
304998	62	126	14	78	142	30	94	158	46	110	174	2049	2002	2082	2024	2014	2011	2036	2066	2022	2017	1994	2075
304998	62	126	14	78	142	30	94	158	46	110	174	2042	2024	2110	2021	2008	1986	2027	2071	2001	2020	2018	2030
304998	62	126	14	78	142	30	94	158	46	110	174	2013	2041	2167	2016	1995	1946	2019	2086	1964	2018	2040	1974
304998	62	126	14	78	142	30	94	158	46	110	174	1998	2052	2196	2012	1996	1927	2017	2093	1948	2020	2051	1942
304998	62	126	14	78	142	30	94	158	46	110	174	2004	2043	2168	2015	1993	1955	2027	2084	1965	2020	2043	1970
304998	62	126	14	78	142	30	94	158	46	110	174	2022	2019	2115	2018	2005	1991	2025	2070	2008	2016	2016	2041
304998	62	126	14	78	142	30	94	158	46	110	174	2045	2001	2073	2024	2009	2023	2029	2065	2035	2016	1996	2085
304998	62	126	14	78	142	30	94	158	46	110	174	2046	2000	2093	2027	2007	2003	2039	2076	2018	2021	1996	2068
304998	62	126	14	78	142	30	94	158	46	110	174	2025	2020	2143	2017	2007	1961	2024	2072	1981	2017	2015	2003
304998	62	126	14	78	142	30	94	158	46	110	174	2003	2051	2196	2009	1997	1935	2031	2085	1951	2022	2050	1942
304998	62	126	14	78	142	30	94	158	46	110	174	1995	2054	2194	2010	1991	1936	2014	2084	1958	2021	2054	1955
304998	62	126	14	78	142	30	94	158	46	110	174	2014	2042	2137	2012	2000	1969	2020	2079	1981	2018	2034	2013
304998	62	126	14	78	142	30	94	158	46	110	174	2037	2006	2085	2025	2004	2011	2030	2070	2018	2020	2003	2072
304998	62	126	14	78	142	30	94	158	46	110	174	2049	1993	2079	2029	2015	2009	2033	2063	2027	2017	1989	2079
304998	62	126	14	78	142	30	94	158	46	110	174	2039	2011	2116	2019	2007	1990	2037	2064	2010	2021	2010	2029
304998	62	126	14	78	142	30	94	158	46	110	174	2008	2038	2176	2016	1992	1952	2016	2079	1968	2021	2042	1975
304998	62	126	14	78	142	30	94	158	46	110	174	2000	2063	2195	2006	1989	1936	2028	2093	1943	2022	2053	1955
304998	62	126	14	78	142	30	94	158	46	110	174	2000	2048	2166	2007	1995	1948	2014	2081	1961	2020	2045	1979
304998	62	126	14	78	142	30	94	158	46	110	174	2026	2018	2112	2017	1998	1991	2023	2067	2006	2017	2013	2031
304998	62	126	14	78	142	30	94	158	46	110	174	2046	1994	2084	2025	2014	2019	2026	2064	2032	2017	1997	2072
304998	62	126	14	78	142	30	94	158	46	110	174	2045	2002	2094	2022	2004	2006	2030	2063	2021	2018	1998	2069
304998	62	126	14	78	142	30	94	158	46	110	174	2030	2030	2141	2018	2003	1970	2031	2072	1983	2021	2017	2013
304998	62	126	14	78	142	30	94	158	46	110	174	2008	2058	2180	2009	1998	1936	2023	2087	1952	2022	2042	1959
304998	62	126	14	78	142	30	94	158	46	110	174	1994	2058	2184	2005	1989	1939	2015	2092	1955	2020	2048	1943
304998	62	126	14	78	142	30	94	158	46	110	174	2009	2034	2148	2012	2006	1967	2022	2083	1981	2022	2038	1998
304998	62	126	14	78	142	30	94	158	46	110	174	2035	2010	2102	2020	1999	2007	2037	2072	2012	2021	2009	2062
304998	62	126	14	78	142	30	94	158	46	110	174	2052	1999	2081	2025	2016	2011	2041	2060	2030	2022	1988	2087
304998	62	126	14	78	142	30	94	158	46	110	174	2048	2013	2105	2022	2015	1993	2029	2074	2013	2020	2000	2043
304998	62	126	14	78	142	30	94	158	46	110	174	2016	2039	2157	2018	1988	1959	2020	2081	1970	2022	2035	1980
304998	62	126	14	78	142	30	94	158	46	110	174	1995	2057	2196	2006	1995	1932	2012	2088	1943	2017	2063	1951
304998	62	126	14	78	142	30	94	158	46	110	174	1992	2051	2185	2005	1989	1943	2015	2085	1957	2019	2050	1971
304998	62	126	14	78	142	30	94	158	46	110	174	2020	2031	2129	2014	2011	1977	2022	2078	2006	2021	2017	2035
304998	62	126	14	78	142	30	94	158	46	110	174	2046	2003	2084	2025	2013	2015	2033	2068	2030	2017	1988	2071
304998	62	126	14	78	142	30	94	158	46	110	174	2056	1996	2082	2031	2005	2008	2042	2066	2023	2017	1991	2065
304998	62	126	14	78	142	30	94	158	46	110	174	2033	2015	2134	2018	2005	1975	2033	2074	1991	2017	2019	2018
304998	62	126	14	78	142	30	94	158	46	110	174	2006	2051	2188	2008	1995	1935	2022	2084	1963	2022	2047	1967
304998	62	126	14	78	142	30	94	158	46	110	174	1989	2065	2200	1999	1993	1927	2009	2090	1952	2021	2056	1954
304998	62	126	14	78	142	30	94	158	46	110	174	2005	2049	2150	2005	2003	1964	2017	2083	1975	2022	2034	1993
304998	62	126	14	78	142	30	94	158	46	110	174	2035	2011	2099	2019	2000	1997	2033	2067	2016	2022	2013	2049
304998	62	126	14	78	142	30	94	158	46	110	174	2049	1984	2079	2029	2015	2014	2027	2059	2036	2017	1994	2076
304998	62	126	14	78	142	30	94	158	46	110	174	2051	2005	2105	2023	2015	1993	2035	2078	2015	2019	1999	2054
304998	62	126	14	78	142	30	94	158	46	110	174	2018	2041	2166	2013	2004	1963	2024	2081	1974	2020	2030	1993
304998	62	126	14	78	142	30	94	158	46	110	174	1994	2074	2187	2002	1995	1934	2017	2092	1947	2017	2050	1952
304998	62	126	14	78	142	30	94	158	46	110	174	1999	2061	2182	2002	1991	1938	2020	2084	1963	2021	2060	1963
304998	62	126	14	78	142	30	94	158	46	110	174	2014	2028	2134	2013	2006	1971	2017	2079	1998	2016	2028	2022
304998	62	126	14	78	142	30	94	158	46	110	174	2047	1998	2092	2023	2013	2013	2039	2065	2026	2017	1995	2071
304998	62	126	14	78	142	30	94	158	46	110	174	2045	1984	2098	2027	2013	2016	2028	2055	2025	2020	1989	2064
304998	62	126	14	78	142	30	94	158	46	110	174	2039	2020	2130	2017	2006	1982	2028	2065	2001	2019	2014	2018
