
















































































304998	62	126	14	78	142	30	94	158	46	110	174	2005	1968	2109	1509	2080	2195	2065	2015	1997	2067	2057	2064	
304998	62	126	14	78	142	30	94	158	46	110	174	2060	1970	2083	2346	1968	1911	1999	1996	2049	2102	2064	2051	
304998	62	126	14	78	142	30	94	158	46	110	174	2106	1972	2068	2879	1898	1736	1952	1979	2075	2125	2062	2042	
304998	62	126	14	78	142	30	94	158	46	110	174	2094	1968	2085	2649	1936	1814	1965	1984	2048	2115	2059	2051	
304998	62	126	14	78	142	30	94	158	46	110	174	2044	1965	2118	1852	2048	2080	2024	2009	1991	2084	2054	2067	
304998	62	126	14	78	142	30	94	158	46	110	174	1994	1960	2139	1170	2136	2314	2079	2025	1954	2059	2056	2079	
304998	62	126	14	78	142	30	94	158	46	110	174	1987	1966	2128	1181	2124	2304	2087	2027	1972	2053	2056	2076	
304998	62	126	14	78	142	30	94	158	46	110	174	2026	1967	2096	1873	2025	2075	2036	2006	2025	2080	2059	2062	
304998	62	126	14	78	142	30	94	158	46	110	174	2085	1973	2068	2652	1925	1804	1975	1983	2069	2113	2059	2041	
304998	62	126	14	78	142	30	94	158	46	110	174	2106	1973	2073	2873	1901	1736	1952	1979	2068	2126	2060	2042	
304998	62	126	14	78	142	30	94	158	46	110	174	2075	1971	2098	2329	1982	1914	1988	1994	2025	2103	2059	2058	
304998	62	126	14	78	142	30	94	158	46	110	174	2016	1962	2128	1494	2096	2210	2053	2020	1972	2071	2057	2072	
304998	62	126	14	78	142	30	94	158	46	110	174	1979	1960	2137	1074	2143	2340	2089	2029	1959	2053	2054	2079	
304998	62	126	14	78	142	30	94	158	46	110	174	2002	1962	2114	1428	2088	2222	2073	2015	1993	2064	2057	2070	
304998	62	126	14	78	142	30	94	158	46	110	174	2056	1970	2080	2256	1977	1937	2006	1994	2050	2093	2061	2048	
304998	62	126	14	78	142	30	94	158	46	110	174	2103	1971	2068	2852	1900	1741	1954	1979	2077	2122	2060	2042	
304998	62	126	14	78	142	30	94	158	46	110	174	2100	1976	2080	2706	1928	1788	1955	1980	2057	2114	2057	2050	
304998	62	126	14	78	142	30	94	158	46	110	174	2048	1967	2114	1950	2036	2046	2015	2004	2000	2091	2053	2065	
304998	62	126	14	78	142	30	94	158	46	110	174	1994	1966	2139	1225	2127	2302	2074	2024	1958	2065	2055	2083	
304998	62	126	14	78	142	30	94	158	46	110	174	1985	1964	2129	1137	2131	2322	2088	2025	1970	2052	2056	2077	
304998	62	126	14	78	142	30	94	158	46	110	174	2023	1967	2101	1779	2041	2104	2041	2005	2018	2073	2057	2060	
304998	62	126	14	78	142	30	94	158	46	110	174	2079	1968	2068	2583	1933	1822	1984	1988	2065	2106	2058	2042	
304998	62	126	14	78	142	30	94	158	46	110	174	2109	1969	2074	2890	1897	1726	1949	1977	2074	2126	2059	2040	
304998	62	126	14	78	142	30	94	158	46	110	174	2081	1965	2091	2412	1966	1888	1982	1993	2033	2105	2061	2056	
304998	62	126	14	78	142	30	94	158	46	110	174	2023	1965	2126	1582	2079	2184	2044	2015	1977	2080	2055	2074	
304998	62	126	14	78	142	30	94	158	46	110	174	1985	1966	2139	1087	2144	2342	2092	2028	1955	2054	2056	2080	
304998	62	126	14	78	142	30	94	158	46	110	174	1994	1962	2118	1353	2100	2253	2073	2020	1988	2057	2058	2071	
304998	62	126	14	78	142	30	94	158	46	110	174	2045	1968	2086	2158	1986	1969	2018	1994	2045	2093	2054	2051	
304998	62	126	14	78	142	30	94	158	46	110	174	2100	1974	2068	2817	1897	1747	1955	1979	2076	2120	2059	2040	
304998	62	126	14	78	142	30	94	158	46	110	174	2099	1973	2077	2763	1918	1767	1953	1983	2060	2120	2060	2049	
304998	62	126	14	78	142	30	94	158	46	110	174	2054	1966	2112	2045	2022	2015	2009	2003	2010	2092	2059	2064	
304998	62	126	14	78	142	30	94	158	46	110	174	1998	1963	2139	1286	2125	2291	2075	2022	1963	2063	2055	2077	
304998	62	126	14	78	142	30	94	158	46	110	174	1987	1964	2134	1108	2133	2333	2092	2025	1965	2052	2054	2079	
304998	62	126	14	78	142	30	94	158	46	110	174	2016	1964	2102	1685	2055	2143	2051	2007	2008	2074	2059	2065	
304998	62	126	14	78	142	30	94	158	46	110	174	2073	1971	2076	2505	1940	1845	1987	1987	2066	2105	2060	2041	
304998	62	126	14	78	142	30	94	158	46	110	174	2107	1971	2070	2894	1891	1721	1951	1975	2073	2123	2057	2040	
304998	62	126	14	78	142	30	94	158	46	110	174	2084	1967	2091	2505	1957	1858	1974	1986	2040	2112	2064	2054	
304998	62	126	14	78	142	30	94	158	46	110	174	2031	1963	2120	1668	2075	2152	2039	2012	1983	2080	2057	2075	
304998	62	126	14	78	142	30	94	158	46	110	174	1987	1964	2137	1105	2146	2342	2089	2025	1959	2052	2052	2084	
304998	62	126	14	78	142	30	94	158	46	110	174	1991	1966	2123	1288	2110	2276	2077	2019	1985	2055	2053	2074	
304998	62	126	14	78	142	30	94	158	46	110	174	2045	1968	2091	2068	2003	2001	2023	1996	2034	2086	2054	2052	
304998	62	126	14	78	142	30	94	158	46	110	174	2098	1968	2065	2770	1906	1758	1964	1984	2075	2118	2058	2041	
304998	62	126	14	78	142	30	94	158	46	110	174	2101	1970	2075	2812	1911	1748	1949	1983	2063	2122	2058	2045	
304998	62	126	14	78	142	30	94	158	46	110	174	2060	1968	2106	2146	2007	1981	1998	2002	2017	2098	2053	2061	
304998	62	126	14	78	142	30	94	158	46	110	174	2005	1962	2133	1351	2116	2266	2066	2019	1966	2067	2056	2080	
304998	62	126	14	78	142	30	94	158	46	110	174	1982	1962	2136	1081	2147	2345	2089	2028	1964	2051	2053	2081	
304998	62	126	14	78	142	30	94	158	46	110	174	2005	1964	2110	1592	2065	2172	2059	2011	2005	2074	2058	2065	
304998	62	126	14	78	142	30	94	158	46	110	174	2070	1971	2079	2427	1951	1874	1992	1993	2060	2103	2062	2046	
304998	62	126	14	78	142	30	94	158	46	110	174	2106	1968	2061	2898	1896	1725	1950	1973	2074	2124	2057	2040	
304998	62	126	14	78	142	30	94	158	46	110	174	2092	1969	2087	2582	1945	1828	1970	1984	2046	2113	2062	2049	
304998	62	126	14	78	142	30	94	158	46	110	174	2034	1963	2116	1762	2062	2119	2029	2011	1991	2083	2055	2074	
304998	62	126	14	78	142	30	94	158	46	110	174	1983	1960	2134	1136	2144	2329	2083	2025	1959	2056	2051	2081	
304998	62	126	14	78	142	30	94	158	46	110	174	1987	1963	2124	1227	2122	2294	2084	2022	1972	2060	2053	2074	
304998	62	126	14	78	142	30	94	158	46	110	174	2037	1966	2092	1970	2014	2040	2029	2007	2029	2088	2057	2052	
304998	62	126	14	78	142	30	94	158	46	110	174	2091	1969	2068	2710	1911	1777	1970	1979	2077	2114	2061	2041	
304998	62	126	14	78	142	30	94	158	46	110	174	2107	1972	2072	2844	1904	1744	1952	1980	2064	2123	2056	2046	
304998	62	126	14	78	142	30	94	158	46	110	174	2066	1969	2102	2238	1992	1948	1995	1997	2018	2100	2054	2062	
304998	62	126	14	78	142	30	94	158	46	110	174	2014	1965	2128	1421	2105	2237	2058	2021	1968	2072	2056	2080	
304998	62	126	14	78	142	30	94	158	46	110	174	1983	1964	2133	1072	2147	2343	2096	2027	1957	2051	2054	2082	
304998	62	126	14	78	142	30	94	158	46	110	174	2003	1965	2109	1505	2082	2201	2066	2015	1997	2067	2057	2070	
304998	62	126	14	78	142	30	94	158	46	110	174	2064	1971	2080	2343	1964	1906	1998	1996	2053	2100	2056	2049	
304998	62	126	14	78	142	30	94	158	46	110	174	2106	1970	2063	2876	1895	1732	1954	1979	2079	2126	2058	2040	
304998	62	126	14	78	142	30	94	158	46	110	174	2096	1968	2081	2650	1935	1806	1964	1983	2048	2115	2060	2051	
304998	62	126	14	78	142	30	94	158	46	110	174	2038	1964	2118	1859	2050	2082	2023	2007	1999	2088	2057	2067	
304998	62	126	14	78	142	30	94	158	46	110	174	1995	1961	2134	1172	2140	2314	2080	2024	1958	2055	2054	2087	
304998	62	126	14	78	142	30	94	158	46	110	174	1982	1962	2128	1180	2130	2309	2086	2028	1969	2057	2056	2079	
304998	62	126	14	78	142	30	94	158	46	110	174	2027	1966	2096	1872	2027	2074	2036	2003	2023	2084	2059	2059	
304998	62	126	14	78	142	30	94	158	46	110	174	2086	1973	2068	2646	1923	1798	1969	1983	2074	2114	2061	2043	
304998	62	126	14	78	142	30	94	158	46	110	174	2108	1970	2073	2882	1896	1734	1951	1977	2071	2124	2059	2043	
304998	62	126	14	78	142	30	94	158	46	110	174	2075	1963	2096	2335	1980	1913	1983	1999	2024	2105	2056	2056	
304998	62	126	14	78	142	30	94	158	46	110	174	2015	1966	2126	1501	2097	2208	2052	2014	1974	2071	2056	2075	
304998	62	126	14	78	142	30	94	158	46	110	174	1985	1960	2135	1064	2151	2347	2089	2029	1958	2051	2052	2079	
304998	62	126	14	78	142	30	94	158	46	110	174	2000	1966	2116	1416	2089	2227	2071	2016	1993	2064	2055	2067	
304998	62	126	14	78	142	30	94	158	46	110	174	2052	1968	2083	2252	1972	1934	2008	1996	2047	2090	2061	2048	
304998	62	126	14	78	142	30	94	158	46	110	174	2102	1972	2068	2857	1894	1737	1952	1979	2077	2120	2060	2038	
304998	62	126	14	78	142	30	94	158	46	110	174	2097	1973	2081	2722	1918	1781	1958	1983	2057	2118	2061	2049	
304998	62	126	14	78	142	30	94	158	46	110	174	2046	1965	2114	1953	2036	2050	2015	2006	2002	2088	2058	2067	
304998	62	126	14	78	142	30	94	158	46	110	174	1994	1963	2133	1219	2138	2302	2075	2024	1964	2064	2054	2082	
304998	62	126	14	78	142	30	94	158	46	110	174	1982	1962	2133	1122	2143	2330	2089	2026	1969	2054	2053	2076	
304998	62	126	14	78	142	30	94	158	46	110	174	2019	1964	2100	1768	2042	2110	2047	2005	2018	2074	2056	2061	
