304998	62	126	14	78	142	30	94	158	46	110	174	2003	2038	2122	1997	1967	1977	1989	2105	1998	2019	2045	2029
304998	62	126	14	78	142	30	94	158	46	110	174	1980	2063	2109	1955	1948	1976	1957	2136	1994	2020	2058	2033
304998	62	126	14	78	142	30	94	158	46	110	174	1991	2051	2129	1972	1963	1973	1975	2112	1984	2018	2053	2024
304998	62	126	14	78	142	30	94	158	46	110	174	2027	2018	2145	2028	2021	1970	2021	2053	1989	2021	2014	2010
304998	62	126	14	78	142	30	94	158	46	110	174	2057	1993	2154	2072	2057	1967	2072	2017	1996	2021	1985	1997
304998	62	126	14	78	142	30	94	158	46	110	174	2049	1989	2162	2081	2046	1975	2063	2028	1987	2016	1995	1991
304998	62	126	14	78	142	30	94	158	46	110	174	2025	2022	2131	2019	2004	1974	2020	2075	1989	2017	2035	2019
304998	62	126	14	78	142	30	94	158	46	110	174	1983	2052	2129	1974	1947	1974	1976	2116	1996	2020	2061	2047
304998	62	126	14	78	142	30	94	158	46	110	174	1979	2056	2112	1954	1950	1973	1962	2124	2001	2020	2059	2040
304998	62	126	14	78	142	30	94	158	46	110	174	2009	2034	2126	1997	1984	1978	1996	2090	1995	2021	2032	2011
304998	62	126	14	78	142	30	94	158	46	110	174	2034	1998	2156	2048	2037	1972	2046	2033	1986	2019	2006	1991
304998	62	126	14	78	142	30	94	158	46	110	174	2058	1991	2166	2078	2057	1969	2083	2017	1981	2018	1997	1991
304998	62	126	14	78	142	30	94	158	46	110	174	2037	2006	2151	2057	2022	1971	2045	2037	1984	2018	2009	2005
304998	62	126	14	78	142	30	94	158	46	110	174	2006	2043	2115	1998	1976	1970	2002	2097	1995	2018	2037	2018
304998	62	126	14	78	142	30	94	158	46	110	174	1990	2062	2104	1959	1948	1978	1967	2137	1997	2020	2066	2036
304998	62	126	14	78	142	30	94	158	46	110	174	1985	2044	2122	1968	1961	1978	1973	2118	1991	2019	2056	2036
304998	62	126	14	78	142	30	94	158	46	110	174	2022	2020	2148	2020	2011	1972	2029	2070	1986	2020	2017	2012
304998	62	126	14	78	142	30	94	158	46	110	174	2045	1993	2169	2072	2045	1971	2066	2013	1991	2021	1989	1987
304998	62	126	14	78	142	30	94	158	46	110	174	2049	1997	2155	2080	2044	1965	2065	2025	1989	2018	1997	1992
304998	62	126	14	78	142	30	94	158	46	110	174	2025	2015	2133	2038	2008	1972	2029	2070	1990	2018	2025	2022
304998	62	126	14	78	142	30	94	158	46	110	174	1992	2048	2116	1975	1961	1979	1989	2116	1992	2019	2048	2042
304998	62	126	14	78	142	30	94	158	46	110	174	1979	2060	2122	1954	1938	1985	1965	2126	1991	2020	2055	2031
304998	62	126	14	78	142	30	94	158	46	110	174	1997	2037	2134	1987	1985	1974	1990	2094	2000	2018	2044	2019
304998	62	126	14	78	142	30	94	158	46	110	174	2044	2012	2150	2045	2032	1974	2060	2044	1985	2018	2010	2003
304998	62	126	14	78	142	30	94	158	46	110	174	2058	1985	2160	2080	2053	1973	2075	2018	1987	2018	1988	1993
304998	62	126	14	78	142	30	94	158	46	110	174	2048	2005	2152	2058	2040	1973	2058	2042	1983	2020	2004	1999
304998	62	126	14	78	142	30	94	158	46	110	174	2008	2038	2129	2012	1972	1982	2006	2087	2001	2020	2041	2022
304998	62	126	14	78	142	30	94	158	46	110	174	1983	2065	2108	1962	1944	1979	1961	2135	2002	2020	2064	2050
304998	62	126	14	78	142	30	94	158	46	110	174	1994	2052	2116	1964	1961	1978	1973	2117	1998	2017	2056	2038
304998	62	126	14	78	142	30	94	158	46	110	174	2012	2017	2146	2013	2008	1973	2009	2066	1987	2020	2021	2012
304998	62	126	14	78	142	30	94	158	46	110	174	2049	1995	2156	2065	2050	1967	2075	2024	1989	2021	2001	1990
304998	62	126	14	78	142	30	94	158	46	110	174	2045	1993	2174	2080	2037	1980	2063	2020	1991	2017	1995	2000
304998	62	126	14	78	142	30	94	158	46	110	174	2029	2028	2136	2040	2013	1973	2035	2061	1983	2020	2020	2019
304998	62	126	14	78	142	30	94	158	46	110	174	2009	2046	2118	1986	1957	1985	2000	2114	1995	2022	2047	2031
304998	62	126	14	78	142	30	94	158	46	110	174	1983	2061	2107	1953	1950	1977	1966	2126	1994	2017	2063	2037
304998	62	126	14	78	142	30	94	158	46	110	174	2004	2040	2129	1980	1971	1984	1994	2106	1994	2021	2046	2028
304998	62	126	14	78	142	30	94	158	46	110	174	2026	2011	2155	2044	2012	1973	2028	2045	1985	2022	2008	1999
304998	62	126	14	78	142	30	94	158	46	110	174	2064	1998	2153	2075	2058	1968	2082	2018	1986	2022	1991	1985
304998	62	126	14	78	142	30	94	158	46	110	174	2052	1996	2154	2069	2033	1971	2058	2031	1984	2021	2003	1995
304998	62	126	14	78	142	30	94	158	46	110	174	2022	2028	2127	2009	1993	1974	2016	2082	1996	2016	2035	2026
304998	62	126	14	78	142	30	94	158	46	110	174	1992	2056	2116	1963	1952	1980	1972	2127	2001	2021	2058	2045
304998	62	126	14	78	142	30	94	158	46	110	174	1981	2062	2117	1963	1947	1979	1970	2124	1994	2021	2051	2028
304998	62	126	14	78	142	30	94	158	46	110	174	2018	2029	2136	2001	1993	1973	2013	2077	1987	2017	2033	2010
304998	62	126	14	78	142	30	94	158	46	110	174	2052	1994	2151	2060	2034	1975	2055	2025	1982	2017	2001	1999
304998	62	126	14	78	142	30	94	158	46	110	174	2058	1986	2161	2079	2050	1975	2072	2016	1994	2022	1992	1996
304998	62	126	14	78	142	30	94	158	46	110	174	2035	2012	2148	2045	2009	1978	2046	2057	1989	2017	2012	2007
304998	62	126	14	78	142	30	94	158	46	110	174	2004	2052	2114	1992	1975	1971	1995	2105	1995	2017	2048	2024
304998	62	126	14	78	142	30	94	158	46	110	174	1992	2065	2102	1951	1943	1985	1964	2138	1995	2020	2061	2042
304998	62	126	14	78	142	30	94	158	46	110	174	1996	2038	2124	1978	1968	1978	1982	2104	2001	2020	2044	2027
304998	62	126	14	78	142	30	94	158	46	110	174	2034	2012	2149	2029	2017	1978	2032	2059	1987	2021	2009	1998
304998	62	126	14	78	142	30	94	158	46	110	174	2054	1995	2171	2078	2036	1983	2065	2021	1981	2022	1991	1980
304998	62	126	14	78	142	30	94	158	46	110	174	2049	2006	2148	2071	2042	1968	2061	2034	1983	2019	2004	2001
304998	62	126	14	78	142	30	94	158	46	110	174	2025	2028	2123	2028	1980	1983	2023	2071	1996	2022	2029	2023
304998	62	126	14	78	142	30	94	158	46	110	174	1996	2049	2115	1973	1953	1982	1970	2123	1998	2020	2048	2041
304998	62	126	14	78	142	30	94	158	46	110	174	1991	2062	2117	1953	1953	1979	1974	2135	1996	2017	2058	2026
304998	62	126	14	78	142	30	94	158	46	110	174	2004	2035	2144	2005	1986	1973	1996	2083	1984	2021	2038	2017
304998	62	126	14	78	142	30	94	158	46	110	174	2045	2009	2150	2053	2041	1966	2049	2034	1986	2018	2003	1999
304998	62	126	14	78	142	30	94	158	46	110	174	2062	1992	2152	2080	2044	1975	2072	2016	1986	2021	1991	1991
304998	62	126	14	78	142	30	94	158	46	110	174	2043	2007	2145	2050	2031	1971	2043	2052	1984	2018	2010	2003
304998	62	126	14	78	142	30	94	158	46	110	174	2015	2041	2125	1992	1979	1977	2014	2109	1995	2022	2043	2032
304998	62	126	14	78	142	30	94	158	46	110	174	1979	2067	2111	1962	1955	1971	1966	2130	1999	2019	2062	2047
304998	62	126	14	78	142	30	94	158	46	110	174	1997	2055	2119	1974	1963	1979	1979	2106	1996	2022	2044	2028
304998	62	126	14	78	142	30	94	158	46	110	174	2029	2016	2137	2024	2006	1980	2014	2057	1995	2016	2017	1998
304998	62	126	14	78	142	30	94	158	46	110	174	2054	1991	2156	2067	2053	1973	2076	2027	1981	2021	1999	1991
304998	62	126	14	78	142	30	94	158	46	110	174	2059	1995	2156	2072	2043	1974	2063	2021	1981	2016	1996	1999
304998	62	126	14	78	142	30	94	158	46	110	174	2028	2028	2135	2029	2008	1972	2025	2067	1987	2017	2020	2017
304998	62	126	14	78	142	30	94	158	46	110	174	1999	2064	2112	1978	1957	1977	1974	2118	2000	2020	2048	2031
304998	62	126	14	78	142	30	94	158	46	110	174	1991	2057	2104	1957	1952	1978	1969	2132	1994	2021	2063	2031
304998	62	126	14	78	142	30	94	158	46	110	174	2011	2033	2130	1991	1985	1974	2007	2093	1985	2016	2041	2026
304998	62	126	14	78	142	30	94	158	46	110	174	2041	2002	2156	2048	2029	1967	2040	2037	1984	2019	2001	1997
304998	62	126	14	78	142	30	94	158	46	110	174	2058	1992	2165	2081	2052	1970	2064	2010	1991	2016	1992	1981
304998	62	126	14	78	142	30	94	158	46	110	174	2045	2009	2146	2056	2033	1968	2044	2044	1991	2017	2011	2001
304998	62	126	14	78	142	30	94	158	46	110	174	2017	2039	2117	2006	1972	1979	2018	2099	1986	2017	2036	2029
304998	62	126	14	78	142	30	94	158	46	110	174	1985	2056	2106	1961	1952	1971	1969	2123	1992	2020	2057	2040
304998	62	126	14	78	142	30	94	158	46	110	174	1995	2048	2123	1970	1960	1973	1982	2115	1995	2017	2048	2023
304998	62	126	14	78	142	30	94	158	46	110	174	2013	2019	2151	2017	2007	1972	2014	2065	1998	2018	2021	2002
304998	62	126	14	78	142	30	94	158	46	110	174	2055	1998	2154	2066	2054	1972	2072	2025	1982	2022	2001	1998
304998	62	126	14	78	142	30	94	158	46	110	174	2065	1996	2148	2078	2040	1974	2063	2020	1985	2017	1995	1999
304998	62	126	14	78	142	30	94	158	46	110	174	2035	2018	2129	2039	2012	1972	2028	2061	1986	2020	2016	2007
304998	62	126	14	78	142	30	94	158	46	110	174	1999	2046	2124	1984	1962	1977	1980	2108	2002	2018	2049	2025
304998	62	126	14	78	142	30	94	158	46	110	174	1985	2067	2121	1958	1950	1974	1960	2127	1996	2021	2064	2040
304998	62	126	14	78	142	30	94	158	46	110	174	2009	2045	2127	1983	1985	1970	2002	2098	1994	2021	2040	2029
304998	62	126	14	78	142	30	94	158	46	110	174	2032	2005	2144	2045	2022	1971	2036	2039	1981	2020	2004	1997
304998	62	126	14	78	142	30	94	158	46	110	174	2057	1987	2154	2075	2054	1967	2066	2014	1989	2020	1994	1982
304998	62	126	14	78	142	30	94	158	46	110	174	2045	2001	2155	2068	2027	1978	2048	2033	1993	2022	2009	2000
304998	62	126	14	78	142	30	94	158	46	110	174	2019	2038	2128	2013	1982	1978	2013	2086	1988	2017	2034	2026
304998	62	126	14	78	142	30	94	158	46	110	174	1996	2065	2112	1966	1952	1977	1966	2125	1998	2019	2053	2042
304998	62	126	14	78	142	30	94	158	46	110	174	1996	2060	2111	1970	1957	1970	1972	2113	1993	2020	2048	2024
304998	62	126	14	78	142	30	94	158	46	110	174	2021	2021	2134	2011	2003	1969	2009	2070	1996	2019	2027	2012
304998	62	126	14	78	142	30	94	158	46	110	174	2048	1993	2158	2064	2048	1970	2054	2027	1984	2020	2001	1995
304998	62	126	14	78	142	30	94	158	46	110	174	2059	1992	2164	2076	2048	1973	2076	2019	1986	2018	1990	1994
304998	62	126	14	78	142	30	94	158	46	110	174	2039	2023	2137	2041	2015	1970	2045	2055	1986	2020	2013	2003
304998	62	126	14	78	142	30	94	158	46	110	174	2006	2048	2110	1990	1971	1972	1993	2103	1994	2022	2050	2027
304998	62	126	14	78	142	30	94	158	46	110	174	1991	2059	2111	1961	1955	1974	1960	2126	1995	2020	2058	2045
304998	62	126	14	78	142	30	94	158	46	110	174	2003	2039	2129	1986	1982	1972	1995	2100	1986	2022	2040	2028
304998	62	126	14	78	142	30	94	158	46	110	174	2031	2007	2156	2045	2012	1978	2029	2049	1985	2016	2010	1994
304998	62	126	14	78	142	30	94	158	46	110	174	2052	1994	2164	2073	2053	1971	2065	2012	1981	2021	1997	1985
304998	62	126	14	78	142	30	94	158	46	110	174	2054	2005	2144	2071	2032	1973	2058	2028	1994	2018	2003	2002
304998	62	126	14	78	142	30	94	158	46	110	174	2024	2033	2125	2016	1999	1971	2018	2080	1995	2022	2030	2029
304998	62	126	14	78	142	30	94	158	46	110	174	1997	2054	2113	1968	1966	1974	1979	2122	1992	2016	2050	2039
304998	62	126	14	78	142	30	94	158	46	110	174	1994	2058	2122	1966	1952	1973	1970	2125	1991	2021	2050	2025
304998	62	126	14	78	142	30	94	158	46	110	174	2015	2034	2140	2004	2002	1972	2003	2073	1994	2017	2029	2016
304998	62	126	14	78	142	30	94	158	46	110	174	2046	2004	2152	2059	2042	1968	2051	2029	1984	2021	2002	1999
304998	62	126	14	78	142	30	94	158	46	110	174	2061	1993	2150	2082	2048	1971	2070	2016	1979	2020	1990	1995
304998	62	126	14	78	142	30	94	158	46	110	174	2043	2011	2139	2045	2023	1972	2052	2049	1983	2020	2011	2005
304998	62	126	14	78	142	30	94	158	46	110	174	2011	2042	2121	1990	1975	1973	2003	2096	1985	2021	2047	2026
304998	62	126	14	78	142	30	94	158	46	110	174	1991	2061	2118	1960	1954	1968	1968	2126	2002	2022	2059	2039
304998	62	126	14	78	142	30	94	158	46	110	174	1999	2048	2126	1975	1968	1973	1977	2110	1994	2020	2040	2029
304998	62	126	14	78	142	30	94	158	46	110	174	2033	2014	2140	2031	2014	1976	2027	2053	1987	2017	2012	2001
304998	62	126	14	78	142	30	94	158	46	110	174	2052	1987	2157	2072	2048	1965	2057	2015	1982	2022	1997	1985
304998	62	126	14	78	142	30	94	158	46	110	174	2055	1995	2151	2074	2041	1970	2060	2018	1987	2021	2002	1997
304998	62	126	14	78	142	30	94	158	46	110	174	2020	2021	2144	2024	2000	1966	2019	2077	1996	2018	2024	2018
304998	62	126	14	78	142	30	94	158	46	110	174	1998	2057	2113	1967	1966	1978	1981	2123	1995	2018	2045	2037
304998	62	126	14	78	142	30	94	158	46	110	174	1993	2064	2110	1957	1958	1975	1978	2130	1993	2021	2050	2031
304998	62	126	14	78	142	30	94	158	46	110	174	2011	2031	2126	1998	1991	1974	1993	2083	1983	2019	2039	2017
304998	62	126	14	78	142	30	94	158	46	110	174	2043	1997	2154	2050	2039	1968	2049	2028	1988	2021	2004	2000
304998	62	126	14	78	142	30	94	158	46	110	174	2055	1987	2165	2083	2047	1968	2064	2017	1983	2019	1986	1986
304998	62	126	14	78	142	30	94	158	46	110	174	2040	2010	2147	2052	2032	1969	2057	2045	1984	2022	2005	2000
304998	62	126	14	78	142	30	94	158	46	110	174	2015	2050	2121	2000	1983	1974	2013	2096	1988	2017	2045	2027
304998	62	126	14	78	142	30	94	158	46	110	174	1990	2062	2107	1968	1950	1974	1969	2125	1994	2017	2055	2045
304998	62	126	14	78	142	30	94	158	46	110	174	1997	2045	2123	1973	1969	1972	1975	2108	1998	2020	2044	2035
304998	62	126	14	78	142	30	94	158	46	110	174	2025	2013	2147	2026	2004	1976	2018	2066	1986	2017	2015	2000
304998	62	126	14	78	142	30	94	158	46	110	174	2048	1993	2163	2070	2050	1964	2057	2020	1987	2017	1999	1983
304998	62	126	14	78	142	30	94	158	46	110	174	2057	2000	2155	2072	2048	1964	2072	2020	1978	2022	2003	2002
304998	62	126	14	78	142	30	94	158	46	110	174	2037	2026	2128	2029	2005	1970	2027	2059	1996	2022	2020	2019
304998	62	126	14	78	142	30	94	158	46	110	174	2005	2049	2104	1976	1965	1967	1985	2113	2003	2017	2045	2029
304998	62	126	14	78	142	30	94	158	46	110	174	1986	2055	2112	1951	1962	1980	1970	2130	1994	2022	2054	2027
304998	62	126	14	78	142	30	94	158	46	110	174	2005	2035	2135	1992	1985	1972	1995	2092	1985	2021	2039	2020
304998	62	126	14	78	142	30	94	158	46	110	174	2038	2006	2156	2042	2034	1972	2041	2032	1985	2019	2007	2003
304998	62	126	14	78	142	30	94	158	46	110	174	2057	1996	2155	2082	2041	1966	2066	2012	1985	2019	1989	1992
304998	62	126	14	78	142	30	94	158	46	110	174	2048	2003	2141	2060	2035	1970	2052	2041	1986	2021	2007	1998
304998	62	126	14	78	142	30	94	158	46	110	174	2019	2037	2117	2007	1988	1974	2004	2091	1993	2018	2045	2024
304998	62	126	14	78	142	30	94	158	46	110	174	1993	2062	2118	1959	1954	1983	1987	2135	1994	2022	2055	2042
304998	62	126	14	78	142	30	94	158	46	110	174	1992	2049	2136	1967	1959	1981	1976	2113	1998	2016	2044	2029
304998	62	126	14	78	142	30	94	158	46	110	174	2021	2032	2139	2015	2006	1971	2021	2068	1995	2021	2018	2004
304998	62	126	14	78	142	30	94	158	46	110	174	2049	1996	2152	2071	2046	1967	2057	2025	1983	2018	2006	1994
304998	62	126	14	78	142	30	94	158	46	110	174	2057	1991	2151	2082	2051	1972	2062	2019	1981	2017	1998	1997
304998	62	126	14	78	142	30	94	158	46	110	174	2037	2017	2141	2038	2015	1979	2044	2062	1983	2020	2014	2016
304998	62	126	14	78	142	30	94	158	46	110	174	2000	2049	2129	1984	1967	1978	1988	2106	1998	2018	2042	2026
304998	62	126	14	78	142	30	94	158	46	110	174	1989	2065	2109	1954	1955	1974	1971	2135	2007	2020	2056	2037
304998	62	126	14	78	142	30	94	158	46	110	174	2009	2046	2120	1982	1984	1973	1994	2098	1991	2018	2039	2028
304998	62	126	14	78	142	30	94	158	46	110	174	2039	2008	2143	2039	2024	1966	2031	2040	1979	2018	2011	2004
304998	62	126	14	78	142	30	94	158	46	110	174	2054	1984	2157	2073	2048	1970	2074	2012	1976	2020	1990	1986
304998	62	126	14	78	142	30	94	158	46	110	174	2049	2002	2156	2065	2038	1968	2050	2031	1989	2021	2008	1996
304998	62	126	14	78	142	30	94	158	46	110	174	2020	2040	2128	2009	1996	1969	2025	2090	1998	2016	2034	2022
304998	62	126	14	78	142	30	94	158	46	110	174	1994	2065	2104	1963	1957	1980	1974	2125	2001	2022	2048	2044
304998	62	126	14	78	142	30	94	158	46	110	174	1996	2057	2115	1957	1956	1981	1971	2124	1996	2020	2050	2032
304998	62	126	14	78	142	30	94	158	46	110	174	2017	2027	2139	2006	1996	1977	2009	2069	1985	2021	2028	2010
304998	62	126	14	78	142	30	94	158	46	110	174	2045	1992	2161	2067	2025	1969	2045	2023	1990	2021	2007	1991
304998	62	126	14	78	142	30	94	158	46	110	174	2057	1995	2161	2079	2054	1964	2069	2017	1977	2020	1994	1999
304998	62	126	14	78	142	30	94	158	46	110	174	2032	2017	2140	2045	2019	1975	2034	2052	1988	2020	2011	2006
304998	62	126	14	78	142	30	94	158	46	110	174	2013	2052	2109	1991	1980	1976	1999	2109	1995	2021	2038	2027
304998	62	126	14	78	142	30	94	158	46	110	174	1987	2053	2113	1953	1946	1981	1969	2123	2006	2020	2056	2038
304998	62	126	14	78	142	30	94	158	46	110	174	2003	2043	2125	1978	1975	1975	1990	2103	2003	2016	2045	2034
304998	62	126	14	78	142	30	94	158	46	110	174	2029	2013	2155	2033	2022	1968	2031	2053	1983	2022	2010	2003
304998	62	126	14	78	142	30	94	158	46	110	174	2046	1992	2163	2077	2056	1968	2058	2017	1979	2020	1993	1981
304998	62	126	14	78	142	30	94	158	46	110	174	2052	2006	2144	2067	2043	1965	2062	2029	1979	2018	2006	1993
304998	62	126	14	78	142	30	94	158	46	110	174	2022	2023	2133	2016	1992	1978	2015	2078	1996	2021	2030	2025
304998	62	126	14	78	142	30	94	158	46	110	174	2002	2052	2112	1965	1961	1977	1976	2127	2004	2019	2050	2048
304998	62	126	14	78	142	30	94	158	46	110	174	1992	2062	2119	1961	1954	1979	1983	2127	1995	2016	2043	2036
