304998	62	126	14	78	142	30	94	158	46	110	174	1998	2057	2113	1967	1966	1978	1981	2123	1995	2018	2045	2037
304998	62	126	14	78	142	30	94	158	46	110	174	1993	2064	2110	1957	1958	1975	1978	2130	1993	2021	2050	2031
304998	62	126	14	78	142	30	94	158	46	110	174	2011	2031	2126	1998	1991	1974	1993	2083	1983	2019	2039	2017
304998	62	126	14	78	142	30	94	158	46	110	174	2043	1997	2154	2050	2039	1968	2049	2028	1988	2021	2004	2000
304998	62	126	14	78	142	30	94	158	46	110	174	2055	1987	2165	2083	2047	1968	2064	2017	1983	2019	1986	1986
304998	62	126	14	78	142	30	94	158	46	110	174	2040	2010	2147	2052	2032	1969	2057	2045	1984	2022	2005	2000
304998	62	126	14	78	142	30	94	158	46	110	174	2015	2050	2121	2000	1983	1974	2013	2096	1988	2017	2045	2027
304998	62	126	14	78	142	30	94	158	46	110	174	1990	2062	2107	1968	1950	1974	1969	2125	1994	2017	2055	2045
304998	62	126	14	78	142	30	94	158	46	110	174	1997	2045	2123	1973	1969	1972	1975	2108	1998	2020	2044	2035
304998	62	126	14	78	142	30	94	158	46	110	174	2025	2013	2147	2026	2004	1976	2018	2066	1986	2017	2015	2000
304998	62	126	14	78	142	30	94	158	46	110	174	2048	1993	2163	2070	2050	1964	2057	2020	1987	2017	1999	1983
304998	62	126	14	78	142	30	94	158	46	110	174	2057	2000	2155	2072	2048	1964	2072	2020	1978	2022	2003	2002
304998	62	126	14	78	142	30	94	158	46	110	174	2037	2026	2128	2029	2005	1970	2027	2059	1996	2022	2020	2019
304998	62	126	14	78	142	30	94	158	46	110	174	2005	2049	2104	1976	1965	1967	1985	2113	2003	2017	2045	2029
304998	62	126	14	78	142	30	94	158	46	110	174	1986	2055	2112	1951	1962	1980	1970	2130	1994	2022	2054	2027
304998	62	126	14	78	142	30	94	158	46	110	174	2005	2035	2135	1992	1985	1972	1995	2092	1985	2021	2039	2020
304998	62	126	14	78	142	30	94	158	46	110	174	2038	2006	2156	2042	2034	1972	2041	2032	1985	2019	2007	2003
304998	62	126	14	78	142	30	94	158	46	110	174	2057	1996	2155	2082	2041	1966	2066	2012	1985	2019	1989	1992
304998	62	126	14	78	142	30	94	158	46	110	174	2048	2003	2141	2060	2035	1970	2052	2041	1986	2021	2007	1998
304998	62	126	14	78	142	30	94	158	46	110	174	2019	2037	2117	2007	1988	1974	2004	2091	1993	2018	2045	2024
304998	62	126	14	78	142	30	94	158	46	110	174	1993	2062	2118	1959	1954	1983	1987	2135	1994	2022	2055	2042
304998	62	126	14	78	142	30	94	158	46	110	174	1992	2049	2136	1967	1959	1981	1976	2113	1998	2016	2044	2029
304998	62	126	14	78	142	30	94	158	46	110	174	2021	2032	2139	2015	2006	1971	2021	2068	1995	2021	2018	2004
304998	62	126	14	78	142	30	94	158	46	110	174	2049	1996	2152	2071	2046	1967	2057	2025	1983	2018	2006	1994
304998	62	126	14	78	142	30	94	158	46	110	174	2057	1991	2151	2082	2051	1972	2062	2019	1981	2017	1998	1997
304998	62	126	14	78	142	30	94	158	46	110	174	2037	2017	2141	2038	2015	1979	2044	2062	1983	2020	2014	2016
304998	62	126	14	78	142	30	94	158	46	110	174	2000	2049	2129	1984	1967	1978	1988	2106	1998	2018	2042	2026
304998	62	126	14	78	142	30	94	158	46	110	174	1989	2065	2109	1954	1955	1974	1971	2135	2007	2020	2056	2037
304998	62	126	14	78	142	30	94	158	46	110	174	2009	2046	2120	1982	1984	1973	1994	2098	1991	2018	2039	2028
304998	62	126	14	78	142	30	94	158	46	110	174	2039	2008	2143	2039	2024	1966	2031	2040	1979	2018	2011	2004
304998	62	126	14	78	142	30	94	158	46	110	174	2054	1984	2157	2073	2048	1970	2074	2012	1976	2020	1990	1986
304998	62	126	14	78	142	30	94	158	46	110	174	2049	2002	2156	2065	2038	1968	2050	2031	1989	2021	2008	1996
304998	62	126	14	78	142	30	94	158	46	110	174	2020	2040	2128	2009	1996	1969	2025	2090	1998	2016	2034	2022
304998	62	126	14	78	142	30	94	158	46	110	174	1994	2065	2104	1963	1957	1980	1974	2125	2001	2022	2048	2044
304998	62	126	14	78	142	30	94	158	46	110	174	1996	2057	2115	1957	1956	1981	1971	2124	1996	2020	2050	2032
304998	62	126	14	78	142	30	94	158	46	110	174	2017	2027	2139	2006	1996	1977	2009	2069	1985	2021	2028	2010
304998	62	126	14	78	142	30	94	158	46	110	174	2045	1992	2161	2067	2025	1969	2045	2023	1990	2021	2007	1991
304998	62	126	14	78	142	30	94	158	46	110	174	2057	1995	2161	2079	2054	1964	2069	2017	1977	2020	1994	1999
304998	62	126	14	78	142	30	94	158	46	110	174	2032	2017	2140	2045	2019	1975	2034	2052	1988	2020	2011	2006
304998	62	126	14	78	142	30	94	158	46	110	174	2013	2052	2109	1991	1980	1976	1999	2109	1995	2021	2038	2027
304998	62	126	14	78	142	30	94	158	46	110	174	1987	2053	2113	1953	1946	1981	1969	2123	2006	2020	2056	2038
304998	62	126	14	78	142	30	94	158	46	110	174	2003	2043	2125	1978	1975	1975	1990	2103	2003	2016	2045	2034
304998	62	126	14	78	142	30	94	158	46	110	174	2029	2013	2155	2033	2022	1968	2031	2053	1983	2022	2010	2003
304998	62	126	14	78	142	30	94	158	46	110	174	2046	1992	2163	2077	2056	1968	2058	2017	1979	2020	1993	1981
304998	62	126	14	78	142	30	94	158	46	110	174	2052	2006	2144	2067	2043	1965	2062	2029	1979	2018	2006	1993
304998	62	126	14	78	142	30	94	158	46	110	174	2022	2023	2133	2016	1992	1978	2015	2078	1996	2021	2030	2025
304998	62	126	14	78	142	30	94	158	46	110	174	2002	2052	2112	1965	1961	1977	1976	2127	2004	2019	2050	2048
304998	62	126	14	78	142	30	94	158	46	110	174	1992	2062	2119	1961	1954	1979	1983	2127	1995	2016	2043	2036
304998	62	126	14	78	142	30	94	158	46	110	174	2011	2033	2136	2002	1997	1968	2000	2082	1985	2021	2031	2009
304998	62	126	14	78	142	30	94	158	46	110	174	2046	2007	2153	2057	2031	1969	2055	2031	1980	2018	2008	1997
304998	62	126	14	78	142	30	94	158	46	110	174	2061	1996	2148	2087	2043	1967	2082	2016	1985	2020	1992	1991
304998	62	126	14	78	142	30	94	158	46	110	174	2041	2006	2143	2053	2023	1972	2048	2052	1984	2018	2008	2010
304998	62	126	14	78	142	30	94	158	46	110	174	2012	2042	2126	1994	1975	1980	2019	2102	1998	2017	2042	2027
304998	62	126	14	78	142	30	94	158	46	110	174	1991	2062	2117	1956	1955	1980	1970	2128	2000	2022	2058	2042
304998	62	126	14	78	142	30	94	158	46	110	174	2001	2057	2120	1970	1971	1974	1994	2105	2001	2016	2044	2033
304998	62	126	14	78	142	30	94	158	46	110	174	2018	2017	2148	2027	1999	1971	2018	2059	1991	2021	2013	2005
304998	62	126	14	78	142	30	94	158	46	110	174	2050	1989	2154	2072	2051	1963	2054	2016	1977	2018	1996	1983
304998	62	126	14	78	142	30	94	158	46	110	174	2051	1992	2164	2077	2034	1968	2054	2020	1977	2019	2006	1994
304998	62	126	14	78	142	30	94	158	46	110	174	2024	2026	2139	2029	2002	1973	2025	2073	1989	2020	2026	2022
304998	62	126	14	78	142	30	94	158	46	110	174	1998	2059	2113	1967	1965	1985	1986	2118	2009	2017	2045	2037
304998	62	126	14	78	142	30	94	158	46	110	174	1997	2063	2106	1956	1955	1986	1966	2129	2005	2021	2050	2031
304998	62	126	14	78	142	30	94	158	46	110	174	2009	2035	2123	1996	1983	1971	1995	2090	1993	2018	2036	2017
304998	62	126	14	78	142	30	94	158	46	110	174	2043	1999	2153	2051	2035	1964	2039	2040	1972	2016	2011	1995
304998	62	126	14	78	142	30	94	158	46	110	174	2053	1990	2165	2081	2050	1968	2075	2012	1971	2022	1996	1991
304998	62	126	14	78	142	30	94	158	46	110	174	2039	2009	2147	2062	2016	1975	2052	2044	1985	2019	2008	1996
304998	62	126	14	78	142	30	94	158	46	110	174	2015	2042	2120	2001	1979	1976	2007	2101	2001	2021	2034	2022
304998	62	126	14	78	142	30	94	158	46	110	174	1998	2061	2104	1962	1957	1983	1979	2133	2004	2017	2055	2042
304998	62	126	14	78	142	30	94	158	46	110	174	1997	2048	2117	1964	1971	1982	1978	2118	1996	2019	2045	2039
304998	62	126	14	78	142	30	94	158	46	110	174	2023	2021	2146	2013	2016	1968	2021	2058	1986	2020	2021	2006
304998	62	126	14	78	142	30	94	158	46	110	174	2046	1996	2167	2069	2038	1966	2052	2022	1983	2022	1995	1981
304998	62	126	14	78	142	30	94	158	46	110	174	2048	1996	2155	2077	2043	1963	2066	2023	1980	2020	2005	1997
304998	62	126	14	78	142	30	94	158	46	110	174	2033	2019	2132	2035	2009	1975	2023	2064	1990	2018	2023	2020
304998	62	126	14	78	142	30	94	158	46	110	174	2005	2048	2110	1975	1967	1979	1993	2116	1998	2022	2043	2040
304998	62	126	14	78	142	30	94	158	46	110	174	1994	2058	2112	1951	1948	1993	1973	2128	2006	2018	2048	2033
304998	62	126	14	78	142	30	94	158	46	110	174	2005	2037	2133	1990	1975	1980	2004	2103	2001	2020	2036	2017
304998	62	126	14	78	142	30	94	158	46	110	174	2037	2012	2151	2042	2033	1965	2033	2044	1981	2021	2016	2002
304998	62	126	14	78	142	30	94	158	46	110	174	2057	1994	2152	2083	2052	1963	2076	2020	1972	2021	1997	1995
304998	62	126	14	78	142	30	94	158	46	110	174	2044	2002	2149	2066	2025	1972	2047	2028	1984	2018	2002	2000
304998	62	126	14	78	142	30	94	158	46	110	174	2023	2034	2122	2007	1986	1980	2018	2090	2001	2016	2032	2017
304998	62	126	14	78	142	30	94	158	46	110	174	1998	2063	2113	1959	1957	1982	1987	2130	2008	2021	2050	2045
304998	62	126	14	78	142	30	94	158	46	110	174	1995	2057	2123	1965	1962	1978	1975	2118	2001	2021	2048	2045
304998	62	126	14	78	142	30	94	158	46	110	174	2020	2029	2139	2009	2010	1968	2006	2071	1982	2020	2020	2008
304998	62	126	14	78	142	30	94	158	46	110	174	2043	1990	2156	2070	2026	1975	2045	2014	1979	2019	2002	1984
304998	62	126	14	78	142	30	94	158	46	110	174	2052	1987	2154	2082	2043	1970	2057	2012	1984	2019	2002	1990
304998	62	126	14	78	142	30	94	158	46	110	174	2035	2015	2142	2048	2000	1974	2038	2060	1984	2016	2017	2015
304998	62	126	14	78	142	30	94	158	46	110	174	2007	2048	2123	1990	1969	1984	1993	2112	2000	2016	2042	2037
304998	62	126	14	78	142	30	94	158	46	110	174	1996	2070	2109	1952	1960	1983	1981	2130	2004	2016	2049	2034
304998	62	126	14	78	142	30	94	158	46	110	174	2009	2049	2121	1987	1969	1985	1988	2096	2001	2021	2042	2019
304998	62	126	14	78	142	30	94	158	46	110	174	2033	2008	2150	2034	2022	1963	2031	2048	1984	2022	2016	2006
304998	62	126	14	78	142	30	94	158	46	110	174	2053	1986	2164	2080	2047	1967	2060	2014	1975	2019	1997	1992
304998	62	126	14	78	142	30	94	158	46	110	174	2048	2000	2156	2069	2035	1969	2065	2030	1981	2022	2003	1996
304998	62	126	14	78	142	30	94	158	46	110	174	2020	2038	2129	2016	1995	1977	2016	2080	1991	2020	2034	2017
304998	62	126	14	78	142	30	94	158	46	110	174	1997	2065	2110	1959	1966	1983	1980	2125	2006	2020	2051	2043
304998	62	126	14	78	142	30	94	158	46	110	174	2000	2060	2112	1958	1946	1982	1978	2127	2007	2019	2048	2043
304998	62	126	14	78	142	30	94	158	46	110	174	2016	2022	2135	2007	1995	1973	2003	2076	1986	2016	2024	2012
304998	62	126	14	78	142	30	94	158	46	110	174	2045	1997	2157	2062	2039	1967	2056	2025	1972	2018	2006	1986
304998	62	126	14	78	142	30	94	158	46	110	174	2046	1988	2168	2085	2044	1966	2059	2005	1975	2017	2004	1987
304998	62	126	14	78	142	30	94	158	46	110	174	2033	2019	2141	2048	2014	1972	2039	2046	1994	2020	2015	2011
304998	62	126	14	78	142	30	94	158	46	110	174	2014	2050	2112	1988	1979	1980	2003	2109	2000	2020	2035	2037
304998	62	126	14	78	142	30	94	158	46	110	174	1999	2060	2103	1953	1959	1981	1985	2134	2005	2020	2050	2037
304998	62	126	14	78	142	30	94	158	46	110	174	2004	2043	2123	1973	1980	1976	1984	2101	1992	2022	2044	2023
304998	62	126	14	78	142	30	94	158	46	110	174	2028	2011	2155	2036	2011	1979	2023	2045	1987	2018	2018	2004
304998	62	126	14	78	142	30	94	158	46	110	174	2047	1990	2171	2078	2029	1966	2052	2014	1981	2022	1997	1988
304998	62	126	14	78	142	30	94	158	46	110	174	2044	1995	2156	2078	2037	1970	2048	2021	1981	2017	2000	1992
304998	62	126	14	78	142	30	94	158	46	110	174	2031	2025	2124	2026	1994	1976	2025	2075	1988	2022	2027	2015
304998	62	126	14	78	142	30	94	158	46	110	174	1997	2048	2118	1970	1967	1979	1982	2121	2002	2022	2050	2039
304998	62	126	14	78	142	30	94	158	46	110	174	1997	2053	2118	1953	1964	1985	1985	2125	2008	2018	2048	2041
304998	62	126	14	78	142	30	94	158	46	110	174	2011	2032	2138	1996	1990	1969	2006	2087	1992	2021	2029	2016
304998	62	126	14	78	142	30	94	158	46	110	174	2042	2005	2157	2057	2035	1964	2050	2035	1981	2019	2010	1983
304998	62	126	14	78	142	30	94	158	46	110	174	2055	1991	2153	2089	2042	1970	2062	2013	1967	2021	2002	1985
304998	62	126	14	78	142	30	94	158	46	110	174	2040	2006	2140	2056	2023	1967	2053	2043	1982	2021	2015	2013
304998	62	126	14	78	142	30	94	158	46	110	174	2013	2038	2123	1994	1984	1981	2014	2100	2006	2020	2034	2031
304998	62	126	14	78	142	30	94	158	46	110	174	1993	2066	2115	1957	1955	1981	1974	2132	2011	2016	2047	2032
304998	62	126	14	78	142	30	94	158	46	110	174	1995	2051	2127	1966	1968	1977	1984	2111	1999	2017	2045	2025
304998	62	126	14	78	142	30	94	158	46	110	174	2020	2015	2144	2021	2009	1970	2018	2062	1985	2017	2022	2011
304998	62	126	14	78	142	30	94	158	46	110	174	2048	1989	2153	2076	2040	1968	2059	2006	1971	2022	1997	1996
304998	62	126	14	78	142	30	94	158	46	110	174	2048	1989	2154	2081	2028	1972	2054	2018	1985	2020	1999	1991
304998	62	126	14	78	142	30	94	158	46	110	174	2025	2021	2140	2038	1996	1974	2031	2070	1993	2020	2028	2010
304998	62	126	14	78	142	30	94	158	46	110	174	2002	2058	2119	1973	1966	1981	1989	2120	2002	2018	2044	2040
304998	62	126	14	78	142	30	94	158	46	110	174	1994	2066	2110	1956	1961	1984	1971	2127	2001	2020	2047	2044
304998	62	126	14	78	142	30	94	158	46	110	174	2013	2038	2124	1986	1985	1977	2000	2089	1998	2017	2029	2017
304998	62	126	14	78	142	30	94	158	46	110	174	2039	1996	2154	2053	2024	1964	2037	2041	1983	2020	2011	1985
304998	62	126	14	78	142	30	94	158	46	110	174	2052	1985	2162	2086	2047	1961	2068	2009	1968	2020	2005	1988
304998	62	126	14	78	142	30	94	158	46	110	174	2042	2005	2151	2063	2025	1970	2047	2042	1981	2016	2015	2006
304998	62	126	14	78	142	30	94	158	46	110	174	2016	2042	2127	2004	1988	1978	2009	2089	1999	2020	2032	2027
304998	62	126	14	78	142	30	94	158	46	110	174	2000	2064	2102	1953	1961	1991	1970	2128	2009	2018	2042	2034
304998	62	126	14	78	142	30	94	158	46	110	174	2000	2049	2117	1965	1968	1974	1985	2120	2001	2019	2043	2031
304998	62	126	14	78	142	30	94	158	46	110	174	2021	2013	2146	2018	2011	1968	2012	2067	1984	2021	2025	2010
304998	62	126	14	78	142	30	94	158	46	110	174	2040	1991	2165	2073	2028	1972	2054	2016	1968	2021	2001	1994
304998	62	126	14	78	142	30	94	158	46	110	174	2050	1994	2164	2090	2030	1965	2059	2009	1970	2021	1998	1991
304998	62	126	14	78	142	30	94	158	46	110	174	2033	2025	2133	2039	2003	1976	2035	2059	1998	2022	2019	2003
304998	62	126	14	78	142	30	94	158	46	110	174	2009	2048	2112	1979	1972	1974	1993	2116	2004	2016	2047	2034
304998	62	126	14	78	142	30	94	158	46	110	174	1998	2062	2109	1954	1966	1981	1983	2130	2006	2020	2048	2048
304998	62	126	14	78	142	30	94	158	46	110	174	2005	2039	2130	1985	1984	1973	1995	2094	1990	2021	2031	2029
304998	62	126	14	78	142	30	94	158	46	110	174	2033	2009	2157	2042	2020	1972	2034	2034	1981	2020	2009	1988
304998	62	126	14	78	142	30	94	158	46	110	174	2051	1994	2162	2083	2047	1959	2056	2009	1976	2021	2005	1981
304998	62	126	14	78	142	30	94	158	46	110	174	2049	2002	2140	2069	2031	1968	2056	2039	1981	2018	2013	2003
304998	62	126	14	78	142	30	94	158	46	110	174	2021	2028	2128	2011	1992	1982	2013	2087	1997	2018	2028	2030
304998	62	126	14	78	142	30	94	158	46	110	174	2002	2057	2114	1956	1966	1983	1984	2126	2003	2017	2044	2035
304998	62	126	14	78	142	30	94	158	46	110	174	1997	2054	2133	1963	1954	1980	1995	2120	2008	2021	2047	2027
304998	62	126	14	78	142	30	94	158	46	110	174	2017	2031	2140	2003	2003	1968	2010	2074	1993	2018	2030	2016
304998	62	126	14	78	142	30	94	158	46	110	174	2045	1999	2154	2067	2035	1967	2064	2024	1973	2017	2008	1995
304998	62	126	14	78	142	30	94	158	46	110	174	2049	1987	2157	2085	2037	1962	2060	2015	1968	2021	1999	1985
304998	62	126	14	78	142	30	94	158	46	110	174	2033	2009	2141	2047	2021	1979	2049	2050	1983	2017	2015	2002
304998	62	126	14	78	142	30	94	158	46	110	174	2010	2042	2125	1984	1969	1982	1996	2110	2007	2016	2043	2031
304998	62	126	14	78	142	30	94	158	46	110	174	1996	2066	2115	1952	1963	1983	1981	2134	2007	2017	2050	2045
304998	62	126	14	78	142	30	94	158	46	110	174	2005	2051	2124	1973	1979	1981	1994	2104	1997	2020	2035	2023
304998	62	126	14	78	142	30	94	158	46	110	174	2026	2008	2150	2035	2013	1973	2027	2045	1977	2021	2011	1992
304998	62	126	14	78	142	30	94	158	46	110	174	2046	1985	2164	2081	2043	1963	2057	2005	1970	2018	2006	1982
304998	62	126	14	78	142	30	94	158	46	110	174	2045	1995	2154	2077	2027	1969	2046	2028	1982	2018	2013	1997
304998	62	126	14	78	142	30	94	158	46	110	174	2025	2034	2133	2018	2001	1975	2032	2085	1988	2022	2025	2024
304998	62	126	14	78	142	30	94	158	46	110	174	2001	2060	2115	1962	1967	1985	1983	2125	2007	2022	2040	2039
304998	62	126	14	78	142	30	94	158	46	110	174	2001	2065	2111	1953	1968	1983	1992	2129	2003	2020	2044	2030
304998	62	126	14	78	142	30	94	158	46	110	174	2014	2031	2132	1999	1996	1973	2008	2075	1993	2017	2033	2013
304998	62	126	14	78	142	30	94	158	46	110	174	2044	1996	2155	2058	2034	1959	2052	2032	1986	2021	2006	1999
304998	62	126	14	78	142	30	94	158	46	110	174	2051	1987	2166	2086	2040	1966	2066	2017	1968	2021	2000	1989
304998	62	126	14	78	142	30	94	158	46	110	174	2035	2012	2146	2056	2021	1969	2042	2049	1985	2017	2014	1999
304998	62	126	14	78	142	30	94	158	46	110	174	2017	2051	2114	1988	1981	1983	2014	2102	1997	2018	2042	2029
304998	62	126	14	78	142	30	94	158	46	110	174	2000	2062	2106	1955	1953	1985	1971	2131	2015	2018	2049	2047
304998	62	126	14	78	142	30	94	158	46	110	174	2008	2048	2119	1967	1979	1972	1995	2111	1998	2020	2036	2034
