304998	62	126	14	78	142	30	94	158	46	110	174	2033	2008	2150	2034	2022	1963	2031	2048	1984	2022	2016	2006
304998	62	126	14	78	142	30	94	158	46	110	174	2053	1986	2164	2080	2047	1967	2060	2014	1975	2019	1997	1992
304998	62	126	14	78	142	30	94	158	46	110	174	2048	2000	2156	2069	2035	1969	2065	2030	1981	2022	2003	1996
304998	62	126	14	78	142	30	94	158	46	110	174	2020	2038	2129	2016	1995	1977	2016	2080	1991	2020	2034	2017
304998	62	126	14	78	142	30	94	158	46	110	174	1997	2065	2110	1959	1966	1983	1980	2125	2006	2020	2051	2043
304998	62	126	14	78	142	30	94	158	46	110	174	2000	2060	2112	1958	1946	1982	1978	2127	2007	2019	2048	2043
304998	62	126	14	78	142	30	94	158	46	110	174	2016	2022	2135	2007	1995	1973	2003	2076	1986	2016	2024	2012
304998	62	126	14	78	142	30	94	158	46	110	174	2045	1997	2157	2062	2039	1967	2056	2025	1972	2018	2006	1986
304998	62	126	14	78	142	30	94	158	46	110	174	2046	1988	2168	2085	2044	1966	2059	2005	1975	2017	2004	1987
304998	62	126	14	78	142	30	94	158	46	110	174	2033	2019	2141	2048	2014	1972	2039	2046	1994	2020	2015	2011
304998	62	126	14	78	142	30	94	158	46	110	174	2014	2050	2112	1988	1979	1980	2003	2109	2000	2020	2035	2037
304998	62	126	14	78	142	30	94	158	46	110	174	1999	2060	2103	1953	1959	1981	1985	2134	2005	2020	2050	2037
304998	62	126	14	78	142	30	94	158	46	110	174	2004	2043	2123	1973	1980	1976	1984	2101	1992	2022	2044	2023
304998	62	126	14	78	142	30	94	158	46	110	174	2028	2011	2155	2036	2011	1979	2023	2045	1987	2018	2018	2004
304998	62	126	14	78	142	30	94	158	46	110	174	2047	1990	2171	2078	2029	1966	2052	2014	1981	2022	1997	1988
304998	62	126	14	78	142	30	94	158	46	110	174	2044	1995	2156	2078	2037	1970	2048	2021	1981	2017	2000	1992
304998	62	126	14	78	142	30	94	158	46	110	174	2031	2025	2124	2026	1994	1976	2025	2075	1988	2022	2027	2015
304998	62	126	14	78	142	30	94	158	46	110	174	1997	2048	2118	1970	1967	1979	1982	2121	2002	2022	2050	2039
304998	62	126	14	78	142	30	94	158	46	110	174	1997	2053	2118	1953	1964	1985	1985	2125	2008	2018	2048	2041
304998	62	126	14	78	142	30	94	158	46	110	174	2011	2032	2138	1996	1990	1969	2006	2087	1992	2021	2029	2016
304998	62	126	14	78	142	30	94	158	46	110	174	2042	2005	2157	2057	2035	1964	2050	2035	1981	2019	2010	1983
304998	62	126	14	78	142	30	94	158	46	110	174	2055	1991	2153	2089	2042	1970	2062	2013	1967	2021	2002	1985
304998	62	126	14	78	142	30	94	158	46	110	174	2040	2006	2140	2056	2023	1967	2053	2043	1982	2021	2015	2013
304998	62	126	14	78	142	30	94	158	46	110	174	2013	2038	2123	1994	1984	1981	2014	2100	2006	2020	2034	2031
304998	62	126	14	78	142	30	94	158	46	110	174	1993	2066	2115	1957	1955	1981	1974	2132	2011	2016	2047	2032
304998	62	126	14	78	142	30	94	158	46	110	174	1995	2051	2127	1966	1968	1977	1984	2111	1999	2017	2045	2025
304998	62	126	14	78	142	30	94	158	46	110	174	2020	2015	2144	2021	2009	1970	2018	2062	1985	2017	2022	2011
304998	62	126	14	78	142	30	94	158	46	110	174	2048	1989	2153	2076	2040	1968	2059	2006	1971	2022	1997	1996
304998	62	126	14	78	142	30	94	158	46	110	174	2048	1989	2154	2081	2028	1972	2054	2018	1985	2020	1999	1991
304998	62	126	14	78	142	30	94	158	46	110	174	2025	2021	2140	2038	1996	1974	2031	2070	1993	2020	2028	2010
304998	62	126	14	78	142	30	94	158	46	110	174	2002	2058	2119	1973	1966	1981	1989	2120	2002	2018	2044	2040
304998	62	126	14	78	142	30	94	158	46	110	174	1994	2066	2110	1956	1961	1984	1971	2127	2001	2020	2047	2044
304998	62	126	14	78	142	30	94	158	46	110	174	2013	2038	2124	1986	1985	1977	2000	2089	1998	2017	2029	2017
304998	62	126	14	78	142	30	94	158	46	110	174	2039	1996	2154	2053	2024	1964	2037	2041	1983	2020	2011	1985
304998	62	126	14	78	142	30	94	158	46	110	174	2052	1985	2162	2086	2047	1961	2068	2009	1968	2020	2005	1988
304998	62	126	14	78	142	30	94	158	46	110	174	2042	2005	2151	2063	2025	1970	2047	2042	1981	2016	2015	2006
304998	62	126	14	78	142	30	94	158	46	110	174	2016	2042	2127	2004	1988	1978	2009	2089	1999	2020	2032	2027
304998	62	126	14	78	142	30	94	158	46	110	174	2000	2064	2102	1953	1961	1991	1970	2128	2009	2018	2042	2034
304998	62	126	14	78	142	30	94	158	46	110	174	2000	2049	2117	1965	1968	1974	1985	2120	2001	2019	2043	2031
304998	62	126	14	78	142	30	94	158	46	110	174	2021	2013	2146	2018	2011	1968	2012	2067	1984	2021	2025	2010
304998	62	126	14	78	142	30	94	158	46	110	174	2040	1991	2165	2073	2028	1972	2054	2016	1968	2021	2001	1994
304998	62	126	14	78	142	30	94	158	46	110	174	2050	1994	2164	2090	2030	1965	2059	2009	1970	2021	1998	1991
304998	62	126	14	78	142	30	94	158	46	110	174	2033	2025	2133	2039	2003	1976	2035	2059	1998	2022	2019	2003
304998	62	126	14	78	142	30	94	158	46	110	174	2009	2048	2112	1979	1972	1974	1993	2116	2004	2016	2047	2034
304998	62	126	14	78	142	30	94	158	46	110	174	1998	2062	2109	1954	1966	1981	1983	2130	2006	2020	2048	2048
304998	62	126	14	78	142	30	94	158	46	110	174	2005	2039	2130	1985	1984	1973	1995	2094	1990	2021	2031	2029
304998	62	126	14	78	142	30	94	158	46	110	174	2033	2009	2157	2042	2020	1972	2034	2034	1981	2020	2009	1988
304998	62	126	14	78	142	30	94	158	46	110	174	2051	1994	2162	2083	2047	1959	2056	2009	1976	2021	2005	1981
304998	62	126	14	78	142	30	94	158	46	110	174	2049	2002	2140	2069	2031	1968	2056	2039	1981	2018	2013	2003
304998	62	126	14	78	142	30	94	158	46	110	174	2021	2028	2128	2011	1992	1982	2013	2087	1997	2018	2028	2030
304998	62	126	14	78	142	30	94	158	46	110	174	2002	2057	2114	1956	1966	1983	1984	2126	2003	2017	2044	2035
304998	62	126	14	78	142	30	94	158	46	110	174	1997	2054	2133	1963	1954	1980	1995	2120	2008	2021	2047	2027
304998	62	126	14	78	142	30	94	158	46	110	174	2017	2031	2140	2003	2003	1968	2010	2074	1993	2018	2030	2016
304998	62	126	14	78	142	30	94	158	46	110	174	2045	1999	2154	2067	2035	1967	2064	2024	1973	2017	2008	1995
304998	62	126	14	78	142	30	94	158	46	110	174	2049	1987	2157	2085	2037	1962	2060	2015	1968	2021	1999	1985
304998	62	126	14	78	142	30	94	158	46	110	174	2033	2009	2141	2047	2021	1979	2049	2050	1983	2017	2015	2002
304998	62	126	14	78	142	30	94	158	46	110	174	2010	2042	2125	1984	1969	1982	1996	2110	2007	2016	2043	2031
304998	62	126	14	78	142	30	94	158	46	110	174	1996	2066	2115	1952	1963	1983	1981	2134	2007	2017	2050	2045
304998	62	126	14	78	142	30	94	158	46	110	174	2005	2051	2124	1973	1979	1981	1994	2104	1997	2020	2035	2023
304998	62	126	14	78	142	30	94	158	46	110	174	2026	2008	2150	2035	2013	1973	2027	2045	1977	2021	2011	1992
304998	62	126	14	78	142	30	94	158	46	110	174	2046	1985	2164	2081	2043	1963	2057	2005	1970	2018	2006	1982
304998	62	126	14	78	142	30	94	158	46	110	174	2045	1995	2154	2077	2027	1969	2046	2028	1982	2018	2013	1997
304998	62	126	14	78	142	30	94	158	46	110	174	2025	2034	2133	2018	2001	1975	2032	2085	1988	2022	2025	2024
304998	62	126	14	78	142	30	94	158	46	110	174	2001	2060	2115	1962	1967	1985	1983	2125	2007	2022	2040	2039
304998	62	126	14	78	142	30	94	158	46	110	174	2001	2065	2111	1953	1968	1983	1992	2129	2003	2020	2044	2030
304998	62	126	14	78	142	30	94	158	46	110	174	2014	2031	2132	1999	1996	1973	2008	2075	1993	2017	2033	2013
304998	62	126	14	78	142	30	94	158	46	110	174	2044	1996	2155	2058	2034	1959	2052	2032	1986	2021	2006	1999
304998	62	126	14	78	142	30	94	158	46	110	174	2051	1987	2166	2086	2040	1966	2066	2017	1968	2021	2000	1989
304998	62	126	14	78	142	30	94	158	46	110	174	2035	2012	2146	2056	2021	1969	2042	2049	1985	2017	2014	1999
304998	62	126	14	78	142	30	94	158	46	110	174	2017	2051	2114	1988	1981	1983	2014	2102	1997	2018	2042	2029
304998	62	126	14	78	142	30	94	158	46	110	174	2000	2062	2106	1955	1953	1985	1971	2131	2015	2018	2049	2047
304998	62	126	14	78	142	30	94	158	46	110	174	2008	2048	2119	1967	1979	1972	1995	2111	1998	2020	2036	2034
304998	62	126	14	78	142	30	94	158	46	110	174	2028	2014	2153	2029	2006	1971	2025	2058	1982	2018	2015	2000
304998	62	126	14	78	142	30	94	158	46	110	174	2046	1993	2166	2081	2042	1963	2055	2016	1969	2017	2005	1981
304998	62	126	14	78	142	30	94	158	46	110	174	2049	2002	2154	2077	2032	1961	2051	2018	1976	2020	2008	1996
304998	62	126	14	78	142	30	94	158	46	110	174	2029	2027	2124	2032	1997	1972	2024	2071	1998	2018	2022	2023
304998	62	126	14	78	142	30	94	158	46	110	174	2005	2058	2108	1968	1971	1983	1988	2123	2006	2017	2038	2042
304998	62	126	14	78	142	30	94	158	46	110	174	2002	2063	2114	1949	1968	1985	1983	2131	2007	2018	2040	2032
304998	62	126	14	78	142	30	94	158	46	110	174	2017	2034	2141	1986	1994	1977	2009	2087	1987	2016	2034	2015
304998	62	126	14	78	142	30	94	158	46	110	174	2040	2008	2157	2051	2031	1964	2041	2030	1979	2022	2010	1997
304998	62	126	14	78	142	30	94	158	46	110	174	2052	1993	2156	2085	2047	1959	2061	2018	1975	2017	1999	1990
304998	62	126	14	78	142	30	94	158	46	110	174	2042	2005	2141	2061	2019	1971	2042	2043	1983	2020	2009	1998
304998	62	126	14	78	142	30	94	158	46	110	174	2019	2042	2121	1994	1988	1983	2013	2100	1994	2019	2033	2026
304998	62	126	14	78	142	30	94	158	46	110	174	2000	2063	2112	1952	1958	1987	1985	2129	2004	2018	2047	2050
304998	62	126	14	78	142	30	94	158	46	110	174	2000	2054	2125	1958	1979	1974	1990	2115	2004	2020	2040	2033
304998	62	126	14	78	142	30	94	158	46	110	174	2027	2031	2144	2016	2016	1966	2029	2066	1985	2019	2016	2004
304998	62	126	14	78	142	30	94	158	46	110	174	2051	1994	2153	2076	2035	1963	2054	2022	1970	2017	2005	1980
304998	62	126	14	78	142	30	94	158	46	110	174	2045	1992	2151	2077	2044	1962	2056	2018	1967	2016	2008	1992
304998	62	126	14	78	142	30	94	158	46	110	174	2033	2020	2134	2033	1996	1975	2028	2064	1986	2016	2019	2022
304998	62	126	14	78	142	30	94	158	46	110	174	2003	2054	2123	1973	1978	1978	1993	2119	2010	2020	2034	2035
304998	62	126	14	78	142	30	94	158	46	110	174	1998	2073	2108	1946	1971	1986	1989	2138	2008	2018	2039	2032
304998	62	126	14	78	142	30	94	158	46	110	174	2011	2044	2126	1981	1991	1982	1994	2094	1995	2017	2036	2022
304998	62	126	14	78	142	30	94	158	46	110	174	2038	2005	2149	2050	2025	1968	2033	2037	1971	2021	2011	1997
304998	62	126	14	78	142	30	94	158	46	110	174	2049	1986	2163	2087	2045	1957	2054	2008	1971	2017	1998	1985
304998	62	126	14	78	142	30	94	158	46	110	174	2041	2000	2152	2066	2026	1970	2051	2043	1987	2020	2006	1992
304998	62	126	14	78	142	30	94	158	46	110	174	2019	2041	2136	2000	1994	1981	2017	2097	1996	2019	2029	2020
304998	62	126	14	78	142	30	94	158	46	110	174	1998	2073	2103	1952	1966	1989	1988	2137	2008	2020	2047	2046
304998	62	126	14	78	142	30	94	158	46	110	174	2001	2060	2112	1956	1968	1983	1995	2120	1998	2021	2040	2037
304998	62	126	14	78	142	30	94	158	46	110	174	2020	2020	2142	2011	2010	1966	2009	2071	1992	2016	2020	2004
304998	62	126	14	78	142	30	94	158	46	110	174	2046	1992	2162	2070	2042	1962	2064	2028	1970	2022	2006	1984
304998	62	126	14	78	142	30	94	158	46	110	174	2051	1988	2173	2083	2038	1965	2059	2017	1969	2022	2010	1996
304998	62	126	14	78	142	30	94	158	46	110	174	2030	2022	2138	2039	2014	1971	2037	2061	1983	2017	2020	2019
304998	62	126	14	78	142	30	94	158	46	110	174	2009	2056	2116	1979	1969	1988	2001	2107	2007	2021	2031	2033
304998	62	126	14	78	142	30	94	158	46	110	174	1998	2064	2104	1950	1959	1985	1977	2137	2019	2020	2042	2035
304998	62	126	14	78	142	30	94	158	46	110	174	2014	2042	2124	1974	1987	1976	2000	2105	1997	2020	2039	2028
304998	62	126	14	78	142	30	94	158	46	110	174	2030	2004	2156	2038	2016	1969	2026	2044	1974	2021	2015	2008
304998	62	126	14	78	142	30	94	158	46	110	174	2048	1991	2173	2082	2043	1963	2057	2012	1967	2020	2002	1987
304998	62	126	14	78	142	30	94	158	46	110	174	2043	2006	2155	2072	2027	1967	2042	2027	1982	2017	2003	1993
304998	62	126	14	78	142	30	94	158	46	110	174	2025	2039	2119	2012	1990	1976	2023	2091	2000	2018	2029	2020
304998	62	126	14	78	142	30	94	158	46	110	174	2000	2053	2105	1950	1971	1984	1986	2134	2007	2020	2046	2046
304998	62	126	14	78	142	30	94	158	46	110	174	2001	2059	2115	1951	1972	1983	1986	2129	2003	2021	2040	2043
304998	62	126	14	78	142	30	94	158	46	110	174	2012	2029	2148	1997	1996	1973	2019	2079	1989	2020	2020	2007
304998	62	126	14	78	142	30	94	158	46	110	174	2039	2002	2161	2060	2033	1958	2046	2021	1973	2018	2010	1984
304998	62	126	14	78	142	30	94	158	46	110	174	2048	1995	2153	2084	2044	1957	2063	2020	1976	2022	2010	1991
304998	62	126	14	78	142	30	94	158	46	110	174	2038	2015	2135	2047	2013	1969	2034	2053	1986	2021	2014	2014
304998	62	126	14	78	142	30	94	158	46	110	174	2015	2046	2116	1980	1985	1984	2010	2116	2002	2017	2029	2034
304998	62	126	14	78	142	30	94	158	46	110	174	1999	2068	2116	1946	1956	1990	1987	2138	2009	2019	2038	2036
304998	62	126	14	78	142	30	94	158	46	110	174	1998	2048	2136	1965	1986	1976	1991	2113	2006	2016	2037	2024
304998	62	126	14	78	142	30	94	158	46	110	174	2030	2023	2146	2032	2023	1965	2047	2056	1978	2019	2021	2006
304998	62	126	14	78	142	30	94	158	46	110	174	2051	1989	2166	2084	2039	1958	2051	2013	1964	2018	2005	1986
304998	62	126	14	78	142	30	94	158	46	110	174	2047	1996	2153	2075	2036	1965	2057	2028	1971	2018	2006	1987
304998	62	126	14	78	142	30	94	158	46	110	174	2022	2029	2137	2021	1990	1979	2016	2075	2001	2017	2028	2013
304998	62	126	14	78	142	30	94	158	46	110	174	2002	2063	2116	1960	1972	1983	1987	2131	2018	2020	2039	2047
304998	62	126	14	78	142	30	94	158	46	110	174	2001	2069	2118	1944	1970	1989	1988	2129	2005	2016	2034	2044
304998	62	126	14	78	142	30	94	158	46	110	174	2013	2035	2135	1996	1993	1983	2005	2086	1990	2018	2021	2014
304998	62	126	14	78	142	30	94	158	46	110	174	2038	2000	2152	2053	2031	1961	2039	2029	1974	2017	2012	1985
304998	62	126	14	78	142	30	94	158	46	110	174	2046	1987	2167	2089	2044	1958	2047	2011	1973	2021	2010	1987
304998	62	126	14	78	142	30	94	158	46	110	174	2040	2011	2149	2058	2017	1967	2046	2052	1982	2018	2016	2008
304998	62	126	14	78	142	30	94	158	46	110	174	2010	2046	2124	1990	1986	1981	2009	2105	2004	2022	2031	2031
304998	62	126	14	78	142	30	94	158	46	110	174	2003	2077	2101	1941	1963	1993	1984	2138	2009	2021	2042	2035
304998	62	126	14	78	142	30	94	158	46	110	174	2004	2055	2119	1958	1974	1983	1993	2112	2005	2019	2038	2029
304998	62	126	14	78	142	30	94	158	46	110	174	2022	2014	2148	2021	2013	1966	2017	2063	1988	2018	2017	2008
304998	62	126	14	78	142	30	94	158	46	110	174	2044	1987	2175	2075	2040	1958	2066	2020	1969	2017	2004	1985
304998	62	126	14	78	142	30	94	158	46	110	174	2038	1995	2165	2079	2038	1959	2047	2024	1970	2021	2003	1989
304998	62	126	14	78	142	30	94	158	46	110	174	2028	2037	2126	2022	2011	1980	2038	2074	1991	2017	2028	2016
304998	62	126	14	78	142	30	94	158	46	110	174	2005	2064	2110	1968	1966	1988	1992	2120	2015	2020	2040	2045
304998	62	126	14	78	142	30	94	158	46	110	174	1999	2064	2104	1941	1968	1983	1983	2133	2019	2021	2041	2044
304998	62	126	14	78	142	30	94	158	46	110	174	2017	2039	2132	1979	1990	1981	2017	2094	1995	2022	2024	2013
304998	62	126	14	78	142	30	94	158	46	110	174	2035	2003	2165	2050	2027	1963	2033	2042	1966	2017	2013	1990
304998	62	126	14	78	142	30	94	158	46	110	174	2049	1995	2162	2083	2046	1956	2072	2015	1961	2020	2006	1993
304998	62	126	14	78	142	30	94	158	46	110	174	2039	2007	2141	2067	2011	1972	2037	2039	1984	2018	2014	2003
304998	62	126	14	78	142	30	94	158	46	110	174	2018	2041	2114	1997	1991	1977	2006	2100	2004	2021	2023	2029
304998	62	126	14	78	142	30	94	158	46	110	174	2002	2064	2111	1946	1966	1988	1991	2133	2012	2018	2042	2038
304998	62	126	14	78	142	30	94	158	46	110	174	1996	2054	2131	1954	1969	1993	1992	2124	2004	2018	2039	2037
304998	62	126	14	78	142	30	94	158	46	110	174	2023	2031	2142	2007	2008	1967	2027	2067	1979	2020	2021	2014
304998	62	126	14	78	142	30	94	158	46	110	174	2039	1995	2158	2079	2029	1958	2044	2022	1972	2021	2003	1986
304998	62	126	14	78	142	30	94	158	46	110	174	2050	1996	2150	2087	2037	1959	2050	2022	1969	2021	2003	1988
304998	62	126	14	78	142	30	94	158	46	110	174	2029	2018	2141	2035	2011	1973	2025	2065	1989	2020	2025	2015
304998	62	126	14	78	142	30	94	158	46	110	174	2014	2057	2115	1966	1971	1992	2006	2121	2008	2022	2042	2044
304998	62	126	14	78	142	30	94	158	46	110	174	2000	2071	2114	1937	1967	1988	1987	2134	2020	2017	2037	2044
304998	62	126	14	78	142	30	94	158	46	110	174	2008	2051	2123	1973	1991	1975	2003	2104	2003	2019	2025	2021
304998	62	126	14	78	142	30	94	158	46	110	174	2032	2008	2148	2042	2023	1964	2037	2048	1974	2021	2017	1993
304998	62	126	14	78	142	30	94	158	46	110	174	2045	1986	2165	2087	2043	1955	2049	2014	1965	2020	2008	1991
304998	62	126	14	78	142	30	94	158	46	110	174	2044	2000	2152	2068	2028	1968	2046	2039	1967	2020	2013	2004
304998	62	126	14	78	142	30	94	158	46	110	174	2017	2039	2132	2002	1996	1974	2014	2090	2007	2017	2023	2022
304998	62	126	14	78	142	30	94	158	46	110	174	2002	2073	2103	1945	1970	1984	1987	2139	2017	2016	2038	2037
304998	62	126	14	78	142	30	94	158	46	110	174	2002	2060	2112	1950	1975	1990	1992	2124	2005	2021	2045	2037
304998	62	126	14	78	142	30	94	158	46	110	174	2020	2023	2144	1999	2008	1971	2011	2077	1985	2022	2023	2014
304998	62	126	14	78	142	30	94	158	46	110	174	2039	1994	2163	2067	2035	1959	2045	2024	1966	2021	2006	1993
304998	62	126	14	78	142	30	94	158	46	110	174	2042	1994	2166	2091	2022	1959	2047	2015	1975	2016	2006	1986
