304998	62	126	14	78	142	30	94	158	46	110	174	2014	2042	2124	1974	1987	1976	2000	2105	1997	2020	2039	2028
304998	62	126	14	78	142	30	94	158	46	110	174	2030	2004	2156	2038	2016	1969	2026	2044	1974	2021	2015	2008
304998	62	126	14	78	142	30	94	158	46	110	174	2048	1991	2173	2082	2043	1963	2057	2012	1967	2020	2002	1987
304998	62	126	14	78	142	30	94	158	46	110	174	2043	2006	2155	2072	2027	1967	2042	2027	1982	2017	2003	1993
304998	62	126	14	78	142	30	94	158	46	110	174	2025	2039	2119	2012	1990	1976	2023	2091	2000	2018	2029	2020
304998	62	126	14	78	142	30	94	158	46	110	174	2000	2053	2105	1950	1971	1984	1986	2134	2007	2020	2046	2046
304998	62	126	14	78	142	30	94	158	46	110	174	2001	2059	2115	1951	1972	1983	1986	2129	2003	2021	2040	2043
304998	62	126	14	78	142	30	94	158	46	110	174	2012	2029	2148	1997	1996	1973	2019	2079	1989	2020	2020	2007
304998	62	126	14	78	142	30	94	158	46	110	174	2039	2002	2161	2060	2033	1958	2046	2021	1973	2018	2010	1984
304998	62	126	14	78	142	30	94	158	46	110	174	2048	1995	2153	2084	2044	1957	2063	2020	1976	2022	2010	1991
304998	62	126	14	78	142	30	94	158	46	110	174	2038	2015	2135	2047	2013	1969	2034	2053	1986	2021	2014	2014
304998	62	126	14	78	142	30	94	158	46	110	174	2015	2046	2116	1980	1985	1984	2010	2116	2002	2017	2029	2034
304998	62	126	14	78	142	30	94	158	46	110	174	1999	2068	2116	1946	1956	1990	1987	2138	2009	2019	2038	2036
304998	62	126	14	78	142	30	94	158	46	110	174	1998	2048	2136	1965	1986	1976	1991	2113	2006	2016	2037	2024
304998	62	126	14	78	142	30	94	158	46	110	174	2030	2023	2146	2032	2023	1965	2047	2056	1978	2019	2021	2006
304998	62	126	14	78	142	30	94	158	46	110	174	2051	1989	2166	2084	2039	1958	2051	2013	1964	2018	2005	1986
304998	62	126	14	78	142	30	94	158	46	110	174	2047	1996	2153	2075	2036	1965	2057	2028	1971	2018	2006	1987
304998	62	126	14	78	142	30	94	158	46	110	174	2022	2029	2137	2021	1990	1979	2016	2075	2001	2017	2028	2013
304998	62	126	14	78	142	30	94	158	46	110	174	2002	2063	2116	1960	1972	1983	1987	2131	2018	2020	2039	2047
304998	62	126	14	78	142	30	94	158	46	110	174	2001	2069	2118	1944	1970	1989	1988	2129	2005	2016	2034	2044
304998	62	126	14	78	142	30	94	158	46	110	174	2013	2035	2135	1996	1993	1983	2005	2086	1990	2018	2021	2014
304998	62	126	14	78	142	30	94	158	46	110	174	2038	2000	2152	2053	2031	1961	2039	2029	1974	2017	2012	1985
304998	62	126	14	78	142	30	94	158	46	110	174	2046	1987	2167	2089	2044	1958	2047	2011	1973	2021	2010	1987
304998	62	126	14	78	142	30	94	158	46	110	174	2040	2011	2149	2058	2017	1967	2046	2052	1982	2018	2016	2008
304998	62	126	14	78	142	30	94	158	46	110	174	2010	2046	2124	1990	1986	1981	2009	2105	2004	2022	2031	2031
304998	62	126	14	78	142	30	94	158	46	110	174	2003	2077	2101	1941	1963	1993	1984	2138	2009	2021	2042	2035
304998	62	126	14	78	142	30	94	158	46	110	174	2004	2055	2119	1958	1974	1983	1993	2112	2005	2019	2038	2029
304998	62	126	14	78	142	30	94	158	46	110	174	2022	2014	2148	2021	2013	1966	2017	2063	1988	2018	2017	2008
304998	62	126	14	78	142	30	94	158	46	110	174	2044	1987	2175	2075	2040	1958	2066	2020	1969	2017	2004	1985
304998	62	126	14	78	142	30	94	158	46	110	174	2038	1995	2165	2079	2038	1959	2047	2024	1970	2021	2003	1989
304998	62	126	14	78	142	30	94	158	46	110	174	2028	2037	2126	2022	2011	1980	2038	2074	1991	2017	2028	2016
304998	62	126	14	78	142	30	94	158	46	110	174	2005	2064	2110	1968	1966	1988	1992	2120	2015	2020	2040	2045
304998	62	126	14	78	142	30	94	158	46	110	174	1999	2064	2104	1941	1968	1983	1983	2133	2019	2021	2041	2044
304998	62	126	14	78	142	30	94	158	46	110	174	2017	2039	2132	1979	1990	1981	2017	2094	1995	2022	2024	2013
304998	62	126	14	78	142	30	94	158	46	110	174	2035	2003	2165	2050	2027	1963	2033	2042	1966	2017	2013	1990
304998	62	126	14	78	142	30	94	158	46	110	174	2049	1995	2162	2083	2046	1956	2072	2015	1961	2020	2006	1993
304998	62	126	14	78	142	30	94	158	46	110	174	2039	2007	2141	2067	2011	1972	2037	2039	1984	2018	2014	2003
304998	62	126	14	78	142	30	94	158	46	110	174	2018	2041	2114	1997	1991	1977	2006	2100	2004	2021	2023	2029
304998	62	126	14	78	142	30	94	158	46	110	174	2002	2064	2111	1946	1966	1988	1991	2133	2012	2018	2042	2038
304998	62	126	14	78	142	30	94	158	46	110	174	1996	2054	2131	1954	1969	1993	1992	2124	2004	2018	2039	2037
304998	62	126	14	78	142	30	94	158	46	110	174	2023	2031	2142	2007	2008	1967	2027	2067	1979	2020	2021	2014
304998	62	126	14	78	142	30	94	158	46	110	174	2039	1995	2158	2079	2029	1958	2044	2022	1972	2021	2003	1986
304998	62	126	14	78	142	30	94	158	46	110	174	2050	1996	2150	2087	2037	1959	2050	2022	1969	2021	2003	1988
304998	62	126	14	78	142	30	94	158	46	110	174	2029	2018	2141	2035	2011	1973	2025	2065	1989	2020	2025	2015
304998	62	126	14	78	142	30	94	158	46	110	174	2014	2057	2115	1966	1971	1992	2006	2121	2008	2022	2042	2044
304998	62	126	14	78	142	30	94	158	46	110	174	2000	2071	2114	1937	1967	1988	1987	2134	2020	2017	2037	2044
304998	62	126	14	78	142	30	94	158	46	110	174	2008	2051	2123	1973	1991	1975	2003	2104	2003	2019	2025	2021
304998	62	126	14	78	142	30	94	158	46	110	174	2032	2008	2148	2042	2023	1964	2037	2048	1974	2021	2017	1993
304998	62	126	14	78	142	30	94	158	46	110	174	2045	1986	2165	2087	2043	1955	2049	2014	1965	2020	2008	1991
304998	62	126	14	78	142	30	94	158	46	110	174	2044	2000	2152	2068	2028	1968	2046	2039	1967	2020	2013	2004
304998	62	126	14	78	142	30	94	158	46	110	174	2017	2039	2132	2002	1996	1974	2014	2090	2007	2017	2023	2022
304998	62	126	14	78	142	30	94	158	46	110	174	2002	2073	2103	1945	1970	1984	1987	2139	2017	2016	2038	2037
304998	62	126	14	78	142	30	94	158	46	110	174	2002	2060	2112	1950	1975	1990	1992	2124	2005	2021	2045	2037
304998	62	126	14	78	142	30	94	158	46	110	174	2020	2023	2144	1999	2008	1971	2011	2077	1985	2022	2023	2014
304998	62	126	14	78	142	30	94	158	46	110	174	2039	1994	2163	2067	2035	1959	2045	2024	1966	2021	2006	1993
304998	62	126	14	78	142	30	94	158	46	110	174	2042	1994	2166	2091	2022	1959	2047	2015	1975	2016	2006	1986
304998	62	126	14	78	142	30	94	158	46	110	174	2035	2023	2138	2041	2022	1968	2033	2067	1985	2017	2022	2010
304998	62	126	14	78	142	30	94	158	46	110	174	2015	2061	2108	1982	1970	1994	2009	2118	2009	2023	2036	2038
304998	62	126	14	78	142	30	94	158	46	110	174	2000	2064	2106	1936	1972	1990	1984	2138	2011	2022	2042	2048
304998	62	126	14	78	142	30	94	158	46	110	174	2015	2048	2127	1965	1985	1983	2012	2107	2002	2017	2029	2023
304998	62	126	14	78	142	30	94	158	46	110	174	2025	2014	2157	2042	2014	1961	2021	2048	1985	2020	2019	1992
304998	62	126	14	78	142	30	94	158	46	110	174	2045	1998	2164	2082	2040	1953	2045	2024	1966	2020	2013	1991
304998	62	126	14	78	142	30	94	158	46	110	174	2043	2003	2149	2075	2028	1963	2042	2031	1974	2019	2011	2003
304998	62	126	14	78	142	30	94	158	46	110	174	2018	2027	2126	2011	2004	1982	2013	2088	1994	2020	2023	2023
304998	62	126	14	78	142	30	94	158	46	110	174	2008	2065	2109	1946	1972	1989	2010	2131	2020	2020	2034	2036
304998	62	126	14	78	142	30	94	158	46	110	174	1997	2065	2123	1945	1965	1987	1989	2137	2017	2021	2040	2040
304998	62	126	14	78	142	30	94	158	46	110	174	2016	2040	2139	1991	2001	1974	2026	2087	1992	2017	2032	2024
304998	62	126	14	78	142	30	94	158	46	110	174	2038	2001	2156	2062	2030	1963	2038	2029	1970	2017	2008	1986
304998	62	126	14	78	142	30	94	158	46	110	174	2047	1988	2154	2088	2036	1960	2048	2012	1968	2022	2001	1979
304998	62	126	14	78	142	30	94	158	46	110	174	2039	2008	2145	2048	2017	1970	2043	2052	1987	2017	2023	2005
304998	62	126	14	78	142	30	94	158	46	110	174	2014	2048	2121	1983	1981	1987	2003	2113	2005	2016	2035	2034
304998	62	126	14	78	142	30	94	158	46	110	174	2000	2074	2112	1941	1973	1983	2000	2138	2011	2020	2041	2050
304998	62	126	14	78	142	30	94	158	46	110	174	2003	2054	2123	1958	1985	1986	1994	2115	2001	2022	2028	2032
304998	62	126	14	78	142	30	94	158	46	110	174	2034	2018	2143	2025	2005	1967	2043	2054	1979	2021	2017	1995
304998	62	126	14	78	142	30	94	158	46	110	174	2042	1986	2165	2078	2035	1955	2041	2016	1968	2020	2013	1987
304998	62	126	14	78	142	30	94	158	46	110	174	2044	1995	2161	2078	2033	1957	2048	2029	1974	2018	2009	1999
304998	62	126	14	78	142	30	94	158	46	110	174	2025	2036	2138	2016	2007	1975	2027	2081	1986	2017	2022	2022
304998	62	126	14	78	142	30	94	158	46	110	174	2008	2073	2102	1952	1979	1987	1996	2128	2009	2021	2032	2032
304998	62	126	14	78	142	30	94	158	46	110	174	2005	2067	2104	1944	1972	1991	2017	2138	2018	2022	2042	2037
304998	62	126	14	78	142	30	94	158	46	110	174	2018	2034	2133	1987	1992	1975	2009	2091	1995	2020	2031	2026
304998	62	126	14	78	142	30	94	158	46	110	174	2039	1999	2160	2056	2015	1961	2040	2039	1965	2021	2013	1994
304998	62	126	14	78	142	30	94	158	46	110	174	2036	1982	2178	2088	2035	1960	2048	2018	1961	2018	2005	1978
304998	62	126	14	78	142	30	94	158	46	110	174	2024	2007	2152	2061	2016	1971	2037	2042	1983	2022	2014	1997
304998	62	126	14	78	142	30	94	158	46	110	174	2022	2051	2119	1995	1986	1984	2015	2103	2008	2018	2032	2032
304998	62	126	14	78	142	30	94	158	46	110	174	2007	2064	2104	1941	1975	1990	1989	2142	2015	2019	2042	2051
304998	62	126	14	78	142	30	94	158	46	110	174	2008	2054	2127	1950	1983	1981	2001	2123	2003	2021	2029	2033
304998	62	126	14	78	142	30	94	158	46	110	174	2018	2020	2154	2021	1999	1977	2022	2068	1979	2020	2015	1997
304998	62	126	14	78	142	30	94	158	46	110	174	2043	2001	2162	2074	2038	1958	2044	2018	1970	2020	2011	1983
304998	62	126	14	78	142	30	94	158	46	110	174	2046	1996	2149	2083	2025	1966	2054	2027	1972	2022	2008	1995
304998	62	126	14	78	142	30	94	158	46	110	174	2033	2020	2130	2029	2008	1972	2028	2073	1984	2020	2019	2017
304998	62	126	14	78	142	30	94	158	46	110	174	2012	2056	2110	1967	1982	1984	2013	2128	2008	2022	2028	2036
304998	62	126	14	78	142	30	94	158	46	110	174	2000	2066	2117	1945	1959	1998	1999	2137	2010	2021	2042	2032
304998	62	126	14	78	142	30	94	158	46	110	174	2013	2046	2128	1974	1999	1981	2005	2097	1999	2022	2029	2026
304998	62	126	14	78	142	30	94	158	46	110	174	2034	2008	2149	2047	2014	1970	2050	2046	1971	2019	2018	2002
304998	62	126	14	78	142	30	94	158	46	110	174	2048	1986	2158	2085	2035	1957	2050	2017	1967	2021	2006	1984
304998	62	126	14	78	142	30	94	158	46	110	174	2046	2004	2150	2066	2025	1965	2046	2044	1972	2017	2012	1992
304998	62	126	14	78	142	30	94	158	46	110	174	2020	2041	2130	2001	1992	1985	2021	2092	2004	2022	2029	2025
304998	62	126	14	78	142	30	94	158	46	110	174	1998	2074	2113	1945	1974	1989	1996	2135	2017	2019	2036	2050
304998	62	126	14	78	142	30	94	158	46	110	174	2005	2065	2113	1949	1978	1982	1994	2124	2009	2021	2029	2034
304998	62	126	14	78	142	30	94	158	46	110	174	2023	2022	2140	2014	1991	1971	2017	2073	1984	2021	2016	2002
304998	62	126	14	78	142	30	94	158	46	110	174	2043	1993	2160	2070	2032	1957	2038	2022	1964	2021	2014	1984
304998	62	126	14	78	142	30	94	158	46	110	174	2044	1994	2166	2084	2035	1967	2048	2017	1978	2017	2013	1994
304998	62	126	14	78	142	30	94	158	46	110	174	2034	2025	2137	2039	2010	1976	2039	2072	1988	2018	2017	2016
304998	62	126	14	78	142	30	94	158	46	110	174	2018	2064	2109	1973	1979	1983	2008	2120	2007	2021	2032	2035
304998	62	126	14	78	142	30	94	158	46	110	174	2005	2072	2103	1945	1964	1989	2010	2142	2012	2017	2040	2037
304998	62	126	14	78	142	30	94	158	46	110	174	2009	2041	2122	1968	1995	1980	2004	2097	1999	2022	2031	2022
304998	62	126	14	78	142	30	94	158	46	110	174	2032	2005	2156	2039	2017	1969	2029	2050	1981	2021	2015	2001
304998	62	126	14	78	142	30	94	158	46	110	174	2039	1987	2177	2087	2034	1958	2055	2019	1962	2017	2003	1989
304998	62	126	14	78	142	30	94	158	46	110	174	2038	2007	2146	2068	2029	1961	2053	2036	1974	2016	2010	1994
304998	62	126	14	78	142	30	94	158	46	110	174	2025	2044	2118	2008	2001	1976	2022	2094	1997	2017	2027	2019
304998	62	126	14	78	142	30	94	158	46	110	174	2009	2064	2106	1949	1981	1985	2001	2130	2017	2018	2038	2049
304998	62	126	14	78	142	30	94	158	46	110	174	2007	2061	2118	1946	1977	1990	1999	2133	2012	2017	2031	2040
304998	62	126	14	78	142	30	94	158	46	110	174	2016	2029	2150	2001	1998	1974	2013	2078	1983	2021	2016	2008
304998	62	126	14	78	142	30	94	158	46	110	174	2033	2000	2162	2064	2033	1956	2036	2027	1964	2016	2007	1982
304998	62	126	14	78	142	30	94	158	46	110	174	2050	1995	2156	2086	2040	1963	2064	2016	1969	2017	2011	1989
304998	62	126	14	78	142	30	94	158	46	110	174	2036	2014	2134	2045	2022	1969	2028	2062	1990	2022	2016	2015
304998	62	126	14	78	142	30	94	158	46	110	174	2018	2051	2116	1976	1989	1983	2013	2120	2004	2021	2025	2037
304998	62	126	14	78	142	30	94	158	46	110	174	2004	2071	2119	1940	1966	1989	1999	2137	2013	2018	2032	2030
304998	62	126	14	78	142	30	94	158	46	110	174	2012	2056	2123	1966	1993	1976	2011	2110	1997	2020	2037	2029
304998	62	126	14	78	142	30	94	158	46	110	174	2031	2021	2141	2031	2020	1967	2028	2058	1982	2020	2019	2002
304998	62	126	14	78	142	30	94	158	46	110	174	2046	1988	2156	2083	2039	1960	2045	2018	1963	2020	2003	1985
304998	62	126	14	78	142	30	94	158	46	110	174	2040	1996	2156	2082	2024	1965	2044	2030	1974	2020	2007	1992
304998	62	126	14	78	142	30	94	158	46	110	174	2025	2030	2135	2015	1994	1981	2020	2085	1993	2017	2023	2016
304998	62	126	14	78	142	30	94	158	46	110	174	2010	2065	2112	1954	1979	1985	2001	2128	2017	2016	2033	2046
304998	62	126	14	78	142	30	94	158	46	110	174	2004	2072	2112	1939	1983	1986	1996	2133	2018	2018	2029	2040
304998	62	126	14	78	142	30	94	158	46	110	174	2020	2037	2127	1990	1999	1979	2023	2089	1983	2020	2018	2015
304998	62	126	14	78	142	30	94	158	46	110	174	2037	1996	2157	2058	2025	1959	2033	2035	1966	2019	2010	1983
304998	62	126	14	78	142	30	94	158	46	110	174	2047	1989	2165	2088	2040	1957	2056	2016	1968	2023	2011	1986
304998	62	126	14	78	142	30	94	158	46	110	174	2039	2017	2155	2057	2015	1965	2047	2049	1987	2020	2015	2013
304998	62	126	14	78	142	30	94	158	46	110	174	2015	2056	2115	1983	1993	1980	2009	2110	2006	2023	2023	2042
304998	62	126	14	78	142	30	94	158	46	110	174	2008	2076	2101	1942	1969	1999	2004	2146	2015	2021	2029	2034
304998	62	126	14	78	142	30	94	158	46	110	174	2005	2049	2129	1958	1995	1986	2007	2114	2002	2021	2031	2021
304998	62	126	14	78	142	30	94	158	46	110	174	2029	2016	2150	2022	2018	1964	2042	2065	1978	2018	2019	2009
304998	62	126	14	78	142	30	94	158	46	110	174	2044	1990	2174	2081	2035	1956	2043	2024	1968	2021	2010	1995
304998	62	126	14	78	142	30	94	158	46	110	174	2047	2000	2155	2083	2032	1962	2052	2031	1970	2021	2003	1989
304998	62	126	14	78	142	30	94	158	46	110	174	2031	2028	2126	2028	1994	1984	2028	2076	1991	2017	2020	2006
304998	62	126	14	78	142	30	94	158	46	110	174	2006	2057	2116	1964	1969	1985	1998	2121	2012	2018	2037	2042
304998	62	126	14	78	142	30	94	158	46	110	174	2008	2068	2112	1936	1984	1987	2006	2136	2021	2018	2036	2047
304998	62	126	14	78	142	30	94	158	46	110	174	2019	2040	2133	1986	1995	1975	2009	2097	1995	2021	2019	2015
304998	62	126	14	78	142	30	94	158	46	110	174	2039	2008	2156	2048	2025	1962	2047	2045	1970	2021	2011	1984
304998	62	126	14	78	142	30	94	158	46	110	174	2043	1990	2164	2089	2029	1958	2043	2014	1960	2019	2011	1986
304998	62	126	14	78	142	30	94	158	46	110	174	2044	2007	2141	2068	2014	1961	2043	2049	1981	2022	2015	2014
304998	62	126	14	78	142	30	94	158	46	110	174	2020	2045	2126	1990	1998	1986	2018	2105	2007	2020	2024	2032
304998	62	126	14	78	142	30	94	158	46	110	174	2008	2069	2110	1939	1972	1990	2001	2137	2009	2020	2026	2036
304998	62	126	14	78	142	30	94	158	46	110	174	2004	2063	2127	1951	1985	1983	2000	2117	2003	2020	2031	2028
304998	62	126	14	78	142	30	94	158	46	110	174	2028	2031	2139	2015	2005	1973	2026	2068	1984	2021	2021	2009
304998	62	126	14	78	142	30	94	158	46	110	174	2049	1991	2162	2077	2025	1956	2049	2028	1970	2016	2011	1989
304998	62	126	14	78	142	30	94	158	46	110	174	2045	1992	2158	2083	2033	1960	2041	2030	1969	2016	2003	1989
304998	62	126	14	78	142	30	94	158	46	110	174	2032	2024	2142	2037	2003	1986	2030	2067	1989	2022	2019	2010
304998	62	126	14	78	142	30	94	158	46	110	174	2010	2061	2121	1965	1986	1984	2005	2116	2005	2017	2037	2041
304998	62	126	14	78	142	30	94	158	46	110	174	2010	2077	2101	1936	1980	1983	2009	2138	2021	2020	2032	2044
304998	62	126	14	78	142	30	94	158	46	110	174	2020	2048	2121	1971	1991	1976	2008	2105	1994	2022	2021	2023
304998	62	126	14	78	142	30	94	158	46	110	174	2034	2004	2155	2040	2022	1964	2037	2051	1975	2022	2013	1994
304998	62	126	14	78	142	30	94	158	46	110	174	2046	1987	2167	2086	2030	1962	2051	2019	1960	2020	2013	1984
304998	62	126	14	78	142	30	94	158	46	110	174	2039	2007	2152	2067	2020	1963	2040	2041	1977	2017	2014	2002
304998	62	126	14	78	142	30	94	158	46	110	174	2027	2047	2122	2000	2000	1975	2016	2093	2003	2022	2018	2031
304998	62	126	14	78	142	30	94	158	46	110	174	2013	2069	2105	1947	1978	1987	2005	2131	2012	2018	2025	2041
304998	62	126	14	78	142	30	94	158	46	110	174	2006	2054	2117	1944	1985	1984	2004	2123	2007	2017	2035	2029
304998	62	126	14	78	142	30	94	158	46	110	174	2024	2031	2144	2005	2002	1974	2030	2075	1982	2022	2020	2011
304998	62	126	14	78	142	30	94	158	46	110	174	2035	1997	2170	2070	2023	1955	2039	2033	1974	2017	2008	1995
