304998	62	126	14	78	142	30	94	158	46	110	174	2005	2072	2103	1945	1964	1989	2010	2142	2012	2017	2040	2037
304998	62	126	14	78	142	30	94	158	46	110	174	2009	2041	2122	1968	1995	1980	2004	2097	1999	2022	2031	2022
304998	62	126	14	78	142	30	94	158	46	110	174	2032	2005	2156	2039	2017	1969	2029	2050	1981	2021	2015	2001
304998	62	126	14	78	142	30	94	158	46	110	174	2039	1987	2177	2087	2034	1958	2055	2019	1962	2017	2003	1989
304998	62	126	14	78	142	30	94	158	46	110	174	2038	2007	2146	2068	2029	1961	2053	2036	1974	2016	2010	1994
304998	62	126	14	78	142	30	94	158	46	110	174	2025	2044	2118	2008	2001	1976	2022	2094	1997	2017	2027	2019
304998	62	126	14	78	142	30	94	158	46	110	174	2009	2064	2106	1949	1981	1985	2001	2130	2017	2018	2038	2049
304998	62	126	14	78	142	30	94	158	46	110	174	2007	2061	2118	1946	1977	1990	1999	2133	2012	2017	2031	2040
304998	62	126	14	78	142	30	94	158	46	110	174	2016	2029	2150	2001	1998	1974	2013	2078	1983	2021	2016	2008
304998	62	126	14	78	142	30	94	158	46	110	174	2033	2000	2162	2064	2033	1956	2036	2027	1964	2016	2007	1982
304998	62	126	14	78	142	30	94	158	46	110	174	2050	1995	2156	2086	2040	1963	2064	2016	1969	2017	2011	1989
304998	62	126	14	78	142	30	94	158	46	110	174	2036	2014	2134	2045	2022	1969	2028	2062	1990	2022	2016	2015
304998	62	126	14	78	142	30	94	158	46	110	174	2018	2051	2116	1976	1989	1983	2013	2120	2004	2021	2025	2037
304998	62	126	14	78	142	30	94	158	46	110	174	2004	2071	2119	1940	1966	1989	1999	2137	2013	2018	2032	2030
304998	62	126	14	78	142	30	94	158	46	110	174	2012	2056	2123	1966	1993	1976	2011	2110	1997	2020	2037	2029
304998	62	126	14	78	142	30	94	158	46	110	174	2031	2021	2141	2031	2020	1967	2028	2058	1982	2020	2019	2002
304998	62	126	14	78	142	30	94	158	46	110	174	2046	1988	2156	2083	2039	1960	2045	2018	1963	2020	2003	1985
304998	62	126	14	78	142	30	94	158	46	110	174	2040	1996	2156	2082	2024	1965	2044	2030	1974	2020	2007	1992
304998	62	126	14	78	142	30	94	158	46	110	174	2025	2030	2135	2015	1994	1981	2020	2085	1993	2017	2023	2016
304998	62	126	14	78	142	30	94	158	46	110	174	2010	2065	2112	1954	1979	1985	2001	2128	2017	2016	2033	2046
304998	62	126	14	78	142	30	94	158	46	110	174	2004	2072	2112	1939	1983	1986	1996	2133	2018	2018	2029	2040
304998	62	126	14	78	142	30	94	158	46	110	174	2020	2037	2127	1990	1999	1979	2023	2089	1983	2020	2018	2015
304998	62	126	14	78	142	30	94	158	46	110	174	2037	1996	2157	2058	2025	1959	2033	2035	1966	2019	2010	1983
304998	62	126	14	78	142	30	94	158	46	110	174	2047	1989	2165	2088	2040	1957	2056	2016	1968	2023	2011	1986
304998	62	126	14	78	142	30	94	158	46	110	174	2039	2017	2155	2057	2015	1965	2047	2049	1987	2020	2015	2013
304998	62	126	14	78	142	30	94	158	46	110	174	2015	2056	2115	1983	1993	1980	2009	2110	2006	2023	2023	2042
304998	62	126	14	78	142	30	94	158	46	110	174	2008	2076	2101	1942	1969	1999	2004	2146	2015	2021	2029	2034
304998	62	126	14	78	142	30	94	158	46	110	174	2005	2049	2129	1958	1995	1986	2007	2114	2002	2021	2031	2021
304998	62	126	14	78	142	30	94	158	46	110	174	2029	2016	2150	2022	2018	1964	2042	2065	1978	2018	2019	2009
304998	62	126	14	78	142	30	94	158	46	110	174	2044	1990	2174	2081	2035	1956	2043	2024	1968	2021	2010	1995
304998	62	126	14	78	142	30	94	158	46	110	174	2047	2000	2155	2083	2032	1962	2052	2031	1970	2021	2003	1989
304998	62	126	14	78	142	30	94	158	46	110	174	2031	2028	2126	2028	1994	1984	2028	2076	1991	2017	2020	2006
304998	62	126	14	78	142	30	94	158	46	110	174	2006	2057	2116	1964	1969	1985	1998	2121	2012	2018	2037	2042
304998	62	126	14	78	142	30	94	158	46	110	174	2008	2068	2112	1936	1984	1987	2006	2136	2021	2018	2036	2047
304998	62	126	14	78	142	30	94	158	46	110	174	2019	2040	2133	1986	1995	1975	2009	2097	1995	2021	2019	2015
304998	62	126	14	78	142	30	94	158	46	110	174	2039	2008	2156	2048	2025	1962	2047	2045	1970	2021	2011	1984
304998	62	126	14	78	142	30	94	158	46	110	174	2043	1990	2164	2089	2029	1958	2043	2014	1960	2019	2011	1986
304998	62	126	14	78	142	30	94	158	46	110	174	2044	2007	2141	2068	2014	1961	2043	2049	1981	2022	2015	2014
304998	62	126	14	78	142	30	94	158	46	110	174	2020	2045	2126	1990	1998	1986	2018	2105	2007	2020	2024	2032
304998	62	126	14	78	142	30	94	158	46	110	174	2008	2069	2110	1939	1972	1990	2001	2137	2009	2020	2026	2036
304998	62	126	14	78	142	30	94	158	46	110	174	2004	2063	2127	1951	1985	1983	2000	2117	2003	2020	2031	2028
304998	62	126	14	78	142	30	94	158	46	110	174	2028	2031	2139	2015	2005	1973	2026	2068	1984	2021	2021	2009
304998	62	126	14	78	142	30	94	158	46	110	174	2049	1991	2162	2077	2025	1956	2049	2028	1970	2016	2011	1989
304998	62	126	14	78	142	30	94	158	46	110	174	2045	1992	2158	2083	2033	1960	2041	2030	1969	2016	2003	1989
304998	62	126	14	78	142	30	94	158	46	110	174	2032	2024	2142	2037	2003	1986	2030	2067	1989	2022	2019	2010
304998	62	126	14	78	142	30	94	158	46	110	174	2010	2061	2121	1965	1986	1984	2005	2116	2005	2017	2037	2041
304998	62	126	14	78	142	30	94	158	46	110	174	2010	2077	2101	1936	1980	1983	2009	2138	2021	2020	2032	2044
304998	62	126	14	78	142	30	94	158	46	110	174	2020	2048	2121	1971	1991	1976	2008	2105	1994	2022	2021	2023
304998	62	126	14	78	142	30	94	158	46	110	174	2034	2004	2155	2040	2022	1964	2037	2051	1975	2022	2013	1994
304998	62	126	14	78	142	30	94	158	46	110	174	2046	1987	2167	2086	2030	1962	2051	2019	1960	2020	2013	1984
304998	62	126	14	78	142	30	94	158	46	110	174	2039	2007	2152	2067	2020	1963	2040	2041	1977	2017	2014	2002
304998	62	126	14	78	142	30	94	158	46	110	174	2027	2047	2122	2000	2000	1975	2016	2093	2003	2022	2018	2031
304998	62	126	14	78	142	30	94	158	46	110	174	2013	2069	2105	1947	1978	1987	2005	2131	2012	2018	2025	2041
304998	62	126	14	78	142	30	94	158	46	110	174	2006	2054	2117	1944	1985	1984	2004	2123	2007	2017	2035	2029
304998	62	126	14	78	142	30	94	158	46	110	174	2024	2031	2144	2005	2002	1974	2030	2075	1982	2022	2020	2011
304998	62	126	14	78	142	30	94	158	46	110	174	2035	1997	2170	2070	2023	1955	2039	2033	1974	2017	2008	1995
304998	62	126	14	78	142	30	94	158	46	110	174	2039	1996	2157	2086	2033	1954	2047	2023	1972	2017	2006	1990
304998	62	126	14	78	142	30	94	158	46	110	174	2031	2022	2138	2041	2007	1978	2033	2066	1985	2021	2019	2002
304998	62	126	14	78	142	30	94	158	46	110	174	2015	2048	2120	1970	1990	1985	2008	2115	2008	2022	2031	2034
304998	62	126	14	78	142	30	94	158	46	110	174	2006	2072	2109	1936	1983	1989	2016	2136	2021	2017	2033	2048
304998	62	126	14	78	142	30	94	158	46	110	174	2009	2048	2134	1970	1980	1979	2007	2112	2001	2021	2024	2027
304998	62	126	14	78	142	30	94	158	46	110	174	2033	2018	2150	2033	2022	1966	2030	2058	1973	2022	2008	1993
304998	62	126	14	78	142	30	94	158	46	110	174	2042	1987	2157	2084	2026	1960	2042	2016	1961	2017	2012	1984
304998	62	126	14	78	142	30	94	158	46	110	174	2042	2001	2146	2068	2026	1969	2050	2033	1980	2021	2015	2001
304998	62	126	14	78	142	30	94	158	46	110	174	2030	2035	2126	2012	1998	1984	2029	2092	2001	2017	2018	2027
304998	62	126	14	78	142	30	94	158	46	110	174	2006	2068	2114	1955	1979	1986	2001	2136	2013	2022	2030	2037
304998	62	126	14	78	142	30	94	158	46	110	174	2013	2069	2109	1940	1983	1986	2011	2129	2008	2016	2033	2029
304998	62	126	14	78	142	30	94	158	46	110	174	2025	2040	2128	1993	1998	1972	2013	2077	1985	2020	2027	2010
304998	62	126	14	78	142	30	94	158	46	110	174	2042	1997	2152	2058	2024	1963	2043	2031	1976	2022	2011	1995
304998	62	126	14	78	142	30	94	158	46	110	174	2040	1985	2166	2085	2030	1958	2039	2024	1966	2020	2005	1990
304998	62	126	14	78	142	30	94	158	46	110	174	2034	2015	2150	2050	2015	1967	2041	2062	1981	2017	2013	2002
304998	62	126	14	78	142	30	94	158	46	110	174	2013	2057	2120	1980	2000	1982	2012	2109	2007	2020	2031	2028
304998	62	126	14	78	142	30	94	158	46	110	174	2013	2081	2102	1933	1984	1990	1998	2132	2019	2022	2034	2046
304998	62	126	14	78	142	30	94	158	46	110	174	2017	2056	2113	1958	1990	1986	2006	2116	2006	2016	2024	2035
304998	62	126	14	78	142	30	94	158	46	110	174	2024	2014	2148	2023	2015	1969	2024	2058	1979	2018	2013	1993
304998	62	126	14	78	142	30	94	158	46	110	174	2041	1989	2175	2082	2032	1950	2051	2018	1959	2016	2008	1979
304998	62	126	14	78	142	30	94	158	46	110	174	2039	2004	2157	2074	2032	1963	2044	2028	1971	2022	2015	2001
304998	62	126	14	78	142	30	94	158	46	110	174	2032	2041	2122	2019	2001	1986	2030	2083	1998	2017	2020	2024
304998	62	126	14	78	142	30	94	158	46	110	174	2013	2065	2107	1948	1986	1988	2007	2130	2014	2018	2029	2042
304998	62	126	14	78	142	30	94	158	46	110	174	2007	2067	2109	1938	1986	1983	1999	2137	2008	2017	2030	2034
304998	62	126	14	78	142	30	94	158	46	110	174	2018	2038	2143	1987	2008	1969	2015	2090	1983	2020	2025	2014
304998	62	126	14	78	142	30	94	158	46	110	174	2038	2006	2163	2051	2026	1963	2037	2033	1972	2021	2015	1997
304998	62	126	14	78	142	30	94	158	46	110	174	2042	1994	2158	2087	2040	1957	2045	2023	1969	2019	2006	1992
304998	62	126	14	78	142	30	94	158	46	110	174	2039	2010	2141	2056	2014	1966	2041	2056	1983	2019	2010	1998
304998	62	126	14	78	142	30	94	158	46	110	174	2019	2048	2116	1992	1995	1983	2014	2106	1998	2021	2026	2025
304998	62	126	14	78	142	30	94	158	46	110	174	2009	2072	2109	1942	1985	1989	2019	2137	2018	2022	2039	2043
304998	62	126	14	78	142	30	94	158	46	110	174	2005	2055	2129	1954	1990	1986	2008	2118	2007	2021	2029	2033
304998	62	126	14	78	142	30	94	158	46	110	174	2026	2025	2144	2015	2016	1969	2029	2073	1976	2018	2017	2010
304998	62	126	14	78	142	30	94	158	46	110	174	2045	1993	2163	2078	2021	1959	2048	2028	1963	2020	2002	1986
304998	62	126	14	78	142	30	94	158	46	110	174	2042	1994	2153	2079	2029	1955	2043	2026	1970	2018	2015	1993
304998	62	126	14	78	142	30	94	158	46	110	174	2034	2028	2139	2032	1996	1979	2027	2073	1998	2020	2021	2025
304998	62	126	14	78	142	30	94	158	46	110	174	2009	2063	2123	1962	1984	1990	2005	2125	2014	2019	2026	2039
304998	62	126	14	78	142	30	94	158	46	110	174	2006	2075	2109	1935	1989	1992	2002	2137	2014	2018	2028	2038
304998	62	126	14	78	142	30	94	158	46	110	174	2021	2043	2125	1983	1996	1979	2012	2094	1996	2018	2022	2013
304998	62	126	14	78	142	30	94	158	46	110	174	2039	2005	2149	2049	2022	1957	2037	2035	1971	2018	2016	1994
304998	62	126	14	78	142	30	94	158	46	110	174	2046	1987	2163	2091	2029	1955	2042	2020	1965	2020	2011	1991
304998	62	126	14	78	142	30	94	158	46	110	174	2033	2008	2154	2065	2014	1971	2039	2045	1974	2016	2012	2005
304998	62	126	14	78	142	30	94	158	46	110	174	2021	2052	2120	1993	1999	1985	2035	2099	2000	2021	2019	2026
304998	62	126	14	78	142	30	94	158	46	110	174	2013	2075	2100	1942	1977	1994	2014	2129	2015	2020	2029	2034
304998	62	126	14	78	142	30	94	158	46	110	174	2013	2062	2112	1948	1993	1983	2006	2124	2011	2016	2030	2037
304998	62	126	14	78	142	30	94	158	46	110	174	2029	2025	2142	2011	2013	1969	2031	2083	1983	2018	2020	2012
304998	62	126	14	78	142	30	94	158	46	110	174	2032	1990	2174	2076	2024	1960	2039	2027	1963	2020	2008	1984
304998	62	126	14	78	142	30	94	158	46	110	174	2039	2000	2160	2081	2029	1961	2041	2020	1966	2018	2010	1988
304998	62	126	14	78	142	30	94	158	46	110	174	2028	2018	2139	2038	2005	1973	2022	2066	1996	2022	2022	2011
304998	62	126	14	78	142	30	94	158	46	110	174	2019	2061	2108	1971	1993	1986	2012	2125	2009	2018	2031	2042
304998	62	126	14	78	142	30	94	158	46	110	174	2015	2073	2111	1935	1987	1995	2011	2136	2016	2020	2029	2047
304998	62	126	14	78	142	30	94	158	46	110	174	2011	2048	2136	1970	2001	1983	2005	2100	1996	2019	2019	2017
304998	62	126	14	78	142	30	94	158	46	110	174	2029	2009	2159	2039	2018	1963	2028	2042	1979	2016	2014	1995
304998	62	126	14	78	142	30	94	158	46	110	174	2041	1993	2155	2088	2023	1956	2036	2025	1969	2020	2016	1984
304998	62	126	14	78	142	30	94	158	46	110	174	2043	2003	2142	2070	2024	1960	2056	2049	1971	2020	2014	2005
304998	62	126	14	78	142	30	94	158	46	110	174	2012	2031	2127	2001	2004	1981	2017	2091	1998	2019	2021	2026
304998	62	126	14	78	142	30	94	158	46	110	174	2013	2073	2114	1949	1981	1992	2012	2133	2016	2022	2024	2037
304998	62	126	14	78	142	30	94	158	46	110	174	2009	2065	2127	1945	1984	1984	2006	2123	2016	2019	2029	2028
304998	62	126	14	78	142	30	94	158	46	110	174	2024	2039	2130	2001	2001	1966	2031	2093	1985	2017	2022	2016
304998	62	126	14	78	142	30	94	158	46	110	174	2043	1998	2157	2069	2022	1954	2051	2037	1965	2020	2011	1997
304998	62	126	14	78	142	30	94	158	46	110	174	2028	1985	2156	2084	2029	1958	2037	2019	1961	2017	2011	1990
304998	62	126	14	78	142	30	94	158	46	110	174	2033	2017	2148	2044	2014	1972	2041	2060	1989	2017	2013	2001
304998	62	126	14	78	142	30	94	158	46	110	174	2010	2056	2129	1970	1994	1984	2007	2114	2013	2017	2032	2035
304998	62	126	14	78	142	30	94	158	46	110	174	2013	2080	2101	1942	1988	1993	2012	2136	2016	2021	2030	2045
304998	62	126	14	78	142	30	94	158	46	110	174	2015	2051	2121	1965	1997	1981	2007	2104	2000	2017	2023	2033
304998	62	126	14	78	142	30	94	158	46	110	174	2018	2013	2151	2029	2021	1963	2023	2049	1982	2022	2009	1993
304998	62	126	14	78	142	30	94	158	46	110	174	2039	1990	2165	2080	2029	1958	2035	2028	1967	2018	2013	1977
304998	62	126	14	78	142	30	94	158	46	110	174	2041	2006	2158	2071	2021	1962	2041	2039	1970	2017	2015	2001
304998	62	126	14	78	142	30	94	158	46	110	174	2027	2039	2119	2013	2002	1975	2038	2092	1993	2019	2020	2025
304998	62	126	14	78	142	30	94	158	46	110	174	2015	2072	2099	1951	1988	1989	2015	2124	2018	2017	2025	2041
304998	62	126	14	78	142	30	94	158	46	110	174	2012	2068	2112	1938	1988	1993	2003	2127	2014	2018	2024	2028
304998	62	126	14	78	142	30	94	158	46	110	174	2023	2036	2141	1991	2004	1974	2019	2084	1987	2018	2026	2008
304998	62	126	14	78	142	30	94	158	46	110	174	2030	1999	2171	2064	2016	1961	2029	2037	1966	2016	2015	1997
304998	62	126	14	78	142	30	94	158	46	110	174	2045	1994	2154	2085	2033	1953	2046	2019	1965	2021	2008	1989
304998	62	126	14	78	142	30	94	158	46	110	174	2040	2012	2146	2050	2014	1970	2043	2052	1987	2018	2014	2003
304998	62	126	14	78	142	30	94	158	46	110	174	2023	2048	2114	1980	1998	1985	2021	2117	2005	2017	2025	2028
304998	62	126	14	78	142	30	94	158	46	110	174	2011	2070	2113	1936	1987	1994	2014	2142	2010	2017	2031	2038
304998	62	126	14	78	142	30	94	158	46	110	174	2008	2059	2133	1957	1984	1983	2006	2113	2000	2020	2024	2034
304998	62	126	14	78	142	30	94	158	46	110	174	2033	2023	2141	2021	2017	1963	2028	2060	1982	2022	2015	2007
304998	62	126	14	78	142	30	94	158	46	110	174	2040	1994	2158	2082	2024	1953	2049	2027	1966	2021	2005	1976
304998	62	126	14	78	142	30	94	158	46	110	174	2045	1994	2151	2075	2028	1959	2041	2033	1963	2018	2017	1994
304998	62	126	14	78	142	30	94	158	46	110	174	2028	2029	2133	2019	2007	1984	2022	2080	1984	2020	2025	2017
304998	62	126	14	78	142	30	94	158	46	110	174	2014	2070	2118	1962	1981	1988	2006	2121	2021	2020	2028	2045
304998	62	126	14	78	142	30	94	158	46	110	174	2011	2077	2105	1939	1988	1985	2005	2137	2019	2022	2027	2044
304998	62	126	14	78	142	30	94	158	46	110	174	2027	2042	2127	1987	1987	1981	2021	2094	1991	2021	2023	2008
304998	62	126	14	78	142	30	94	158	46	110	174	2036	1998	2159	2049	2028	1955	2028	2044	1964	2019	2021	1996
304998	62	126	14	78	142	30	94	158	46	110	174	2044	1987	2167	2080	2029	1955	2043	2025	1958	2017	2015	1992
304998	62	126	14	78	142	30	94	158	46	110	174	2034	2015	2153	2061	2013	1962	2042	2051	1987	2016	2014	2008
304998	62	126	14	78	142	30	94	158	46	110	174	2023	2059	2116	1991	2003	1981	2019	2107	2002	2021	2019	2029
304998	62	126	14	78	142	30	94	158	46	110	174	2018	2076	2098	1943	1977	1995	2010	2134	2016	2021	2033	2037
304998	62	126	14	78	142	30	94	158	46	110	174	2010	2052	2130	1950	1995	1985	2007	2115	2004	2019	2029	2032
304998	62	126	14	78	142	30	94	158	46	110	174	2026	2028	2148	2010	2011	1968	2033	2075	1985	2017	2022	2012
304998	62	126	14	78	142	30	94	158	46	110	174	2034	1990	2179	2072	2022	1955	2031	2028	1965	2017	2008	1986
304998	62	126	14	78	142	30	94	158	46	110	174	2043	2002	2155	2077	2031	1954	2037	2030	1962	2018	2008	1982
304998	62	126	14	78	142	30	94	158	46	110	174	2027	2026	2131	2028	2008	1977	2024	2077	1985	2019	2024	2013
304998	62	126	14	78	142	30	94	158	46	110	174	2014	2054	2111	1960	1990	1996	2008	2116	2016	2018	2030	2045
304998	62	126	14	78	142	30	94	158	46	110	174	2015	2068	2114	1937	1985	1996	2013	2135	2023	2021	2025	2042
304998	62	126	14	78	142	30	94	158	46	110	174	2017	2047	2139	1976	1997	1978	2006	2100	1996	2022	2021	2016
304998	62	126	14	78	142	30	94	158	46	110	174	2033	2018	2151	2040	2022	1955	2033	2052	1967	2018	2018	1993
304998	62	126	14	78	142	30	94	158	46	110	174	2039	1996	2159	2084	2023	1950	2035	2015	1959	2018	2016	1991
304998	62	126	14	78	142	30	94	158	46	110	174	2040	2007	2143	2064	2017	1968	2038	2047	1987	2021	2018	2007
304998	62	126	14	78	142	30	94	158	46	110	174	2026	2046	2125	1994	2003	1987	2020	2098	2001	2022	2019	2025
304998	62	126	14	78	142	30	94	158	46	110	174	2014	2074	2117	1943	1984	1996	2008	2132	2015	2022	2025	2034
304998	62	126	14	78	142	30	94	158	46	110	174	2013	2074	2120	1943	1996	1983	2008	2123	2005	2018	2031	2030
304998	62	126	14	78	142	30	94	158	46	110	174	2031	2031	2132	2003	2011	1967	2020	2076	1991	2020	2022	2013
