304998	62	126	14	78	142	30	94	158	46	110	174	2033	1998	2158	2067	2016	1943	2024	2049	1964	2019	2014	1984
304998	62	126	14	78	142	30	94	158	46	110	174	2034	2008	2159	2057	2013	1963	2031	2049	1975	2021	2022	1996
304998	62	126	14	78	142	30	94	158	46	110	174	2030	2042	2136	2011	2009	1983	2021	2085	1992	2018	2022	2021
304998	62	126	14	78	142	30	94	158	46	110	174	2023	2070	2115	1965	2002	2004	2022	2106	2021	2016	2015	2040
304998	62	126	14	78	142	30	94	158	46	110	174	2023	2064	2114	1968	1995	2002	2015	2113	2013	2018	2016	2029
304998	62	126	14	78	142	30	94	158	46	110	174	2030	2036	2131	1995	2013	1970	2043	2089	1979	2018	2014	2003
304998	62	126	14	78	142	30	94	158	46	110	174	2027	2003	2155	2049	2008	1954	2020	2049	1963	2017	2021	1995
304998	62	126	14	78	142	30	94	158	46	110	174	2036	2004	2166	2069	2015	1949	2028	2042	1965	2022	2022	1998
304998	62	126	14	78	142	30	94	158	46	110	174	2021	2020	2152	2038	2006	1969	2018	2059	1983	2020	2014	2014
304998	62	126	14	78	142	30	94	158	46	110	174	2033	2057	2109	1990	1996	1995	2028	2104	2005	2022	2018	2027
304998	62	126	14	78	142	30	94	158	46	110	174	2031	2066	2108	1956	2000	1995	2031	2118	2019	2017	2019	2028
304998	62	126	14	78	142	30	94	158	46	110	174	2031	2048	2123	1968	2009	1989	2019	2099	1999	2020	2023	2027
304998	62	126	14	78	142	30	94	158	46	110	174	2031	2021	2153	2024	2002	1965	2026	2063	1979	2019	2020	2008
304998	62	126	14	78	142	30	94	158	46	110	174	2028	1997	2173	2058	2017	1940	2019	2044	1965	2019	2018	1992
304998	62	126	14	78	142	30	94	158	46	110	174	2038	2012	2149	2061	2018	1952	2045	2054	1975	2017	2014	1993
304998	62	126	14	78	142	30	94	158	46	110	174	2025	2028	2129	2015	2007	1975	2023	2080	1993	2022	2023	2016
304998	62	126	14	78	142	30	94	158	46	110	174	2028	2056	2104	1960	2009	1997	2018	2109	2005	2019	2018	2042
304998	62	126	14	78	142	30	94	158	46	110	174	2018	2054	2127	1962	1996	1999	2014	2108	2018	2017	2015	2040
304998	62	126	14	78	142	30	94	158	46	110	174	2023	2041	2137	1991	2008	1972	2026	2090	1993	2016	2016	2014
304998	62	126	14	78	142	30	94	158	46	110	174	2031	2017	2156	2043	2015	1952	2034	2054	1961	2016	2017	1990
304998	62	126	14	78	142	30	94	158	46	110	174	2028	1999	2152	2069	2013	1947	2025	2040	1955	2021	2022	1990
304998	62	126	14	78	142	30	94	158	46	110	174	2032	2016	2143	2040	2011	1967	2036	2066	1986	2016	2019	2012
304998	62	126	14	78	142	30	94	158	46	110	174	2023	2041	2130	1994	1999	1994	2016	2101	2008	2020	2016	2026
304998	62	126	14	78	142	30	94	158	46	110	174	2024	2063	2114	1959	2001	1996	2026	2118	2014	2017	2015	2033
304998	62	126	14	78	142	30	94	158	46	110	174	2023	2057	2124	1963	2011	1989	2019	2104	1999	2016	2020	2024
304998	62	126	14	78	142	30	94	158	46	110	174	2031	2030	2134	2019	2002	1967	2024	2065	1984	2017	2023	2010
304998	62	126	14	78	142	30	94	158	46	110	174	2031	1999	2156	2056	2010	1944	2022	2045	1965	2018	2018	1996
304998	62	126	14	78	142	30	94	158	46	110	174	2035	1999	2156	2067	2001	1955	2025	2049	1971	2021	2013	1994
304998	62	126	14	78	142	30	94	158	46	110	174	2031	2031	2144	2024	2006	1971	2037	2079	1988	2020	2017	2009
304998	62	126	14	78	142	30	94	158	46	110	174	2014	2063	2109	1968	2008	1998	2021	2107	2007	2020	2027	2032
304998	62	126	14	78	142	30	94	158	46	110	174	2028	2072	2103	1955	2006	2003	2025	2112	2015	2019	2021	2043
304998	62	126	14	78	142	30	94	158	46	110	174	2028	2039	2131	1984	2008	1974	2020	2089	1993	2016	2016	2021
304998	62	126	14	78	142	30	94	158	46	110	174	2037	2009	2152	2037	2008	1952	2041	2061	1966	2020	2014	1990
304998	62	126	14	78	142	30	94	158	46	110	174	2034	2000	2169	2066	2014	1945	2027	2044	1957	2021	2020	1987
304998	62	126	14	78	142	30	94	158	46	110	174	2032	2020	2147	2046	2014	1963	2026	2060	1981	2017	2022	2010
304998	62	126	14	78	142	30	94	158	46	110	174	2027	2047	2118	1995	2009	1986	2030	2093	2009	2019	2017	2028
304998	62	126	14	78	142	30	94	158	46	110	174	2024	2063	2107	1954	2002	1996	2021	2118	2011	2022	2013	2037
304998	62	126	14	78	142	30	94	158	46	110	174	2031	2058	2121	1964	2013	1988	2021	2110	2003	2017	2023	2028
304998	62	126	14	78	142	30	94	158	46	110	174	2026	2026	2148	2008	2009	1965	2023	2069	1981	2018	2025	2013
304998	62	126	14	78	142	30	94	158	46	110	174	2033	2008	2164	2053	2016	1947	2029	2045	1970	2018	2014	1995
304998	62	126	14	78	142	30	94	158	46	110	174	2038	2005	2153	2066	2006	1950	2028	2052	1966	2016	2013	1995
304998	62	126	14	78	142	30	94	158	46	110	174	2023	2027	2135	2030	2001	1977	2019	2073	1987	2022	2014	2004
304998	62	126	14	78	142	30	94	158	46	110	174	2026	2051	2108	1980	2011	1995	2028	2107	2007	2017	2017	2026
304998	62	126	14	78	142	30	94	158	46	110	174	2023	2061	2115	1956	2006	1997	2034	2113	2015	2018	2021	2041
304998	62	126	14	78	142	30	94	158	46	110	174	2026	2049	2137	1980	2008	1983	2026	2097	1998	2019	2018	2025
304998	62	126	14	78	142	30	94	158	46	110	174	2031	2021	2147	2029	2005	1961	2032	2067	1967	2020	2014	1994
304998	62	126	14	78	142	30	94	158	46	110	174	2036	2003	2152	2073	1999	1945	2024	2039	1959	2018	2015	1987
304998	62	126	14	78	142	30	94	158	46	110	174	2033	2012	2147	2047	2013	1958	2027	2050	1974	2018	2022	2003
304998	62	126	14	78	142	30	94	158	46	110	174	2031	2038	2128	2006	2009	1984	2020	2091	2003	2018	2016	2026
304998	62	126	14	78	142	30	94	158	46	110	174	2026	2066	2117	1958	2010	2000	2026	2116	2018	2020	2015	2043
304998	62	126	14	78	142	30	94	158	46	110	174	2022	2064	2116	1960	2002	1997	2021	2107	2009	2021	2018	2022
304998	62	126	14	78	142	30	94	158	46	110	174	2032	2040	2131	2001	2011	1961	2026	2077	1985	2016	2022	2005
304998	62	126	14	78	142	30	94	158	46	110	174	2034	2002	2153	2049	2014	1950	2020	2043	1971	2022	2015	1999
304998	62	126	14	78	142	30	94	158	46	110	174	2036	1996	2154	2067	2015	1952	2033	2050	1967	2016	2015	1995
304998	62	126	14	78	142	30	94	158	46	110	174	2025	2021	2147	2033	2007	1968	2032	2072	1981	2021	2014	2008
304998	62	126	14	78	142	30	94	158	46	110	174	2022	2054	2119	1981	2006	1991	2022	2102	2005	2017	2022	2025
304998	62	126	14	78	142	30	94	158	46	110	174	2024	2073	2109	1955	2010	2003	2035	2110	2017	2022	2021	2038
304998	62	126	14	78	142	30	94	158	46	110	174	2025	2047	2122	1975	2006	1985	2023	2096	2006	2017	2020	2027
304998	62	126	14	78	142	30	94	158	46	110	174	2035	2017	2145	2028	2011	1965	2030	2071	1970	2021	2013	2002
304998	62	126	14	78	142	30	94	158	46	110	174	2027	1992	2169	2065	2001	1953	2022	2041	1958	2020	2011	1983
304998	62	126	14	78	142	30	94	158	46	110	174	2026	2009	2156	2054	2014	1955	2026	2047	1974	2020	2020	1997
304998	62	126	14	78	142	30	94	158	46	110	174	2029	2044	2128	2012	2002	1988	2032	2086	1998	2020	2018	2024
304998	62	126	14	78	142	30	94	158	46	110	174	2023	2063	2107	1970	2002	2001	2019	2114	2019	2017	2015	2043
304998	62	126	14	78	142	30	94	158	46	110	174	2027	2060	2112	1955	2010	1997	2030	2114	2009	2021	2017	2032
304998	62	126	14	78	142	30	94	158	46	110	174	2025	2033	2137	1995	2004	1974	2031	2082	1988	2022	2018	2003
304998	62	126	14	78	142	30	94	158	46	110	174	2033	2009	2157	2050	2018	1948	2020	2045	1968	2018	2021	1999
304998	62	126	14	78	142	30	94	158	46	110	174	2037	2006	2156	2066	2017	1944	2033	2049	1967	2017	2016	1999
304998	62	126	14	78	142	30	94	158	46	110	174	2030	2022	2141	2038	2006	1972	2023	2066	1983	2019	2013	2003
304998	62	126	14	78	142	30	94	158	46	110	174	2028	2049	2119	1987	2009	1992	2021	2098	2004	2021	2015	2022
304998	62	126	14	78	142	30	94	158	46	110	174	2029	2058	2113	1956	2002	1999	2021	2114	2016	2022	2023	2033
304998	62	126	14	78	142	30	94	158	46	110	174	2019	2048	2132	1972	2012	1986	2020	2099	2010	2020	2017	2029
304998	62	126	14	78	142	30	94	158	46	110	174	2027	2023	2150	2019	2011	1962	2032	2074	1976	2018	2013	2009
304998	62	126	14	78	142	30	94	158	46	110	174	2028	2004	2155	2068	2000	1957	2022	2045	1960	2017	2014	1988
304998	62	126	14	78	142	30	94	158	46	110	174	2034	2008	2148	2056	2013	1958	2034	2052	1972	2022	2020	1988
304998	62	126	14	78	142	30	94	158	46	110	174	2029	2031	2128	2017	2008	1978	2025	2074	1996	2018	2023	2025
304998	62	126	14	78	142	30	94	158	46	110	174	2028	2055	2121	1969	2011	1995	2020	2113	2017	2018	2022	2038
304998	62	126	14	78	142	30	94	158	46	110	174	2023	2065	2124	1957	2004	1996	2019	2112	2012	2017	2014	2029
304998	62	126	14	78	142	30	94	158	46	110	174	2030	2045	2130	1987	2007	1980	2045	2088	1987	2019	2018	2011
304998	62	126	14	78	142	30	94	158	46	110	174	2035	2015	2147	2038	2005	1950	2031	2056	1965	2017	2018	1998
304998	62	126	14	78	142	30	94	158	46	110	174	2034	2003	2153	2063	2017	1944	2020	2042	1969	2016	2022	1995
304998	62	126	14	78	142	30	94	158	46	110	174	2031	2014	2145	2047	2011	1962	2028	2058	1981	2019	2015	2011
304998	62	126	14	78	142	30	94	158	46	110	174	2023	2046	2134	1995	2010	1989	2020	2093	1998	2021	2011	2023
304998	62	126	14	78	142	30	94	158	46	110	174	2025	2070	2111	1958	2009	2003	2032	2118	2008	2020	2017	2031
304998	62	126	14	78	142	30	94	158	46	110	174	2018	2054	2125	1971	1994	1992	2017	2100	2007	2022	2020	2026
304998	62	126	14	78	142	30	94	158	46	110	174	2025	2022	2133	2014	2014	1962	2020	2076	1985	2020	2018	2013
304998	62	126	14	78	142	30	94	158	46	110	174	2031	1999	2164	2062	2002	1952	2019	2049	1963	2020	2018	1989
304998	62	126	14	78	142	30	94	158	46	110	174	2034	2004	2156	2062	2013	1954	2031	2050	1964	2022	2015	1989
304998	62	126	14	78	142	30	94	158	46	110	174	2028	2038	2136	2018	2013	1973	2045	2075	1986	2016	2021	2012
304998	62	126	14	78	142	30	94	158	46	110	174	2026	2064	2110	1984	2001	1992	2018	2103	2015	2017	2020	2032
304998	62	126	14	78	142	30	94	158	46	110	174	2026	2058	2112	1959	2009	1996	2025	2115	2014	2019	2015	2039
304998	62	126	14	78	142	30	94	158	46	110	174	2031	2046	2129	1988	1999	1986	2023	2091	1995	2019	2009	2014
304998	62	126	14	78	142	30	94	158	46	110	174	2030	2013	2154	2035	2009	1956	2023	2058	1968	2018	2018	1991
304998	62	126	14	78	142	30	94	158	46	110	174	2030	2004	2162	2063	2011	1946	2035	2041	1969	2022	2021	1993
304998	62	126	14	78	142	30	94	158	46	110	174	2034	2022	2138	2048	2009	1960	2031	2065	1981	2017	2014	2008
304998	62	126	14	78	142	30	94	158	46	110	174	2027	2040	2123	2002	2009	1981	2019	2090	2002	2022	2018	2021
304998	62	126	14	78	142	30	94	158	46	110	174	2031	2056	2107	1959	2007	1997	2027	2113	2012	2021	2014	2031
304998	62	126	14	78	142	30	94	158	46	110	174	2025	2052	2127	1965	2005	1994	2033	2102	2009	2018	2020	2024
304998	62	126	14	78	142	30	94	158	46	110	174	2021	2028	2150	2009	2009	1963	2017	2077	1983	2021	2020	2015
304998	62	126	14	78	142	30	94	158	46	110	174	2032	2009	2155	2051	2014	1946	2031	2051	1963	2021	2016	2000
304998	62	126	14	78	142	30	94	158	46	110	174	2030	2004	2150	2064	2010	1955	2028	2047	1966	2018	2017	1995
304998	62	126	14	78	142	30	94	158	46	110	174	2037	2023	2129	2025	2018	1975	2027	2069	1982	2018	2015	2006
304998	62	126	14	78	142	30	94	158	46	110	174	2026	2051	2121	1979	2002	1992	2029	2101	2017	2020	2022	2033
304998	62	126	14	78	142	30	94	158	46	110	174	2025	2062	2122	1958	1998	2003	2033	2114	2020	2023	2017	2038
304998	62	126	14	78	142	30	94	158	46	110	174	2026	2051	2128	1980	2006	1981	2022	2094	1994	2020	2018	2025
304998	62	126	14	78	142	30	94	158	46	110	174	2032	2021	2146	2031	2008	1962	2026	2064	1971	2017	2015	1995
304998	62	126	14	78	142	30	94	158	46	110	174	2038	2001	2153	2060	2017	1948	2033	2038	1964	2018	2021	1985
304998	62	126	14	78	142	30	94	158	46	110	174	2030	2008	2147	2050	2008	1955	2023	2055	1977	2016	2016	2008
304998	62	126	14	78	142	30	94	158	46	110	174	2026	2040	2135	2005	2011	1979	2021	2092	1996	2019	2018	2027
304998	62	126	14	78	142	30	94	158	46	110	174	2023	2066	2117	1963	2010	1993	2028	2113	2017	2016	2014	2031
304998	62	126	14	78	142	30	94	158	46	110	174	2028	2071	2113	1963	2003	1997	2027	2111	2007	2018	2017	2024
304998	62	126	14	78	142	30	94	158	46	110	174	2027	2032	2131	1996	2010	1969	2018	2080	1994	2020	2022	2015
304998	62	126	14	78	142	30	94	158	46	110	174	2031	2005	2154	2045	2003	1954	2029	2057	1968	2017	2015	1994
304998	62	126	14	78	142	30	94	158	46	110	174	2030	1998	2166	2062	2013	1948	2027	2047	1965	2018	2017	1992
304998	62	126	14	78	142	30	94	158	46	110	174	2025	2025	2149	2033	2015	1962	2027	2072	1981	2016	2013	2003
304998	62	126	14	78	142	30	94	158	46	110	174	2026	2057	2116	1983	2005	1996	2032	2099	2010	2021	2022	2025
304998	62	126	14	78	142	30	94	158	46	110	174	2020	2067	2108	1958	2003	1998	2016	2116	2023	2019	2020	2044
304998	62	126	14	78	142	30	94	158	46	110	174	2029	2047	2122	1974	2000	1985	2027	2104	2000	2021	2015	2031
304998	62	126	14	78	142	30	94	158	46	110	174	2029	2017	2154	2022	2004	1960	2028	2067	1976	2019	2015	1996
304998	62	126	14	78	142	30	94	158	46	110	174	2026	2001	2170	2060	2005	1949	2022	2039	1959	2023	2018	1984
304998	62	126	14	78	142	30	94	158	46	110	174	2029	2014	2148	2055	2015	1962	2030	2054	1977	2018	2022	2003
304998	62	126	14	78	142	30	94	158	46	110	174	2033	2036	2124	2018	2005	1981	2028	2086	1999	2022	2016	2023
304998	62	126	14	78	142	30	94	158	46	110	174	2026	2061	2109	1963	2008	1995	2020	2114	2010	2018	2018	2034
304998	62	126	14	78	142	30	94	158	46	110	174	2022	2059	2117	1958	2008	1992	2024	2110	2012	2023	2013	2027
304998	62	126	14	78	142	30	94	158	46	110	174	2026	2039	2142	1992	2013	1975	2027	2079	1991	2016	2021	2008
304998	62	126	14	78	142	30	94	158	46	110	174	2031	2016	2156	2043	2015	1958	2025	2057	1968	2021	2018	2002
304998	62	126	14	78	142	30	94	158	46	110	174	2033	1996	2154	2066	2006	1947	2030	2043	1968	2022	2015	1994
304998	62	126	14	78	142	30	94	158	46	110	174	2031	2016	2141	2043	2012	1964	2028	2067	1981	2020	2015	2003
304998	62	126	14	78	142	30	94	158	46	110	174	2027	2046	2122	1990	2013	1988	2036	2101	2001	2017	2017	2021
304998	62	126	14	78	142	30	94	158	46	110	174	2022	2063	2124	1956	2009	2001	2017	2107	2021	2018	2022	2042
304998	62	126	14	78	142	30	94	158	46	110	174	2019	2061	2121	1967	2011	1986	2018	2103	2005	2017	2022	2035
304998	62	126	14	78	142	30	94	158	46	110	174	2035	2026	2136	2019	2006	1962	2029	2076	1976	2017	2018	2007
304998	62	126	14	78	142	30	94	158	46	110	174	2023	1996	2162	2060	2007	1952	2023	2049	1958	2017	2017	1985
304998	62	126	14	78	142	30	94	158	46	110	174	2033	2002	2154	2063	2004	1959	2028	2045	1973	2019	2020	1994
304998	62	126	14	78	142	30	94	158	46	110	174	2026	2026	2142	2027	1992	1986	2018	2077	1995	2017	2019	2020
304998	62	126	14	78	142	30	94	158	46	110	174	2026	2065	2119	1970	1999	2000	2029	2112	2010	2018	2017	2038
304998	62	126	14	78	142	30	94	158	46	110	174	2025	2072	2110	1960	1996	2000	2030	2112	2011	2020	2015	2029
304998	62	126	14	78	142	30	94	158	46	110	174	2028	2040	2131	1997	1995	1986	2022	2089	1993	2018	2020	2010
304998	62	126	14	78	142	30	94	158	46	110	174	2031	2010	2153	2042	2008	1953	2026	2050	1978	2017	2018	2003
304998	62	126	14	78	142	30	94	158	46	110	174	2034	1998	2166	2064	2011	1956	2024	2050	1966	2017	2016	1997
304998	62	126	14	78	142	30	94	158	46	110	174	2029	2019	2148	2047	2005	1964	2029	2062	1973	2020	2015	2006
304998	62	126	14	78	142	30	94	158	46	110	174	2033	2049	2115	1998	2005	1990	2040	2101	2003	2021	2016	2018
304998	62	126	14	78	142	30	94	158	46	110	174	2026	2064	2102	1962	2008	1999	2026	2111	2017	2018	2021	2029
304998	62	126	14	78	142	30	94	158	46	110	174	2033	2053	2120	1963	2011	1992	2027	2106	2008	2019	2020	2038
304998	62	126	14	78	142	30	94	158	46	110	174	2025	2025	2148	2007	2008	1970	2036	2079	1986	2018	2015	2014
304998	62	126	14	78	142	30	94	158	46	110	174	2027	2002	2165	2051	2013	1946	2029	2051	1959	2020	2014	1991
304998	62	126	14	78	142	30	94	158	46	110	174	2030	2008	2154	2058	2019	1951	2024	2046	1966	2020	2015	1992
304998	62	126	14	78	142	30	94	158	46	110	174	2031	2029	2128	2027	2008	1971	2023	2065	1994	2021	2023	2015
304998	62	126	14	78	142	30	94	158	46	110	174	2031	2057	2112	1974	2011	1997	2026	2108	2010	2023	2017	2036
304998	62	126	14	78	142	30	94	158	46	110	174	2023	2058	2125	1956	1999	2002	2018	2115	2012	2016	2014	2040
304998	62	126	14	78	142	30	94	158	46	110	174	2020	2046	2138	1983	1999	1983	2024	2097	1993	2021	2015	2017
304998	62	126	14	78	142	30	94	158	46	110	174	2037	2025	2149	2029	2014	1958	2043	2061	1972	2020	2020	1999
304998	62	126	14	78	142	30	94	158	46	110	174	2033	2003	2153	2057	2011	1950	2034	2045	1967	2016	2017	1996
304998	62	126	14	78	142	30	94	158	46	110	174	2034	2011	2144	2048	2012	1959	2026	2061	1976	2016	2015	2006
304998	62	126	14	78	142	30	94	158	46	110	174	2030	2039	2128	2006	2006	1985	2039	2092	1998	2018	2014	2019
304998	62	126	14	78	142	30	94	158	46	110	174	2029	2068	2116	1964	2007	1998	2029	2111	2006	2016	2015	2032
304998	62	126	14	78	142	30	94	158	46	110	174	2024	2062	2120	1961	2009	1994	2019	2103	2015	2020	2022	2031
304998	62	126	14	78	142	30	94	158	46	110	174	2028	2032	2128	2006	2005	1981	2021	2078	1986	2020	2016	2016
304998	62	126	14	78	142	30	94	158	46	110	174	2037	2002	2156	2051	2010	1950	2028	2048	1964	2022	2012	1996
304998	62	126	14	78	142	30	94	158	46	110	174	2030	2001	2163	2062	2010	1950	2020	2049	1963	2018	2013	1985
304998	62	126	14	78	142	30	94	158	46	110	174	2029	2026	2141	2030	2011	1973	2045	2072	1987	2017	2021	2005
