304998	62	126	14	78	142	30	94	158	46	110	174	2026	2064	2110	1984	2001	1992	2018	2103	2015	2017	2020	2032
304998	62	126	14	78	142	30	94	158	46	110	174	2026	2058	2112	1959	2009	1996	2025	2115	2014	2019	2015	2039
304998	62	126	14	78	142	30	94	158	46	110	174	2031	2046	2129	1988	1999	1986	2023	2091	1995	2019	2009	2014
304998	62	126	14	78	142	30	94	158	46	110	174	2030	2013	2154	2035	2009	1956	2023	2058	1968	2018	2018	1991
304998	62	126	14	78	142	30	94	158	46	110	174	2030	2004	2162	2063	2011	1946	2035	2041	1969	2022	2021	1993
304998	62	126	14	78	142	30	94	158	46	110	174	2034	2022	2138	2048	2009	1960	2031	2065	1981	2017	2014	2008
304998	62	126	14	78	142	30	94	158	46	110	174	2027	2040	2123	2002	2009	1981	2019	2090	2002	2022	2018	2021
304998	62	126	14	78	142	30	94	158	46	110	174	2031	2056	2107	1959	2007	1997	2027	2113	2012	2021	2014	2031
304998	62	126	14	78	142	30	94	158	46	110	174	2025	2052	2127	1965	2005	1994	2033	2102	2009	2018	2020	2024
304998	62	126	14	78	142	30	94	158	46	110	174	2021	2028	2150	2009	2009	1963	2017	2077	1983	2021	2020	2015
304998	62	126	14	78	142	30	94	158	46	110	174	2032	2009	2155	2051	2014	1946	2031	2051	1963	2021	2016	2000
304998	62	126	14	78	142	30	94	158	46	110	174	2030	2004	2150	2064	2010	1955	2028	2047	1966	2018	2017	1995
304998	62	126	14	78	142	30	94	158	46	110	174	2037	2023	2129	2025	2018	1975	2027	2069	1982	2018	2015	2006
304998	62	126	14	78	142	30	94	158	46	110	174	2026	2051	2121	1979	2002	1992	2029	2101	2017	2020	2022	2033
304998	62	126	14	78	142	30	94	158	46	110	174	2025	2062	2122	1958	1998	2003	2033	2114	2020	2023	2017	2038
304998	62	126	14	78	142	30	94	158	46	110	174	2026	2051	2128	1980	2006	1981	2022	2094	1994	2020	2018	2025
304998	62	126	14	78	142	30	94	158	46	110	174	2032	2021	2146	2031	2008	1962	2026	2064	1971	2017	2015	1995
304998	62	126	14	78	142	30	94	158	46	110	174	2038	2001	2153	2060	2017	1948	2033	2038	1964	2018	2021	1985
304998	62	126	14	78	142	30	94	158	46	110	174	2030	2008	2147	2050	2008	1955	2023	2055	1977	2016	2016	2008
304998	62	126	14	78	142	30	94	158	46	110	174	2026	2040	2135	2005	2011	1979	2021	2092	1996	2019	2018	2027
304998	62	126	14	78	142	30	94	158	46	110	174	2023	2066	2117	1963	2010	1993	2028	2113	2017	2016	2014	2031
304998	62	126	14	78	142	30	94	158	46	110	174	2028	2071	2113	1963	2003	1997	2027	2111	2007	2018	2017	2024
304998	62	126	14	78	142	30	94	158	46	110	174	2027	2032	2131	1996	2010	1969	2018	2080	1994	2020	2022	2015
304998	62	126	14	78	142	30	94	158	46	110	174	2031	2005	2154	2045	2003	1954	2029	2057	1968	2017	2015	1994
304998	62	126	14	78	142	30	94	158	46	110	174	2030	1998	2166	2062	2013	1948	2027	2047	1965	2018	2017	1992
304998	62	126	14	78	142	30	94	158	46	110	174	2025	2025	2149	2033	2015	1962	2027	2072	1981	2016	2013	2003
304998	62	126	14	78	142	30	94	158	46	110	174	2026	2057	2116	1983	2005	1996	2032	2099	2010	2021	2022	2025
304998	62	126	14	78	142	30	94	158	46	110	174	2020	2067	2108	1958	2003	1998	2016	2116	2023	2019	2020	2044
304998	62	126	14	78	142	30	94	158	46	110	174	2029	2047	2122	1974	2000	1985	2027	2104	2000	2021	2015	2031
304998	62	126	14	78	142	30	94	158	46	110	174	2029	2017	2154	2022	2004	1960	2028	2067	1976	2019	2015	1996
304998	62	126	14	78	142	30	94	158	46	110	174	2026	2001	2170	2060	2005	1949	2022	2039	1959	2023	2018	1984
304998	62	126	14	78	142	30	94	158	46	110	174	2029	2014	2148	2055	2015	1962	2030	2054	1977	2018	2022	2003
304998	62	126	14	78	142	30	94	158	46	110	174	2033	2036	2124	2018	2005	1981	2028	2086	1999	2022	2016	2023
304998	62	126	14	78	142	30	94	158	46	110	174	2026	2061	2109	1963	2008	1995	2020	2114	2010	2018	2018	2034
304998	62	126	14	78	142	30	94	158	46	110	174	2022	2059	2117	1958	2008	1992	2024	2110	2012	2023	2013	2027
304998	62	126	14	78	142	30	94	158	46	110	174	2026	2039	2142	1992	2013	1975	2027	2079	1991	2016	2021	2008
304998	62	126	14	78	142	30	94	158	46	110	174	2031	2016	2156	2043	2015	1958	2025	2057	1968	2021	2018	2002
304998	62	126	14	78	142	30	94	158	46	110	174	2033	1996	2154	2066	2006	1947	2030	2043	1968	2022	2015	1994
304998	62	126	14	78	142	30	94	158	46	110	174	2031	2016	2141	2043	2012	1964	2028	2067	1981	2020	2015	2003
304998	62	126	14	78	142	30	94	158	46	110	174	2027	2046	2122	1990	2013	1988	2036	2101	2001	2017	2017	2021
304998	62	126	14	78	142	30	94	158	46	110	174	2022	2063	2124	1956	2009	2001	2017	2107	2021	2018	2022	2042
304998	62	126	14	78	142	30	94	158	46	110	174	2019	2061	2121	1967	2011	1986	2018	2103	2005	2017	2022	2035
304998	62	126	14	78	142	30	94	158	46	110	174	2035	2026	2136	2019	2006	1962	2029	2076	1976	2017	2018	2007
304998	62	126	14	78	142	30	94	158	46	110	174	2023	1996	2162	2060	2007	1952	2023	2049	1958	2017	2017	1985
304998	62	126	14	78	142	30	94	158	46	110	174	2033	2002	2154	2063	2004	1959	2028	2045	1973	2019	2020	1994
304998	62	126	14	78	142	30	94	158	46	110	174	2026	2026	2142	2027	1992	1986	2018	2077	1995	2017	2019	2020
304998	62	126	14	78	142	30	94	158	46	110	174	2026	2065	2119	1970	1999	2000	2029	2112	2010	2018	2017	2038
304998	62	126	14	78	142	30	94	158	46	110	174	2025	2072	2110	1960	1996	2000	2030	2112	2011	2020	2015	2029
304998	62	126	14	78	142	30	94	158	46	110	174	2028	2040	2131	1997	1995	1986	2022	2089	1993	2018	2020	2010
304998	62	126	14	78	142	30	94	158	46	110	174	2031	2010	2153	2042	2008	1953	2026	2050	1978	2017	2018	2003
304998	62	126	14	78	142	30	94	158	46	110	174	2034	1998	2166	2064	2011	1956	2024	2050	1966	2017	2016	1997
304998	62	126	14	78	142	30	94	158	46	110	174	2029	2019	2148	2047	2005	1964	2029	2062	1973	2020	2015	2006
304998	62	126	14	78	142	30	94	158	46	110	174	2033	2049	2115	1998	2005	1990	2040	2101	2003	2021	2016	2018
304998	62	126	14	78	142	30	94	158	46	110	174	2026	2064	2102	1962	2008	1999	2026	2111	2017	2018	2021	2029
304998	62	126	14	78	142	30	94	158	46	110	174	2033	2053	2120	1963	2011	1992	2027	2106	2008	2019	2020	2038
304998	62	126	14	78	142	30	94	158	46	110	174	2025	2025	2148	2007	2008	1970	2036	2079	1986	2018	2015	2014
304998	62	126	14	78	142	30	94	158	46	110	174	2027	2002	2165	2051	2013	1946	2029	2051	1959	2020	2014	1991
304998	62	126	14	78	142	30	94	158	46	110	174	2030	2008	2154	2058	2019	1951	2024	2046	1966	2020	2015	1992
304998	62	126	14	78	142	30	94	158	46	110	174	2031	2029	2128	2027	2008	1971	2023	2065	1994	2021	2023	2015
304998	62	126	14	78	142	30	94	158	46	110	174	2031	2057	2112	1974	2011	1997	2026	2108	2010	2023	2017	2036
304998	62	126	14	78	142	30	94	158	46	110	174	2023	2058	2125	1956	1999	2002	2018	2115	2012	2016	2014	2040
304998	62	126	14	78	142	30	94	158	46	110	174	2020	2046	2138	1983	1999	1983	2024	2097	1993	2021	2015	2017
304998	62	126	14	78	142	30	94	158	46	110	174	2037	2025	2149	2029	2014	1958	2043	2061	1972	2020	2020	1999
304998	62	126	14	78	142	30	94	158	46	110	174	2033	2003	2153	2057	2011	1950	2034	2045	1967	2016	2017	1996
304998	62	126	14	78	142	30	94	158	46	110	174	2034	2011	2144	2048	2012	1959	2026	2061	1976	2016	2015	2006
304998	62	126	14	78	142	30	94	158	46	110	174	2030	2039	2128	2006	2006	1985	2039	2092	1998	2018	2014	2019
304998	62	126	14	78	142	30	94	158	46	110	174	2029	2068	2116	1964	2007	1998	2029	2111	2006	2016	2015	2032
304998	62	126	14	78	142	30	94	158	46	110	174	2024	2062	2120	1961	2009	1994	2019	2103	2015	2020	2022	2031
304998	62	126	14	78	142	30	94	158	46	110	174	2028	2032	2128	2006	2005	1981	2021	2078	1986	2020	2016	2016
304998	62	126	14	78	142	30	94	158	46	110	174	2037	2002	2156	2051	2010	1950	2028	2048	1964	2022	2012	1996
304998	62	126	14	78	142	30	94	158	46	110	174	2030	2001	2163	2062	2010	1950	2020	2049	1963	2018	2013	1985
304998	62	126	14	78	142	30	94	158	46	110	174	2029	2026	2141	2030	2011	1973	2045	2072	1987	2017	2021	2005
304998	62	126	14	78	142	30	94	158	46	110	174	2030	2058	2117	1979	2014	1995	2032	2100	2012	2019	2020	2031
304998	62	126	14	78	142	30	94	158	46	110	174	2028	2071	2111	1954	1999	2004	2030	2119	2010	2021	2015	2036
304998	62	126	14	78	142	30	94	158	46	110	174	2031	2047	2124	1976	2004	1987	2026	2098	1996	2019	2014	2020
304998	62	126	14	78	142	30	94	158	46	110	174	2033	2017	2156	2025	2015	1957	2035	2063	1978	2016	2014	1992
304998	62	126	14	78	142	30	94	158	46	110	174	2033	2002	2165	2059	2016	1950	2039	2048	1970	2018	2018	1992
304998	62	126	14	78	142	30	94	158	46	110	174	2031	2017	2152	2050	2009	1963	2021	2060	1974	2020	2017	2009
304998	62	126	14	78	142	30	94	158	46	110	174	2038	2046	2125	2009	2007	1986	2042	2091	2000	2021	2011	2023
304998	62	126	14	78	142	30	94	158	46	110	174	2026	2056	2112	1965	2001	1998	2022	2111	2009	2018	2015	2030
304998	62	126	14	78	142	30	94	158	46	110	174	2024	2058	2123	1965	2004	1996	2022	2105	2013	2018	2020	2027
304998	62	126	14	78	142	30	94	158	46	110	174	2028	2042	2143	1997	2011	1975	2020	2085	1995	2018	2020	2017
304998	62	126	14	78	142	30	94	158	46	110	174	2029	2013	2155	2044	2013	1954	2023	2058	1968	2016	2011	2004
304998	62	126	14	78	142	30	94	158	46	110	174	2035	2008	2152	2060	2013	1950	2042	2046	1959	2017	2014	1998
304998	62	126	14	78	142	30	94	158	46	110	174	2038	2023	2132	2039	2001	1970	2026	2062	1986	2016	2014	1999
304998	62	126	14	78	142	30	94	158	46	110	174	2034	2049	2117	1985	2016	1990	2034	2107	2006	2020	2018	2029
304998	62	126	14	78	142	30	94	158	46	110	174	2026	2063	2116	1964	2003	2004	2026	2119	2013	2017	2018	2044
304998	62	126	14	78	142	30	94	158	46	110	174	2023	2054	2129	1968	2009	1985	2024	2105	1999	2018	2012	2026
304998	62	126	14	78	142	30	94	158	46	110	174	2030	2027	2152	2018	2012	1960	2027	2063	1972	2018	2013	2002
304998	62	126	14	78	142	30	94	158	46	110	174	2038	2004	2148	2063	2013	1948	2042	2052	1969	2022	2019	1985
304998	62	126	14	78	142	30	94	158	46	110	174	2039	2003	2146	2054	2015	1951	2029	2056	1972	2020	2018	1999
304998	62	126	14	78	142	30	94	158	46	110	174	2034	2038	2135	2014	2013	1981	2036	2085	1991	2021	2018	2022
304998	62	126	14	78	142	30	94	158	46	110	174	2023	2061	2126	1972	2006	1998	2029	2108	2009	2018	2014	2031
304998	62	126	14	78	142	30	94	158	46	110	174	2020	2065	2118	1957	2012	1990	2019	2105	2015	2020	2013	2022
304998	62	126	14	78	142	30	94	158	46	110	174	2036	2044	2126	1992	2011	1976	2032	2093	1994	2020	2018	2014
304998	62	126	14	78	142	30	94	158	46	110	174	2030	2007	2150	2037	2014	1955	2027	2055	1968	2019	2018	2004
304998	62	126	14	78	142	30	94	158	46	110	174	2036	2004	2161	2060	2018	1947	2031	2046	1958	2018	2014	1989
304998	62	126	14	78	142	30	94	158	46	110	174	2027	2012	2155	2043	2006	1972	2027	2057	1982	2019	2011	2003
304998	62	126	14	78	142	30	94	158	46	110	174	2029	2054	2122	1989	2008	1985	2039	2098	2010	2018	2018	2021
304998	62	126	14	78	142	30	94	158	46	110	174	2025	2073	2111	1959	2008	1999	2030	2116	2012	2016	2020	2036
304998	62	126	14	78	142	30	94	158	46	110	174	2027	2057	2117	1968	2012	1986	2022	2107	1999	2018	2015	2033
304998	62	126	14	78	142	30	94	158	46	110	174	2033	2026	2146	2012	2015	1966	2033	2077	1979	2017	2014	2011
304998	62	126	14	78	142	30	94	158	46	110	174	2036	2005	2166	2057	2005	1949	2044	2046	1968	2017	2011	1983
304998	62	126	14	78	142	30	94	158	46	110	174	2036	2010	2161	2058	2011	1954	2033	2052	1975	2018	2019	2000
304998	62	126	14	78	142	30	94	158	46	110	174	2034	2033	2128	2018	2015	1982	2027	2081	1991	2021	2015	2021
304998	62	126	14	78	142	30	94	158	46	110	174	2031	2052	2112	1979	2001	2001	2028	2106	2008	2021	2014	2032
304998	62	126	14	78	142	30	94	158	46	110	174	2031	2061	2110	1958	2002	1997	2030	2113	2017	2021	2012	2030
304998	62	126	14	78	142	30	94	158	46	110	174	2034	2043	2135	1985	2007	1981	2031	2098	1997	2017	2017	2017
304998	62	126	14	78	142	30	94	158	46	110	174	2033	2018	2154	2034	2015	1954	2029	2062	1965	2020	2022	2001
304998	62	126	14	78	142	30	94	158	46	110	174	2036	2003	2154	2058	2018	1952	2034	2049	1959	2017	2015	1999
304998	62	126	14	78	142	30	94	158	46	110	174	2038	2017	2140	2039	2013	1963	2033	2061	1977	2018	2013	2004
304998	62	126	14	78	142	30	94	158	46	110	174	2031	2042	2122	2002	2004	1993	2028	2094	2005	2017	2014	2016
304998	62	126	14	78	142	30	94	158	46	110	174	2026	2063	2112	1961	2015	1990	2028	2119	2012	2022	2017	2037
304998	62	126	14	78	142	30	94	158	46	110	174	2025	2057	2126	1966	2008	1990	2028	2113	2000	2017	2017	2039
304998	62	126	14	78	142	30	94	158	46	110	174	2029	2039	2143	2008	2015	1969	2030	2081	1982	2017	2013	2013
304998	62	126	14	78	142	30	94	158	46	110	174	2038	2006	2151	2050	2008	1947	2042	2050	1972	2020	2009	1993
304998	62	126	14	78	142	30	94	158	46	110	174	2035	2001	2155	2062	2007	1953	2027	2049	1973	2021	2018	1990
304998	62	126	14	78	142	30	94	158	46	110	174	2033	2022	2138	2026	2015	1970	2031	2077	1982	2017	2020	2018
304998	62	126	14	78	142	30	94	158	46	110	174	2027	2053	2125	1982	2004	1995	2030	2104	2003	2016	2011	2036
304998	62	126	14	78	142	30	94	158	46	110	174	2026	2073	2112	1954	2008	1996	2030	2113	2015	2017	2014	2038
304998	62	126	14	78	142	30	94	158	46	110	174	2033	2052	2121	1976	2013	1980	2037	2098	2003	2019	2015	2012
304998	62	126	14	78	142	30	94	158	46	110	174	2034	2017	2144	2031	2006	1955	2023	2063	1974	2017	2019	2001
304998	62	126	14	78	142	30	94	158	46	110	174	2037	1999	2158	2060	2015	1949	2028	2046	1959	2020	2015	2004
304998	62	126	14	78	142	30	94	158	46	110	174	2032	2011	2152	2054	2009	1965	2022	2054	1974	2020	2015	2000
304998	62	126	14	78	142	30	94	158	46	110	174	2023	2043	2132	2005	2004	1984	2023	2084	2003	2018	2011	2015
304998	62	126	14	78	142	30	94	158	46	110	174	2025	2072	2110	1965	2010	1999	2023	2115	2014	2017	2016	2031
304998	62	126	14	78	142	30	94	158	46	110	174	2029	2061	2109	1965	2003	1995	2032	2113	2008	2017	2019	2034
304998	62	126	14	78	142	30	94	158	46	110	174	2026	2029	2147	2001	2008	1969	2024	2078	1985	2021	2011	2018
304998	62	126	14	78	142	30	94	158	46	110	174	2027	2005	2163	2044	2004	1953	2020	2051	1974	2021	2014	1993
304998	62	126	14	78	142	30	94	158	46	110	174	2026	2004	2167	2056	2011	1946	2035	2049	1969	2022	2015	1993
304998	62	126	14	78	142	30	94	158	46	110	174	2027	2026	2143	2028	2015	1963	2034	2068	1981	2018	2018	2011
304998	62	126	14	78	142	30	94	158	46	110	174	2028	2052	2119	1984	2008	1993	2028	2100	2004	2017	2018	2032
304998	62	126	14	78	142	30	94	158	46	110	174	2025	2065	2114	1959	2011	2002	2022	2114	2015	2022	2016	2040
304998	62	126	14	78	142	30	94	158	46	110	174	2025	2051	2130	1972	2006	1988	2024	2103	2006	2021	2015	2018
304998	62	126	14	78	142	30	94	158	46	110	174	2025	2026	2155	2022	2010	1960	2031	2071	1972	2021	2022	2000
304998	62	126	14	78	142	30	94	158	46	110	174	2030	2005	2157	2059	2010	1945	2030	2050	1960	2021	2023	1994
304998	62	126	14	78	142	30	94	158	46	110	174	2033	2012	2141	2053	2017	1960	2027	2051	1969	2022	2015	2008
304998	62	126	14	78	142	30	94	158	46	110	174	2035	2038	2126	2011	2009	1989	2025	2085	1998	2016	2011	2014
304998	62	126	14	78	142	30	94	158	46	110	174	2031	2061	2113	1963	2009	1993	2043	2116	2009	2022	2018	2036
304998	62	126	14	78	142	30	94	158	46	110	174	2024	2068	2122	1967	1991	2007	2028	2114	2006	2017	2019	2033
304998	62	126	14	78	142	30	94	158	46	110	174	2025	2041	2139	1990	2014	1974	2026	2086	1982	2020	2014	2017
304998	62	126	14	78	142	30	94	158	46	110	174	2035	2014	2151	2043	2008	1958	2043	2063	1972	2022	2010	2001
304998	62	126	14	78	142	30	94	158	46	110	174	2029	1996	2166	2059	2008	1951	2022	2051	1968	2021	2010	1984
304998	62	126	14	78	142	30	94	158	46	110	174	2037	2022	2147	2035	2013	1968	2033	2068	1977	2016	2022	2000
304998	62	126	14	78	142	30	94	158	46	110	174	2020	2047	2129	1996	2004	1993	2022	2101	2001	2019	2018	2032
304998	62	126	14	78	142	30	94	158	46	110	174	2028	2075	2112	1954	2012	1997	2031	2115	2020	2019	2013	2045
304998	62	126	14	78	142	30	94	158	46	110	174	2028	2060	2126	1967	2003	1996	2028	2105	2008	2018	2012	2022
304998	62	126	14	78	142	30	94	158	46	110	174	2035	2025	2135	2014	2013	1962	2034	2076	1979	2016	2015	2000
304998	62	126	14	78	142	30	94	158	46	110	174	2039	2003	2159	2054	2015	1947	2034	2048	1958	2017	2020	1999
304998	62	126	14	78	142	30	94	158	46	110	174	2034	2005	2158	2057	2010	1954	2022	2046	1973	2020	2015	2006
304998	62	126	14	78	142	30	94	158	46	110	174	2027	2042	2131	2013	2015	1977	2026	2079	2000	2020	2013	2016
304998	62	126	14	78	142	30	94	158	46	110	174	2036	2064	2105	1973	2009	2002	2032	2117	2009	2021	2012	2027
304998	62	126	14	78	142	30	94	158	46	110	174	2034	2065	2107	1959	2001	2000	2041	2121	2005	2020	2020	2036
304998	62	126	14	78	142	30	94	158	46	110	174	2027	2037	2135	1988	2014	1971	2026	2088	1990	2021	2019	2021
304998	62	126	14	78	142	30	94	158	46	110	174	2030	2012	2171	2035	2016	1956	2024	2059	1977	2020	2014	2002
304998	62	126	14	78	142	30	94	158	46	110	174	2025	2008	2163	2056	2016	1948	2023	2049	1967	2021	2013	1994
304998	62	126	14	78	142	30	94	158	46	110	174	2038	2025	2135	2035	2008	1965	2031	2064	1975	2021	2017	1999
304998	62	126	14	78	142	30	94	158	46	110	174	2018	2039	2132	1996	2004	1989	2019	2097	2002	2018	2019	2027
304998	62	126	14	78	142	30	94	158	46	110	174	2030	2068	2114	1954	2011	1998	2022	2114	2015	2020	2012	2044
304998	62	126	14	78	142	30	94	158	46	110	174	2025	2055	2142	1967	2003	1995	2019	2104	2009	2021	2014	2028
