304998	62	126	14	78	142	30	94	158	46	110	174	2030	2027	2152	2018	2012	1960	2027	2063	1972	2018	2013	2002
304998	62	126	14	78	142	30	94	158	46	110	174	2038	2004	2148	2063	2013	1948	2042	2052	1969	2022	2019	1985
304998	62	126	14	78	142	30	94	158	46	110	174	2039	2003	2146	2054	2015	1951	2029	2056	1972	2020	2018	1999
304998	62	126	14	78	142	30	94	158	46	110	174	2034	2038	2135	2014	2013	1981	2036	2085	1991	2021	2018	2022
304998	62	126	14	78	142	30	94	158	46	110	174	2023	2061	2126	1972	2006	1998	2029	2108	2009	2018	2014	2031
304998	62	126	14	78	142	30	94	158	46	110	174	2020	2065	2118	1957	2012	1990	2019	2105	2015	2020	2013	2022
304998	62	126	14	78	142	30	94	158	46	110	174	2036	2044	2126	1992	2011	1976	2032	2093	1994	2020	2018	2014
304998	62	126	14	78	142	30	94	158	46	110	174	2030	2007	2150	2037	2014	1955	2027	2055	1968	2019	2018	2004
304998	62	126	14	78	142	30	94	158	46	110	174	2036	2004	2161	2060	2018	1947	2031	2046	1958	2018	2014	1989
304998	62	126	14	78	142	30	94	158	46	110	174	2027	2012	2155	2043	2006	1972	2027	2057	1982	2019	2011	2003
304998	62	126	14	78	142	30	94	158	46	110	174	2029	2054	2122	1989	2008	1985	2039	2098	2010	2018	2018	2021
304998	62	126	14	78	142	30	94	158	46	110	174	2025	2073	2111	1959	2008	1999	2030	2116	2012	2016	2020	2036
304998	62	126	14	78	142	30	94	158	46	110	174	2027	2057	2117	1968	2012	1986	2022	2107	1999	2018	2015	2033
304998	62	126	14	78	142	30	94	158	46	110	174	2033	2026	2146	2012	2015	1966	2033	2077	1979	2017	2014	2011
304998	62	126	14	78	142	30	94	158	46	110	174	2036	2005	2166	2057	2005	1949	2044	2046	1968	2017	2011	1983
304998	62	126	14	78	142	30	94	158	46	110	174	2036	2010	2161	2058	2011	1954	2033	2052	1975	2018	2019	2000
304998	62	126	14	78	142	30	94	158	46	110	174	2034	2033	2128	2018	2015	1982	2027	2081	1991	2021	2015	2021
304998	62	126	14	78	142	30	94	158	46	110	174	2031	2052	2112	1979	2001	2001	2028	2106	2008	2021	2014	2032
304998	62	126	14	78	142	30	94	158	46	110	174	2031	2061	2110	1958	2002	1997	2030	2113	2017	2021	2012	2030
304998	62	126	14	78	142	30	94	158	46	110	174	2034	2043	2135	1985	2007	1981	2031	2098	1997	2017	2017	2017
304998	62	126	14	78	142	30	94	158	46	110	174	2033	2018	2154	2034	2015	1954	2029	2062	1965	2020	2022	2001
304998	62	126	14	78	142	30	94	158	46	110	174	2036	2003	2154	2058	2018	1952	2034	2049	1959	2017	2015	1999
304998	62	126	14	78	142	30	94	158	46	110	174	2038	2017	2140	2039	2013	1963	2033	2061	1977	2018	2013	2004
304998	62	126	14	78	142	30	94	158	46	110	174	2031	2042	2122	2002	2004	1993	2028	2094	2005	2017	2014	2016
304998	62	126	14	78	142	30	94	158	46	110	174	2026	2063	2112	1961	2015	1990	2028	2119	2012	2022	2017	2037
304998	62	126	14	78	142	30	94	158	46	110	174	2025	2057	2126	1966	2008	1990	2028	2113	2000	2017	2017	2039
304998	62	126	14	78	142	30	94	158	46	110	174	2029	2039	2143	2008	2015	1969	2030	2081	1982	2017	2013	2013
304998	62	126	14	78	142	30	94	158	46	110	174	2038	2006	2151	2050	2008	1947	2042	2050	1972	2020	2009	1993
304998	62	126	14	78	142	30	94	158	46	110	174	2035	2001	2155	2062	2007	1953	2027	2049	1973	2021	2018	1990
304998	62	126	14	78	142	30	94	158	46	110	174	2033	2022	2138	2026	2015	1970	2031	2077	1982	2017	2020	2018
304998	62	126	14	78	142	30	94	158	46	110	174	2027	2053	2125	1982	2004	1995	2030	2104	2003	2016	2011	2036
304998	62	126	14	78	142	30	94	158	46	110	174	2026	2073	2112	1954	2008	1996	2030	2113	2015	2017	2014	2038
304998	62	126	14	78	142	30	94	158	46	110	174	2033	2052	2121	1976	2013	1980	2037	2098	2003	2019	2015	2012
304998	62	126	14	78	142	30	94	158	46	110	174	2034	2017	2144	2031	2006	1955	2023	2063	1974	2017	2019	2001
304998	62	126	14	78	142	30	94	158	46	110	174	2037	1999	2158	2060	2015	1949	2028	2046	1959	2020	2015	2004
304998	62	126	14	78	142	30	94	158	46	110	174	2032	2011	2152	2054	2009	1965	2022	2054	1974	2020	2015	2000
304998	62	126	14	78	142	30	94	158	46	110	174	2023	2043	2132	2005	2004	1984	2023	2084	2003	2018	2011	2015
304998	62	126	14	78	142	30	94	158	46	110	174	2025	2072	2110	1965	2010	1999	2023	2115	2014	2017	2016	2031
304998	62	126	14	78	142	30	94	158	46	110	174	2029	2061	2109	1965	2003	1995	2032	2113	2008	2017	2019	2034
304998	62	126	14	78	142	30	94	158	46	110	174	2026	2029	2147	2001	2008	1969	2024	2078	1985	2021	2011	2018
304998	62	126	14	78	142	30	94	158	46	110	174	2027	2005	2163	2044	2004	1953	2020	2051	1974	2021	2014	1993
304998	62	126	14	78	142	30	94	158	46	110	174	2026	2004	2167	2056	2011	1946	2035	2049	1969	2022	2015	1993
304998	62	126	14	78	142	30	94	158	46	110	174	2027	2026	2143	2028	2015	1963	2034	2068	1981	2018	2018	2011
304998	62	126	14	78	142	30	94	158	46	110	174	2028	2052	2119	1984	2008	1993	2028	2100	2004	2017	2018	2032
304998	62	126	14	78	142	30	94	158	46	110	174	2025	2065	2114	1959	2011	2002	2022	2114	2015	2022	2016	2040
304998	62	126	14	78	142	30	94	158	46	110	174	2025	2051	2130	1972	2006	1988	2024	2103	2006	2021	2015	2018
304998	62	126	14	78	142	30	94	158	46	110	174	2025	2026	2155	2022	2010	1960	2031	2071	1972	2021	2022	2000
304998	62	126	14	78	142	30	94	158	46	110	174	2030	2005	2157	2059	2010	1945	2030	2050	1960	2021	2023	1994
304998	62	126	14	78	142	30	94	158	46	110	174	2033	2012	2141	2053	2017	1960	2027	2051	1969	2022	2015	2008
304998	62	126	14	78	142	30	94	158	46	110	174	2035	2038	2126	2011	2009	1989	2025	2085	1998	2016	2011	2014
304998	62	126	14	78	142	30	94	158	46	110	174	2031	2061	2113	1963	2009	1993	2043	2116	2009	2022	2018	2036
304998	62	126	14	78	142	30	94	158	46	110	174	2024	2068	2122	1967	1991	2007	2028	2114	2006	2017	2019	2033
304998	62	126	14	78	142	30	94	158	46	110	174	2025	2041	2139	1990	2014	1974	2026	2086	1982	2020	2014	2017
304998	62	126	14	78	142	30	94	158	46	110	174	2035	2014	2151	2043	2008	1958	2043	2063	1972	2022	2010	2001
304998	62	126	14	78	142	30	94	158	46	110	174	2029	1996	2166	2059	2008	1951	2022	2051	1968	2021	2010	1984
304998	62	126	14	78	142	30	94	158	46	110	174	2037	2022	2147	2035	2013	1968	2033	2068	1977	2016	2022	2000
304998	62	126	14	78	142	30	94	158	46	110	174	2020	2047	2129	1996	2004	1993	2022	2101	2001	2019	2018	2032
304998	62	126	14	78	142	30	94	158	46	110	174	2028	2075	2112	1954	2012	1997	2031	2115	2020	2019	2013	2045
304998	62	126	14	78	142	30	94	158	46	110	174	2028	2060	2126	1967	2003	1996	2028	2105	2008	2018	2012	2022
304998	62	126	14	78	142	30	94	158	46	110	174	2035	2025	2135	2014	2013	1962	2034	2076	1979	2016	2015	2000
304998	62	126	14	78	142	30	94	158	46	110	174	2039	2003	2159	2054	2015	1947	2034	2048	1958	2017	2020	1999
304998	62	126	14	78	142	30	94	158	46	110	174	2034	2005	2158	2057	2010	1954	2022	2046	1973	2020	2015	2006
304998	62	126	14	78	142	30	94	158	46	110	174	2027	2042	2131	2013	2015	1977	2026	2079	2000	2020	2013	2016
304998	62	126	14	78	142	30	94	158	46	110	174	2036	2064	2105	1973	2009	2002	2032	2117	2009	2021	2012	2027
304998	62	126	14	78	142	30	94	158	46	110	174	2034	2065	2107	1959	2001	2000	2041	2121	2005	2020	2020	2036
304998	62	126	14	78	142	30	94	158	46	110	174	2027	2037	2135	1988	2014	1971	2026	2088	1990	2021	2019	2021
304998	62	126	14	78	142	30	94	158	46	110	174	2030	2012	2171	2035	2016	1956	2024	2059	1977	2020	2014	2002
304998	62	126	14	78	142	30	94	158	46	110	174	2025	2008	2163	2056	2016	1948	2023	2049	1967	2021	2013	1994
304998	62	126	14	78	142	30	94	158	46	110	174	2038	2025	2135	2035	2008	1965	2031	2064	1975	2021	2017	1999
304998	62	126	14	78	142	30	94	158	46	110	174	2018	2039	2132	1996	2004	1989	2019	2097	2002	2018	2019	2027
304998	62	126	14	78	142	30	94	158	46	110	174	2030	2068	2114	1954	2011	1998	2022	2114	2015	2020	2012	2044
304998	62	126	14	78	142	30	94	158	46	110	174	2025	2055	2142	1967	2003	1995	2019	2104	2009	2021	2014	2028
304998	62	126	14	78	142	30	94	158	46	110	174	2033	2035	2139	2004	2015	1964	2023	2076	1983	2020	2016	1998
304998	62	126	14	78	142	30	94	158	46	110	174	2033	2008	2157	2054	2004	1951	2024	2050	1964	2017	2018	1994
304998	62	126	14	78	142	30	94	158	46	110	174	2027	2000	2156	2060	2007	1952	2023	2047	1969	2019	2016	2001
304998	62	126	14	78	142	30	94	158	46	110	174	2032	2033	2138	2019	2014	1975	2032	2083	1998	2022	2013	2018
304998	62	126	14	78	142	30	94	158	46	110	174	2026	2058	2120	1977	2000	2002	2021	2112	2006	2020	2013	2026
304998	62	126	14	78	142	30	94	158	46	110	174	2025	2069	2112	1956	2013	2000	2022	2114	2009	2017	2018	2028
304998	62	126	14	78	142	30	94	158	46	110	174	2026	2045	2126	1987	1993	1979	2025	2093	1995	2022	2017	2024
304998	62	126	14	78	142	30	94	158	46	110	174	2033	2020	2147	2027	2008	1954	2028	2061	1981	2021	2015	2005
304998	62	126	14	78	142	30	94	158	46	110	174	2026	2001	2156	2060	2015	1947	2022	2050	1968	2019	2013	1991
304998	62	126	14	78	142	30	94	158	46	110	174	2032	2017	2152	2048	2006	1964	2024	2061	1971	2020	2020	1998
304998	62	126	14	78	142	30	94	158	46	110	174	2024	2051	2133	1996	2015	1987	2026	2095	1997	2022	2019	2033
304998	62	126	14	78	142	30	94	158	46	110	174	2028	2069	2102	1965	2005	2003	2031	2114	2012	2016	2017	2046
304998	62	126	14	78	142	30	94	158	46	110	174	2024	2059	2115	1963	2006	1990	2020	2111	2013	2021	2013	2028
304998	62	126	14	78	142	30	94	158	46	110	174	2028	2033	2140	1999	2015	1966	2025	2084	1987	2022	2014	2006
304998	62	126	14	78	142	30	94	158	46	110	174	2026	2010	2167	2049	2009	1954	2030	2055	1964	2020	2022	1995
304998	62	126	14	78	142	30	94	158	46	110	174	2028	2007	2154	2055	2013	1944	2027	2049	1964	2020	2018	2002
304998	62	126	14	78	142	30	94	158	46	110	174	2034	2031	2131	2025	2011	1967	2030	2076	1993	2020	2013	2012
304998	62	126	14	78	142	30	94	158	46	110	174	2020	2049	2116	1979	2011	1995	2022	2104	2015	2021	2013	2024
304998	62	126	14	78	142	30	94	158	46	110	174	2024	2062	2119	1954	2010	2002	2020	2116	2016	2019	2019	2032
304998	62	126	14	78	142	30	94	158	46	110	174	2022	2047	2135	1976	2004	1990	2024	2096	1994	2020	2017	2023
304998	62	126	14	78	142	30	94	158	46	110	174	2031	2027	2151	2022	2008	1960	2028	2062	1976	2016	2015	2003
304998	62	126	14	78	142	30	94	158	46	110	174	2028	2006	2154	2060	2009	1946	2021	2049	1971	2016	2013	1993
304998	62	126	14	78	142	30	94	158	46	110	174	2035	2008	2143	2047	2015	1959	2025	2066	1978	2022	2016	2000
304998	62	126	14	78	142	30	94	158	46	110	174	2031	2035	2130	2004	2010	1991	2029	2087	1996	2017	2020	2021
304998	62	126	14	78	142	30	94	158	46	110	174	2024	2070	2115	1964	2005	2005	2032	2112	2005	2020	2016	2042
304998	62	126	14	78	142	30	94	158	46	110	174	2026	2065	2122	1959	2006	1993	2021	2106	2016	2021	2015	2037
304998	62	126	14	78	142	30	94	158	46	110	174	2034	2043	2126	1998	2015	1976	2032	2091	1993	2021	2014	2007
304998	62	126	14	78	142	30	94	158	46	110	174	2033	2006	2155	2045	2015	1952	2026	2060	1968	2018	2020	1989
304998	62	126	14	78	142	30	94	158	46	110	174	2035	2004	2156	2058	2018	1949	2030	2052	1962	2017	2018	1999
304998	62	126	14	78	142	30	94	158	46	110	174	2033	2025	2146	2035	2005	1973	2031	2069	1988	2021	2015	2016
304998	62	126	14	78	142	30	94	158	46	110	174	2025	2057	2116	1983	2015	1985	2023	2100	2010	2016	2014	2026
304998	62	126	14	78	142	30	94	158	46	110	174	2030	2068	2106	1955	2004	2007	2025	2120	2014	2019	2017	2029
304998	62	126	14	78	142	30	94	158	46	110	174	2022	2046	2132	1970	2014	1985	2020	2102	2002	2017	2019	2029
304998	62	126	14	78	142	30	94	158	46	110	174	2031	2023	2150	2019	2012	1963	2037	2073	1976	2017	2015	2012
304998	62	126	14	78	142	30	94	158	46	110	174	2023	2001	2173	2061	2001	1949	2023	2045	1968	2020	2014	1989
304998	62	126	14	78	142	30	94	158	46	110	174	2027	2020	2149	2053	2013	1951	2028	2054	1976	2019	2015	1995
304998	62	126	14	78	142	30	94	158	46	110	174	2035	2040	2125	2009	2006	1984	2033	2086	1992	2021	2017	2019
304998	62	126	14	78	142	30	94	158	46	110	174	2028	2063	2112	1968	2012	2006	2023	2111	2009	2019	2017	2039
304998	62	126	14	78	142	30	94	158	46	110	174	2027	2064	2113	1958	2006	1994	2040	2113	2014	2018	2014	2038
304998	62	126	14	78	142	30	94	158	46	110	174	2019	2041	2145	1998	2003	1975	2023	2088	1994	2021	2013	2015
304998	62	126	14	78	142	30	94	158	46	110	174	2037	2021	2152	2036	2013	1948	2026	2065	1970	2022	2018	1996
304998	62	126	14	78	142	30	94	158	46	110	174	2033	2007	2158	2058	2001	1955	2024	2049	1962	2017	2020	1995
304998	62	126	14	78	142	30	94	158	46	110	174	2036	2016	2139	2033	2013	1965	2043	2069	1975	2018	2015	2014
304998	62	126	14	78	142	30	94	158	46	110	174	2030	2046	2126	1996	2004	1991	2024	2096	2005	2021	2015	2029
304998	62	126	14	78	142	30	94	158	46	110	174	2023	2072	2114	1963	2005	1993	2028	2119	2016	2020	2013	2031
304998	62	126	14	78	142	30	94	158	46	110	174	2027	2061	2120	1971	2004	1996	2040	2101	2002	2020	2021	2029
304998	62	126	14	78	142	30	94	158	46	110	174	2036	2027	2136	2016	2004	1969	2024	2075	1971	2017	2014	2016
304998	62	126	14	78	142	30	94	158	46	110	174	2033	2008	2154	2050	2018	1948	2035	2051	1969	2020	2013	1998
304998	62	126	14	78	142	30	94	158	46	110	174	2032	2006	2154	2058	2002	1952	2023	2051	1978	2017	2013	1994
304998	62	126	14	78	142	30	94	158	46	110	174	2031	2037	2138	2019	2012	1973	2030	2087	1984	2020	2017	2015
304998	62	126	14	78	142	30	94	158	46	110	174	2031	2064	2110	1968	2012	1996	2024	2109	2005	2022	2019	2034
304998	62	126	14	78	142	30	94	158	46	110	174	2031	2069	2106	1957	2009	2003	2040	2114	2012	2021	2011	2040
304998	62	126	14	78	142	30	94	158	46	110	174	2029	2044	2130	1985	2008	1986	2021	2089	2000	2017	2010	2020
304998	62	126	14	78	142	30	94	158	46	110	174	2038	2015	2155	2031	2015	1948	2024	2072	1971	2018	2014	1995
304998	62	126	14	78	142	30	94	158	46	110	174	2033	2008	2164	2057	2015	1951	2033	2050	1963	2017	2024	1990
304998	62	126	14	78	142	30	94	158	46	110	174	2035	2026	2139	2044	2023	1963	2041	2069	1973	2019	2018	2014
304998	62	126	14	78	142	30	94	158	46	110	174	2035	2051	2117	1998	2004	1988	2031	2091	2003	2021	2014	2029
304998	62	126	14	78	142	30	94	158	46	110	174	2031	2064	2106	1963	2008	2001	2024	2114	2019	2017	2008	2028
304998	62	126	14	78	142	30	94	158	46	110	174	2027	2055	2126	1965	2018	1993	2034	2110	2006	2019	2016	2025
304998	62	126	14	78	142	30	94	158	46	110	174	2025	2035	2148	2006	2006	1973	2026	2078	1979	2017	2019	2014
304998	62	126	14	78	142	30	94	158	46	110	174	2032	2014	2153	2044	2016	1947	2037	2051	1966	2019	2014	1998
304998	62	126	14	78	142	30	94	158	46	110	174	2039	2005	2149	2056	2005	1954	2033	2052	1969	2016	2008	1995
304998	62	126	14	78	142	30	94	158	46	110	174	2030	2026	2131	2023	2007	1974	2025	2080	1990	2016	2012	2009
304998	62	126	14	78	142	30	94	158	46	110	174	2034	2055	2120	1976	2010	2000	2036	2108	2009	2021	2022	2032
304998	62	126	14	78	142	30	94	158	46	110	174	2029	2066	2118	1955	2006	2005	2031	2116	2009	2021	2014	2040
304998	62	126	14	78	142	30	94	158	46	110	174	2032	2056	2127	1976	2013	1983	2034	2095	1999	2017	2014	2021
304998	62	126	14	78	142	30	94	158	46	110	174	2032	2022	2144	2030	2004	1958	2022	2067	1976	2020	2011	1993
304998	62	126	14	78	142	30	94	158	46	110	174	2041	2002	2155	2060	2015	1941	2039	2049	1969	2018	2014	1993
304998	62	126	14	78	142	30	94	158	46	110	174	2035	2017	2149	2045	2007	1969	2028	2064	1970	2022	2018	2005
304998	62	126	14	78	142	30	94	158	46	110	174	2031	2043	2134	2003	2012	1985	2026	2087	1998	2016	2015	2023
304998	62	126	14	78	142	30	94	158	46	110	174	2024	2069	2112	1965	2010	1999	2024	2111	2022	2022	2011	2038
304998	62	126	14	78	142	30	94	158	46	110	174	2035	2065	2109	1963	2010	1990	2030	2113	2009	2020	2014	2022
304998	62	126	14	78	142	30	94	158	46	110	174	2035	2035	2132	1996	2018	1969	2034	2084	1979	2016	2017	2010
304998	62	126	14	78	142	30	94	158	46	110	174	2036	2009	2157	2044	2018	1951	2036	2062	1967	2018	2012	2005
304998	62	126	14	78	142	30	94	158	46	110	174	2036	2006	2161	2056	2010	1950	2043	2048	1974	2020	2010	1998
304998	62	126	14	78	142	30	94	158	46	110	174	2033	2031	2139	2030	2011	1973	2032	2074	1986	2018	2008	2004
304998	62	126	14	78	142	30	94	158	46	110	174	2033	2055	2113	1985	2014	1990	2036	2107	2006	2020	2017	2028
304998	62	126	14	78	142	30	94	158	46	110	174	2032	2064	2105	1956	2013	2005	2028	2114	2010	2022	2017	2038
304998	62	126	14	78	142	30	94	158	46	110	174	2038	2048	2125	1971	2017	1988	2037	2094	2001	2021	2014	2028
304998	62	126	14	78	142	30	94	158	46	110	174	2035	2023	2155	2020	2006	1965	2026	2073	1981	2019	2008	2002
304998	62	126	14	78	142	30	94	158	46	110	174	2035	2012	2161	2056	2010	1943	2027	2052	1966	2020	2011	1987
304998	62	126	14	78	142	30	94	158	46	110	174	2038	2017	2150	2048	2015	1958	2039	2057	1971	2022	2020	1999
304998	62	126	14	78	142	30	94	158	46	110	174	2037	2042	2121	2008	2010	1983	2026	2083	1996	2017	2015	2029
304998	62	126	14	78	142	30	94	158	46	110	174	2031	2059	2110	1964	2010	2003	2020	2108	2018	2017	2008	2037
304998	62	126	14	78	142	30	94	158	46	110	174	2028	2062	2121	1963	2005	1999	2033	2118	2011	2020	2010	2024
304998	62	126	14	78	142	30	94	158	46	110	174	2033	2040	2142	1999	2016	1969	2042	2092	1986	2017	2014	2010
304998	62	126	14	78	142	30	94	158	46	110	174	2036	2020	2155	2037	2015	1955	2029	2058	1964	2022	2016	1995
304998	62	126	14	78	142	30	94	158	46	110	174	2042	2006	2149	2060	2015	1950	2038	2046	1969	2018	2011	1999
