304998	62	126	14	78	142	30	94	158	46	110	174	2039	2014	2153	2054	2011	1950	2026	2055	1970	2017	2007	1982
304998	62	126	14	78	142	30	94	158	46	110	174	2035	2022	2138	2025	2018	1965	2027	2071	1983	2020	2015	2011
304998	62	126	14	78	142	30	94	158	46	110	174	2035	2048	2121	1989	2011	2000	2040	2102	1999	2021	2017	2032
304998	62	126	14	78	142	30	94	158	46	110	174	2027	2065	2119	1962	2013	2001	2030	2106	2020	2019	2006	2040
304998	62	126	14	78	142	30	94	158	46	110	174	2034	2061	2121	1972	2015	1988	2044	2103	2008	2017	2011	2021
304998	62	126	14	78	142	30	94	158	46	110	174	2038	2036	2134	2012	2004	1966	2028	2077	1977	2020	2013	2000
304998	62	126	14	78	142	30	94	158	46	110	174	2034	2006	2154	2047	2020	1945	2028	2058	1964	2018	2016	1993
304998	62	126	14	78	142	30	94	158	46	110	174	2039	2013	2152	2044	2015	1952	2039	2064	1964	2018	2011	2003
304998	62	126	14	78	142	30	94	158	46	110	174	2034	2036	2142	2011	2015	1974	2028	2082	2001	2019	2006	2018
304998	62	126	14	78	142	30	94	158	46	110	174	2037	2066	2112	1969	2015	1999	2041	2115	2013	2022	2008	2028
304998	62	126	14	78	142	30	94	158	46	110	174	2028	2063	2113	1965	2011	2006	2030	2107	2012	2022	2017	2033
304998	62	126	14	78	142	30	94	158	46	110	174	2031	2037	2126	1988	2014	1978	2029	2088	1985	2020	2017	2018
304998	62	126	14	78	142	30	94	158	46	110	174	2038	2015	2162	2031	2004	1954	2035	2062	1971	2018	2010	2000
304998	62	126	14	78	142	30	94	158	46	110	174	2032	2009	2167	2054	2010	1945	2025	2052	1971	2020	2006	1991
304998	62	126	14	78	142	30	94	158	46	110	174	2037	2027	2147	2032	2020	1958	2039	2072	1980	2020	2016	1998
304998	62	126	14	78	142	30	94	158	46	110	174	2034	2054	2121	1993	2013	1997	2026	2098	2005	2021	2017	2028
304998	62	126	14	78	142	30	94	158	46	110	174	2033	2066	2101	1965	2018	2008	2033	2115	2014	2017	2013	2046
304998	62	126	14	78	142	30	94	158	46	110	174	2033	2051	2126	1970	2010	1998	2026	2097	2006	2018	2008	2026
304998	62	126	14	78	142	30	94	158	46	110	174	2033	2033	2147	2013	2009	1969	2027	2080	1985	2021	2011	2005
304998	62	126	14	78	142	30	94	158	46	110	174	2035	2014	2165	2043	2017	1938	2028	2056	1961	2020	2016	1989
304998	62	126	14	78	142	30	94	158	46	110	174	2034	2014	2150	2048	2015	1952	2028	2057	1967	2017	2014	1996
304998	62	126	14	78	142	30	94	158	46	110	174	2038	2033	2125	2016	2011	1980	2044	2081	1991	2021	2009	2019
304998	62	126	14	78	142	30	94	158	46	110	174	2033	2056	2115	1978	2014	1998	2031	2107	2018	2020	2011	2033
304998	62	126	14	78	142	30	94	158	46	110	174	2033	2063	2114	1962	2016	2001	2038	2116	2017	2020	2013	2029
304998	62	126	14	78	142	30	94	158	46	110	174	2028	2042	2137	1985	2016	1980	2030	2093	1993	2017	2016	2019
304998	62	126	14	78	142	30	94	158	46	110	174	2036	2023	2151	2025	2017	1954	2033	2067	1966	2021	2010	2004
304998	62	126	14	78	142	30	94	158	46	110	174	2034	2010	2156	2054	2005	1945	2036	2052	1968	2021	2008	1996
304998	62	126	14	78	142	30	94	158	46	110	174	2037	2015	2146	2040	2015	1956	2028	2070	1982	2020	2011	1997
304998	62	126	14	78	142	30	94	158	46	110	174	2038	2045	2127	1996	2014	1986	2036	2104	1998	2020	2011	2019
304998	62	126	14	78	142	30	94	158	46	110	174	2025	2063	2117	1962	2011	2010	2028	2109	2012	2023	2015	2040
304998	62	126	14	78	142	30	94	158	46	110	174	2027	2063	2120	1970	2015	2000	2029	2105	2005	2018	2011	2031
304998	62	126	14	78	142	30	94	158	46	110	174	2027	2033	2147	2006	2004	1974	2026	2077	1992	2020	2010	2011
304998	62	126	14	78	142	30	94	158	46	110	174	2033	2011	2155	2042	2014	1942	2029	2061	1967	2016	2012	1989
304998	62	126	14	78	142	30	94	158	46	110	174	2034	2005	2157	2053	2011	1948	2029	2056	1962	2017	2016	1992
304998	62	126	14	78	142	30	94	158	46	110	174	2023	2028	2146	2024	2005	1977	2032	2076	1983	2019	2012	2017
304998	62	126	14	78	142	30	94	158	46	110	174	2030	2064	2115	1986	2013	2008	2029	2099	2007	2019	2008	2032
304998	62	126	14	78	142	30	94	158	46	110	174	2032	2066	2111	1968	2005	2007	2029	2112	2020	2021	2010	2029
304998	62	126	14	78	142	30	94	158	46	110	174	2036	2045	2122	1982	2017	1977	2036	2100	2000	2022	2013	2015
304998	62	126	14	78	142	30	94	158	46	110	174	2035	2017	2151	2019	2015	1956	2028	2068	1969	2017	2016	2007
304998	62	126	14	78	142	30	94	158	46	110	174	2033	2008	2169	2051	2009	1945	2037	2054	1957	2017	2012	1993
304998	62	126	14	78	142	30	94	158	46	110	174	2033	2019	2155	2042	2011	1958	2028	2062	1975	2021	2012	2005
304998	62	126	14	78	142	30	94	158	46	110	174	2034	2040	2119	2009	2002	1989	2031	2093	2004	2020	2009	2016
304998	62	126	14	78	142	30	94	158	46	110	174	2036	2060	2103	1967	2014	2004	2033	2112	2010	2021	2018	2033
304998	62	126	14	78	142	30	94	158	46	110	174	2030	2057	2112	1968	2015	2001	2027	2107	2006	2020	2015	2034
304998	62	126	14	78	142	30	94	158	46	110	174	2035	2033	2141	1996	2014	1972	2038	2079	1985	2017	2011	2016
304998	62	126	14	78	142	30	94	158	46	110	174	2034	2018	2166	2043	2015	1945	2025	2059	1970	2021	2009	1989
304998	62	126	14	78	142	30	94	158	46	110	174	2042	2016	2150	2057	2012	1948	2040	2059	1969	2016	2008	1984
304998	62	126	14	78	142	30	94	158	46	110	174	2035	2028	2138	2023	2018	1966	2034	2074	1987	2021	2017	2008
304998	62	126	14	78	142	30	94	158	46	110	174	2034	2050	2117	1985	2014	1998	2027	2101	2003	2019	2011	2036
304998	62	126	14	78	142	30	94	158	46	110	174	2034	2063	2112	1963	2014	2006	2041	2106	2015	2022	2007	2042
304998	62	126	14	78	142	30	94	158	46	110	174	2033	2054	2125	1981	2015	1983	2033	2100	2004	2017	2008	2019
304998	62	126	14	78	142	30	94	158	46	110	174	2036	2035	2141	2020	2013	1957	2038	2076	1977	2017	2011	2001
304998	62	126	14	78	142	30	94	158	46	110	174	2033	2008	2155	2050	2014	1948	2027	2053	1959	2019	2016	1993
304998	62	126	14	78	142	30	94	158	46	110	174	2040	2010	2150	2044	2012	1957	2027	2055	1967	2017	2017	2003
304998	62	126	14	78	142	30	94	158	46	110	174	2036	2038	2134	2013	2006	1984	2032	2080	2002	2022	2008	2021
304998	62	126	14	78	142	30	94	158	46	110	174	2035	2065	2118	1970	2018	1999	2027	2106	2015	2017	2010	2029
304998	62	126	14	78	142	30	94	158	46	110	174	2038	2065	2115	1969	2013	1999	2035	2114	2011	2018	2012	2028
304998	62	126	14	78	142	30	94	158	46	110	174	2028	2039	2130	1993	2015	1974	2029	2084	1984	2019	2016	2017
304998	62	126	14	78	142	30	94	158	46	110	174	2039	2018	2152	2032	2008	1951	2030	2058	1969	2017	2015	2000
304998	62	126	14	78	142	30	94	158	46	110	174	2034	2006	2171	2057	2000	1950	2033	2052	1972	2021	2010	1997
304998	62	126	14	78	142	30	94	158	46	110	174	2038	2028	2147	2032	2017	1963	2035	2072	1977	2020	2009	2002
304998	62	126	14	78	142	30	94	158	46	110	174	2036	2056	2117	1990	2020	1990	2034	2100	2001	2017	2011	2019
304998	62	126	14	78	142	30	94	158	46	110	174	2034	2064	2103	1968	2019	2010	2034	2108	2010	2020	2015	2042
304998	62	126	14	78	142	30	94	158	46	110	174	2034	2051	2118	1974	2016	1989	2031	2096	2008	2020	2011	2028
304998	62	126	14	78	142	30	94	158	46	110	174	2030	2022	2154	2020	2006	1961	2026	2077	1982	2018	2010	2004
304998	62	126	14	78	142	30	94	158	46	110	174	2039	2017	2165	2050	2015	1941	2038	2060	1964	2017	2008	1985
304998	62	126	14	78	142	30	94	158	46	110	174	2033	2015	2154	2047	2012	1954	2033	2056	1970	2017	2013	1992
304998	62	126	14	78	142	30	94	158	46	110	174	2038	2037	2124	2019	2011	1981	2033	2080	1991	2022	2018	2019
304998	62	126	14	78	142	30	94	158	46	110	174	2042	2056	2111	1979	2016	1997	2039	2106	2014	2017	2011	2039
304998	62	126	14	78	142	30	94	158	46	110	174	2038	2058	2119	1966	2014	2001	2029	2113	2015	2020	2008	2032
304998	62	126	14	78	142	30	94	158	46	110	174	2033	2044	2138	1989	2013	1976	2043	2089	1991	2017	2009	2014
304998	62	126	14	78	142	30	94	158	46	110	174	2035	2024	2151	2029	2019	1954	2039	2065	1967	2020	2013	1996
304998	62	126	14	78	142	30	94	158	46	110	174	2039	2014	2152	2058	2011	1946	2032	2048	1969	2016	2015	1996
304998	62	126	14	78	142	30	94	158	46	110	174	2038	2020	2147	2036	2015	1957	2031	2070	1983	2017	2011	2013
304998	62	126	14	78	142	30	94	158	46	110	174	2034	2045	2125	2001	2013	1986	2032	2097	1996	2019	2004	2021
304998	62	126	14	78	142	30	94	158	46	110	174	2031	2064	2117	1970	2006	2003	2030	2111	2010	2022	2010	2026
304998	62	126	14	78	142	30	94	158	46	110	174	2036	2062	2120	1968	2013	1999	2038	2103	2002	2020	2014	2023
304998	62	126	14	78	142	30	94	158	46	110	174	2034	2036	2135	2008	2000	1970	2029	2077	1983	2021	2015	2011
304998	62	126	14	78	142	30	94	158	46	110	174	2038	2011	2155	2044	2017	1941	2031	2060	1967	2017	2009	1995
304998	62	126	14	78	142	30	94	158	46	110	174	2038	2007	2158	2048	2019	1949	2038	2060	1967	2019	2008	1998
304998	62	126	14	78	142	30	94	158	46	110	174	2036	2031	2140	2024	2022	1972	2030	2080	1983	2020	2006	2005
304998	62	126	14	78	142	30	94	158	46	110	174	2036	2059	2111	1981	2019	1997	2035	2098	2012	2022	2014	2031
304998	62	126	14	78	142	30	94	158	46	110	174	2040	2068	2108	1963	2006	2006	2032	2109	2018	2020	2011	2038
304998	62	126	14	78	142	30	94	158	46	110	174	2034	2040	2123	1987	2018	1976	2030	2095	1996	2017	2013	2022
304998	62	126	14	78	142	30	94	158	46	110	174	2036	2020	2148	2023	2019	1954	2028	2064	1974	2019	2010	1996
304998	62	126	14	78	142	30	94	158	46	110	174	2034	2004	2169	2053	2020	1942	2036	2049	1960	2017	2010	1981
304998	62	126	14	78	142	30	94	158	46	110	174	2030	2019	2155	2041	2016	1955	2024	2064	1982	2017	2017	2005
304998	62	126	14	78	142	30	94	158	46	110	174	2035	2047	2118	2008	2010	1990	2041	2093	1998	2020	2013	2025
304998	62	126	14	78	142	30	94	158	46	110	174	2034	2059	2110	1966	2019	2000	2032	2106	2011	2020	2006	2041
304998	62	126	14	78	142	30	94	158	46	110	174	2035	2056	2117	1963	2016	1997	2031	2105	2003	2022	2007	2024
304998	62	126	14	78	142	30	94	158	46	110	174	2036	2036	2147	2003	2018	1965	2040	2080	1984	2021	2009	2008
304998	62	126	14	78	142	30	94	158	46	110	174	2035	2018	2163	2042	2017	1938	2032	2058	1965	2018	2015	1998
304998	62	126	14	78	142	30	94	158	46	110	174	2037	2020	2155	2049	2017	1945	2042	2055	1967	2020	2013	1999
304998	62	126	14	78	142	30	94	158	46	110	174	2036	2030	2132	2023	2018	1970	2032	2074	1985	2021	2008	2016
304998	62	126	14	78	142	30	94	158	46	110	174	2039	2049	2112	1983	2021	1999	2028	2102	2001	2017	2008	2024
304998	62	126	14	78	142	30	94	158	46	110	174	2037	2059	2118	1966	2008	2003	2033	2111	2017	2020	2010	2026
304998	62	126	14	78	142	30	94	158	46	110	174	2028	2048	2133	1981	2014	1982	2031	2094	1997	2016	2015	2019
304998	62	126	14	78	142	30	94	158	46	110	174	2038	2032	2149	2019	2017	1954	2041	2077	1970	2019	2014	2009
304998	62	126	14	78	142	30	94	158	46	110	174	2038	2006	2156	2054	2017	1941	2035	2057	1958	2017	2009	1997
304998	62	126	14	78	142	30	94	158	46	110	174	2040	2017	2147	2041	2015	1954	2037	2064	1973	2017	2006	1996
304998	62	126	14	78	142	30	94	158	46	110	174	2036	2036	2132	2010	2012	1981	2028	2089	1999	2020	2008	2014
304998	62	126	14	78	142	30	94	158	46	110	174	2036	2064	2114	1971	2017	2000	2038	2107	2011	2017	2014	2033
304998	62	126	14	78	142	30	94	158	46	110	174	2037	2065	2122	1970	2017	2000	2041	2102	2006	2019	2014	2040
304998	62	126	14	78	142	30	94	158	46	110	174	2034	2035	2139	2001	2015	1973	2025	2084	1982	2020	2005	2013
304998	62	126	14	78	142	30	94	158	46	110	174	2042	2012	2151	2040	2014	1947	2036	2059	1972	2018	2003	1990
304998	62	126	14	78	142	30	94	158	46	110	174	2034	2005	2166	2051	2015	1943	2031	2061	1968	2018	2013	1987
304998	62	126	14	78	142	30	94	158	46	110	174	2035	2025	2148	2031	2015	1969	2036	2073	1978	2019	2017	2011
304998	62	126	14	78	142	30	94	158	46	110	174	2038	2056	2122	1987	2017	1994	2046	2096	2004	2022	2008	2034
304998	62	126	14	78	142	30	94	158	46	110	174	2034	2065	2104	1968	2017	2005	2033	2105	2010	2017	2010	2040
304998	62	126	14	78	142	30	94	158	46	110	174	2040	2048	2117	1980	2017	1993	2033	2098	2008	2022	2003	2022
304998	62	126	14	78	142	30	94	158	46	110	174	2040	2022	2148	2016	2017	1954	2044	2077	1977	2017	2012	1997
304998	62	126	14	78	142	30	94	158	46	110	174	2038	2007	2167	2051	2013	1945	2033	2057	1957	2018	2015	1994
304998	62	126	14	78	142	30	94	158	46	110	174	2038	2021	2154	2047	2018	1956	2032	2057	1964	2020	2008	2000
304998	62	126	14	78	142	30	94	158	46	110	174	2036	2039	2127	2013	2014	1981	2036	2081	1999	2020	2008	2024
304998	62	126	14	78	142	30	94	158	46	110	174	2035	2053	2113	1976	2015	1997	2028	2105	2016	2020	2007	2025
304998	62	126	14	78	142	30	94	158	46	110	174	2033	2058	2113	1966	2020	1997	2036	2111	2012	2018	2014	2029
304998	62	126	14	78	142	30	94	158	46	110	174	2034	2042	2140	1997	2008	1980	2035	2087	1988	2017	2018	2021
304998	62	126	14	78	142	30	94	158	46	110	174	2038	2023	2155	2031	2020	1949	2031	2062	1971	2020	2008	2005
304998	62	126	14	78	142	30	94	158	46	110	174	2036	2013	2158	2050	2012	1942	2031	2057	1973	2022	2011	1996
304998	62	126	14	78	142	30	94	158	46	110	174	2042	2020	2140	2031	2016	1959	2042	2076	1980	2022	2008	2000
304998	62	126	14	78	142	30	94	158	46	110	174	2036	2044	2118	1989	2023	1994	2039	2099	2000	2021	2011	2022
304998	62	126	14	78	142	30	94	158	46	110	174	2035	2060	2117	1964	2016	2010	2033	2106	2011	2020	2014	2036
304998	62	126	14	78	142	30	94	158	46	110	174	2033	2060	2122	1975	2017	1996	2044	2095	2010	2021	2008	2032
304998	62	126	14	78	142	30	94	158	46	110	174	2038	2034	2145	2005	2016	1963	2035	2084	1980	2020	2010	2009
304998	62	126	14	78	142	30	94	158	46	110	174	2041	2012	2153	2046	2018	1936	2033	2058	1962	2019	2008	1985
304998	62	126	14	78	142	30	94	158	46	110	174	2040	2010	2156	2047	2021	1955	2038	2060	1968	2018	2018	1995
304998	62	126	14	78	142	30	94	158	46	110	174	2033	2038	2141	2018	2006	1980	2036	2079	1986	2019	2011	2021
304998	62	126	14	78	142	30	94	158	46	110	174	2035	2063	2120	1976	2019	2000	2031	2106	2017	2018	2007	2036
304998	62	126	14	78	142	30	94	158	46	110	174	2032	2061	2113	1968	2018	1998	2034	2112	2011	2022	2003	2030
304998	62	126	14	78	142	30	94	158	46	110	174	2040	2044	2124	1989	2020	1976	2041	2092	1986	2019	2011	2011
304998	62	126	14	78	142	30	94	158	46	110	174	2043	2018	2152	2022	2016	1956	2031	2071	1965	2020	2015	1994
304998	62	126	14	78	142	30	94	158	46	110	174	2039	2007	2165	2047	2017	1950	2039	2058	1969	2020	2011	1999
304998	62	126	14	78	142	30	94	158	46	110	174	2028	2023	2157	2036	2018	1955	2031	2074	1983	2017	2008	2009
304998	62	126	14	78	142	30	94	158	46	110	174	2037	2046	2121	2003	2014	1989	2032	2091	1999	2021	2006	2022
304998	62	126	14	78	142	30	94	158	46	110	174	2036	2063	2106	1970	2023	2005	2043	2107	2012	2018	2010	2026
304998	62	126	14	78	142	30	94	158	46	110	174	2035	2052	2112	1967	2019	1995	2033	2098	2009	2022	2012	2029
304998	62	126	14	78	142	30	94	158	46	110	174	2038	2032	2144	2008	2006	1976	2039	2082	1982	2018	2008	2014
304998	62	126	14	78	142	30	94	158	46	110	174	2030	2015	2175	2042	2018	1940	2031	2066	1969	2020	2008	1995
304998	62	126	14	78	142	30	94	158	46	110	174	2037	2022	2153	2047	2017	1939	2047	2063	1964	2018	2006	1987
304998	62	126	14	78	142	30	94	158	46	110	174	2041	2035	2136	2018	2020	1972	2041	2073	1987	2017	2010	2013
304998	62	126	14	78	142	30	94	158	46	110	174	2039	2052	2111	1979	2025	2002	2029	2101	2012	2020	2014	2035
304998	62	126	14	78	142	30	94	158	46	110	174	2033	2063	2114	1967	2010	2008	2037	2115	2018	2018	2008	2042
304998	62	126	14	78	142	30	94	158	46	110	174	2027	2043	2138	1984	2017	1980	2030	2095	1997	2017	2006	2020
304998	62	126	14	78	142	30	94	158	46	110	174	2034	2030	2154	2022	2018	1946	2041	2073	1968	2022	2008	1992
304998	62	126	14	78	142	30	94	158	46	110	174	2035	2008	2159	2047	2016	1938	2032	2052	1967	2019	2018	1992
304998	62	126	14	78	142	30	94	158	46	110	174	2042	2019	2146	2036	2017	1957	2044	2073	1983	2018	2012	2001
304998	62	126	14	78	142	30	94	158	46	110	174	2039	2037	2129	2000	2015	1987	2043	2090	1999	2021	2008	2027
304998	62	126	14	78	142	30	94	158	46	110	174	2033	2054	2113	1969	2013	2002	2029	2106	2010	2017	2007	2029
304998	62	126	14	78	142	30	94	158	46	110	174	2038	2062	2118	1970	2020	1994	2039	2103	2010	2017	2008	2024
304998	62	126	14	78	142	30	94	158	46	110	174	2032	2038	2139	1997	2011	1976	2029	2082	1994	2022	2011	2014
304998	62	126	14	78	142	30	94	158	46	110	174	2038	2018	2151	2032	2015	1949	2035	2070	1967	2018	2009	2001
304998	62	126	14	78	142	30	94	158	46	110	174	2032	2004	2169	2051	2006	1946	2028	2064	1965	2020	2010	1999
304998	62	126	14	78	142	30	94	158	46	110	174	2029	2029	2144	2025	2014	1967	2031	2074	1983	2016	2008	2000
304998	62	126	14	78	142	30	94	158	46	110	174	2034	2057	2122	1985	2017	1996	2042	2095	2013	2018	2014	2025
304998	62	126	14	78	142	30	94	158	46	110	174	2037	2064	2101	1969	2015	2015	2030	2112	2015	2021	2013	2035
304998	62	126	14	78	142	30	94	158	46	110	174	2039	2048	2119	1977	2016	1989	2042	2100	2000	2017	2008	2031
304998	62	126	14	78	142	30	94	158	46	110	174	2033	2021	2156	2016	2017	1954	2031	2076	1971	2019	2009	1999
304998	62	126	14	78	142	30	94	158	46	110	174	2032	2014	2169	2047	2017	1937	2032	2057	1964	2018	2010	1987
304998	62	126	14	78	142	30	94	158	46	110	174	2033	2020	2154	2037	2016	1955	2029	2066	1977	2019	2018	1998
304998	62	126	14	78	142	30	94	158	46	110	174	2040	2045	2122	2010	2006	1991	2042	2091	1998	2019	2011	2022
