304998	62	126	14	78	142	30	94	158	46	110	174	2036	2031	2140	2024	2022	1972	2030	2080	1983	2020	2006	2005
304998	62	126	14	78	142	30	94	158	46	110	174	2036	2059	2111	1981	2019	1997	2035	2098	2012	2022	2014	2031
304998	62	126	14	78	142	30	94	158	46	110	174	2040	2068	2108	1963	2006	2006	2032	2109	2018	2020	2011	2038
304998	62	126	14	78	142	30	94	158	46	110	174	2034	2040	2123	1987	2018	1976	2030	2095	1996	2017	2013	2022
304998	62	126	14	78	142	30	94	158	46	110	174	2036	2020	2148	2023	2019	1954	2028	2064	1974	2019	2010	1996
304998	62	126	14	78	142	30	94	158	46	110	174	2034	2004	2169	2053	2020	1942	2036	2049	1960	2017	2010	1981
304998	62	126	14	78	142	30	94	158	46	110	174	2030	2019	2155	2041	2016	1955	2024	2064	1982	2017	2017	2005
304998	62	126	14	78	142	30	94	158	46	110	174	2035	2047	2118	2008	2010	1990	2041	2093	1998	2020	2013	2025
304998	62	126	14	78	142	30	94	158	46	110	174	2034	2059	2110	1966	2019	2000	2032	2106	2011	2020	2006	2041
304998	62	126	14	78	142	30	94	158	46	110	174	2035	2056	2117	1963	2016	1997	2031	2105	2003	2022	2007	2024
304998	62	126	14	78	142	30	94	158	46	110	174	2036	2036	2147	2003	2018	1965	2040	2080	1984	2021	2009	2008
304998	62	126	14	78	142	30	94	158	46	110	174	2035	2018	2163	2042	2017	1938	2032	2058	1965	2018	2015	1998
304998	62	126	14	78	142	30	94	158	46	110	174	2037	2020	2155	2049	2017	1945	2042	2055	1967	2020	2013	1999
304998	62	126	14	78	142	30	94	158	46	110	174	2036	2030	2132	2023	2018	1970	2032	2074	1985	2021	2008	2016
304998	62	126	14	78	142	30	94	158	46	110	174	2039	2049	2112	1983	2021	1999	2028	2102	2001	2017	2008	2024
304998	62	126	14	78	142	30	94	158	46	110	174	2037	2059	2118	1966	2008	2003	2033	2111	2017	2020	2010	2026
304998	62	126	14	78	142	30	94	158	46	110	174	2028	2048	2133	1981	2014	1982	2031	2094	1997	2016	2015	2019
304998	62	126	14	78	142	30	94	158	46	110	174	2038	2032	2149	2019	2017	1954	2041	2077	1970	2019	2014	2009
304998	62	126	14	78	142	30	94	158	46	110	174	2038	2006	2156	2054	2017	1941	2035	2057	1958	2017	2009	1997
304998	62	126	14	78	142	30	94	158	46	110	174	2040	2017	2147	2041	2015	1954	2037	2064	1973	2017	2006	1996
304998	62	126	14	78	142	30	94	158	46	110	174	2036	2036	2132	2010	2012	1981	2028	2089	1999	2020	2008	2014
304998	62	126	14	78	142	30	94	158	46	110	174	2036	2064	2114	1971	2017	2000	2038	2107	2011	2017	2014	2033
304998	62	126	14	78	142	30	94	158	46	110	174	2037	2065	2122	1970	2017	2000	2041	2102	2006	2019	2014	2040
304998	62	126	14	78	142	30	94	158	46	110	174	2034	2035	2139	2001	2015	1973	2025	2084	1982	2020	2005	2013
304998	62	126	14	78	142	30	94	158	46	110	174	2042	2012	2151	2040	2014	1947	2036	2059	1972	2018	2003	1990
304998	62	126	14	78	142	30	94	158	46	110	174	2034	2005	2166	2051	2015	1943	2031	2061	1968	2018	2013	1987
304998	62	126	14	78	142	30	94	158	46	110	174	2035	2025	2148	2031	2015	1969	2036	2073	1978	2019	2017	2011
304998	62	126	14	78	142	30	94	158	46	110	174	2038	2056	2122	1987	2017	1994	2046	2096	2004	2022	2008	2034
304998	62	126	14	78	142	30	94	158	46	110	174	2034	2065	2104	1968	2017	2005	2033	2105	2010	2017	2010	2040
304998	62	126	14	78	142	30	94	158	46	110	174	2040	2048	2117	1980	2017	1993	2033	2098	2008	2022	2003	2022
304998	62	126	14	78	142	30	94	158	46	110	174	2040	2022	2148	2016	2017	1954	2044	2077	1977	2017	2012	1997
304998	62	126	14	78	142	30	94	158	46	110	174	2038	2007	2167	2051	2013	1945	2033	2057	1957	2018	2015	1994
304998	62	126	14	78	142	30	94	158	46	110	174	2038	2021	2154	2047	2018	1956	2032	2057	1964	2020	2008	2000
304998	62	126	14	78	142	30	94	158	46	110	174	2036	2039	2127	2013	2014	1981	2036	2081	1999	2020	2008	2024
304998	62	126	14	78	142	30	94	158	46	110	174	2035	2053	2113	1976	2015	1997	2028	2105	2016	2020	2007	2025
304998	62	126	14	78	142	30	94	158	46	110	174	2033	2058	2113	1966	2020	1997	2036	2111	2012	2018	2014	2029
304998	62	126	14	78	142	30	94	158	46	110	174	2034	2042	2140	1997	2008	1980	2035	2087	1988	2017	2018	2021
304998	62	126	14	78	142	30	94	158	46	110	174	2038	2023	2155	2031	2020	1949	2031	2062	1971	2020	2008	2005
304998	62	126	14	78	142	30	94	158	46	110	174	2036	2013	2158	2050	2012	1942	2031	2057	1973	2022	2011	1996
304998	62	126	14	78	142	30	94	158	46	110	174	2042	2020	2140	2031	2016	1959	2042	2076	1980	2022	2008	2000
304998	62	126	14	78	142	30	94	158	46	110	174	2036	2044	2118	1989	2023	1994	2039	2099	2000	2021	2011	2022
304998	62	126	14	78	142	30	94	158	46	110	174	2035	2060	2117	1964	2016	2010	2033	2106	2011	2020	2014	2036
304998	62	126	14	78	142	30	94	158	46	110	174	2033	2060	2122	1975	2017	1996	2044	2095	2010	2021	2008	2032
304998	62	126	14	78	142	30	94	158	46	110	174	2038	2034	2145	2005	2016	1963	2035	2084	1980	2020	2010	2009
304998	62	126	14	78	142	30	94	158	46	110	174	2041	2012	2153	2046	2018	1936	2033	2058	1962	2019	2008	1985
304998	62	126	14	78	142	30	94	158	46	110	174	2040	2010	2156	2047	2021	1955	2038	2060	1968	2018	2018	1995
304998	62	126	14	78	142	30	94	158	46	110	174	2033	2038	2141	2018	2006	1980	2036	2079	1986	2019	2011	2021
304998	62	126	14	78	142	30	94	158	46	110	174	2035	2063	2120	1976	2019	2000	2031	2106	2017	2018	2007	2036
304998	62	126	14	78	142	30	94	158	46	110	174	2032	2061	2113	1968	2018	1998	2034	2112	2011	2022	2003	2030
304998	62	126	14	78	142	30	94	158	46	110	174	2040	2044	2124	1989	2020	1976	2041	2092	1986	2019	2011	2011
304998	62	126	14	78	142	30	94	158	46	110	174	2043	2018	2152	2022	2016	1956	2031	2071	1965	2020	2015	1994
304998	62	126	14	78	142	30	94	158	46	110	174	2039	2007	2165	2047	2017	1950	2039	2058	1969	2020	2011	1999
304998	62	126	14	78	142	30	94	158	46	110	174	2028	2023	2157	2036	2018	1955	2031	2074	1983	2017	2008	2009
304998	62	126	14	78	142	30	94	158	46	110	174	2037	2046	2121	2003	2014	1989	2032	2091	1999	2021	2006	2022
304998	62	126	14	78	142	30	94	158	46	110	174	2036	2063	2106	1970	2023	2005	2043	2107	2012	2018	2010	2026
304998	62	126	14	78	142	30	94	158	46	110	174	2035	2052	2112	1967	2019	1995	2033	2098	2009	2022	2012	2029
304998	62	126	14	78	142	30	94	158	46	110	174	2038	2032	2144	2008	2006	1976	2039	2082	1982	2018	2008	2014
304998	62	126	14	78	142	30	94	158	46	110	174	2030	2015	2175	2042	2018	1940	2031	2066	1969	2020	2008	1995
304998	62	126	14	78	142	30	94	158	46	110	174	2037	2022	2153	2047	2017	1939	2047	2063	1964	2018	2006	1987
304998	62	126	14	78	142	30	94	158	46	110	174	2041	2035	2136	2018	2020	1972	2041	2073	1987	2017	2010	2013
304998	62	126	14	78	142	30	94	158	46	110	174	2039	2052	2111	1979	2025	2002	2029	2101	2012	2020	2014	2035
304998	62	126	14	78	142	30	94	158	46	110	174	2033	2063	2114	1967	2010	2008	2037	2115	2018	2018	2008	2042
304998	62	126	14	78	142	30	94	158	46	110	174	2027	2043	2138	1984	2017	1980	2030	2095	1997	2017	2006	2020
304998	62	126	14	78	142	30	94	158	46	110	174	2034	2030	2154	2022	2018	1946	2041	2073	1968	2022	2008	1992
304998	62	126	14	78	142	30	94	158	46	110	174	2035	2008	2159	2047	2016	1938	2032	2052	1967	2019	2018	1992
304998	62	126	14	78	142	30	94	158	46	110	174	2042	2019	2146	2036	2017	1957	2044	2073	1983	2018	2012	2001
304998	62	126	14	78	142	30	94	158	46	110	174	2039	2037	2129	2000	2015	1987	2043	2090	1999	2021	2008	2027
304998	62	126	14	78	142	30	94	158	46	110	174	2033	2054	2113	1969	2013	2002	2029	2106	2010	2017	2007	2029
304998	62	126	14	78	142	30	94	158	46	110	174	2038	2062	2118	1970	2020	1994	2039	2103	2010	2017	2008	2024
304998	62	126	14	78	142	30	94	158	46	110	174	2032	2038	2139	1997	2011	1976	2029	2082	1994	2022	2011	2014
304998	62	126	14	78	142	30	94	158	46	110	174	2038	2018	2151	2032	2015	1949	2035	2070	1967	2018	2009	2001
304998	62	126	14	78	142	30	94	158	46	110	174	2032	2004	2169	2051	2006	1946	2028	2064	1965	2020	2010	1999
304998	62	126	14	78	142	30	94	158	46	110	174	2029	2029	2144	2025	2014	1967	2031	2074	1983	2016	2008	2000
304998	62	126	14	78	142	30	94	158	46	110	174	2034	2057	2122	1985	2017	1996	2042	2095	2013	2018	2014	2025
304998	62	126	14	78	142	30	94	158	46	110	174	2037	2064	2101	1969	2015	2015	2030	2112	2015	2021	2013	2035
304998	62	126	14	78	142	30	94	158	46	110	174	2039	2048	2119	1977	2016	1989	2042	2100	2000	2017	2008	2031
304998	62	126	14	78	142	30	94	158	46	110	174	2033	2021	2156	2016	2017	1954	2031	2076	1971	2019	2009	1999
304998	62	126	14	78	142	30	94	158	46	110	174	2032	2014	2169	2047	2017	1937	2032	2057	1964	2018	2010	1987
304998	62	126	14	78	142	30	94	158	46	110	174	2033	2020	2154	2037	2016	1955	2029	2066	1977	2019	2018	1998
304998	62	126	14	78	142	30	94	158	46	110	174	2040	2045	2122	2010	2006	1991	2042	2091	1998	2019	2011	2022
304998	62	126	14	78	142	30	94	158	46	110	174	2032	2056	2109	1973	2017	2003	2038	2110	2009	2019	2010	2040
304998	62	126	14	78	142	30	94	158	46	110	174	2023	2052	2116	1967	2022	2000	2029	2103	2008	2020	2006	2029
304998	62	126	14	78	142	30	94	158	46	110	174	2033	2046	2144	1998	2020	1971	2043	2082	1992	2020	2008	2010
304998	62	126	14	78	142	30	94	158	46	110	174	2035	2022	2163	2030	2021	1946	2031	2072	1971	2017	2014	1995
304998	62	126	14	78	142	30	94	158	46	110	174	2039	2017	2151	2050	2010	1951	2035	2066	1960	2020	2009	1997
304998	62	126	14	78	142	30	94	158	46	110	174	2029	2022	2141	2024	2016	1962	2028	2074	1979	2018	2008	2011
304998	62	126	14	78	142	30	94	158	46	110	174	2036	2051	2119	1986	2013	1992	2044	2095	2009	2020	2005	2020
304998	62	126	14	78	142	30	94	158	46	110	174	2033	2061	2120	1968	2021	2004	2029	2107	2019	2019	2015	2034
304998	62	126	14	78	142	30	94	158	46	110	174	2033	2063	2120	1979	2014	1991	2036	2109	2002	2016	2015	2033
304998	62	126	14	78	142	30	94	158	46	110	174	2037	2034	2136	2009	2013	1964	2051	2081	1981	2022	2006	2009
304998	62	126	14	78	142	30	94	158	46	110	174	2034	2007	2157	2042	2016	1937	2034	2063	1958	2020	2010	1996
304998	62	126	14	78	142	30	94	158	46	110	174	2039	2017	2155	2040	2016	1947	2035	2067	1975	2016	2009	1991
304998	62	126	14	78	142	30	94	158	46	110	174	2032	2036	2143	2011	2021	1980	2035	2087	1996	2022	2014	2018
304998	62	126	14	78	142	30	94	158	46	110	174	2037	2064	2108	1975	2018	2006	2050	2107	2010	2018	2013	2035
304998	62	126	14	78	142	30	94	158	46	110	174	2033	2063	2105	1971	2015	2006	2033	2106	2005	2017	2008	2042
304998	62	126	14	78	142	30	94	158	46	110	174	2037	2042	2127	1991	2017	1976	2033	2085	1994	2021	2006	2016
304998	62	126	14	78	142	30	94	158	46	110	174	2036	2020	2157	2023	2018	1949	2036	2074	1971	2022	2010	1993
304998	62	126	14	78	142	30	94	158	46	110	174	2036	2012	2172	2042	2020	1940	2036	2059	1962	2022	2019	1993
304998	62	126	14	78	142	30	94	158	46	110	174	2037	2035	2142	2030	2016	1963	2035	2074	1972	2021	2010	2013
304998	62	126	14	78	142	30	94	158	46	110	174	2040	2049	2114	1990	2011	1996	2036	2097	2000	2019	2007	2031
304998	62	126	14	78	142	30	94	158	46	110	174	2034	2061	2104	1975	2019	2005	2029	2108	2020	2020	2005	2030
304998	62	126	14	78	142	30	94	158	46	110	174	2034	2050	2126	1972	2017	1990	2043	2103	2006	2019	2013	2025
304998	62	126	14	78	142	30	94	158	46	110	174	2031	2032	2156	2006	2014	1963	2029	2078	1984	2020	2013	2012
304998	62	126	14	78	142	30	94	158	46	110	174	2038	2018	2161	2036	2019	1949	2035	2059	1961	2022	2006	2002
304998	62	126	14	78	142	30	94	158	46	110	174	2034	2014	2156	2044	2008	1950	2043	2066	1975	2020	2010	1997
304998	62	126	14	78	142	30	94	158	46	110	174	2038	2032	2128	2014	2018	1971	2029	2085	1986	2021	2008	2013
304998	62	126	14	78	142	30	94	158	46	110	174	2033	2049	2122	1984	2013	2005	2033	2107	2007	2017	2013	2030
304998	62	126	14	78	142	30	94	158	46	110	174	2033	2061	2118	1968	2016	2010	2034	2107	2008	2017	2011	2043
304998	62	126	14	78	142	30	94	158	46	110	174	2036	2055	2124	1985	2017	1983	2057	2097	2001	2022	2008	2025
304998	62	126	14	78	142	30	94	158	46	110	174	2039	2023	2152	2021	2016	1954	2051	2072	1973	2018	2006	1995
304998	62	126	14	78	142	30	94	158	46	110	174	2039	2012	2156	2044	2014	1939	2034	2066	1957	2020	2009	1987
304998	62	126	14	78	142	30	94	158	46	110	174	2032	2019	2157	2034	2005	1961	2028	2069	1973	2018	2018	2004
304998	62	126	14	78	142	30	94	158	46	110	174	2035	2043	2128	2003	2013	1993	2035	2085	2001	2020	2011	2029
304998	62	126	14	78	142	30	94	158	46	110	174	2033	2065	2107	1967	2018	2009	2037	2106	2019	2019	2009	2040
304998	62	126	14	78	142	30	94	158	46	110	174	2038	2060	2110	1973	2012	1998	2033	2110	2007	2019	2005	2026
304998	62	126	14	78	142	30	94	158	46	110	174	2036	2033	2142	2000	2019	1966	2030	2088	1980	2021	2014	2003
304998	62	126	14	78	142	30	94	158	46	110	174	2034	2014	2170	2040	2010	1946	2037	2068	1964	2022	2013	1999
304998	62	126	14	78	142	30	94	158	46	110	174	2035	2020	2163	2048	2008	1947	2039	2063	1972	2017	2007	1999
304998	62	126	14	78	142	30	94	158	46	110	174	2034	2038	2134	2016	2012	1985	2042	2081	1989	2016	2008	2015
304998	62	126	14	78	142	30	94	158	46	110	174	2033	2051	2113	1982	2016	1998	2036	2102	2007	2017	2006	2026
304998	62	126	14	78	142	30	94	158	46	110	174	2034	2055	2110	1965	2021	2004	2039	2110	2006	2020	2013	2034
304998	62	126	14	78	142	30	94	158	46	110	174	2037	2046	2132	1986	2008	1993	2035	2096	2001	2018	2014	2026
304998	62	126	14	78	142	30	94	158	46	110	174	2031	2027	2151	2017	2018	1958	2030	2076	1982	2017	2006	2005
304998	62	126	14	78	142	30	94	158	46	110	174	2037	2019	2158	2042	2018	1942	2048	2063	1964	2018	2009	1994
304998	62	126	14	78	142	30	94	158	46	110	174	2038	2024	2148	2031	2015	1949	2037	2070	1970	2018	2007	1991
304998	62	126	14	78	142	30	94	158	46	110	174	2041	2042	2125	2004	2020	1979	2037	2085	1993	2018	2018	2021
304998	62	126	14	78	142	30	94	158	46	110	174	2029	2057	2119	1977	2009	2011	2025	2108	2019	2017	2013	2039
304998	62	126	14	78	142	30	94	158	46	110	174	2035	2062	2118	1969	2022	2006	2039	2107	2009	2017	2010	2039
304998	62	126	14	78	142	30	94	158	46	110	174	2037	2041	2135	1997	2007	1977	2039	2089	1986	2020	2004	2010
304998	62	126	14	78	142	30	94	158	46	110	174	2040	2019	2147	2030	2014	1940	2041	2065	1964	2017	2013	1988
304998	62	126	14	78	142	30	94	158	46	110	174	2038	2012	2156	2046	2015	1940	2026	2060	1970	2021	2015	1997
304998	62	126	14	78	142	30	94	158	46	110	174	2038	2026	2148	2029	2008	1969	2031	2077	1986	2016	2009	2017
304998	62	126	14	78	142	30	94	158	46	110	174	2031	2052	2123	1986	2015	2001	2037	2098	2009	2018	2008	2033
304998	62	126	14	78	142	30	94	158	46	110	174	2034	2064	2106	1965	2014	2007	2038	2108	2011	2018	2005	2028
304998	62	126	14	78	142	30	94	158	46	110	174	2037	2049	2120	1980	2017	1986	2034	2092	2006	2018	2014	2022
304998	62	126	14	78	142	30	94	158	46	110	174	2037	2022	2151	2012	2019	1959	2033	2077	1979	2022	2013	2007
304998	62	126	14	78	142	30	94	158	46	110	174	2038	2014	2165	2041	2015	1946	2035	2067	1959	2021	2011	1997
304998	62	126	14	78	142	30	94	158	46	110	174	2033	2023	2155	2040	2016	1951	2039	2073	1968	2016	2011	2001
304998	62	126	14	78	142	30	94	158	46	110	174	2036	2045	2122	2011	2015	1984	2046	2088	2000	2019	2008	2016
304998	62	126	14	78	142	30	94	158	46	110	174	2034	2054	2107	1982	2017	2001	2033	2103	2019	2020	2010	2030
304998	62	126	14	78	142	30	94	158	46	110	174	2037	2053	2114	1974	2020	2003	2034	2105	2009	2021	2016	2038
304998	62	126	14	78	142	30	94	158	46	110	174	2032	2039	2142	1991	2015	1977	2034	2088	1986	2019	2004	2017
304998	62	126	14	78	142	30	94	158	46	110	174	2032	2026	2156	2030	2011	1950	2030	2060	1968	2021	2008	1995
304998	62	126	14	78	142	30	94	158	46	110	174	2042	2018	2156	2047	2013	1942	2036	2061	1974	2019	2011	1983
304998	62	126	14	78	142	30	94	158	46	110	174	2036	2023	2145	2032	2019	1962	2028	2074	1982	2017	2014	2006
304998	62	126	14	78	142	30	94	158	46	110	174	2038	2046	2121	1994	2015	1994	2036	2097	2001	2022	2013	2032
304998	62	126	14	78	142	30	94	158	46	110	174	2034	2057	2118	1969	2020	2008	2032	2104	2007	2020	2010	2044
304998	62	126	14	78	142	30	94	158	46	110	174	2031	2053	2127	1978	2010	1993	2034	2099	2006	2020	2009	2024
304998	62	126	14	78	142	30	94	158	46	110	174	2038	2032	2140	2009	2022	1956	2038	2081	1981	2022	2013	1996
304998	62	126	14	78	142	30	94	158	46	110	174	2040	2013	2159	2040	2014	1943	2043	2065	1961	2019	2015	1995
304998	62	126	14	78	142	30	94	158	46	110	174	2027	2018	2158	2040	2016	1947	2026	2064	1962	2020	2014	2001
304998	62	126	14	78	142	30	94	158	46	110	174	2028	2031	2148	2012	2015	1980	2029	2080	1996	2022	2008	2019
304998	62	126	14	78	142	30	94	158	46	110	174	2025	2056	2122	1981	2014	2001	2025	2102	2017	2020	2006	2033
304998	62	126	14	78	142	30	94	158	46	110	174	2035	2063	2106	1969	2020	2000	2046	2110	2013	2016	2008	2028
304998	62	126	14	78	142	30	94	158	46	110	174	2035	2039	2131	1995	2011	1979	2033	2088	1993	2017	2017	2016
304998	62	126	14	78	142	30	94	158	46	110	174	2038	2020	2153	2024	2016	1953	2030	2072	1968	2017	2014	2005
304998	62	126	14	78	142	30	94	158	46	110	174	2036	2010	2172	2044	2013	1943	2033	2063	1971	2019	2011	1999
304998	62	126	14	78	142	30	94	158	46	110	174	2032	2024	2148	2031	2011	1959	2031	2077	1978	2017	2007	2001
304998	62	126	14	78	142	30	94	158	46	110	174	2039	2048	2112	1997	2021	1984	2054	2098	1997	2018	2012	2015
304998	62	126	14	78	142	30	94	158	46	110	174	2035	2055	2113	1971	2017	2006	2028	2104	2016	2022	2018	2040
