304998	62	126	14	78	142	30	94	158	46	110	174	2035	2008	2159	2047	2016	1938	2032	2052	1967	2019	2018	1992
304998	62	126	14	78	142	30	94	158	46	110	174	2042	2019	2146	2036	2017	1957	2044	2073	1983	2018	2012	2001
304998	62	126	14	78	142	30	94	158	46	110	174	2039	2037	2129	2000	2015	1987	2043	2090	1999	2021	2008	2027
304998	62	126	14	78	142	30	94	158	46	110	174	2033	2054	2113	1969	2013	2002	2029	2106	2010	2017	2007	2029
304998	62	126	14	78	142	30	94	158	46	110	174	2038	2062	2118	1970	2020	1994	2039	2103	2010	2017	2008	2024
304998	62	126	14	78	142	30	94	158	46	110	174	2032	2038	2139	1997	2011	1976	2029	2082	1994	2022	2011	2014
304998	62	126	14	78	142	30	94	158	46	110	174	2038	2018	2151	2032	2015	1949	2035	2070	1967	2018	2009	2001
304998	62	126	14	78	142	30	94	158	46	110	174	2032	2004	2169	2051	2006	1946	2028	2064	1965	2020	2010	1999
304998	62	126	14	78	142	30	94	158	46	110	174	2029	2029	2144	2025	2014	1967	2031	2074	1983	2016	2008	2000
304998	62	126	14	78	142	30	94	158	46	110	174	2034	2057	2122	1985	2017	1996	2042	2095	2013	2018	2014	2025
304998	62	126	14	78	142	30	94	158	46	110	174	2037	2064	2101	1969	2015	2015	2030	2112	2015	2021	2013	2035
304998	62	126	14	78	142	30	94	158	46	110	174	2039	2048	2119	1977	2016	1989	2042	2100	2000	2017	2008	2031
304998	62	126	14	78	142	30	94	158	46	110	174	2033	2021	2156	2016	2017	1954	2031	2076	1971	2019	2009	1999
304998	62	126	14	78	142	30	94	158	46	110	174	2032	2014	2169	2047	2017	1937	2032	2057	1964	2018	2010	1987
304998	62	126	14	78	142	30	94	158	46	110	174	2033	2020	2154	2037	2016	1955	2029	2066	1977	2019	2018	1998
304998	62	126	14	78	142	30	94	158	46	110	174	2040	2045	2122	2010	2006	1991	2042	2091	1998	2019	2011	2022
304998	62	126	14	78	142	30	94	158	46	110	174	2032	2056	2109	1973	2017	2003	2038	2110	2009	2019	2010	2040
304998	62	126	14	78	142	30	94	158	46	110	174	2023	2052	2116	1967	2022	2000	2029	2103	2008	2020	2006	2029
304998	62	126	14	78	142	30	94	158	46	110	174	2033	2046	2144	1998	2020	1971	2043	2082	1992	2020	2008	2010
304998	62	126	14	78	142	30	94	158	46	110	174	2035	2022	2163	2030	2021	1946	2031	2072	1971	2017	2014	1995
304998	62	126	14	78	142	30	94	158	46	110	174	2039	2017	2151	2050	2010	1951	2035	2066	1960	2020	2009	1997
304998	62	126	14	78	142	30	94	158	46	110	174	2029	2022	2141	2024	2016	1962	2028	2074	1979	2018	2008	2011
304998	62	126	14	78	142	30	94	158	46	110	174	2036	2051	2119	1986	2013	1992	2044	2095	2009	2020	2005	2020
304998	62	126	14	78	142	30	94	158	46	110	174	2033	2061	2120	1968	2021	2004	2029	2107	2019	2019	2015	2034
304998	62	126	14	78	142	30	94	158	46	110	174	2033	2063	2120	1979	2014	1991	2036	2109	2002	2016	2015	2033
304998	62	126	14	78	142	30	94	158	46	110	174	2037	2034	2136	2009	2013	1964	2051	2081	1981	2022	2006	2009
304998	62	126	14	78	142	30	94	158	46	110	174	2034	2007	2157	2042	2016	1937	2034	2063	1958	2020	2010	1996
304998	62	126	14	78	142	30	94	158	46	110	174	2039	2017	2155	2040	2016	1947	2035	2067	1975	2016	2009	1991
304998	62	126	14	78	142	30	94	158	46	110	174	2032	2036	2143	2011	2021	1980	2035	2087	1996	2022	2014	2018
304998	62	126	14	78	142	30	94	158	46	110	174	2037	2064	2108	1975	2018	2006	2050	2107	2010	2018	2013	2035
304998	62	126	14	78	142	30	94	158	46	110	174	2033	2063	2105	1971	2015	2006	2033	2106	2005	2017	2008	2042
304998	62	126	14	78	142	30	94	158	46	110	174	2037	2042	2127	1991	2017	1976	2033	2085	1994	2021	2006	2016
304998	62	126	14	78	142	30	94	158	46	110	174	2036	2020	2157	2023	2018	1949	2036	2074	1971	2022	2010	1993
304998	62	126	14	78	142	30	94	158	46	110	174	2036	2012	2172	2042	2020	1940	2036	2059	1962	2022	2019	1993
304998	62	126	14	78	142	30	94	158	46	110	174	2037	2035	2142	2030	2016	1963	2035	2074	1972	2021	2010	2013
304998	62	126	14	78	142	30	94	158	46	110	174	2040	2049	2114	1990	2011	1996	2036	2097	2000	2019	2007	2031
304998	62	126	14	78	142	30	94	158	46	110	174	2034	2061	2104	1975	2019	2005	2029	2108	2020	2020	2005	2030
304998	62	126	14	78	142	30	94	158	46	110	174	2034	2050	2126	1972	2017	1990	2043	2103	2006	2019	2013	2025
304998	62	126	14	78	142	30	94	158	46	110	174	2031	2032	2156	2006	2014	1963	2029	2078	1984	2020	2013	2012
304998	62	126	14	78	142	30	94	158	46	110	174	2038	2018	2161	2036	2019	1949	2035	2059	1961	2022	2006	2002
304998	62	126	14	78	142	30	94	158	46	110	174	2034	2014	2156	2044	2008	1950	2043	2066	1975	2020	2010	1997
304998	62	126	14	78	142	30	94	158	46	110	174	2038	2032	2128	2014	2018	1971	2029	2085	1986	2021	2008	2013
304998	62	126	14	78	142	30	94	158	46	110	174	2033	2049	2122	1984	2013	2005	2033	2107	2007	2017	2013	2030
304998	62	126	14	78	142	30	94	158	46	110	174	2033	2061	2118	1968	2016	2010	2034	2107	2008	2017	2011	2043
304998	62	126	14	78	142	30	94	158	46	110	174	2036	2055	2124	1985	2017	1983	2057	2097	2001	2022	2008	2025
304998	62	126	14	78	142	30	94	158	46	110	174	2039	2023	2152	2021	2016	1954	2051	2072	1973	2018	2006	1995
304998	62	126	14	78	142	30	94	158	46	110	174	2039	2012	2156	2044	2014	1939	2034	2066	1957	2020	2009	1987
304998	62	126	14	78	142	30	94	158	46	110	174	2032	2019	2157	2034	2005	1961	2028	2069	1973	2018	2018	2004
304998	62	126	14	78	142	30	94	158	46	110	174	2035	2043	2128	2003	2013	1993	2035	2085	2001	2020	2011	2029
304998	62	126	14	78	142	30	94	158	46	110	174	2033	2065	2107	1967	2018	2009	2037	2106	2019	2019	2009	2040
304998	62	126	14	78	142	30	94	158	46	110	174	2038	2060	2110	1973	2012	1998	2033	2110	2007	2019	2005	2026
304998	62	126	14	78	142	30	94	158	46	110	174	2036	2033	2142	2000	2019	1966	2030	2088	1980	2021	2014	2003
304998	62	126	14	78	142	30	94	158	46	110	174	2034	2014	2170	2040	2010	1946	2037	2068	1964	2022	2013	1999
304998	62	126	14	78	142	30	94	158	46	110	174	2035	2020	2163	2048	2008	1947	2039	2063	1972	2017	2007	1999
304998	62	126	14	78	142	30	94	158	46	110	174	2034	2038	2134	2016	2012	1985	2042	2081	1989	2016	2008	2015
304998	62	126	14	78	142	30	94	158	46	110	174	2033	2051	2113	1982	2016	1998	2036	2102	2007	2017	2006	2026
304998	62	126	14	78	142	30	94	158	46	110	174	2034	2055	2110	1965	2021	2004	2039	2110	2006	2020	2013	2034
304998	62	126	14	78	142	30	94	158	46	110	174	2037	2046	2132	1986	2008	1993	2035	2096	2001	2018	2014	2026
304998	62	126	14	78	142	30	94	158	46	110	174	2031	2027	2151	2017	2018	1958	2030	2076	1982	2017	2006	2005
304998	62	126	14	78	142	30	94	158	46	110	174	2037	2019	2158	2042	2018	1942	2048	2063	1964	2018	2009	1994
304998	62	126	14	78	142	30	94	158	46	110	174	2038	2024	2148	2031	2015	1949	2037	2070	1970	2018	2007	1991
304998	62	126	14	78	142	30	94	158	46	110	174	2041	2042	2125	2004	2020	1979	2037	2085	1993	2018	2018	2021
304998	62	126	14	78	142	30	94	158	46	110	174	2029	2057	2119	1977	2009	2011	2025	2108	2019	2017	2013	2039
304998	62	126	14	78	142	30	94	158	46	110	174	2035	2062	2118	1969	2022	2006	2039	2107	2009	2017	2010	2039
304998	62	126	14	78	142	30	94	158	46	110	174	2037	2041	2135	1997	2007	1977	2039	2089	1986	2020	2004	2010
304998	62	126	14	78	142	30	94	158	46	110	174	2040	2019	2147	2030	2014	1940	2041	2065	1964	2017	2013	1988
304998	62	126	14	78	142	30	94	158	46	110	174	2038	2012	2156	2046	2015	1940	2026	2060	1970	2021	2015	1997
304998	62	126	14	78	142	30	94	158	46	110	174	2038	2026	2148	2029	2008	1969	2031	2077	1986	2016	2009	2017
304998	62	126	14	78	142	30	94	158	46	110	174	2031	2052	2123	1986	2015	2001	2037	2098	2009	2018	2008	2033
304998	62	126	14	78	142	30	94	158	46	110	174	2034	2064	2106	1965	2014	2007	2038	2108	2011	2018	2005	2028
304998	62	126	14	78	142	30	94	158	46	110	174	2037	2049	2120	1980	2017	1986	2034	2092	2006	2018	2014	2022
304998	62	126	14	78	142	30	94	158	46	110	174	2037	2022	2151	2012	2019	1959	2033	2077	1979	2022	2013	2007
304998	62	126	14	78	142	30	94	158	46	110	174	2038	2014	2165	2041	2015	1946	2035	2067	1959	2021	2011	1997
304998	62	126	14	78	142	30	94	158	46	110	174	2033	2023	2155	2040	2016	1951	2039	2073	1968	2016	2011	2001
304998	62	126	14	78	142	30	94	158	46	110	174	2036	2045	2122	2011	2015	1984	2046	2088	2000	2019	2008	2016
304998	62	126	14	78	142	30	94	158	46	110	174	2034	2054	2107	1982	2017	2001	2033	2103	2019	2020	2010	2030
304998	62	126	14	78	142	30	94	158	46	110	174	2037	2053	2114	1974	2020	2003	2034	2105	2009	2021	2016	2038
304998	62	126	14	78	142	30	94	158	46	110	174	2032	2039	2142	1991	2015	1977	2034	2088	1986	2019	2004	2017
304998	62	126	14	78	142	30	94	158	46	110	174	2032	2026	2156	2030	2011	1950	2030	2060	1968	2021	2008	1995
304998	62	126	14	78	142	30	94	158	46	110	174	2042	2018	2156	2047	2013	1942	2036	2061	1974	2019	2011	1983
304998	62	126	14	78	142	30	94	158	46	110	174	2036	2023	2145	2032	2019	1962	2028	2074	1982	2017	2014	2006
304998	62	126	14	78	142	30	94	158	46	110	174	2038	2046	2121	1994	2015	1994	2036	2097	2001	2022	2013	2032
304998	62	126	14	78	142	30	94	158	46	110	174	2034	2057	2118	1969	2020	2008	2032	2104	2007	2020	2010	2044
304998	62	126	14	78	142	30	94	158	46	110	174	2031	2053	2127	1978	2010	1993	2034	2099	2006	2020	2009	2024
304998	62	126	14	78	142	30	94	158	46	110	174	2038	2032	2140	2009	2022	1956	2038	2081	1981	2022	2013	1996
304998	62	126	14	78	142	30	94	158	46	110	174	2040	2013	2159	2040	2014	1943	2043	2065	1961	2019	2015	1995
304998	62	126	14	78	142	30	94	158	46	110	174	2027	2018	2158	2040	2016	1947	2026	2064	1962	2020	2014	2001
304998	62	126	14	78	142	30	94	158	46	110	174	2028	2031	2148	2012	2015	1980	2029	2080	1996	2022	2008	2019
304998	62	126	14	78	142	30	94	158	46	110	174	2025	2056	2122	1981	2014	2001	2025	2102	2017	2020	2006	2033
304998	62	126	14	78	142	30	94	158	46	110	174	2035	2063	2106	1969	2020	2000	2046	2110	2013	2016	2008	2028
304998	62	126	14	78	142	30	94	158	46	110	174	2035	2039	2131	1995	2011	1979	2033	2088	1993	2017	2017	2016
304998	62	126	14	78	142	30	94	158	46	110	174	2038	2020	2153	2024	2016	1953	2030	2072	1968	2017	2014	2005
304998	62	126	14	78	142	30	94	158	46	110	174	2036	2010	2172	2044	2013	1943	2033	2063	1971	2019	2011	1999
304998	62	126	14	78	142	30	94	158	46	110	174	2032	2024	2148	2031	2011	1959	2031	2077	1978	2017	2007	2001
304998	62	126	14	78	142	30	94	158	46	110	174	2039	2048	2112	1997	2021	1984	2054	2098	1997	2018	2012	2015
304998	62	126	14	78	142	30	94	158	46	110	174	2035	2055	2113	1971	2017	2006	2028	2104	2016	2022	2018	2040
304998	62	126	14	78	142	30	94	158	46	110	174	2035	2054	2121	1973	2021	1995	2029	2104	2009	2021	2013	2032
304998	62	126	14	78	142	30	94	158	46	110	174	2030	2034	2155	2001	2015	1964	2028	2083	1987	2019	2008	2012
304998	62	126	14	78	142	30	94	158	46	110	174	2035	2020	2161	2034	2013	1940	2031	2063	1964	2021	2006	1985
304998	62	126	14	78	142	30	94	158	46	110	174	2037	2019	2154	2040	2022	1945	2039	2065	1961	2021	2015	1988
304998	62	126	14	78	142	30	94	158	46	110	174	2036	2034	2138	2017	2015	1978	2030	2071	1991	2016	2015	2015
304998	62	126	14	78	142	30	94	158	46	110	174	2035	2049	2115	1983	2018	2001	2034	2105	2016	2021	2010	2042
304998	62	126	14	78	142	30	94	158	46	110	174	2030	2062	2120	1965	2014	2007	2039	2105	2014	2018	2009	2031
304998	62	126	14	78	142	30	94	158	46	110	174	2032	2048	2127	1989	2018	1978	2040	2093	1995	2017	2008	2016
304998	62	126	14	78	142	30	94	158	46	110	174	2039	2022	2153	2021	2018	1958	2037	2073	1973	2017	2015	1993
304998	62	126	14	78	142	30	94	158	46	110	174	2035	2006	2169	2040	2014	1943	2022	2060	1966	2020	2019	1994
304998	62	126	14	78	142	30	94	158	46	110	174	2031	2019	2152	2033	2016	1961	2043	2074	1972	2017	2011	2005
304998	62	126	14	78	142	30	94	158	46	110	174	2026	2043	2135	1999	2013	1984	2030	2091	1998	2019	2011	2019
304998	62	126	14	78	142	30	94	158	46	110	174	2029	2064	2107	1973	2017	2005	2027	2102	2007	2017	2012	2026
304998	62	126	14	78	142	30	94	158	46	110	174	2043	2051	2120	1975	2016	2001	2033	2097	2015	2021	2015	2029
304998	62	126	14	78	142	30	94	158	46	110	174	2031	2033	2142	1999	2015	1974	2033	2087	1984	2021	2015	2018
304998	62	126	14	78	142	30	94	158	46	110	174	2036	2018	2163	2030	2013	1948	2052	2074	1965	2020	2011	2000
304998	62	126	14	78	142	30	94	158	46	110	174	2026	2018	2160	2040	2015	1944	2025	2062	1963	2021	2008	1995
304998	62	126	14	78	142	30	94	158	46	110	174	2039	2037	2131	2019	2017	1967	2033	2077	1984	2017	2014	2007
304998	62	126	14	78	142	30	94	158	46	110	174	2033	2045	2116	1988	2018	1998	2031	2100	2012	2016	2011	2030
304998	62	126	14	78	142	30	94	158	46	110	174	2032	2058	2109	1967	2014	2006	2041	2106	2015	2017	2014	2040
304998	62	126	14	78	142	30	94	158	46	110	174	2032	2049	2138	1980	2010	1993	2035	2095	1995	2019	2005	2025
304998	62	126	14	78	142	30	94	158	46	110	174	2023	2024	2145	2020	2008	1953	2024	2072	1972	2020	2006	2001
304998	62	126	14	78	142	30	94	158	46	110	174	2038	2018	2159	2042	2017	1939	2029	2063	1970	2022	2013	1985
304998	62	126	14	78	142	30	94	158	46	110	174	2031	2014	2153	2041	2015	1957	2035	2072	1972	2018	2020	2001
304998	62	126	14	78	142	30	94	158	46	110	174	2035	2039	2129	2005	2015	1986	2051	2092	1995	2018	2011	2023
304998	62	126	14	78	142	30	94	158	46	110	174	2027	2060	2117	1974	2015	2005	2034	2102	2005	2016	2010	2039
304998	62	126	14	78	142	30	94	158	46	110	174	2027	2060	2111	1967	2018	2000	2031	2103	2015	2020	2009	2025
304998	62	126	14	78	142	30	94	158	46	110	174	2033	2040	2134	1998	2019	1971	2034	2090	1994	2020	2015	2015
304998	62	126	14	78	142	30	94	158	46	110	174	2032	2018	2158	2031	2015	1949	2033	2070	1967	2021	2017	1995
304998	62	126	14	78	142	30	94	158	46	110	174	2031	2010	2166	2041	2015	1950	2033	2064	1959	2021	2014	1999
304998	62	126	14	78	142	30	94	158	46	110	174	2028	2031	2146	2022	2013	1968	2028	2072	1988	2018	2008	2006
304998	62	126	14	78	142	30	94	158	46	110	174	2034	2049	2116	1990	2013	1995	2026	2100	2007	2017	2012	2023
304998	62	126	14	78	142	30	94	158	46	110	174	2033	2059	2109	1972	2011	2010	2040	2107	2016	2020	2013	2029
304998	62	126	14	78	142	30	94	158	46	110	174	2034	2047	2125	1986	2015	1992	2044	2097	1999	2020	2015	2029
304998	62	126	14	78	142	30	94	158	46	110	174	2034	2037	2150	2008	2015	1958	2042	2078	1972	2021	2009	2006
304998	62	126	14	78	142	30	94	158	46	110	174	2035	2020	2167	2036	2015	1942	2036	2070	1970	2022	2011	1995
304998	62	126	14	78	142	30	94	158	46	110	174	2030	2020	2146	2037	2015	1946	2031	2066	1971	2021	2013	1992
304998	62	126	14	78	142	30	94	158	46	110	174	2034	2031	2139	2012	2020	1976	2027	2083	1994	2019	2019	2020
304998	62	126	14	78	142	30	94	158	46	110	174	2027	2049	2120	1978	2021	2001	2028	2095	2008	2017	2018	2037
304998	62	126	14	78	142	30	94	158	46	110	174	2036	2056	2122	1969	2015	2006	2031	2103	2017	2020	2011	2039
304998	62	126	14	78	142	30	94	158	46	110	174	2031	2045	2131	1990	2009	1976	2026	2094	1992	2017	2006	2014
304998	62	126	14	78	142	30	94	158	46	110	174	2037	2017	2150	2029	2011	1947	2033	2074	1971	2023	2009	1992
304998	62	126	14	78	142	30	94	158	46	110	174	2033	2013	2163	2039	2015	1939	2029	2064	1961	2017	2021	1994
304998	62	126	14	78	142	30	94	158	46	110	174	2037	2023	2149	2024	2014	1965	2037	2067	1982	2019	2014	2010
304998	62	126	14	78	142	30	94	158	46	110	174	2027	2049	2123	1995	2014	1993	2029	2093	2004	2022	2011	2030
304998	62	126	14	78	142	30	94	158	46	110	174	2032	2063	2106	1972	2010	2006	2037	2106	2013	2021	2009	2030
304998	62	126	14	78	142	30	94	158	46	110	174	2034	2049	2121	1983	2015	1995	2035	2098	2003	2018	2018	2020
304998	62	126	14	78	142	30	94	158	46	110	174	2031	2027	2145	2007	2017	1960	2037	2078	1984	2022	2015	2012
304998	62	126	14	78	142	30	94	158	46	110	174	2028	2014	2172	2035	2006	1946	2028	2066	1965	2017	2015	1999
304998	62	126	14	78	142	30	94	158	46	110	174	2025	2019	2155	2037	2015	1951	2028	2068	1964	2019	2010	1994
304998	62	126	14	78	142	30	94	158	46	110	174	2033	2031	2129	2015	2008	1975	2036	2084	1987	2018	2008	2010
304998	62	126	14	78	142	30	94	158	46	110	174	2032	2046	2116	1985	2011	2000	2037	2100	2011	2020	2016	2027
304998	62	126	14	78	142	30	94	158	46	110	174	2035	2054	2110	1973	2021	2000	2042	2108	2020	2017	2015	2039
304998	62	126	14	78	142	30	94	158	46	110	174	2027	2044	2141	1990	2015	1984	2025	2091	1993	2020	2011	2022
304998	62	126	14	78	142	30	94	158	46	110	174	2032	2029	2149	2020	2015	1951	2033	2076	1966	2020	2009	2001
304998	62	126	14	78	142	30	94	158	46	110	174	2027	2014	2164	2043	2004	1946	2028	2059	1963	2019	2014	1987
304998	62	126	14	78	142	30	94	158	46	110	174	2032	2015	2149	2030	2017	1957	2031	2065	1986	2021	2017	2005
304998	62	126	14	78	142	30	94	158	46	110	174	2032	2044	2129	1999	2014	1986	2035	2091	2004	2022	2017	2031
304998	62	126	14	78	142	30	94	158	46	110	174	2024	2059	2119	1974	2011	2007	2028	2107	2017	2016	2009	2037
304998	62	126	14	78	142	30	94	158	46	110	174	2035	2063	2109	1972	2015	2001	2035	2103	2008	2021	2011	2023
304998	62	126	14	78	142	30	94	158	46	110	174	2035	2034	2139	2008	2003	1971	2028	2079	1987	2017	2018	2002
304998	62	126	14	78	142	30	94	158	46	110	174	2031	2013	2165	2035	2011	1942	2025	2063	1968	2018	2016	1999
304998	62	126	14	78	142	30	94	158	46	110	174	2033	2015	2166	2042	2010	1952	2036	2070	1969	2022	2012	2001
304998	62	126	14	78	142	30	94	158	46	110	174	2031	2038	2144	2018	2018	1974	2026	2081	1983	2020	2013	2013
