304998	62	126	14	78	142	30	94	158	46	110	174	2039	2022	2153	2021	2018	1958	2037	2073	1973	2017	2015	1993
304998	62	126	14	78	142	30	94	158	46	110	174	2035	2006	2169	2040	2014	1943	2022	2060	1966	2020	2019	1994
304998	62	126	14	78	142	30	94	158	46	110	174	2031	2019	2152	2033	2016	1961	2043	2074	1972	2017	2011	2005
304998	62	126	14	78	142	30	94	158	46	110	174	2026	2043	2135	1999	2013	1984	2030	2091	1998	2019	2011	2019
304998	62	126	14	78	142	30	94	158	46	110	174	2029	2064	2107	1973	2017	2005	2027	2102	2007	2017	2012	2026
304998	62	126	14	78	142	30	94	158	46	110	174	2043	2051	2120	1975	2016	2001	2033	2097	2015	2021	2015	2029
304998	62	126	14	78	142	30	94	158	46	110	174	2031	2033	2142	1999	2015	1974	2033	2087	1984	2021	2015	2018
304998	62	126	14	78	142	30	94	158	46	110	174	2036	2018	2163	2030	2013	1948	2052	2074	1965	2020	2011	2000
304998	62	126	14	78	142	30	94	158	46	110	174	2026	2018	2160	2040	2015	1944	2025	2062	1963	2021	2008	1995
304998	62	126	14	78	142	30	94	158	46	110	174	2039	2037	2131	2019	2017	1967	2033	2077	1984	2017	2014	2007
304998	62	126	14	78	142	30	94	158	46	110	174	2033	2045	2116	1988	2018	1998	2031	2100	2012	2016	2011	2030
304998	62	126	14	78	142	30	94	158	46	110	174	2032	2058	2109	1967	2014	2006	2041	2106	2015	2017	2014	2040
304998	62	126	14	78	142	30	94	158	46	110	174	2032	2049	2138	1980	2010	1993	2035	2095	1995	2019	2005	2025
304998	62	126	14	78	142	30	94	158	46	110	174	2023	2024	2145	2020	2008	1953	2024	2072	1972	2020	2006	2001
304998	62	126	14	78	142	30	94	158	46	110	174	2038	2018	2159	2042	2017	1939	2029	2063	1970	2022	2013	1985
304998	62	126	14	78	142	30	94	158	46	110	174	2031	2014	2153	2041	2015	1957	2035	2072	1972	2018	2020	2001
304998	62	126	14	78	142	30	94	158	46	110	174	2035	2039	2129	2005	2015	1986	2051	2092	1995	2018	2011	2023
304998	62	126	14	78	142	30	94	158	46	110	174	2027	2060	2117	1974	2015	2005	2034	2102	2005	2016	2010	2039
304998	62	126	14	78	142	30	94	158	46	110	174	2027	2060	2111	1967	2018	2000	2031	2103	2015	2020	2009	2025
304998	62	126	14	78	142	30	94	158	46	110	174	2033	2040	2134	1998	2019	1971	2034	2090	1994	2020	2015	2015
304998	62	126	14	78	142	30	94	158	46	110	174	2032	2018	2158	2031	2015	1949	2033	2070	1967	2021	2017	1995
304998	62	126	14	78	142	30	94	158	46	110	174	2031	2010	2166	2041	2015	1950	2033	2064	1959	2021	2014	1999
304998	62	126	14	78	142	30	94	158	46	110	174	2028	2031	2146	2022	2013	1968	2028	2072	1988	2018	2008	2006
304998	62	126	14	78	142	30	94	158	46	110	174	2034	2049	2116	1990	2013	1995	2026	2100	2007	2017	2012	2023
304998	62	126	14	78	142	30	94	158	46	110	174	2033	2059	2109	1972	2011	2010	2040	2107	2016	2020	2013	2029
304998	62	126	14	78	142	30	94	158	46	110	174	2034	2047	2125	1986	2015	1992	2044	2097	1999	2020	2015	2029
304998	62	126	14	78	142	30	94	158	46	110	174	2034	2037	2150	2008	2015	1958	2042	2078	1972	2021	2009	2006
304998	62	126	14	78	142	30	94	158	46	110	174	2035	2020	2167	2036	2015	1942	2036	2070	1970	2022	2011	1995
304998	62	126	14	78	142	30	94	158	46	110	174	2030	2020	2146	2037	2015	1946	2031	2066	1971	2021	2013	1992
304998	62	126	14	78	142	30	94	158	46	110	174	2034	2031	2139	2012	2020	1976	2027	2083	1994	2019	2019	2020
304998	62	126	14	78	142	30	94	158	46	110	174	2027	2049	2120	1978	2021	2001	2028	2095	2008	2017	2018	2037
304998	62	126	14	78	142	30	94	158	46	110	174	2036	2056	2122	1969	2015	2006	2031	2103	2017	2020	2011	2039
304998	62	126	14	78	142	30	94	158	46	110	174	2031	2045	2131	1990	2009	1976	2026	2094	1992	2017	2006	2014
304998	62	126	14	78	142	30	94	158	46	110	174	2037	2017	2150	2029	2011	1947	2033	2074	1971	2023	2009	1992
304998	62	126	14	78	142	30	94	158	46	110	174	2033	2013	2163	2039	2015	1939	2029	2064	1961	2017	2021	1994
304998	62	126	14	78	142	30	94	158	46	110	174	2037	2023	2149	2024	2014	1965	2037	2067	1982	2019	2014	2010
304998	62	126	14	78	142	30	94	158	46	110	174	2027	2049	2123	1995	2014	1993	2029	2093	2004	2022	2011	2030
304998	62	126	14	78	142	30	94	158	46	110	174	2032	2063	2106	1972	2010	2006	2037	2106	2013	2021	2009	2030
304998	62	126	14	78	142	30	94	158	46	110	174	2034	2049	2121	1983	2015	1995	2035	2098	2003	2018	2018	2020
304998	62	126	14	78	142	30	94	158	46	110	174	2031	2027	2145	2007	2017	1960	2037	2078	1984	2022	2015	2012
304998	62	126	14	78	142	30	94	158	46	110	174	2028	2014	2172	2035	2006	1946	2028	2066	1965	2017	2015	1999
304998	62	126	14	78	142	30	94	158	46	110	174	2025	2019	2155	2037	2015	1951	2028	2068	1964	2019	2010	1994
304998	62	126	14	78	142	30	94	158	46	110	174	2033	2031	2129	2015	2008	1975	2036	2084	1987	2018	2008	2010
304998	62	126	14	78	142	30	94	158	46	110	174	2032	2046	2116	1985	2011	2000	2037	2100	2011	2020	2016	2027
304998	62	126	14	78	142	30	94	158	46	110	174	2035	2054	2110	1973	2021	2000	2042	2108	2020	2017	2015	2039
304998	62	126	14	78	142	30	94	158	46	110	174	2027	2044	2141	1990	2015	1984	2025	2091	1993	2020	2011	2022
304998	62	126	14	78	142	30	94	158	46	110	174	2032	2029	2149	2020	2015	1951	2033	2076	1966	2020	2009	2001
304998	62	126	14	78	142	30	94	158	46	110	174	2027	2014	2164	2043	2004	1946	2028	2059	1963	2019	2014	1987
304998	62	126	14	78	142	30	94	158	46	110	174	2032	2015	2149	2030	2017	1957	2031	2065	1986	2021	2017	2005
304998	62	126	14	78	142	30	94	158	46	110	174	2032	2044	2129	1999	2014	1986	2035	2091	2004	2022	2017	2031
304998	62	126	14	78	142	30	94	158	46	110	174	2024	2059	2119	1974	2011	2007	2028	2107	2017	2016	2009	2037
304998	62	126	14	78	142	30	94	158	46	110	174	2035	2063	2109	1972	2015	2001	2035	2103	2008	2021	2011	2023
304998	62	126	14	78	142	30	94	158	46	110	174	2035	2034	2139	2008	2003	1971	2028	2079	1987	2017	2018	2002
304998	62	126	14	78	142	30	94	158	46	110	174	2031	2013	2165	2035	2011	1942	2025	2063	1968	2018	2016	1999
304998	62	126	14	78	142	30	94	158	46	110	174	2033	2015	2166	2042	2010	1952	2036	2070	1969	2022	2012	2001
304998	62	126	14	78	142	30	94	158	46	110	174	2031	2038	2144	2018	2018	1974	2026	2081	1983	2020	2013	2013
304998	62	126	14	78	142	30	94	158	46	110	174	2037	2056	2108	1987	2013	2001	2045	2101	2012	2019	2011	2022
304998	62	126	14	78	142	30	94	158	46	110	174	2024	2048	2118	1967	2013	2007	2028	2102	2020	2017	2015	2028
304998	62	126	14	78	142	30	94	158	46	110	174	2030	2040	2127	1987	2015	1984	2034	2097	1996	2017	2016	2025
304998	62	126	14	78	142	30	94	158	46	110	174	2037	2028	2155	2018	2011	1958	2034	2079	1972	2020	2014	2005
304998	62	126	14	78	142	30	94	158	46	110	174	2029	2019	2157	2039	2018	1946	2031	2057	1961	2021	2013	1995
304998	62	126	14	78	142	30	94	158	46	110	174	2033	2018	2138	2033	2006	1959	2035	2065	1982	2019	2009	1997
304998	62	126	14	78	142	30	94	158	46	110	174	2022	2031	2142	2005	2011	1985	2024	2087	2001	2021	2017	2017
304998	62	126	14	78	142	30	94	158	46	110	174	2034	2056	2116	1976	2017	2001	2033	2104	2010	2017	2012	2043
304998	62	126	14	78	142	30	94	158	46	110	174	2033	2054	2127	1977	2012	2001	2034	2101	2007	2018	2013	2035
304998	62	126	14	78	142	30	94	158	46	110	174	2036	2044	2129	2002	2010	1975	2041	2082	1984	2018	2006	2012
304998	62	126	14	78	142	30	94	158	46	110	174	2037	2018	2150	2032	2008	1951	2033	2071	1971	2019	2014	1993
304998	62	126	14	78	142	30	94	158	46	110	174	2026	2005	2165	2042	2011	1940	2021	2060	1966	2022	2017	1994
304998	62	126	14	78	142	30	94	158	46	110	174	2032	2030	2148	2021	2013	1969	2033	2076	1987	2022	2018	2018
304998	62	126	14	78	142	30	94	158	46	110	174	2025	2049	2123	1988	2016	1992	2029	2096	2005	2021	2008	2030
304998	62	126	14	78	142	30	94	158	46	110	174	2033	2058	2104	1973	2011	2014	2036	2107	2017	2021	2008	2030
304998	62	126	14	78	142	30	94	158	46	110	174	2034	2040	2131	1979	2009	1988	2027	2100	1999	2022	2014	2016
304998	62	126	14	78	142	30	94	158	46	110	174	2031	2025	2151	2014	2014	1959	2031	2076	1980	2022	2015	2009
304998	62	126	14	78	142	30	94	158	46	110	174	2031	2013	2166	2040	2016	1942	2039	2061	1963	2018	2017	2000
304998	62	126	14	78	142	30	94	158	46	110	174	2029	2021	2149	2032	2014	1952	2031	2063	1972	2021	2013	2003
304998	62	126	14	78	142	30	94	158	46	110	174	2036	2036	2127	2008	2006	1987	2029	2088	1997	2017	2009	2009
304998	62	126	14	78	142	30	94	158	46	110	174	2025	2045	2120	1979	2012	2001	2035	2105	2009	2021	2015	2026
304998	62	126	14	78	142	30	94	158	46	110	174	2033	2057	2125	1972	2017	1996	2030	2104	2009	2021	2015	2037
304998	62	126	14	78	142	30	94	158	46	110	174	2025	2044	2139	1998	2014	1970	2031	2081	1993	2017	2013	2016
304998	62	126	14	78	142	30	94	158	46	110	174	2037	2024	2150	2028	2017	1948	2023	2064	1975	2018	2008	1996
304998	62	126	14	78	142	30	94	158	46	110	174	2035	2010	2157	2047	1998	1954	2025	2066	1965	2017	2013	1987
304998	62	126	14	78	142	30	94	158	46	110	174	2026	2019	2149	2028	2014	1967	2024	2074	1983	2021	2016	2007
304998	62	126	14	78	142	30	94	158	46	110	174	2028	2048	2125	1993	2010	1994	2030	2090	2003	2021	2014	2033
304998	62	126	14	78	142	30	94	158	46	110	174	2027	2059	2114	1974	2017	2008	2025	2102	2020	2022	2010	2037
304998	62	126	14	78	142	30	94	158	46	110	174	2037	2051	2111	1983	2012	1987	2033	2102	2004	2020	2005	2024
304998	62	126	14	78	142	30	94	158	46	110	174	2036	2027	2140	2010	2013	1962	2046	2084	1977	2019	2015	2000
304998	62	126	14	78	142	30	94	158	46	110	174	2026	2009	2164	2041	2010	1938	2025	2061	1959	2020	2015	1997
304998	62	126	14	78	142	30	94	158	46	110	174	2028	2021	2154	2043	2015	1946	2028	2061	1969	2017	2013	2008
304998	62	126	14	78	142	30	94	158	46	110	174	2028	2036	2133	2015	2013	1979	2027	2081	1994	2019	2008	2013
304998	62	126	14	78	142	30	94	158	46	110	174	2036	2048	2109	1982	2014	2009	2038	2103	2012	2016	2013	2024
304998	62	126	14	78	142	30	94	158	46	110	174	2028	2049	2121	1974	2014	2002	2034	2108	2007	2019	2018	2026
304998	62	126	14	78	142	30	94	158	46	110	174	2027	2042	2139	1991	2013	1979	2026	2085	1991	2016	2015	2019
304998	62	126	14	78	142	30	94	158	46	110	174	2028	2026	2155	2024	2015	1946	2036	2069	1982	2018	2013	2008
304998	62	126	14	78	142	30	94	158	46	110	174	2033	2015	2154	2045	2016	1940	2030	2061	1965	2016	2008	1994
304998	62	126	14	78	142	30	94	158	46	110	174	2037	2020	2147	2031	2006	1966	2031	2074	1971	2023	2016	1999
304998	62	126	14	78	142	30	94	158	46	110	174	2028	2042	2133	1996	2015	1988	2034	2089	2001	2021	2020	2029
304998	62	126	14	78	142	30	94	158	46	110	174	2027	2059	2118	1975	2008	2010	2035	2101	2019	2018	2014	2039
304998	62	126	14	78	142	30	94	158	46	110	174	2035	2058	2112	1979	2018	1988	2039	2101	2007	2018	2010	2029
304998	62	126	14	78	142	30	94	158	46	110	174	2034	2029	2135	2013	2011	1970	2028	2084	1984	2018	2008	2003
304998	62	126	14	78	142	30	94	158	46	110	174	2036	2013	2156	2035	2011	1947	2029	2065	1961	2019	2015	1991
304998	62	126	14	78	142	30	94	158	46	110	174	2037	2018	2163	2036	2013	1950	2039	2056	1969	2020	2015	2003
304998	62	126	14	78	142	30	94	158	46	110	174	2035	2039	2138	2017	2018	1973	2036	2080	1994	2020	2012	2017
304998	62	126	14	78	142	30	94	158	46	110	174	2034	2055	2107	1986	2020	1997	2044	2103	2002	2020	2010	2026
304998	62	126	14	78	142	30	94	158	46	110	174	2031	2051	2114	1975	2011	2002	2033	2105	2004	2018	2011	2027
304998	62	126	14	78	142	30	94	158	46	110	174	2031	2040	2132	1989	2019	1984	2042	2092	1992	2016	2018	2021
304998	62	126	14	78	142	30	94	158	46	110	174	2035	2025	2159	2020	2011	1954	2047	2074	1982	2020	2014	2006
304998	62	126	14	78	142	30	94	158	46	110	174	2036	2020	2157	2040	2018	1938	2037	2068	1963	2023	2008	1997
304998	62	126	14	78	142	30	94	158	46	110	174	2039	2025	2139	2031	2020	1956	2040	2074	1966	2019	2010	1994
304998	62	126	14	78	142	30	94	158	46	110	174	2031	2039	2124	2001	2018	1989	2028	2086	1996	2018	2013	2014
304998	62	126	14	78	142	30	94	158	46	110	174	2035	2058	2117	1977	2015	2006	2044	2102	2016	2022	2017	2040
304998	62	126	14	78	142	30	94	158	46	110	174	2029	2057	2127	1975	2017	1992	2036	2107	2005	2018	2010	2035
304998	62	126	14	78	142	30	94	158	46	110	174	2038	2042	2131	1998	2023	1964	2048	2088	1979	2017	2009	2003
304998	62	126	14	78	142	30	94	158	46	110	174	2036	2013	2151	2038	2010	1955	2032	2065	1961	2019	2009	1989
304998	62	126	14	78	142	30	94	158	46	110	174	2038	2011	2158	2039	2020	1949	2030	2058	1972	2019	2013	2000
304998	62	126	14	78	142	30	94	158	46	110	174	2033	2033	2146	2016	2009	1977	2033	2082	1987	2022	2010	2013
304998	62	126	14	78	142	30	94	158	46	110	174	2038	2052	2117	1989	2016	1996	2033	2102	2007	2018	2008	2031
304998	62	126	14	78	142	30	94	158	46	110	174	2035	2064	2102	1975	2017	2004	2052	2112	2013	2022	2008	2029
304998	62	126	14	78	142	30	94	158	46	110	174	2033	2039	2124	1991	2010	1982	2031	2091	2001	2022	2018	2016
304998	62	126	14	78	142	30	94	158	46	110	174	2035	2025	2150	2014	2019	1960	2033	2077	1979	2016	2010	2006
304998	62	126	14	78	142	30	94	158	46	110	174	2036	2016	2163	2042	2008	1948	2040	2067	1960	2019	2011	1996
304998	62	126	14	78	142	30	94	158	46	110	174	2043	2027	2145	2035	2021	1953	2041	2070	1967	2020	2007	1999
304998	62	126	14	78	142	30	94	158	46	110	174	2039	2039	2117	2008	2016	1984	2041	2088	1992	2018	2011	2017
304998	62	126	14	78	142	30	94	158	46	110	174	2036	2050	2112	1986	2012	2001	2039	2105	2020	2022	2012	2036
304998	62	126	14	78	142	30	94	158	46	110	174	2034	2052	2122	1976	2015	2003	2038	2103	2008	2020	2012	2034
304998	62	126	14	78	142	30	94	158	46	110	174	2034	2039	2139	2003	2013	1974	2039	2084	1986	2017	2009	2013
304998	62	126	14	78	142	30	94	158	46	110	174	2041	2025	2148	2034	2015	1943	2039	2066	1965	2020	2006	1994
304998	62	126	14	78	142	30	94	158	46	110	174	2043	2013	2150	2042	2020	1945	2047	2062	1968	2020	2013	1990
304998	62	126	14	78	142	30	94	158	46	110	174	2035	2024	2146	2031	2013	1968	2029	2074	1984	2021	2011	2013
304998	62	126	14	78	142	30	94	158	46	110	174	2035	2045	2126	1995	2018	2000	2034	2096	1997	2016	2008	2031
304998	62	126	14	78	142	30	94	158	46	110	174	2028	2058	2119	1975	2007	2004	2034	2103	2011	2020	2010	2030
304998	62	126	14	78	142	30	94	158	46	110	174	2036	2054	2118	1987	2019	1983	2036	2099	2002	2020	2011	2013
304998	62	126	14	78	142	30	94	158	46	110	174	2041	2030	2139	2014	2013	1962	2043	2078	1979	2017	2015	2011
304998	62	126	14	78	142	30	94	158	46	110	174	2045	2018	2158	2036	2020	1948	2042	2061	1969	2022	2011	1999
304998	62	126	14	78	142	30	94	158	46	110	174	2040	2020	2157	2038	2012	1953	2045	2064	1969	2022	2004	1996
304998	62	126	14	78	142	30	94	158	46	110	174	2036	2039	2129	2011	2015	1979	2038	2081	1999	2018	2008	2013
304998	62	126	14	78	142	30	94	158	46	110	174	2038	2059	2109	1984	2019	1994	2049	2102	2008	2022	2018	2028
304998	62	126	14	78	142	30	94	158	46	110	174	2038	2050	2107	1981	2014	1996	2041	2105	2006	2021	2009	2036
304998	62	126	14	78	142	30	94	158	46	110	174	2038	2036	2137	1993	2020	1977	2047	2087	1987	2017	2007	2025
304998	62	126	14	78	142	30	94	158	46	110	174	2039	2027	2159	2028	2018	1952	2043	2066	1970	2016	2000	1995
304998	62	126	14	78	142	30	94	158	46	110	174	2039	2022	2156	2042	2015	1948	2039	2063	1969	2016	2009	1987
304998	62	126	14	78	142	30	94	158	46	110	174	2044	2030	2137	2022	2025	1960	2039	2072	1977	2017	2013	2007
304998	62	126	14	78	142	30	94	158	46	110	174	2039	2043	2118	2004	2014	1992	2038	2095	1996	2018	2011	2029
304998	62	126	14	78	142	30	94	158	46	110	174	2034	2053	2113	1974	2019	2005	2033	2103	2009	2017	2009	2040
304998	62	126	14	78	142	30	94	158	46	110	174	2035	2048	2126	1984	2006	1990	2028	2100	2003	2017	2003	2016
304998	62	126	14	78	142	30	94	158	46	110	174	2043	2035	2144	2010	2023	1961	2037	2074	1978	2020	2013	2001
304998	62	126	14	78	142	30	94	158	46	110	174	2042	2019	2148	2034	2027	1948	2043	2068	1959	2021	2008	2000
304998	62	126	14	78	142	30	94	158	46	110	174	2045	2018	2149	2037	2023	1946	2039	2059	1971	2021	2007	2002
304998	62	126	14	78	142	30	94	158	46	110	174	2045	2035	2139	2013	2020	1976	2038	2089	1991	2017	2007	2016
304998	62	126	14	78	142	30	94	158	46	110	174	2034	2049	2121	1985	2012	1996	2036	2105	2004	2017	2010	2025
304998	62	126	14	78	142	30	94	158	46	110	174	2034	2058	2114	1974	2020	1995	2036	2105	2005	2018	2017	2031
304998	62	126	14	78	142	30	94	158	46	110	174	2042	2045	2123	1990	2013	1983	2040	2086	1991	2017	2008	2020
304998	62	126	14	78	142	30	94	158	46	110	174	2039	2019	2148	2022	2023	1951	2035	2074	1974	2017	2003	2001
304998	62	126	14	78	142	30	94	158	46	110	174	2049	2013	2155	2038	2024	1944	2042	2066	1963	2016	2000	1988
304998	62	126	14	78	142	30	94	158	46	110	174	2039	2021	2149	2031	2017	1961	2039	2073	1975	2019	2008	2002
304998	62	126	14	78	142	30	94	158	46	110	174	2034	2043	2124	2005	2018	1983	2033	2079	2003	2019	2014	2025
304998	62	126	14	78	142	30	94	158	46	110	174	2035	2054	2109	1982	2014	2004	2033	2105	2015	2021	2011	2034
304998	62	126	14	78	142	30	94	158	46	110	174	2032	2044	2119	1979	2015	1994	2031	2100	2005	2017	2007	2028
304998	62	126	14	78	142	30	94	158	46	110	174	2039	2034	2139	2001	2019	1966	2047	2083	1979	2021	2008	2000
304998	62	126	14	78	142	30	94	158	46	110	174	2037	2014	2165	2035	2020	1942	2033	2059	1972	2019	2009	1994
304998	62	126	14	78	142	30	94	158	46	110	174	2041	2023	2155	2044	2026	1942	2039	2066	1976	2017	2010	2005
