304998	62	126	14	78	142	30	94	158	46	110	174	2039	2020	2141	2021	2022	1954	2038	2074	1966	2016	2014	2005
304998	62	126	14	78	142	30	94	158	46	110	174	2037	2009	2159	2042	2016	1941	2034	2058	1966	2021	2014	1995
304998	62	126	14	78	142	30	94	158	46	110	174	2033	2020	2154	2030	2016	1956	2037	2067	1977	2020	2008	2013
304998	62	126	14	78	142	30	94	158	46	110	174	2037	2041	2134	2008	2015	1981	2047	2080	2005	2018	2012	2014
304998	62	126	14	78	142	30	94	158	46	110	174	2030	2057	2112	1983	2013	2001	2024	2100	2011	2016	2014	2024
304998	62	126	14	78	142	30	94	158	46	110	174	2034	2046	2113	1986	2015	1991	2028	2094	1997	2017	2016	2026
304998	62	126	14	78	142	30	94	158	46	110	174	2032	2025	2148	2008	2015	1966	2026	2069	1981	2020	2018	2013
304998	62	126	14	78	142	30	94	158	46	110	174	2039	2011	2158	2034	2020	1945	2036	2061	1970	2016	2010	1995
304998	62	126	14	78	142	30	94	158	46	110	174	2039	2015	2159	2039	2020	1950	2041	2066	1971	2020	2006	1991
304998	62	126	14	78	142	30	94	158	46	110	174	2035	2034	2133	2020	2020	1970	2041	2077	1988	2017	2013	2009
304998	62	126	14	78	142	30	94	158	46	110	174	2034	2045	2113	1997	2009	1998	2039	2091	2005	2021	2021	2025
304998	62	126	14	78	142	30	94	158	46	110	174	2031	2045	2117	1980	2011	1995	2029	2094	2009	2019	2016	2038
304998	62	126	14	78	142	30	94	158	46	110	174	2029	2037	2130	1997	2011	1979	2025	2085	1996	2018	2010	2018
304998	62	126	14	78	142	30	94	158	46	110	174	2033	2020	2158	2024	2018	1953	2033	2073	1974	2022	2009	1995
304998	62	126	14	78	142	30	94	158	46	110	174	2034	2020	2163	2038	2025	1941	2036	2060	1962	2019	2007	1991
304998	62	126	14	78	142	30	94	158	46	110	174	2039	2023	2140	2035	2013	1961	2047	2068	1976	2017	2016	2003
304998	62	126	14	78	142	30	94	158	46	110	174	2034	2028	2123	2005	2013	1980	2030	2080	1999	2019	2015	2024
304998	62	126	14	78	142	30	94	158	46	110	174	2029	2045	2119	1985	2009	2000	2029	2099	2009	2017	2011	2032
304998	62	126	14	78	142	30	94	158	46	110	174	2026	2046	2133	1989	2012	1989	2027	2094	2002	2023	2010	2024
304998	62	126	14	78	142	30	94	158	46	110	174	2032	2037	2140	2008	2016	1969	2031	2078	1982	2021	2017	1999
304998	62	126	14	78	142	30	94	158	46	110	174	2039	2022	2152	2035	2014	1954	2034	2060	1974	2016	2014	1997
304998	62	126	14	78	142	30	94	158	46	110	174	2041	2017	2150	2036	2020	1946	2038	2062	1970	2016	2013	2003
304998	62	126	14	78	142	30	94	158	46	110	174	2039	2025	2141	2024	2010	1965	2039	2072	1986	2021	2010	2013
304998	62	126	14	78	142	30	94	158	46	110	174	2027	2039	2126	2002	2009	1990	2031	2088	2002	2022	2009	2019
304998	62	126	14	78	142	30	94	158	46	110	174	2028	2049	2120	1986	2015	2002	2020	2092	2014	2021	2016	2025
304998	62	126	14	78	142	30	94	158	46	110	174	2034	2043	2121	1996	2005	1989	2025	2092	2000	2020	2017	2020
304998	62	126	14	78	142	30	94	158	46	110	174	2041	2020	2152	2018	2017	1955	2032	2067	1976	2018	2015	2008
304998	62	126	14	78	142	30	94	158	46	110	174	2039	2015	2157	2035	2020	1937	2038	2066	1960	2019	2010	1996
304998	62	126	14	78	142	30	94	158	46	110	174	2035	2021	2153	2032	2019	1949	2039	2059	1971	2017	2009	1995
304998	62	126	14	78	142	30	94	158	46	110	174	2033	2041	2134	2013	2016	1979	2028	2079	1997	2019	2016	2015
304998	62	126	14	78	142	30	94	158	46	110	174	2035	2051	2111	1991	2012	2001	2028	2100	2008	2018	2018	2030
304998	62	126	14	78	142	30	94	158	46	110	174	2024	2040	2126	1984	2011	1997	2027	2093	2008	2018	2016	2036
304998	62	126	14	78	142	30	94	158	46	110	174	2034	2033	2134	2002	2018	1968	2034	2078	1984	2016	2008	2013
304998	62	126	14	78	142	30	94	158	46	110	174	2033	2020	2159	2026	2018	1946	2039	2065	1972	2020	2008	1993
304998	62	126	14	78	142	30	94	158	46	110	174	2028	2012	2164	2040	2022	1944	2029	2056	1966	2020	2011	1991
304998	62	126	14	78	142	30	94	158	46	110	174	2038	2033	2137	2027	2018	1968	2033	2077	1972	2017	2017	2008
304998	62	126	14	78	142	30	94	158	46	110	174	2030	2031	2125	1997	2018	1993	2028	2085	1997	2017	2014	2030
304998	62	126	14	78	142	30	94	158	46	110	174	2022	2042	2119	1984	2008	2003	2020	2090	2019	2022	2016	2032
304998	62	126	14	78	142	30	94	158	46	110	174	2032	2037	2130	1989	2013	1984	2034	2091	2003	2019	2014	2015
304998	62	126	14	78	142	30	94	158	46	110	174	2029	2024	2153	2016	2021	1957	2026	2073	1977	2021	2015	1999
304998	62	126	14	78	142	30	94	158	46	110	174	2034	2026	2153	2034	2021	1943	2029	2060	1959	2019	2018	1998
304998	62	126	14	78	142	30	94	158	46	110	174	2039	2020	2148	2033	2020	1957	2032	2055	1971	2022	2011	2007
304998	62	126	14	78	142	30	94	158	46	110	174	2034	2026	2138	2015	2010	1976	2021	2080	1998	2017	2011	2014
304998	62	126	14	78	142	30	94	158	46	110	174	2032	2045	2125	1989	2015	1996	2031	2093	2007	2018	2014	2021
304998	62	126	14	78	142	30	94	158	46	110	174	2027	2046	2131	1984	2015	1999	2023	2097	2007	2019	2020	2025
304998	62	126	14	78	142	30	94	158	46	110	174	2034	2043	2128	2001	2013	1977	2034	2086	1987	2022	2023	2018
304998	62	126	14	78	142	30	94	158	46	110	174	2033	2025	2152	2020	2021	1952	2027	2064	1974	2022	2013	2004
304998	62	126	14	78	142	30	94	158	46	110	174	2036	2014	2155	2037	2020	1938	2029	2059	1965	2019	2009	1990
304998	62	126	14	78	142	30	94	158	46	110	174	2037	2021	2147	2025	2016	1960	2033	2069	1977	2020	2010	1998
304998	62	126	14	78	142	30	94	158	46	110	174	2026	2041	2129	2001	2014	1983	2020	2084	1996	2019	2016	2023
304998	62	126	14	78	142	30	94	158	46	110	174	2027	2052	2114	1985	2017	2004	2022	2091	2015	2020	2018	2037
304998	62	126	14	78	142	30	94	158	46	110	174	2030	2042	2114	1990	2010	1992	2023	2092	2006	2017	2015	2032
304998	62	126	14	78	142	30	94	158	46	110	174	2033	2022	2146	2010	2015	1962	2027	2074	1981	2021	2008	2004
304998	62	126	14	78	142	30	94	158	46	110	174	2033	2017	2162	2035	2018	1944	2025	2064	1962	2023	2008	1994
304998	62	126	14	78	142	30	94	158	46	110	174	2035	2019	2159	2033	2016	1945	2033	2057	1969	2018	2016	1995
304998	62	126	14	78	142	30	94	158	46	110	174	2033	2036	2138	2016	2013	1973	2026	2074	1999	2020	2015	2018
304998	62	126	14	78	142	30	94	158	46	110	174	2034	2045	2110	1993	2008	1999	2022	2097	2004	2022	2014	2034
304998	62	126	14	78	142	30	94	158	46	110	174	2028	2043	2109	1983	2010	2000	2020	2096	2009	2020	2013	2030
304998	62	126	14	78	142	30	94	158	46	110	174	2029	2035	2134	2001	2011	1979	2024	2081	1991	2019	2017	2014
304998	62	126	14	78	142	30	94	158	46	110	174	2032	2023	2155	2021	2016	1947	2026	2065	1980	2017	2018	1993
304998	62	126	14	78	142	30	94	158	46	110	174	2034	2023	2155	2041	2018	1936	2035	2065	1966	2017	2016	1995
304998	62	126	14	78	142	30	94	158	46	110	174	2036	2023	2140	2030	2016	1954	2027	2067	1973	2020	2015	2010
304998	62	126	14	78	142	30	94	158	46	110	174	2035	2032	2122	2006	2014	1985	2031	2084	1994	2018	2014	2023
304998	62	126	14	78	142	30	94	158	46	110	174	2033	2045	2119	1985	2011	1999	2028	2092	2014	2020	2017	2028
304998	62	126	14	78	142	30	94	158	46	110	174	2027	2049	2125	1991	2011	1992	2020	2094	2006	2021	2021	2021
304998	62	126	14	78	142	30	94	158	46	110	174	2032	2042	2143	2011	2015	1965	2028	2080	1981	2017	2020	2016
304998	62	126	14	78	142	30	94	158	46	110	174	2035	2021	2151	2030	2017	1946	2029	2065	1964	2022	2014	2001
304998	62	126	14	78	142	30	94	158	46	110	174	2033	2019	2150	2040	2018	1946	2028	2062	1965	2020	2011	1996
304998	62	126	14	78	142	30	94	158	46	110	174	2031	2028	2143	2015	2017	1969	2023	2073	1995	2017	2013	2006
304998	62	126	14	78	142	30	94	158	46	110	174	2025	2042	2127	1995	2008	1997	2027	2093	2010	2022	2021	2023
304998	62	126	14	78	142	30	94	158	46	110	174	2028	2051	2117	1985	2010	1995	2022	2097	2009	2017	2020	2039
304998	62	126	14	78	142	30	94	158	46	110	174	2028	2041	2125	1997	2011	1985	2028	2084	1995	2017	2016	2026
304998	62	126	14	78	142	30	94	158	46	110	174	2032	2024	2144	2019	2016	1953	2029	2063	1975	2022	2015	2005
304998	62	126	14	78	142	30	94	158	46	110	174	2037	2014	2158	2031	2020	1940	2028	2061	1970	2019	2008	1989
304998	62	126	14	78	142	30	94	158	46	110	174	2037	2020	2155	2030	2015	1959	2037	2072	1976	2021	2016	1997
304998	62	126	14	78	142	30	94	158	46	110	174	2029	2039	2131	2008	2014	1980	2030	2086	1992	2020	2020	2025
304998	62	126	14	78	142	30	94	158	46	110	174	2031	2051	2110	1990	2010	1996	2027	2091	2007	2022	2017	2034
304998	62	126	14	78	142	30	94	158	46	110	174	2026	2042	2112	1987	2014	1995	2028	2093	2011	2020	2015	2027
304998	62	126	14	78	142	30	94	158	46	110	174	2035	2032	2136	2007	2013	1969	2026	2085	1982	2020	2011	2010
304998	62	126	14	78	142	30	94	158	46	110	174	2034	2017	2161	2027	2013	1946	2034	2064	1968	2021	2019	1996
304998	62	126	14	78	142	30	94	158	46	110	174	2035	2024	2160	2032	2015	1943	2034	2063	1959	2021	2016	2005
304998	62	126	14	78	142	30	94	158	46	110	174	2038	2037	2134	2025	2018	1966	2028	2072	1983	2020	2011	2011
304998	62	126	14	78	142	30	94	158	46	110	174	2028	2039	2118	2001	2009	1991	2024	2086	2009	2022	2013	2029
304998	62	126	14	78	142	30	94	158	46	110	174	2027	2047	2111	1985	2012	2005	2022	2097	2010	2020	2018	2024
304998	62	126	14	78	142	30	94	158	46	110	174	2030	2040	2134	1997	2010	1991	2023	2090	1994	2018	2021	2020
304998	62	126	14	78	142	30	94	158	46	110	174	2031	2028	2151	2018	2012	1958	2025	2071	1975	2020	2016	2007
304998	62	126	14	78	142	30	94	158	46	110	174	2034	2023	2155	2034	2013	1938	2029	2057	1966	2022	2014	2001
304998	62	126	14	78	142	30	94	158	46	110	174	2034	2021	2146	2033	2015	1951	2023	2066	1975	2020	2013	1996
304998	62	126	14	78	142	30	94	158	46	110	174	2034	2032	2128	2012	2013	1977	2031	2084	1994	2020	2015	2016
304998	62	126	14	78	142	30	94	158	46	110	174	2026	2044	2115	1990	2011	1999	2024	2095	2008	2020	2023	2034
304998	62	126	14	78	142	30	94	158	46	110	174	2023	2041	2126	1984	2009	2000	2027	2087	2005	2016	2018	2042
304998	62	126	14	78	142	30	94	158	46	110	174	2028	2038	2142	2002	2013	1971	2020	2078	1998	2020	2018	2014
304998	62	126	14	78	142	30	94	158	46	110	174	2037	2026	2144	2026	2007	1950	2031	2074	1967	2018	2010	1993
304998	62	126	14	78	142	30	94	158	46	110	174	2031	2016	2161	2035	2015	1941	2028	2061	1967	2023	2016	1988
304998	62	126	14	78	142	30	94	158	46	110	174	2025	2025	2146	2026	2007	1965	2030	2069	1978	2020	2019	2007
304998	62	126	14	78	142	30	94	158	46	110	174	2023	2035	2128	2001	2009	1992	2021	2085	2008	2020	2018	2028
304998	62	126	14	78	142	30	94	158	46	110	174	2022	2051	2118	1983	2008	2002	2026	2099	2020	2018	2015	2038
304998	62	126	14	78	142	30	94	158	46	110	174	2028	2045	2118	1994	2009	1985	2028	2088	2002	2022	2012	2017
304998	62	126	14	78	142	30	94	158	46	110	174	2028	2023	2143	2014	2017	1954	2026	2072	1974	2020	2020	2004
304998	62	126	14	78	142	30	94	158	46	110	174	2035	2015	2157	2031	2013	1941	2029	2060	1968	2019	2016	1999
304998	62	126	14	78	142	30	94	158	46	110	174	2038	2023	2154	2036	2010	1957	2027	2062	1972	2017	2015	2005
304998	62	126	14	78	142	30	94	158	46	110	174	2032	2038	2132	2019	2003	1982	2030	2084	1996	2021	2012	2014
304998	62	126	14	78	142	30	94	158	46	110	174	2031	2049	2115	1995	1997	2006	2028	2089	2004	2017	2016	2023
304998	62	126	14	78	142	30	94	158	46	110	174	2017	2044	2110	1992	2005	1996	2015	2098	2006	2020	2024	2031
304998	62	126	14	78	142	30	94	158	46	110	174	2033	2035	2132	2005	2009	1974	2035	2081	1998	2022	2019	2024
304998	62	126	14	78	142	30	94	158	46	110	174	2031	2020	2158	2024	2018	1951	2030	2073	1975	2017	2018	2003
304998	62	126	14	78	142	30	94	158	46	110	174	2037	2024	2158	2032	2017	1941	2035	2074	1962	2017	2008	1994
304998	62	126	14	78	142	30	94	158	46	110	174	2036	2028	2143	2024	2013	1963	2041	2075	1976	2021	2014	1995
304998	62	126	14	78	142	30	94	158	46	110	174	2030	2034	2119	2004	2008	1983	2018	2085	1995	2017	2022	2023
304998	62	126	14	78	142	30	94	158	46	110	174	2026	2044	2112	1991	2008	1999	2021	2091	2019	2019	2020	2039
304998	62	126	14	78	142	30	94	158	46	110	174	2026	2040	2126	1995	2011	1989	2028	2093	2006	2018	2018	2031
304998	62	126	14	78	142	30	94	158	46	110	174	2027	2033	2148	2014	2010	1968	2027	2079	1984	2020	2015	2005
304998	62	126	14	78	142	30	94	158	46	110	174	2033	2027	2156	2033	2012	1949	2030	2068	1960	2017	2016	1983
304998	62	126	14	78	142	30	94	158	46	110	174	2035	2019	2147	2032	2012	1947	2034	2063	1974	2017	2020	1999
304998	62	126	14	78	142	30	94	158	46	110	174	2037	2031	2138	2017	2008	1970	2028	2078	1990	2017	2017	2017
304998	62	126	14	78	142	30	94	158	46	110	174	2027	2042	2121	1996	2005	1995	2026	2092	2008	2017	2015	2031
304998	62	126	14	78	142	30	94	158	46	110	174	2022	2045	2119	1991	2006	2001	2019	2092	2007	2020	2015	2023
304998	62	126	14	78	142	30	94	158	46	110	174	2028	2045	2126	1994	2016	1979	2022	2081	1992	2017	2019	2016
304998	62	126	14	78	142	30	94	158	46	110	174	2031	2018	2148	2021	2004	1956	2020	2068	1980	2021	2022	2003
304998	62	126	14	78	142	30	94	158	46	110	174	2035	2017	2153	2036	2013	1940	2031	2066	1964	2020	2013	1992
304998	62	126	14	78	142	30	94	158	46	110	174	2035	2019	2154	2030	2012	1957	2034	2072	1973	2020	2014	2003
304998	62	126	14	78	142	30	94	158	46	110	174	2023	2038	2129	2008	2008	1983	2023	2080	1995	2020	2017	2015
304998	62	126	14	78	142	30	94	158	46	110	174	2026	2051	2113	1988	2011	2001	2027	2092	2018	2021	2025	2032
304998	62	126	14	78	142	30	94	158	46	110	174	2025	2039	2116	1996	1997	2003	2022	2092	2009	2022	2022	2031
304998	62	126	14	78	142	30	94	158	46	110	174	2027	2028	2143	2014	1998	1970	2022	2077	1982	2017	2018	2015
304998	62	126	14	78	142	30	94	158	46	110	174	2029	2014	2163	2030	2015	1947	2029	2068	1962	2020	2011	1993
304998	62	126	14	78	142	30	94	158	46	110	174	2025	2020	2163	2040	2014	1940	2031	2059	1965	2016	2017	1990
304998	62	126	14	78	142	30	94	158	46	110	174	2031	2037	2134	2021	2016	1966	2024	2072	1986	2017	2019	2017
304998	62	126	14	78	142	30	94	158	46	110	174	2029	2041	2112	2001	2004	2001	2033	2093	2009	2021	2020	2030
304998	62	126	14	78	142	30	94	158	46	110	174	2022	2040	2111	1992	1997	2005	2020	2091	2009	2016	2015	2033
304998	62	126	14	78	142	30	94	158	46	110	174	2027	2034	2129	1998	2004	1983	2020	2084	1996	2020	2015	2013
304998	62	126	14	78	142	30	94	158	46	110	174	2029	2026	2156	2022	2005	1954	2035	2072	1980	2022	2023	1998
304998	62	126	14	78	142	30	94	158	46	110	174	2034	2027	2156	2036	2016	1945	2028	2058	1968	2022	2018	1998
304998	62	126	14	78	142	30	94	158	46	110	174	2034	2024	2143	2032	2012	1955	2030	2068	1972	2018	2012	2009
304998	62	126	14	78	142	30	94	158	46	110	174	2023	2024	2136	2014	2002	1986	2023	2079	1996	2017	2018	2017
304998	62	126	14	78	142	30	94	158	46	110	174	2020	2042	2117	1996	2003	1999	2023	2088	2009	2022	2020	2020
304998	62	126	14	78	142	30	94	158	46	110	174	2020	2043	2130	1995	1997	1997	2017	2087	2016	2022	2025	2028
304998	62	126	14	78	142	30	94	158	46	110	174	2031	2038	2139	2008	2014	1968	2040	2082	1994	2016	2019	2014
304998	62	126	14	78	142	30	94	158	46	110	174	2037	2024	2149	2023	2018	1944	2044	2070	1964	2020	2015	2002
304998	62	126	14	78	142	30	94	158	46	110	174	2040	2014	2155	2044	2001	1947	2034	2060	1960	2018	2008	1993
304998	62	126	14	78	142	30	94	158	46	110	174	2028	2023	2146	2032	2003	1970	2025	2064	1988	2018	2015	2002
304998	62	126	14	78	142	30	94	158	46	110	174	2028	2037	2126	2006	2003	1990	2028	2087	2013	2021	2024	2027
304998	62	126	14	78	142	30	94	158	46	110	174	2022	2046	2116	1987	2008	2003	2017	2091	2007	2016	2020	2036
304998	62	126	14	78	142	30	94	158	46	110	174	2026	2039	2123	1994	2009	1990	2024	2086	1997	2016	2017	2022
304998	62	126	14	78	142	30	94	158	46	110	174	2032	2023	2139	2025	2003	1966	2028	2066	1973	2019	2013	1999
304998	62	126	14	78	142	30	94	158	46	110	174	2038	2015	2160	2037	2009	1943	2029	2062	1970	2018	2017	1990
304998	62	126	14	78	142	30	94	158	46	110	174	2038	2021	2156	2038	2009	1952	2028	2070	1972	2021	2025	2002
304998	62	126	14	78	142	30	94	158	46	110	174	2032	2033	2132	2015	2006	1979	2044	2082	1988	2017	2014	2020
304998	62	126	14	78	142	30	94	158	46	110	174	2029	2050	2112	1998	2005	2002	2026	2093	2006	2016	2018	2031
304998	62	126	14	78	142	30	94	158	46	110	174	2030	2037	2119	1994	1999	1998	2020	2088	2011	2017	2017	2022
304998	62	126	14	78	142	30	94	158	46	110	174	2032	2032	2135	2004	2010	1973	2034	2087	1994	2019	2019	2015
304998	62	126	14	78	142	30	94	158	46	110	174	2037	2021	2157	2034	2006	1951	2043	2072	1963	2021	2017	2003
304998	62	126	14	78	142	30	94	158	46	110	174	2033	2021	2157	2036	2014	1946	2037	2065	1957	2017	2015	1999
304998	62	126	14	78	142	30	94	158	46	110	174	2027	2031	2135	2026	2014	1966	2030	2066	1981	2021	2012	2006
304998	62	126	14	78	142	30	94	158	46	110	174	2031	2032	2126	2001	2007	1993	2025	2079	2008	2016	2014	2019
304998	62	126	14	78	142	30	94	158	46	110	174	2020	2038	2122	1994	2005	2000	2018	2098	2013	2018	2025	2032
304998	62	126	14	78	142	30	94	158	46	110	174	2030	2039	2129	1996	2009	1986	2025	2088	2000	2017	2020	2030
304998	62	126	14	78	142	30	94	158	46	110	174	2027	2026	2151	2019	2006	1962	2024	2073	1977	2022	2013	2013
304998	62	126	14	78	142	30	94	158	46	110	174	2033	2018	2156	2041	2013	1950	2028	2056	1971	2017	2008	1994
304998	62	126	14	78	142	30	94	158	46	110	174	2037	2014	2157	2038	2016	1949	2023	2062	1971	2022	2011	1993
