304998	62	126	14	78	142	30	94	158	46	110	174	2020	2034	2130	2008	2000	1968	2014	2070	1993	2021	2026	2007
304998	62	126	14	78	142	30	94	158	46	110	174	2041	1996	2137	2054	2030	1968	2041	2038	1983	2018	2011	1998
304998	62	126	14	78	142	30	94	158	46	110	174	2057	1993	2144	2065	2041	1968	2052	2028	1983	2021	2003	2005
304998	62	126	14	78	142	30	94	158	46	110	174	2034	2012	2140	2042	2015	1971	2035	2056	1981	2017	2016	2011
304998	62	126	14	78	142	30	94	158	46	110	174	2010	2041	2136	1995	1983	1976	1996	2091	1991	2017	2037	2018
304998	62	126	14	78	142	30	94	158	46	110	174	1994	2062	2122	1974	1965	1968	1972	2106	1998	2021	2059	2023
304998	62	126	14	78	142	30	94	158	46	110	174	2008	2046	2124	1986	1985	1973	2006	2101	1984	2016	2045	2020
304998	62	126	14	78	142	30	94	158	46	110	174	2035	2015	2135	2031	2019	1969	2032	2055	1983	2017	2019	2013
304998	62	126	14	78	142	30	94	158	46	110	174	2052	1993	2149	2058	2042	1972	2067	2040	1979	2022	1996	1999
304998	62	126	14	78	142	30	94	158	46	110	174	2048	2000	2147	2056	2030	1969	2056	2034	1988	2020	2004	1999
304998	62	126	14	78	142	30	94	158	46	110	174	2027	2033	2132	2022	1999	1974	2019	2079	1986	2021	2031	2016
304998	62	126	14	78	142	30	94	158	46	110	174	1997	2056	2117	1984	1968	1973	1981	2111	1985	2021	2050	2026
304998	62	126	14	78	142	30	94	158	46	110	174	1995	2044	2128	1980	1971	1969	1973	2105	1988	2019	2047	2031
304998	62	126	14	78	142	30	94	158	46	110	174	2016	2026	2131	2005	1998	1972	2009	2077	1987	2022	2024	2013
304998	62	126	14	78	142	30	94	158	46	110	174	2042	2002	2147	2047	2033	1969	2040	2038	1993	2018	2010	1998
304998	62	126	14	78	142	30	94	158	46	110	174	2048	1996	2151	2067	2042	1967	2052	2030	1983	2016	2002	1997
304998	62	126	14	78	142	30	94	158	46	110	174	2038	2013	2141	2044	2019	1967	2038	2054	1980	2016	2014	2013
304998	62	126	14	78	142	30	94	158	46	110	174	2013	2043	2122	2003	1987	1966	2003	2094	1984	2020	2037	2022
304998	62	126	14	78	142	30	94	158	46	110	174	2000	2052	2119	1977	1968	1971	1983	2106	1999	2020	2049	2017
304998	62	126	14	78	142	30	94	158	46	110	174	2005	2043	2127	1983	1983	1971	1986	2100	1992	2022	2050	2016
304998	62	126	14	78	142	30	94	158	46	110	174	2026	2016	2144	2022	2016	1973	2038	2070	1984	2017	2021	2007
304998	62	126	14	78	142	30	94	158	46	110	174	2044	1994	2163	2060	2043	1968	2043	2027	1986	2018	2003	2005
304998	62	126	14	78	142	30	94	158	46	110	174	2049	2008	2142	2056	2036	1971	2054	2039	1984	2018	1999	2003
304998	62	126	14	78	142	30	94	158	46	110	174	2031	2026	2126	2026	2003	1967	2028	2067	1994	2020	2022	2009
304998	62	126	14	78	142	30	94	158	46	110	174	1993	2037	2115	1985	1974	1973	1985	2110	1991	2021	2050	2022
304998	62	126	14	78	142	30	94	158	46	110	174	1998	2048	2123	1978	1966	1971	1982	2116	1987	2019	2050	2030
304998	62	126	14	78	142	30	94	158	46	110	174	2011	2031	2143	1997	1999	1972	2001	2083	1982	2021	2031	2019
304998	62	126	14	78	142	30	94	158	46	110	174	2035	2011	2151	2044	2029	1968	2044	2039	1988	2021	2004	2004
304998	62	126	14	78	142	30	94	158	46	110	174	2056	2001	2146	2064	2039	1969	2053	2036	1982	2016	1997	1990
304998	62	126	14	78	142	30	94	158	46	110	174	2046	2010	2131	2051	2023	1972	2043	2049	1987	2020	2013	2005
304998	62	126	14	78	142	30	94	158	46	110	174	2017	2034	2123	2003	1991	1969	2004	2085	1982	2016	2041	2029
304998	62	126	14	78	142	30	94	158	46	110	174	2002	2051	2122	1980	1967	1973	1981	2112	1991	2020	2048	2028
304998	62	126	14	78	142	30	94	158	46	110	174	1996	2045	2129	1987	1970	1976	1988	2103	1995	2022	2040	2018
304998	62	126	14	78	142	30	94	158	46	110	174	2020	2027	2140	2016	2009	1971	2014	2072	1986	2020	2025	2006
304998	62	126	14	78	142	30	94	158	46	110	174	2049	2000	2145	2057	2035	1978	2052	2033	1983	2017	2006	1998
304998	62	126	14	78	142	30	94	158	46	110	174	2046	1993	2152	2060	2040	1967	2048	2030	1981	2020	2000	2010
304998	62	126	14	78	142	30	94	158	46	110	174	2029	2015	2144	2030	2010	1969	2024	2060	1992	2017	2018	2020
304998	62	126	14	78	142	30	94	158	46	110	174	2004	2049	2127	1989	1973	1970	1992	2106	1993	2021	2042	2018
304998	62	126	14	78	142	30	94	158	46	110	174	1994	2057	2125	1969	1975	1972	1983	2117	1993	2020	2053	2023
304998	62	126	14	78	142	30	94	158	46	110	174	2009	2041	2127	1991	1991	1972	1995	2088	1986	2022	2040	2019
304998	62	126	14	78	142	30	94	158	46	110	174	2036	2015	2135	2039	2026	1973	2030	2043	1987	2017	2012	2005
304998	62	126	14	78	142	30	94	158	46	110	174	2055	1995	2145	2065	2037	1965	2050	2027	1987	2016	1997	2003
304998	62	126	14	78	142	30	94	158	46	110	174	2046	2004	2143	2050	2028	1968	2040	2047	1987	2021	2004	1994
304998	62	126	14	78	142	30	94	158	46	110	174	2015	2028	2146	2012	1995	1967	2018	2083	1984	2022	2039	2021
304998	62	126	14	78	142	30	94	158	46	110	174	1984	2051	2130	1977	1968	1975	1985	2113	1988	2021	2051	2033
304998	62	126	14	78	142	30	94	158	46	110	174	1994	2051	2127	1978	1974	1978	1984	2102	1996	2020	2048	2030
304998	62	126	14	78	142	30	94	158	46	110	174	2018	2016	2140	2018	2002	1972	2010	2073	1992	2019	2020	2009
304998	62	126	14	78	142	30	94	158	46	110	174	2046	1998	2148	2051	2035	1964	2047	2037	1981	2018	2003	1990
304998	62	126	14	78	142	30	94	158	46	110	174	2048	1994	2154	2066	2033	1967	2064	2031	1985	2022	2005	2000
304998	62	126	14	78	142	30	94	158	46	110	174	2031	2018	2144	2036	2014	1963	2028	2059	1986	2022	2018	2020
304998	62	126	14	78	142	30	94	158	46	110	174	2010	2050	2122	1990	1984	1973	1994	2096	1994	2017	2045	2028
304998	62	126	14	78	142	30	94	158	46	110	174	1999	2059	2112	1973	1968	1973	1993	2118	1994	2020	2050	2022
304998	62	126	14	78	142	30	94	158	46	110	174	2004	2033	2133	1991	1987	1973	1993	2089	1987	2022	2042	2014
304998	62	126	14	78	142	30	94	158	46	110	174	2038	2013	2144	2030	2013	1976	2031	2054	1983	2016	2017	2009
304998	62	126	14	78	142	30	94	158	46	110	174	2048	1996	2153	2064	2033	1973	2064	2026	1982	2018	2000	2001
304998	62	126	14	78	142	30	94	158	46	110	174	2040	2003	2151	2058	2032	1963	2043	2039	1994	2017	2003	2002
304998	62	126	14	78	142	30	94	158	46	110	174	2022	2037	2125	2018	1996	1970	2030	2081	1987	2021	2031	2014
304998	62	126	14	78	142	30	94	158	46	110	174	2004	2051	2109	1980	1963	1974	1984	2112	1989	2022	2057	2023
304998	62	126	14	78	142	30	94	158	46	110	174	2000	2046	2122	1972	1973	1976	1989	2109	1989	2020	2051	2031
304998	62	126	14	78	142	30	94	158	46	110	174	2018	2024	2139	2007	2000	1974	2011	2070	1988	2017	2028	2017
304998	62	126	14	78	142	30	94	158	46	110	174	2039	2005	2154	2048	2033	1969	2042	2041	1985	2017	1997	1997
304998	62	126	14	78	142	30	94	158	46	110	174	2048	2003	2154	2067	2040	1963	2053	2029	1986	2020	2000	1989
304998	62	126	14	78	142	30	94	158	46	110	174	2039	2013	2143	2044	2013	1978	2031	2054	1986	2016	2021	2013
304998	62	126	14	78	142	30	94	158	46	110	174	2004	2038	2126	2000	1976	1981	1999	2088	1991	2020	2044	2033
304998	62	126	14	78	142	30	94	158	46	110	174	1994	2049	2121	1977	1972	1976	1985	2113	1996	2016	2051	2033
304998	62	126	14	78	142	30	94	158	46	110	174	2000	2039	2133	1986	1978	1979	1989	2100	1992	2022	2041	2019
304998	62	126	14	78	142	30	94	158	46	110	174	2026	2016	2150	2028	2014	1970	2030	2054	1984	2020	2019	1999
304998	62	126	14	78	142	30	94	158	46	110	174	2043	2003	2151	2057	2042	1966	2051	2028	1976	2021	2000	2006
304998	62	126	14	78	142	30	94	158	46	110	174	2048	2001	2135	2061	2030	1969	2067	2038	1986	2017	2008	2010
304998	62	126	14	78	142	30	94	158	46	110	174	2026	2024	2127	2025	2002	1971	2028	2072	1991	2016	2025	2017
304998	62	126	14	78	142	30	94	158	46	110	174	1995	2047	2121	1983	1971	1975	1981	2113	1990	2016	2045	2023
304998	62	126	14	78	142	30	94	158	46	110	174	1995	2052	2124	1974	1962	1985	1991	2114	1992	2019	2056	2024
304998	62	126	14	78	142	30	94	158	46	110	174	2000	2028	2148	2002	1994	1970	2001	2077	1985	2016	2036	2022
304998	62	126	14	78	142	30	94	158	46	110	174	2039	2008	2140	2045	2030	1966	2040	2038	1984	2021	2008	2002
304998	62	126	14	78	142	30	94	158	46	110	174	2036	1992	2147	2070	2035	1968	2051	2027	1984	2019	1998	1997
304998	62	126	14	78	142	30	94	158	46	110	174	2041	2008	2144	2046	2017	1973	2043	2054	1981	2021	2015	2003
304998	62	126	14	78	142	30	94	158	46	110	174	2011	2036	2131	2005	1982	1982	2003	2091	1990	2020	2044	2020
304998	62	126	14	78	142	30	94	158	46	110	174	1989	2052	2127	1974	1966	1978	1972	2107	1996	2021	2056	2035
304998	62	126	14	78	142	30	94	158	46	110	174	2004	2048	2122	1980	1976	1977	1984	2100	1997	2018	2042	2023
304998	62	126	14	78	142	30	94	158	46	110	174	2018	2018	2137	2020	2011	1971	2015	2062	1984	2019	2020	2007
304998	62	126	14	78	142	30	94	158	46	110	174	2049	1993	2149	2061	2036	1963	2050	2031	1981	2017	2006	1993
304998	62	126	14	78	142	30	94	158	46	110	174	2047	1994	2152	2065	2035	1969	2051	2028	1980	2018	2011	2001
304998	62	126	14	78	142	30	94	158	46	110	174	2030	2020	2141	2032	2003	1973	2021	2057	1992	2017	2029	2020
304998	62	126	14	78	142	30	94	158	46	110	174	1992	2054	2116	1984	1978	1977	1982	2102	1998	2017	2042	2031
304998	62	126	14	78	142	30	94	158	46	110	174	1997	2057	2113	1972	1965	1976	1972	2115	1994	2022	2048	2021
304998	62	126	14	78	142	30	94	158	46	110	174	2011	2031	2127	2003	1982	1973	1998	2084	1988	2018	2043	2012
304998	62	126	14	78	142	30	94	158	46	110	174	2038	2002	2151	2044	2030	1968	2031	2035	1982	2019	2021	2013
304998	62	126	14	78	142	30	94	158	46	110	174	2049	1995	2154	2068	2041	1966	2076	2027	1984	2016	2002	2002
304998	62	126	14	78	142	30	94	158	46	110	174	2017	1997	2166	2053	2025	1974	2038	2045	1988	2018	2006	2004
304998	62	126	14	78	142	30	94	158	46	110	174	2015	2042	2120	2008	1989	1976	2006	2088	1991	2021	2036	2016
304998	62	126	14	78	142	30	94	158	46	110	174	1997	2049	2118	1979	1954	1982	1975	2113	1993	2022	2058	2030
304998	62	126	14	78	142	30	94	158	46	110	174	1987	2036	2130	1981	1971	1977	1977	2096	1996	2021	2048	2027
304998	62	126	14	78	142	30	94	158	46	110	174	2010	2012	2146	2023	1997	1970	2005	2065	1995	2021	2023	2013
304998	62	126	14	78	142	30	94	158	46	110	174	2041	2002	2158	2060	2038	1967	2040	2031	1983	2017	2003	1995
304998	62	126	14	78	142	30	94	158	46	110	174	2045	1999	2145	2066	2034	1968	2057	2028	1979	2018	2006	1994
304998	62	126	14	78	142	30	94	158	46	110	174	2033	2016	2124	2036	2008	1975	2027	2062	1985	2016	2029	2016
304998	62	126	14	78	142	30	94	158	46	110	174	2004	2039	2123	1990	1970	1979	1996	2095	1997	2017	2050	2029
304998	62	126	14	78	142	30	94	158	46	110	174	1992	2048	2125	1971	1966	1977	1973	2114	2001	2018	2051	2032
304998	62	126	14	78	142	30	94	158	46	110	174	2004	2037	2138	1992	1984	1971	1993	2096	1991	2017	2034	2013
304998	62	126	14	78	142	30	94	158	46	110	174	2029	2015	2143	2040	2023	1966	2029	2049	1987	2019	2019	2003
304998	62	126	14	78	142	30	94	158	46	110	174	2051	1995	2141	2067	2044	1972	2061	2025	1980	2019	2007	1996
304998	62	126	14	78	142	30	94	158	46	110	174	2046	2000	2139	2058	2027	1972	2057	2040	1991	2018	2011	2008
304998	62	126	14	78	142	30	94	158	46	110	174	2019	2029	2129	2012	1990	1975	2015	2087	1993	2022	2033	2017
304998	62	126	14	78	142	30	94	158	46	110	174	1996	2051	2123	1978	1952	1985	1998	2117	1994	2016	2048	2028
304998	62	126	14	78	142	30	94	158	46	110	174	1991	2048	2128	1982	1970	1969	1982	2106	1991	2022	2054	2022
304998	62	126	14	78	142	30	94	158	46	110	174	2014	2024	2126	2014	2004	1969	2006	2065	1991	2018	2028	2019
304998	62	126	14	78	142	30	94	158	46	110	174	2042	1997	2152	2060	2030	1969	2049	2033	1990	2022	2008	2001
304998	62	126	14	78	142	30	94	158	46	110	174	2046	1992	2151	2068	2042	1974	2048	2028	1979	2021	1999	1998
304998	62	126	14	78	142	30	94	158	46	110	174	2034	2015	2138	2037	2014	1971	2050	2065	1985	2018	2026	2003
304998	62	126	14	78	142	30	94	158	46	110	174	1991	2034	2145	1996	1981	1974	1991	2095	1992	2021	2048	2024
304998	62	126	14	78	142	30	94	158	46	110	174	1996	2059	2109	1972	1966	1974	1980	2114	1996	2021	2061	2035
304998	62	126	14	78	142	30	94	158	46	110	174	2004	2035	2132	1991	1979	1979	2002	2098	1996	2022	2039	2025
304998	62	126	14	78	142	30	94	158	46	110	174	2026	2006	2141	2033	2017	1971	2023	2052	1981	2017	2013	2000
304998	62	126	14	78	142	30	94	158	46	110	174	2047	1993	2156	2065	2039	1970	2065	2036	1976	2018	2001	1994
304998	62	126	14	78	142	30	94	158	46	110	174	2040	1998	2153	2060	2035	1970	2047	2028	1987	2021	2017	2001
304998	62	126	14	78	142	30	94	158	46	110	174	2019	2033	2125	2019	1995	1970	2011	2072	1994	2020	2031	2021
304998	62	126	14	78	142	30	94	158	46	110	174	2002	2049	2120	1984	1965	1973	1979	2107	1998	2020	2050	2031
304998	62	126	14	78	142	30	94	158	46	110	174	1994	2047	2123	1975	1970	1977	1983	2112	1990	2022	2050	2020
304998	62	126	14	78	142	30	94	158	46	110	174	2013	2023	2141	2007	2003	1974	2006	2073	1985	2017	2031	2004
304998	62	126	14	78	142	30	94	158	46	110	174	2040	2000	2148	2054	2028	1971	2039	2027	1987	2016	2012	2004
304998	62	126	14	78	142	30	94	158	46	110	174	2048	2002	2147	2066	2038	1971	2054	2028	1983	2020	2003	1997
304998	62	126	14	78	142	30	94	158	46	110	174	2039	2009	2129	2047	2021	1967	2034	2050	1982	2020	2018	2015
304998	62	126	14	78	142	30	94	158	46	110	174	2013	2035	2124	2004	1976	1971	2011	2091	1987	2020	2038	2018
304998	62	126	14	78	142	30	94	158	46	110	174	1991	2044	2130	1972	1966	1973	1973	2106	1996	2016	2055	2029
304998	62	126	14	78	142	30	94	158	46	110	174	2002	2043	2130	1988	1978	1981	2003	2103	2001	2019	2047	2021
304998	62	126	14	78	142	30	94	158	46	110	174	2028	2017	2142	2027	2015	1971	2026	2057	1982	2022	2018	2014
304998	62	126	14	78	142	30	94	158	46	110	174	2050	1991	2138	2066	2033	1969	2055	2028	1977	2021	2000	1997
304998	62	126	14	78	142	30	94	158	46	110	174	2051	1996	2142	2070	2027	1971	2048	2025	1982	2018	2002	1996
304998	62	126	14	78	142	30	94	158	46	110	174	2024	2019	2135	2029	2005	1969	2023	2065	1988	2022	2030	2017
304998	62	126	14	78	142	30	94	158	46	110	174	1999	2048	2128	1987	1971	1980	1987	2106	1996	2017	2051	2030
304998	62	126	14	78	142	30	94	158	46	110	174	1994	2052	2125	1983	1970	1974	1975	2111	1996	2022	2053	2035
304998	62	126	14	78	142	30	94	158	46	110	174	2015	2031	2126	2003	1998	1975	2011	2081	1983	2018	2029	2016
304998	62	126	14	78	142	30	94	158	46	110	174	2037	2001	2144	2059	2008	1980	2031	2034	1984	2016	2010	1996
304998	62	126	14	78	142	30	94	158	46	110	174	2049	1988	2150	2072	2036	1966	2048	2021	1986	2020	2007	1991
304998	62	126	14	78	142	30	94	158	46	110	174	2037	2005	2145	2056	2011	1977	2042	2049	1981	2018	2017	2012
304998	62	126	14	78	142	30	94	158	46	110	174	2012	2038	2130	2017	1974	1978	2006	2087	1989	2021	2037	2027
304998	62	126	14	78	142	30	94	158	46	110	174	1997	2060	2118	1974	1969	1972	1989	2113	1986	2022	2048	2036
304998	62	126	14	78	142	30	94	158	46	110	174	2004	2042	2120	1984	1978	1974	1996	2101	1994	2021	2044	2013
304998	62	126	14	78	142	30	94	158	46	110	174	2028	2013	2143	2025	2006	1973	2027	2063	1993	2020	2028	2008
304998	62	126	14	78	142	30	94	158	46	110	174	2045	1991	2157	2063	2041	1968	2049	2028	1975	2019	2006	2002
304998	62	126	14	78	142	30	94	158	46	110	174	2045	1995	2151	2070	2031	1968	2058	2028	1979	2017	2004	2002
304998	62	126	14	78	142	30	94	158	46	110	174	2030	2021	2132	2034	2009	1976	2026	2061	1987	2018	2021	2011
304998	62	126	14	78	142	30	94	158	46	110	174	2004	2046	2113	1991	1973	1975	1992	2099	1996	2019	2047	2019
304998	62	126	14	78	142	30	94	158	46	110	174	2000	2046	2118	1977	1967	1979	1975	2114	1995	2017	2058	2027
304998	62	126	14	78	142	30	94	158	46	110	174	2004	2028	2135	1996	1991	1972	1995	2084	1987	2022	2038	2019
304998	62	126	14	78	142	30	94	158	46	110	174	2034	2000	2154	2050	2010	1977	2031	2039	1980	2022	2015	2011
304998	62	126	14	78	142	30	94	158	46	110	174	2043	1994	2157	2069	2039	1966	2050	2013	1982	2021	1997	1992
304998	62	126	14	78	142	30	94	158	46	110	174	2042	2008	2142	2060	2026	1977	2047	2041	1987	2021	2013	1996
304998	62	126	14	78	142	30	94	158	46	110	174	2021	2027	2124	2017	1988	1982	2010	2079	1984	2018	2039	2019
304998	62	126	14	78	142	30	94	158	46	110	174	2000	2047	2120	1977	1964	1977	1983	2112	1986	2019	2057	2032
304998	62	126	14	78	142	30	94	158	46	110	174	1999	2040	2129	1985	1974	1970	1990	2100	1992	2021	2044	2034
304998	62	126	14	78	142	30	94	158	46	110	174	2022	2016	2141	2024	1997	1969	2029	2070	1990	2017	2020	2003
304998	62	126	14	78	142	30	94	158	46	110	174	2043	1996	2150	2055	2042	1968	2044	2033	1980	2020	2006	1994
304998	62	126	14	78	142	30	94	158	46	110	174	2052	1993	2142	2073	2032	1979	2056	2025	1984	2022	2008	1999
304998	62	126	14	78	142	30	94	158	46	110	174	2032	2005	2139	2043	2013	1971	2028	2054	1981	2017	2022	2018
304998	62	126	14	78	142	30	94	158	46	110	174	2004	2037	2125	1990	1975	1971	1991	2090	1995	2021	2042	2030
304998	62	126	14	78	142	30	94	158	46	110	174	1994	2052	2125	1975	1965	1975	1999	2118	1997	2021	2050	2020
304998	62	126	14	78	142	30	94	158	46	110	174	2004	2036	2137	2000	1985	1966	1995	2089	1989	2017	2040	2016
304998	62	126	14	78	142	30	94	158	46	110	174	2036	2009	2137	2038	2024	1971	2033	2051	1981	2020	2018	2008
304998	62	126	14	78	142	30	94	158	46	110	174	2053	1987	2148	2072	2031	1978	2052	2016	1981	2022	2003	1999
