304998	62	126	14	78	142	30	94	158	46	110	174	2032	2023	2139	2025	2003	1966	2028	2066	1973	2019	2013	1999
304998	62	126	14	78	142	30	94	158	46	110	174	2038	2015	2160	2037	2009	1943	2029	2062	1970	2018	2017	1990
304998	62	126	14	78	142	30	94	158	46	110	174	2038	2021	2156	2038	2009	1952	2028	2070	1972	2021	2025	2002
304998	62	126	14	78	142	30	94	158	46	110	174	2032	2033	2132	2015	2006	1979	2044	2082	1988	2017	2014	2020
304998	62	126	14	78	142	30	94	158	46	110	174	2029	2050	2112	1998	2005	2002	2026	2093	2006	2016	2018	2031
304998	62	126	14	78	142	30	94	158	46	110	174	2030	2037	2119	1994	1999	1998	2020	2088	2011	2017	2017	2022
304998	62	126	14	78	142	30	94	158	46	110	174	2032	2032	2135	2004	2010	1973	2034	2087	1994	2019	2019	2015
304998	62	126	14	78	142	30	94	158	46	110	174	2037	2021	2157	2034	2006	1951	2043	2072	1963	2021	2017	2003
304998	62	126	14	78	142	30	94	158	46	110	174	2033	2021	2157	2036	2014	1946	2037	2065	1957	2017	2015	1999
304998	62	126	14	78	142	30	94	158	46	110	174	2027	2031	2135	2026	2014	1966	2030	2066	1981	2021	2012	2006
304998	62	126	14	78	142	30	94	158	46	110	174	2031	2032	2126	2001	2007	1993	2025	2079	2008	2016	2014	2019
304998	62	126	14	78	142	30	94	158	46	110	174	2020	2038	2122	1994	2005	2000	2018	2098	2013	2018	2025	2032
304998	62	126	14	78	142	30	94	158	46	110	174	2030	2039	2129	1996	2009	1986	2025	2088	2000	2017	2020	2030
304998	62	126	14	78	142	30	94	158	46	110	174	2027	2026	2151	2019	2006	1962	2024	2073	1977	2022	2013	2013
304998	62	126	14	78	142	30	94	158	46	110	174	2033	2018	2156	2041	2013	1950	2028	2056	1971	2017	2008	1994
304998	62	126	14	78	142	30	94	158	46	110	174	2037	2014	2157	2038	2016	1949	2023	2062	1971	2022	2011	1993
304998	62	126	14	78	142	30	94	158	46	110	174	2037	2027	2138	2015	2016	1970	2038	2081	1984	2016	2019	2017
304998	62	126	14	78	142	30	94	158	46	110	174	2026	2035	2123	2003	2004	1996	2029	2093	2006	2022	2022	2033
304998	62	126	14	78	142	30	94	158	46	110	174	2021	2045	2120	1988	2005	1995	2022	2092	2009	2020	2018	2033
304998	62	126	14	78	142	30	94	158	46	110	174	2033	2041	2123	2002	2011	1977	2032	2091	1998	2021	2015	2016
304998	62	126	14	78	142	30	94	158	46	110	174	2036	2023	2147	2025	2011	1955	2038	2073	1969	2021	2014	1991
304998	62	126	14	78	142	30	94	158	46	110	174	2043	2013	2157	2040	2019	1936	2039	2059	1960	2017	2015	1999
304998	62	126	14	78	142	30	94	158	46	110	174	2035	2020	2149	2030	2018	1960	2028	2063	1973	2017	2017	2011
304998	62	126	14	78	142	30	94	158	46	110	174	2033	2036	2131	2008	2009	1987	2019	2079	2008	2022	2015	2025
304998	62	126	14	78	142	30	94	158	46	110	174	2025	2051	2113	1993	2005	2004	2025	2092	2013	2021	2017	2024
304998	62	126	14	78	142	30	94	158	46	110	174	2026	2037	2121	1996	2005	1992	2020	2087	2002	2021	2021	2020
304998	62	126	14	78	142	30	94	158	46	110	174	2031	2024	2137	2015	2009	1958	2026	2073	1978	2016	2019	2014
304998	62	126	14	78	142	30	94	158	46	110	174	2032	2016	2159	2031	2017	1939	2041	2061	1966	2020	2009	2001
304998	62	126	14	78	142	30	94	158	46	110	174	2033	2020	2159	2032	2019	1946	2038	2066	1976	2022	2011	1998
304998	62	126	14	78	142	30	94	158	46	110	174	2037	2037	2133	2018	2015	1976	2041	2077	1985	2019	2015	2003
304998	62	126	14	78	142	30	94	158	46	110	174	2032	2045	2110	1999	2006	1994	2028	2091	2003	2018	2024	2030
304998	62	126	14	78	142	30	94	158	46	110	174	2025	2034	2114	1996	2001	1998	2020	2090	2009	2018	2022	2035
304998	62	126	14	78	142	30	94	158	46	110	174	2026	2036	2137	2001	2013	1975	2028	2080	2003	2019	2015	2023
304998	62	126	14	78	142	30	94	158	46	110	174	2030	2027	2155	2022	2011	1953	2027	2074	1975	2017	2008	1997
304998	62	126	14	78	142	30	94	158	46	110	174	2034	2018	2160	2034	2020	1947	2029	2057	1961	2019	2015	1983
304998	62	126	14	78	142	30	94	158	46	110	174	2036	2021	2146	2033	2011	1952	2030	2062	1973	2017	2020	2005
304998	62	126	14	78	142	30	94	158	46	110	174	2033	2030	2124	2014	2004	1980	2024	2076	2005	2018	2018	2025
304998	62	126	14	78	142	30	94	158	46	110	174	2025	2042	2118	1994	2008	1998	2026	2100	2012	2021	2015	2034
304998	62	126	14	78	142	30	94	158	46	110	174	2027	2039	2127	1996	2007	1997	2026	2097	2004	2022	2016	2019
304998	62	126	14	78	142	30	94	158	46	110	174	2023	2036	2144	2011	2014	1967	2036	2077	1981	2021	2020	2003
304998	62	126	14	78	142	30	94	158	46	110	174	2035	2018	2150	2026	2015	1947	2031	2060	1970	2017	2015	2004
304998	62	126	14	78	142	30	94	158	46	110	174	2034	2017	2151	2037	2018	1943	2028	2060	1968	2020	2013	1996
304998	62	126	14	78	142	30	94	158	46	110	174	2031	2020	2147	2020	2017	1964	2027	2074	1983	2017	2012	2008
304998	62	126	14	78	142	30	94	158	46	110	174	2031	2035	2128	2001	2009	1996	2036	2091	2001	2020	2022	2019
304998	62	126	14	78	142	30	94	158	46	110	174	2022	2040	2122	1992	1999	2003	2030	2091	2009	2021	2025	2031
304998	62	126	14	78	142	30	94	158	46	110	174	2026	2041	2127	1992	2006	1982	2023	2081	2004	2020	2016	2026
304998	62	126	14	78	142	30	94	158	46	110	174	2037	2025	2140	2018	2012	1950	2026	2075	1974	2017	2015	2007
304998	62	126	14	78	142	30	94	158	46	110	174	2033	2015	2156	2030	2019	1938	2036	2059	1964	2018	2006	1993
304998	62	126	14	78	142	30	94	158	46	110	174	2035	2019	2160	2033	2018	1948	2037	2063	1969	2017	2015	1999
304998	62	126	14	78	142	30	94	158	46	110	174	2026	2036	2133	2014	2005	1980	2028	2074	1997	2020	2018	2021
304998	62	126	14	78	142	30	94	158	46	110	174	2026	2044	2116	1995	2010	1997	2020	2093	2015	2016	2019	2034
304998	62	126	14	78	142	30	94	158	46	110	174	2028	2039	2112	1988	2004	1993	2028	2090	2009	2020	2017	2029
304998	62	126	14	78	142	30	94	158	46	110	174	2028	2030	2133	2008	2014	1968	2031	2084	1983	2021	2015	2004
304998	62	126	14	78	142	30	94	158	46	110	174	2029	2016	2161	2023	2020	1950	2030	2059	1970	2019	2017	1998
304998	62	126	14	78	142	30	94	158	46	110	174	2035	2023	2162	2043	2010	1951	2031	2067	1965	2017	2013	1999
304998	62	126	14	78	142	30	94	158	46	110	174	2036	2026	2145	2023	2012	1962	2033	2070	1982	2018	2014	2010
304998	62	126	14	78	142	30	94	158	46	110	174	2029	2039	2117	2006	2008	1991	2031	2084	1998	2017	2013	2020
304998	62	126	14	78	142	30	94	158	46	110	174	2025	2039	2109	1991	2005	2002	2024	2093	2008	2017	2023	2030
304998	62	126	14	78	142	30	94	158	46	110	174	2018	2030	2134	1998	2011	1986	2012	2085	2010	2019	2023	2027
304998	62	126	14	78	142	30	94	158	46	110	174	2028	2025	2150	2015	2013	1961	2035	2077	1981	2020	2016	2013
304998	62	126	14	78	142	30	94	158	46	110	174	2029	2020	2170	2033	2017	1942	2033	2056	1963	2021	2008	1991
304998	62	126	14	78	142	30	94	158	46	110	174	2039	2020	2150	2032	2017	1947	2028	2066	1968	2022	2013	1991
304998	62	126	14	78	142	30	94	158	46	110	174	2037	2029	2127	2016	2009	1975	2025	2075	1995	2022	2021	2016
304998	62	126	14	78	142	30	94	158	46	110	174	2023	2038	2119	1993	2006	1998	2014	2092	2016	2020	2023	2029
304998	62	126	14	78	142	30	94	158	46	110	174	2023	2042	2122	1989	2005	2002	2028	2094	2009	2021	2017	2033
304998	62	126	14	78	142	30	94	158	46	110	174	2021	2037	2141	2000	2008	1975	2025	2079	1984	2017	2011	2009
304998	62	126	14	78	142	30	94	158	46	110	174	2033	2023	2147	2025	2016	1947	2028	2065	1970	2016	2016	1993
304998	62	126	14	78	142	30	94	158	46	110	174	2036	2017	2153	2033	2017	1939	2035	2064	1967	2019	2014	1998
304998	62	126	14	78	142	30	94	158	46	110	174	2028	2018	2151	2026	2013	1958	2027	2070	1979	2020	2015	2013
304998	62	126	14	78	142	30	94	158	46	110	174	2026	2036	2129	2009	2002	1992	2022	2082	1996	2018	2016	2024
304998	62	126	14	78	142	30	94	158	46	110	174	2022	2049	2119	1992	2006	2000	2018	2087	2009	2020	2025	2029
304998	62	126	14	78	142	30	94	158	46	110	174	2026	2043	2120	1996	2008	1985	2023	2086	2006	2017	2024	2021
304998	62	126	14	78	142	30	94	158	46	110	174	2028	2027	2143	2014	2008	1961	2020	2080	1987	2019	2018	2014
304998	62	126	14	78	142	30	94	158	46	110	174	2037	2017	2159	2030	2021	1943	2026	2065	1957	2017	2014	1999
304998	62	126	14	78	142	30	94	158	46	110	174	2036	2019	2160	2036	2015	1958	2038	2066	1969	2018	2006	1994
304998	62	126	14	78	142	30	94	158	46	110	174	2028	2037	2137	2020	2005	1975	2033	2073	1989	2020	2017	2006
304998	62	126	14	78	142	30	94	158	46	110	174	2028	2044	2118	1997	2006	1998	2016	2091	2014	2016	2024	2031
304998	62	126	14	78	142	30	94	158	46	110	174	2024	2037	2110	1998	2002	1996	2017	2091	2009	2017	2021	2041
304998	62	126	14	78	142	30	94	158	46	110	174	2022	2028	2141	2002	2011	1980	2020	2080	1997	2017	2017	2022
304998	62	126	14	78	142	30	94	158	46	110	174	2033	2025	2159	2021	2006	1959	2026	2065	1968	2016	2012	1996
304998	62	126	14	78	142	30	94	158	46	110	174	2032	2027	2158	2034	2011	1946	2032	2064	1967	2017	2016	1990
304998	62	126	14	78	142	30	94	158	46	110	174	2030	2026	2144	2027	2015	1955	2034	2072	1981	2017	2019	2004
304998	62	126	14	78	142	30	94	158	46	110	174	2030	2037	2119	2009	2008	1980	2025	2084	1998	2017	2023	2022
304998	62	126	14	78	142	30	94	158	46	110	174	2021	2033	2123	1996	2007	2003	2017	2091	2013	2017	2015	2031
304998	62	126	14	78	142	30	94	158	46	110	174	2022	2042	2128	1991	2009	1994	2027	2088	2009	2022	2020	2018
304998	62	126	14	78	142	30	94	158	46	110	174	2031	2035	2143	2010	2005	1969	2029	2078	1984	2017	2022	2010
304998	62	126	14	78	142	30	94	158	46	110	174	2025	2018	2153	2028	2017	1939	2023	2065	1965	2018	2015	2003
304998	62	126	14	78	142	30	94	158	46	110	174	2031	2014	2157	2034	2018	1942	2028	2064	1967	2022	2015	1998
304998	62	126	14	78	142	30	94	158	46	110	174	2028	2020	2147	2018	2015	1968	2025	2067	1982	2019	2013	2008
304998	62	126	14	78	142	30	94	158	46	110	174	2025	2040	2127	2002	2006	1996	2026	2085	2009	2022	2021	2023
304998	62	126	14	78	142	30	94	158	46	110	174	2022	2044	2120	1997	1996	2005	2014	2091	2015	2018	2026	2033
304998	62	126	14	78	142	30	94	158	46	110	174	2030	2039	2122	2001	2008	1984	2023	2087	1997	2019	2018	2025
304998	62	126	14	78	142	30	94	158	46	110	174	2032	2020	2149	2022	2009	1954	2029	2071	1971	2018	2015	2001
304998	62	126	14	78	142	30	94	158	46	110	174	2035	2018	2157	2034	2016	1938	2027	2057	1968	2021	2015	1985
304998	62	126	14	78	142	30	94	158	46	110	174	2024	2019	2160	2032	2008	1960	2023	2067	1978	2017	2018	2001
304998	62	126	14	78	142	30	94	158	46	110	174	2023	2038	2126	2015	2007	1985	2027	2078	1996	2017	2020	2025
304998	62	126	14	78	142	30	94	158	46	110	174	2023	2039	2117	1992	1995	1998	2020	2092	2009	2017	2019	2032
304998	62	126	14	78	142	30	94	158	46	110	174	2027	2038	2117	1997	1995	1999	2021	2087	2005	2022	2018	2020
304998	62	126	14	78	142	30	94	158	46	110	174	2025	2026	2142	2007	2013	1967	2028	2077	1994	2020	2023	2011
304998	62	126	14	78	142	30	94	158	46	110	174	2030	2018	2160	2029	2017	1953	2023	2065	1968	2020	2017	2001
304998	62	126	14	78	142	30	94	158	46	110	174	2034	2021	2166	2038	2016	1945	2035	2059	1965	2018	2018	1998
304998	62	126	14	78	142	30	94	158	46	110	174	2022	2023	2148	2021	2009	1968	2023	2075	1980	2016	2018	2011
304998	62	126	14	78	142	30	94	158	46	110	174	2028	2034	2119	2007	1998	1995	2025	2087	2007	2019	2019	2023
304998	62	126	14	78	142	30	94	158	46	110	174	2019	2036	2123	1994	2004	1999	2016	2092	2016	2017	2027	2029
304998	62	126	14	78	142	30	94	158	46	110	174	2023	2042	2128	1995	2007	1986	2020	2083	2000	2019	2023	2028
304998	62	126	14	78	142	30	94	158	46	110	174	2027	2031	2149	2018	2015	1955	2027	2072	1975	2021	2016	2008
304998	62	126	14	78	142	30	94	158	46	110	174	2036	2020	2150	2031	2009	1939	2025	2055	1963	2016	2009	1986
304998	62	126	14	78	142	30	94	158	46	110	174	2035	2017	2152	2036	2008	1955	2031	2062	1975	2017	2019	1997
304998	62	126	14	78	142	30	94	158	46	110	174	2031	2029	2130	2015	2012	1972	2024	2081	1993	2021	2023	2022
304998	62	126	14	78	142	30	94	158	46	110	174	2027	2039	2122	1993	2003	2002	2027	2089	2012	2020	2020	2035
304998	62	126	14	78	142	30	94	158	46	110	174	2021	2045	2115	1992	2004	2001	2027	2091	2007	2016	2020	2031
304998	62	126	14	78	142	30	94	158	46	110	174	2032	2033	2127	2009	2004	1972	2023	2075	1991	2019	2020	2006
304998	62	126	14	78	142	30	94	158	46	110	174	2027	2014	2155	2028	2010	1951	2019	2065	1975	2018	2018	1998
304998	62	126	14	78	142	30	94	158	46	110	174	2031	2015	2166	2032	2017	1939	2039	2057	1965	2021	2015	2002
304998	62	126	14	78	142	30	94	158	46	110	174	2031	2021	2154	2026	2006	1965	2026	2068	1979	2020	2015	2011
304998	62	126	14	78	142	30	94	158	46	110	174	2020	2036	2129	2006	2000	1998	2018	2079	2004	2021	2020	2020
304998	62	126	14	78	142	30	94	158	46	110	174	2023	2045	2106	1994	1994	2003	2021	2092	2017	2019	2025	2031
304998	62	126	14	78	142	30	94	158	46	110	174	2020	2028	2121	2000	2000	1988	2014	2086	2006	2018	2026	2028
304998	62	126	14	78	142	30	94	158	46	110	174	2028	2024	2148	2016	2011	1957	2032	2076	1981	2017	2016	2018
304998	62	126	14	78	142	30	94	158	46	110	174	2031	2015	2168	2033	2009	1945	2030	2059	1959	2022	2011	1997
304998	62	126	14	78	142	30	94	158	46	110	174	2035	2026	2148	2032	2016	1954	2034	2058	1970	2021	2013	1992
304998	62	126	14	78	142	30	94	158	46	110	174	2026	2027	2134	2018	2001	1977	2019	2073	1996	2017	2021	2012
304998	62	126	14	78	142	30	94	158	46	110	174	2018	2032	2116	2004	1995	1996	2015	2088	2005	2020	2023	2035
304998	62	126	14	78	142	30	94	158	46	110	174	2018	2042	2123	1991	2003	2001	2019	2092	2007	2019	2022	2031
304998	62	126	14	78	142	30	94	158	46	110	174	2020	2033	2143	2009	1997	1983	2020	2074	1994	2022	2016	2011
304998	62	126	14	78	142	30	94	158	46	110	174	2032	2030	2144	2024	2017	1955	2040	2065	1972	2022	2021	1994
304998	62	126	14	78	142	30	94	158	46	110	174	2033	2013	2155	2035	2013	1942	2028	2065	1960	2017	2020	1997
304998	62	126	14	78	142	30	94	158	46	110	174	2032	2018	2144	2031	2013	1955	2027	2070	1975	2016	2018	2013
304998	62	126	14	78	142	30	94	158	46	110	174	2026	2032	2133	2009	1999	1993	2027	2077	1998	2019	2018	2022
304998	62	126	14	78	142	30	94	158	46	110	174	2018	2043	2121	2002	1990	2008	2016	2082	2017	2020	2022	2025
304998	62	126	14	78	142	30	94	158	46	110	174	2023	2042	2121	1997	2006	1989	2017	2088	2008	2022	2028	2022
304998	62	126	14	78	142	30	94	158	46	110	174	2032	2024	2141	2014	2005	1964	2030	2076	1981	2020	2022	2013
304998	62	126	14	78	142	30	94	158	46	110	174	2034	2015	2159	2034	2013	1940	2026	2062	1962	2021	2015	1999
304998	62	126	14	78	142	30	94	158	46	110	174	2038	2019	2161	2037	2014	1947	2034	2056	1970	2022	2013	1996
304998	62	126	14	78	142	30	94	158	46	110	174	2027	2032	2138	2020	2011	1973	2025	2070	1993	2021	2020	2004
304998	62	126	14	78	142	30	94	158	46	110	174	2031	2043	2110	2000	2006	1993	2019	2088	2007	2020	2026	2037
304998	62	126	14	78	142	30	94	158	46	110	174	2027	2039	2111	1992	1997	2002	2026	2093	2009	2016	2024	2034
304998	62	126	14	78	142	30	94	158	46	110	174	2023	2031	2134	2006	2007	1981	2029	2083	1991	2016	2017	2021
304998	62	126	14	78	142	30	94	158	46	110	174	2028	2023	2154	2022	2010	1949	2030	2066	1972	2020	2013	1995
304998	62	126	14	78	142	30	94	158	46	110	174	2027	2020	2159	2040	2013	1946	2027	2061	1968	2022	2018	1989
304998	62	126	14	78	142	30	94	158	46	110	174	2034	2024	2140	2031	2009	1958	2030	2065	1976	2016	2018	2009
304998	62	126	14	78	142	30	94	158	46	110	174	2032	2031	2127	2016	2005	1986	2023	2077	1995	2020	2019	2021
304998	62	126	14	78	142	30	94	158	46	110	174	2013	2031	2127	1995	1996	2002	2015	2083	2012	2021	2026	2030
304998	62	126	14	78	142	30	94	158	46	110	174	2023	2039	2128	1995	1998	1990	2022	2085	2009	2022	2024	2021
304998	62	126	14	78	142	30	94	158	46	110	174	2025	2034	2143	2013	2007	1973	2020	2077	1988	2019	2025	2008
304998	62	126	14	78	142	30	94	158	46	110	174	2031	2019	2150	2033	2010	1948	2025	2064	1966	2021	2017	2002
304998	62	126	14	78	142	30	94	158	46	110	174	2037	2011	2157	2038	2007	1949	2030	2053	1962	2020	2014	1999
304998	62	126	14	78	142	30	94	158	46	110	174	2032	2023	2141	2026	2011	1968	2025	2070	1985	2022	2018	2001
304998	62	126	14	78	142	30	94	158	46	110	174	2023	2034	2126	2008	2003	1995	2025	2087	2010	2016	2025	2026
304998	62	126	14	78	142	30	94	158	46	110	174	2020	2046	2119	1992	2002	2001	2017	2087	2007	2017	2027	2039
304998	62	126	14	78	142	30	94	158	46	110	174	2026	2034	2127	1999	1994	1990	2015	2079	1996	2021	2018	2024
304998	62	126	14	78	142	30	94	158	46	110	174	2026	2013	2149	2023	2007	1959	2023	2063	1972	2018	2017	2003
304998	62	126	14	78	142	30	94	158	46	110	174	2034	2018	2157	2035	2019	1938	2039	2059	1970	2021	2014	1988
304998	62	126	14	78	142	30	94	158	46	110	174	2026	2015	2160	2034	2005	1959	2023	2062	1971	2020	2017	2001
304998	62	126	14	78	142	30	94	158	46	110	174	2023	2033	2126	2022	2003	1986	2021	2073	1995	2021	2019	2025
304998	62	126	14	78	142	30	94	158	46	110	174	2023	2040	2112	1993	1993	2005	2021	2087	2008	2016	2019	2036
304998	62	126	14	78	142	30	94	158	46	110	174	2020	2034	2124	1999	1994	1997	2015	2081	2009	2018	2019	2022
304998	62	126	14	78	142	30	94	158	46	110	174	2026	2031	2136	2007	2008	1970	2033	2077	1992	2020	2020	2009
304998	62	126	14	78	142	30	94	158	46	110	174	2031	2019	2158	2031	2008	1952	2023	2063	1965	2017	2018	1999
304998	62	126	14	78	142	30	94	158	46	110	174	2035	2020	2152	2036	2016	1946	2033	2061	1964	2020	2015	2000
