304998	62	126	14	78	142	30	94	158	46	110	174	2026	2038	2120	1998	2007	1985	2027	2093	2004	2017	2023	2028
304998	62	126	14	78	142	30	94	158	46	110	174	2031	2021	2148	2014	2012	1965	2029	2075	1976	2021	2015	2013
304998	62	126	14	78	142	30	94	158	46	110	174	2035	2019	2163	2033	2017	1948	2031	2059	1959	2017	2013	1998
304998	62	126	14	78	142	30	94	158	46	110	174	2033	2023	2156	2035	2014	1949	2035	2055	1971	2016	2015	1992
304998	62	126	14	78	142	30	94	158	46	110	174	2031	2029	2129	2023	2006	1970	2024	2074	1993	2019	2021	2013
304998	62	126	14	78	142	30	94	158	46	110	174	2027	2033	2118	2003	2004	1992	2023	2093	2009	2021	2023	2034
304998	62	126	14	78	142	30	94	158	46	110	174	2023	2034	2124	1996	2000	2007	2017	2092	2009	2020	2018	2031
304998	62	126	14	78	142	30	94	158	46	110	174	2024	2037	2142	2007	2006	1980	2030	2076	1994	2020	2018	2008
304998	62	126	14	78	142	30	94	158	46	110	174	2026	2025	2156	2024	2013	1947	2020	2059	1978	2022	2016	1995
304998	62	126	14	78	142	30	94	158	46	110	174	2040	2019	2150	2041	2021	1939	2044	2060	1962	2020	2017	1995
304998	62	126	14	78	142	30	94	158	46	110	174	2039	2021	2145	2032	2014	1955	2032	2068	1973	2019	2014	2008
304998	62	126	14	78	142	30	94	158	46	110	174	2028	2028	2125	2009	2011	1985	2024	2078	1996	2020	2015	2022
304998	62	126	14	78	142	30	94	158	46	110	174	2025	2042	2123	2001	1991	2005	2025	2088	2019	2020	2026	2026
304998	62	126	14	78	142	30	94	158	46	110	174	2019	2042	2125	1994	2002	1988	2014	2090	2004	2020	2029	2023
304998	62	126	14	78	142	30	94	158	46	110	174	2031	2033	2133	2018	2014	1966	2034	2077	1983	2022	2017	2015
304998	62	126	14	78	142	30	94	158	46	110	174	2033	2016	2156	2036	2018	1944	2031	2055	1964	2022	2011	1999
304998	62	126	14	78	142	30	94	158	46	110	174	2040	2011	2156	2033	2019	1947	2036	2058	1966	2021	2009	1991
304998	62	126	14	78	142	30	94	158	46	110	174	2027	2023	2147	2021	2005	1972	2020	2070	1992	2016	2019	2006
304998	62	126	14	78	142	30	94	158	46	110	174	2021	2039	2121	2005	2002	1996	2016	2086	2009	2020	2025	2036
304998	62	126	14	78	142	30	94	158	46	110	174	2024	2045	2113	1998	2004	2000	2018	2092	2012	2018	2020	2036
304998	62	126	14	78	142	30	94	158	46	110	174	2028	2033	2126	2009	2005	1981	2015	2081	1995	2022	2017	2014
304998	62	126	14	78	142	30	94	158	46	110	174	2034	2020	2148	2021	2017	1956	2031	2063	1977	2021	2015	1993
304998	62	126	14	78	142	30	94	158	46	110	174	2037	2015	2168	2037	2017	1946	2028	2054	1966	2019	2015	1998
304998	62	126	14	78	142	30	94	158	46	110	174	2038	2023	2147	2031	2015	1950	2035	2066	1971	2018	2016	2006
304998	62	126	14	78	142	30	94	158	46	110	174	2030	2032	2128	2011	2006	1984	2033	2077	1995	2017	2016	2022
304998	62	126	14	78	142	30	94	158	46	110	174	2024	2037	2108	1997	2006	2003	2019	2084	2013	2021	2019	2026
304998	62	126	14	78	142	30	94	158	46	110	174	2028	2035	2116	1994	2005	1992	2019	2085	2015	2017	2028	2025
304998	62	126	14	78	142	30	94	158	46	110	174	2024	2023	2146	2016	1998	1971	2018	2076	1982	2016	2020	2015
304998	62	126	14	78	142	30	94	158	46	110	174	2031	2020	2158	2032	2018	1945	2027	2063	1964	2017	2014	1998
304998	62	126	14	78	142	30	94	158	46	110	174	2033	2020	2152	2037	2016	1940	2031	2057	1960	2021	2013	1990
304998	62	126	14	78	142	30	94	158	46	110	174	2037	2028	2132	2026	2014	1970	2024	2063	1989	2017	2018	2000
304998	62	126	14	78	142	30	94	158	46	110	174	2029	2031	2115	2002	2006	1993	2019	2085	2009	2021	2028	2027
304998	62	126	14	78	142	30	94	158	46	110	174	2026	2033	2117	1995	1997	1998	2021	2088	2010	2020	2022	2036
304998	62	126	14	78	142	30	94	158	46	110	174	2021	2034	2131	2005	2002	1981	2017	2085	1996	2022	2021	2025
304998	62	126	14	78	142	30	94	158	46	110	174	2031	2028	2147	2019	2013	1953	2031	2067	1972	2019	2013	2001
304998	62	126	14	78	142	30	94	158	46	110	174	2036	2019	2154	2037	2015	1943	2028	2053	1968	2022	2018	1993
304998	62	126	14	78	142	30	94	158	46	110	174	2036	2015	2143	2035	2013	1953	2034	2068	1973	2019	2018	2007
304998	62	126	14	78	142	30	94	158	46	110	174	2031	2023	2137	2016	2006	1981	2029	2073	1993	2018	2016	2023
304998	62	126	14	78	142	30	94	158	46	110	174	2020	2034	2123	1999	2000	1995	2016	2087	2006	2020	2025	2028
304998	62	126	14	78	142	30	94	158	46	110	174	2019	2039	2125	1993	1999	1997	2015	2081	2010	2018	2025	2023
304998	62	126	14	78	142	30	94	158	46	110	174	2027	2034	2134	2010	2006	1975	2017	2077	1992	2018	2024	2016
304998	62	126	14	78	142	30	94	158	46	110	174	2039	2021	2152	2035	2007	1955	2028	2067	1965	2018	2016	2003
304998	62	126	14	78	142	30	94	158	46	110	174	2025	2013	2155	2034	2016	1940	2034	2059	1962	2020	2010	1995
304998	62	126	14	78	142	30	94	158	46	110	174	2034	2023	2147	2030	2013	1963	2029	2073	1972	2017	2017	2003
304998	62	126	14	78	142	30	94	158	46	110	174	2018	2035	2138	2009	2001	1989	2020	2081	2007	2017	2026	2022
304998	62	126	14	78	142	30	94	158	46	110	174	2025	2042	2114	1995	2005	2002	2019	2092	2015	2017	2025	2038
304998	62	126	14	78	142	30	94	158	46	110	174	2031	2036	2124	2000	1996	1994	2027	2087	2002	2019	2019	2030
304998	62	126	14	78	142	30	94	158	46	110	174	2023	2020	2140	2020	2014	1955	2024	2069	1974	2019	2014	2002
304998	62	126	14	78	142	30	94	158	46	110	174	2033	2012	2162	2037	2013	1944	2037	2059	1963	2022	2013	1987
304998	62	126	14	78	142	30	94	158	46	110	174	2030	2017	2162	2037	2012	1952	2026	2058	1973	2020	2016	2001
304998	62	126	14	78	142	30	94	158	46	110	174	2027	2034	2131	2017	2015	1976	2034	2077	1991	2022	2020	2022
304998	62	126	14	78	142	30	94	158	46	110	174	2027	2033	2121	2001	1995	2003	2019	2086	2009	2022	2020	2029
304998	62	126	14	78	142	30	94	158	46	110	174	2019	2035	2115	1990	2005	1995	2018	2089	2011	2017	2021	2024
304998	62	126	14	78	142	30	94	158	46	110	174	2024	2027	2138	2005	2005	1978	2024	2078	1996	2020	2024	2013
304998	62	126	14	78	142	30	94	158	46	110	174	2024	2021	2164	2028	2009	1955	2022	2065	1970	2018	2020	2004
304998	62	126	14	78	142	30	94	158	46	110	174	2038	2018	2156	2037	2022	1942	2042	2058	1962	2017	2013	1999
304998	62	126	14	78	142	30	94	158	46	110	174	2034	2021	2145	2030	2009	1961	2028	2063	1976	2020	2014	2003
304998	62	126	14	78	142	30	94	158	46	110	174	2029	2027	2127	2008	2007	1983	2019	2077	2003	2022	2022	2013
304998	62	126	14	78	142	30	94	158	46	110	174	2026	2038	2117	1997	1997	2002	2029	2090	2021	2021	2027	2033
304998	62	126	14	78	142	30	94	158	46	110	174	2023	2036	2129	2000	1994	1996	2015	2088	2005	2021	2023	2028
304998	62	126	14	78	142	30	94	158	46	110	174	2025	2031	2140	2012	2012	1970	2038	2073	1980	2018	2018	2008
304998	62	126	14	78	142	30	94	158	46	110	174	2036	2018	2156	2032	2009	1947	2039	2064	1957	2022	2013	1988
304998	62	126	14	78	142	30	94	158	46	110	174	2035	2012	2153	2040	2016	1948	2030	2056	1969	2020	2018	1995
304998	62	126	14	78	142	30	94	158	46	110	174	2029	2025	2142	2021	2011	1964	2038	2074	1998	2017	2021	2014
304998	62	126	14	78	142	30	94	158	46	110	174	2020	2038	2126	2000	1999	1998	2020	2087	2009	2020	2018	2030
304998	62	126	14	78	142	30	94	158	46	110	174	2020	2043	2119	1996	1998	2000	2015	2088	2009	2020	2019	2029
304998	62	126	14	78	142	30	94	158	46	110	174	2027	2035	2128	2001	2000	1980	2017	2073	1995	2022	2022	2008
304998	62	126	14	78	142	30	94	158	46	110	174	2034	2015	2152	2027	2010	1954	2019	2063	1981	2019	2017	2000
304998	62	126	14	78	142	30	94	158	46	110	174	2034	2013	2158	2039	2019	1938	2039	2060	1964	2017	2018	2003
304998	62	126	14	78	142	30	94	158	46	110	174	2025	2015	2159	2036	2008	1960	2029	2062	1969	2017	2015	2002
304998	62	126	14	78	142	30	94	158	46	110	174	2027	2038	2125	2015	2006	1985	2023	2079	1992	2021	2016	2016
304998	62	126	14	78	142	30	94	158	46	110	174	2017	2038	2118	2000	1993	2004	2018	2083	2018	2020	2031	2037
304998	62	126	14	78	142	30	94	158	46	110	174	2025	2035	2118	1997	1996	1992	2022	2091	2009	2017	2024	2030
304998	62	126	14	78	142	30	94	158	46	110	174	2028	2025	2141	2012	2012	1966	2031	2080	1984	2020	2014	2013
304998	62	126	14	78	142	30	94	158	46	110	174	2030	2016	2162	2036	2016	1947	2035	2059	1965	2019	2011	1994
304998	62	126	14	78	142	30	94	158	46	110	174	2039	2021	2155	2039	2019	1945	2039	2057	1959	2018	2016	1990
304998	62	126	14	78	142	30	94	158	46	110	174	2025	2026	2143	2023	2001	1970	2020	2067	1994	2022	2022	2013
304998	62	126	14	78	142	30	94	158	46	110	174	2024	2034	2119	2006	1998	1995	2019	2087	2005	2022	2022	2031
304998	62	126	14	78	142	30	94	158	46	110	174	2025	2034	2120	1993	2003	1996	2018	2096	2008	2016	2019	2028
304998	62	126	14	78	142	30	94	158	46	110	174	2024	2030	2139	2005	1999	1984	2016	2079	1991	2021	2022	2010
304998	62	126	14	78	142	30	94	158	46	110	174	2031	2026	2149	2020	2017	1957	2031	2063	1971	2017	2020	2005
304998	62	126	14	78	142	30	94	158	46	110	174	2037	2015	2156	2040	2012	1946	2027	2057	1968	2021	2015	1999
304998	62	126	14	78	142	30	94	158	46	110	174	2033	2015	2147	2031	2015	1948	2035	2066	1972	2017	2013	2001
304998	62	126	14	78	142	30	94	158	46	110	174	2028	2023	2130	2016	2007	1986	2029	2077	1996	2018	2014	2018
304998	62	126	14	78	142	30	94	158	46	110	174	2023	2036	2122	1998	2000	2003	2017	2088	2008	2020	2025	2028
304998	62	126	14	78	142	30	94	158	46	110	174	2020	2043	2123	1995	1997	1998	2013	2084	2017	2018	2029	2027
304998	62	126	14	78	142	30	94	158	46	110	174	2024	2033	2129	2011	2005	1963	2025	2078	1991	2017	2024	2020
304998	62	126	14	78	142	30	94	158	46	110	174	2035	2016	2151	2033	2014	1951	2028	2062	1968	2019	2014	1996
304998	62	126	14	78	142	30	94	158	46	110	174	2031	2014	2158	2040	2021	1939	2030	2057	1960	2018	2015	1985
304998	62	126	14	78	142	30	94	158	46	110	174	2033	2023	2148	2026	2007	1970	2038	2065	1985	2021	2020	2010
304998	62	126	14	78	142	30	94	158	46	110	174	2021	2036	2129	2006	1998	1996	2016	2082	2010	2016	2022	2031
304998	62	126	14	78	142	30	94	158	46	110	174	2020	2043	2112	1997	2003	2000	2013	2088	2015	2017	2023	2037
304998	62	126	14	78	142	30	94	158	46	110	174	2024	2035	2124	1999	1998	1987	2029	2082	1996	2017	2020	2016
304998	62	126	14	78	142	30	94	158	46	110	174	2028	2018	2151	2019	2013	1957	2022	2072	1975	2019	2019	2000
304998	62	126	14	78	142	30	94	158	46	110	174	2036	2018	2163	2040	2011	1946	2045	2059	1970	2022	2015	1997
304998	62	126	14	78	142	30	94	158	46	110	174	2033	2022	2159	2034	2013	1951	2033	2064	1971	2016	2011	2000
304998	62	126	14	78	142	30	94	158	46	110	174	2028	2038	2127	2020	2013	1976	2027	2076	1986	2021	2015	2016
304998	62	126	14	78	142	30	94	158	46	110	174	2026	2033	2111	2006	1997	2002	2025	2086	2007	2022	2023	2024
304998	62	126	14	78	142	30	94	158	46	110	174	2021	2033	2119	1991	2005	1995	2020	2086	2008	2017	2026	2025
304998	62	126	14	78	142	30	94	158	46	110	174	2024	2027	2142	2013	1994	1979	2017	2079	1990	2019	2021	2017
304998	62	126	14	78	142	30	94	158	46	110	174	2025	2019	2158	2034	2008	1948	2026	2063	1968	2019	2015	1998
304998	62	126	14	78	142	30	94	158	46	110	174	2034	2020	2153	2040	2018	1939	2038	2058	1960	2016	2008	1984
304998	62	126	14	78	142	30	94	158	46	110	174	2033	2015	2142	2032	2012	1959	2023	2060	1971	2017	2021	2001
304998	62	126	14	78	142	30	94	158	46	110	174	2033	2031	2126	2008	2011	1993	2025	2077	2012	2020	2026	2029
304998	62	126	14	78	142	30	94	158	46	110	174	2018	2042	2119	1996	1996	2002	2021	2093	2014	2016	2021	2033
304998	62	126	14	78	142	30	94	158	46	110	174	2023	2036	2127	2000	1995	1991	2015	2085	2002	2018	2018	2021
304998	62	126	14	78	142	30	94	158	46	110	174	2031	2031	2143	2019	2012	1956	2032	2070	1980	2021	2019	1995
304998	62	126	14	78	142	30	94	158	46	110	174	2036	2015	2155	2042	2013	1946	2030	2051	1966	2021	2020	1992
304998	62	126	14	78	142	30	94	158	46	110	174	2035	2015	2151	2038	2020	1950	2024	2060	1969	2022	2018	2004
304998	62	126	14	78	142	30	94	158	46	110	174	2028	2028	2141	2020	2009	1974	2036	2073	1991	2022	2017	2016
304998	62	126	14	78	142	30	94	158	46	110	174	2019	2034	2126	2000	1997	1999	2017	2086	2007	2016	2019	2019
304998	62	126	14	78	142	30	94	158	46	110	174	2019	2044	2118	1995	1996	1995	2018	2091	2009	2017	2027	2028
304998	62	126	14	78	142	30	94	158	46	110	174	2025	2028	2128	2008	2011	1977	2023	2074	1999	2016	2025	2022
304998	62	126	14	78	142	30	94	158	46	110	174	2029	2015	2154	2029	2014	1951	2029	2065	1971	2016	2018	2004
304998	62	126	14	78	142	30	94	158	46	110	174	2038	2011	2162	2041	2020	1940	2032	2060	1959	2017	2010	1989
304998	62	126	14	78	142	30	94	158	46	110	174	2031	2021	2152	2037	2012	1952	2030	2062	1973	2018	2018	1999
304998	62	126	14	78	142	30	94	158	46	110	174	2031	2038	2123	2015	2009	1980	2027	2076	1997	2022	2025	2022
304998	62	126	14	78	142	30	94	158	46	110	174	2023	2040	2113	2005	1986	2013	2011	2092	2020	2022	2027	2032
304998	62	126	14	78	142	30	94	158	46	110	174	2023	2031	2122	2000	1997	1997	2022	2087	2006	2017	2019	2030
304998	62	126	14	78	142	30	94	158	46	110	174	2027	2028	2148	2014	2006	1969	2032	2075	1979	2020	2014	1998
304998	62	126	14	78	142	30	94	158	46	110	174	2031	2012	2167	2040	2016	1939	2034	2059	1958	2017	2017	1991
304998	62	126	14	78	142	30	94	158	46	110	174	2033	2017	2154	2042	2014	1946	2033	2048	1976	2020	2017	2001
304998	62	126	14	78	142	30	94	158	46	110	174	2028	2026	2132	2026	2008	1971	2020	2069	1991	2019	2016	2016
304998	62	126	14	78	142	30	94	158	46	110	174	2024	2034	2120	2006	1997	1996	2026	2087	2009	2016	2019	2028
304998	62	126	14	78	142	30	94	158	46	110	174	2018	2036	2122	1992	1999	1994	2016	2090	2007	2021	2028	2023
304998	62	126	14	78	142	30	94	158	46	110	174	2026	2036	2131	2003	2003	1982	2023	2081	1993	2020	2025	2020
304998	62	126	14	78	142	30	94	158	46	110	174	2027	2025	2151	2026	2016	1950	2022	2062	1982	2017	2015	2004
304998	62	126	14	78	142	30	94	158	46	110	174	2037	2015	2148	2038	2019	1938	2037	2058	1959	2020	2009	1991
304998	62	126	14	78	142	30	94	158	46	110	174	2038	2017	2145	2035	2011	1957	2039	2062	1970	2020	2013	1991
304998	62	126	14	78	142	30	94	158	46	110	174	2028	2027	2129	2015	2006	1984	2020	2077	1998	2016	2021	2021
304998	62	126	14	78	142	30	94	158	46	110	174	2023	2039	2120	1995	1996	2001	2024	2089	2012	2018	2029	2037
304998	62	126	14	78	142	30	94	158	46	110	174	2023	2043	2124	1995	1997	1993	2013	2092	2009	2019	2023	2029
304998	62	126	14	78	142	30	94	158	46	110	174	2028	2030	2131	2011	2015	1971	2038	2077	1985	2022	2015	2014
304998	62	126	14	78	142	30	94	158	46	110	174	2040	2013	2156	2036	2015	1948	2043	2055	1961	2020	2013	1987
304998	62	126	14	78	142	30	94	158	46	110	174	2039	2012	2156	2042	2022	1938	2030	2054	1961	2021	2016	1996
304998	62	126	14	78	142	30	94	158	46	110	174	2033	2023	2144	2031	1999	1966	2033	2064	1987	2017	2021	2018
304998	62	126	14	78	142	30	94	158	46	110	174	2021	2035	2126	2006	2004	1996	2021	2084	2007	2022	2020	2029
304998	62	126	14	78	142	30	94	158	46	110	174	2028	2044	2108	1997	2004	2001	2018	2092	2010	2022	2020	2028
304998	62	126	14	78	142	30	94	158	46	110	174	2028	2031	2129	2005	2004	1983	2020	2081	1997	2019	2026	2018
304998	62	126	14	78	142	30	94	158	46	110	174	2037	2019	2151	2023	2014	1957	2034	2061	1983	2022	2020	2002
304998	62	126	14	78	142	30	94	158	46	110	174	2034	2013	2163	2043	2014	1943	2031	2060	1963	2021	2012	2000
304998	62	126	14	78	142	30	94	158	46	110	174	2036	2020	2148	2036	2017	1948	2035	2062	1972	2016	2008	1995
304998	62	126	14	78	142	30	94	158	46	110	174	2031	2035	2121	2017	2011	1983	2042	2080	1986	2020	2016	2006
304998	62	126	14	78	142	30	94	158	46	110	174	2029	2034	2113	1998	1997	1994	2021	2084	2009	2017	2029	2029
304998	62	126	14	78	142	30	94	158	46	110	174	2023	2033	2121	1992	1997	1995	2014	2089	2016	2016	2024	2032
304998	62	126	14	78	142	30	94	158	46	110	174	2025	2026	2142	2010	2004	1969	2024	2078	1984	2022	2018	2014
304998	62	126	14	78	142	30	94	158	46	110	174	2033	2019	2158	2032	2017	1946	2034	2056	1965	2017	2008	1992
304998	62	126	14	78	142	30	94	158	46	110	174	2040	2015	2156	2042	2018	1945	2033	2052	1958	2020	2015	1988
304998	62	126	14	78	142	30	94	158	46	110	174	2037	2018	2143	2031	2008	1967	2024	2055	1985	2021	2018	2010
304998	62	126	14	78	142	30	94	158	46	110	174	2031	2029	2121	2006	2003	1986	2024	2087	2005	2017	2019	2031
304998	62	126	14	78	142	30	94	158	46	110	174	2023	2036	2123	1995	2002	2002	2018	2094	2009	2021	2023	2031
304998	62	126	14	78	142	30	94	158	46	110	174	2023	2036	2129	2002	2001	1987	2017	2083	2000	2022	2020	2017
304998	62	126	14	78	142	30	94	158	46	110	174	2031	2030	2142	2020	2018	1960	2033	2065	1983	2021	2019	2005
304998	62	126	14	78	142	30	94	158	46	110	174	2039	2013	2152	2041	2010	1941	2031	2057	1966	2018	2017	1997
304998	62	126	14	78	142	30	94	158	46	110	174	2039	2011	2151	2040	2023	1944	2037	2063	1968	2021	2012	1999
304998	62	126	14	78	142	30	94	158	46	110	174	2029	2020	2133	2019	2014	1974	2033	2073	1984	2020	2011	2013
304998	62	126	14	78	142	30	94	158	46	110	174	2027	2042	2120	2001	1998	2000	2023	2085	2009	2017	2024	2020
304998	62	126	14	78	142	30	94	158	46	110	174	2016	2039	2127	1996	2002	1996	2009	2085	2020	2020	2028	2031
304998	62	126	14	78	142	30	94	158	46	110	174	2026	2034	2136	2013	2003	1976	2018	2076	1995	2019	2020	2018
304998	62	126	14	78	142	30	94	158	46	110	174	2037	2014	2144	2030	2019	1949	2043	2061	1969	2019	2011	1994
