304998	62	126	14	78	142	30	94	158	46	110	174	2031	2009	2161	2043	2014	1948	2029	2058	1961	2022	2020	1995
304998	62	126	14	78	142	30	94	158	46	110	174	2025	2027	2141	2021	2008	1972	2031	2071	1986	2017	2020	2016
304998	62	126	14	78	142	30	94	158	46	110	174	2020	2037	2126	1999	1995	2000	2027	2089	2019	2017	2024	2031
304998	62	126	14	78	142	30	94	158	46	110	174	2017	2051	2107	1983	1999	2005	2011	2099	2021	2017	2026	2031
304998	62	126	14	78	142	30	94	158	46	110	174	2023	2033	2124	2002	2003	1985	2019	2085	1997	2022	2028	2014
304998	62	126	14	78	142	30	94	158	46	110	174	2024	2015	2158	2029	2005	1946	2022	2063	1964	2020	2016	2002
304998	62	126	14	78	142	30	94	158	46	110	174	2035	2013	2166	2041	2021	1939	2034	2052	1957	2019	2015	1997
304998	62	126	14	78	142	30	94	158	46	110	174	2037	2023	2153	2041	2004	1956	2035	2063	1981	2018	2013	1997
304998	62	126	14	78	142	30	94	158	46	110	174	2025	2042	2122	2007	2008	1988	2022	2086	2004	2022	2023	2015
304998	62	126	14	78	142	30	94	158	46	110	174	2023	2046	2101	1993	1997	2015	2015	2105	2019	2019	2031	2040
304998	62	126	14	78	142	30	94	158	46	110	174	2019	2035	2116	1993	1994	1994	2016	2087	2008	2020	2026	2037
304998	62	126	14	78	142	30	94	158	46	110	174	2025	2031	2142	2010	2006	1965	2024	2071	1986	2021	2016	2011
304998	62	126	14	78	142	30	94	158	46	110	174	2033	2015	2167	2039	2015	1939	2024	2064	1965	2022	2015	1980
304998	62	126	14	78	142	30	94	158	46	110	174	2033	2023	2155	2039	2023	1938	2039	2056	1960	2020	2019	1993
304998	62	126	14	78	142	30	94	158	46	110	174	2037	2030	2127	2021	2013	1969	2036	2077	1983	2018	2022	2017
304998	62	126	14	78	142	30	94	158	46	110	174	2019	2034	2112	1994	1992	2002	2012	2087	2013	2018	2023	2032
304998	62	126	14	78	142	30	94	158	46	110	174	2018	2039	2115	1987	1996	2006	2009	2093	2026	2017	2025	2029
304998	62	126	14	78	142	30	94	158	46	110	174	2018	2032	2134	1999	2003	1982	2012	2089	1999	2021	2029	2023
304998	62	126	14	78	142	30	94	158	46	110	174	2027	2031	2149	2021	2014	1950	2025	2070	1969	2022	2020	2000
304998	62	126	14	78	142	30	94	158	46	110	174	2040	2020	2155	2046	2025	1937	2038	2055	1953	2019	2010	1989
304998	62	126	14	78	142	30	94	158	46	110	174	2036	2016	2144	2036	2012	1956	2038	2059	1973	2017	2013	1997
304998	62	126	14	78	142	30	94	158	46	110	174	2024	2030	2129	2011	2006	1986	2014	2084	2004	2022	2023	2017
304998	62	126	14	78	142	30	94	158	46	110	174	2020	2044	2116	1993	1994	2006	2019	2099	2023	2019	2031	2033
304998	62	126	14	78	142	30	94	158	46	110	174	2016	2046	2121	1989	1995	2001	2007	2094	2011	2019	2029	2041
304998	62	126	14	78	142	30	94	158	46	110	174	2027	2033	2130	2006	2006	1969	2017	2070	1982	2017	2017	2015
304998	62	126	14	78	142	30	94	158	46	110	174	2032	2016	2156	2037	2014	1944	2037	2058	1968	2019	2011	1985
304998	62	126	14	78	142	30	94	158	46	110	174	2032	2006	2170	2042	2018	1936	2029	2059	1959	2018	2018	1989
304998	62	126	14	78	142	30	94	158	46	110	174	2032	2022	2144	2030	2005	1964	2030	2072	1984	2021	2022	2014
304998	62	126	14	78	142	30	94	158	46	110	174	2020	2041	2121	2004	1994	2000	2020	2086	2007	2019	2026	2032
304998	62	126	14	78	142	30	94	158	46	110	174	2015	2051	2103	1985	1995	2011	2012	2098	2024	2021	2025	2031
304998	62	126	14	78	142	30	94	158	46	110	174	2025	2037	2126	1993	1999	1997	2005	2087	2008	2018	2023	2017
304998	62	126	14	78	142	30	94	158	46	110	174	2028	2020	2148	2021	2013	1955	2023	2074	1975	2022	2024	2006
304998	62	126	14	78	142	30	94	158	46	110	174	2035	2009	2167	2042	2019	1929	2037	2054	1953	2016	2019	1993
304998	62	126	14	78	142	30	94	158	46	110	174	2026	2017	2154	2040	2016	1944	2031	2054	1963	2022	2014	1997
304998	62	126	14	78	142	30	94	158	46	110	174	2027	2036	2126	2014	2006	1982	2032	2082	2004	2017	2019	2018
304998	62	126	14	78	142	30	94	158	46	110	174	2018	2041	2113	1988	1994	2011	2012	2099	2020	2018	2033	2032
304998	62	126	14	78	142	30	94	158	46	110	174	2019	2039	2109	1985	1991	2002	2012	2098	2017	2017	2026	2037
304998	62	126	14	78	142	30	94	158	46	110	174	2027	2032	2138	2007	2004	1970	2024	2077	1984	2018	2022	2019
304998	62	126	14	78	142	30	94	158	46	110	174	2025	2020	2163	2031	2020	1937	2023	2054	1963	2016	2013	1993
304998	62	126	14	78	142	30	94	158	46	110	174	2032	2018	2159	2040	2021	1934	2030	2055	1959	2018	2018	1978
304998	62	126	14	78	142	30	94	158	46	110	174	2036	2024	2133	2028	2007	1968	2033	2068	1975	2021	2020	2008
304998	62	126	14	78	142	30	94	158	46	110	174	2018	2027	2121	2003	1993	1993	2013	2085	2008	2019	2024	2032
304998	62	126	14	78	142	30	94	158	46	110	174	2011	2036	2111	1983	1990	2012	2006	2092	2019	2020	2026	2035
304998	62	126	14	78	142	30	94	158	46	110	174	2018	2039	2127	1996	1995	1992	2017	2090	2012	2018	2023	2019
304998	62	126	14	78	142	30	94	158	46	110	174	2023	2028	2154	2015	2014	1956	2020	2072	1978	2020	2025	2007
304998	62	126	14	78	142	30	94	158	46	110	174	2038	2019	2155	2038	2023	1936	2056	2066	1954	2017	2017	1996
304998	62	126	14	78	142	30	94	158	46	110	174	2036	2011	2151	2046	2001	1949	2031	2059	1960	2017	2015	1996
304998	62	126	14	78	142	30	94	158	46	110	174	2020	2025	2132	2020	2012	1971	2019	2067	1991	2019	2019	2018
304998	62	126	14	78	142	30	94	158	46	110	174	2019	2042	2121	1996	1986	2009	2020	2097	2026	2020	2031	2031
304998	62	126	14	78	142	30	94	158	46	110	174	2018	2046	2116	1985	1997	2008	2008	2099	2017	2020	2029	2038
304998	62	126	14	78	142	30	94	158	46	110	174	2024	2035	2124	1997	2006	1985	2028	2091	1991	2021	2024	2026
304998	62	126	14	78	142	30	94	158	46	110	174	2027	2015	2151	2031	2011	1945	2028	2059	1964	2019	2011	1997
304998	62	126	14	78	142	30	94	158	46	110	174	2036	2013	2164	2045	2020	1929	2032	2048	1958	2018	2012	1984
304998	62	126	14	78	142	30	94	158	46	110	174	2028	2020	2157	2036	2011	1956	2028	2065	1975	2019	2022	2004
304998	62	126	14	78	142	30	94	158	46	110	174	2024	2042	2121	2008	2001	1993	2026	2086	2006	2019	2030	2031
304998	62	126	14	78	142	30	94	158	46	110	174	2021	2046	2100	1984	1997	2014	2011	2095	2019	2020	2024	2039
304998	62	126	14	78	142	30	94	158	46	110	174	2022	2039	2113	1993	1994	2003	2013	2090	2015	2019	2024	2028
304998	62	126	14	78	142	30	94	158	46	110	174	2030	2027	2143	2018	2006	1963	2025	2073	1986	2021	2022	2000
304998	62	126	14	78	142	30	94	158	46	110	174	2035	2014	2166	2041	2018	1933	2036	2060	1951	2017	2019	1993
304998	62	126	14	78	142	30	94	158	46	110	174	2037	2019	2162	2046	2008	1948	2041	2059	1956	2021	2013	1998
304998	62	126	14	78	142	30	94	158	46	110	174	2026	2028	2127	2023	2012	1974	2023	2074	1986	2023	2016	2009
304998	62	126	14	78	142	30	94	158	46	110	174	2026	2039	2102	1993	1992	2011	2017	2092	2022	2017	2026	2024
304998	62	126	14	78	142	30	94	158	46	110	174	2015	2039	2109	1983	1995	2008	2013	2100	2023	2017	2031	2036
304998	62	126	14	78	142	30	94	158	46	110	174	2020	2032	2136	1997	2003	1981	2030	2088	1994	2018	2027	2022
304998	62	126	14	78	142	30	94	158	46	110	174	2027	2020	2154	2031	2006	1956	2019	2062	1965	2017	2015	2000
304998	62	126	14	78	142	30	94	158	46	110	174	2033	2016	2157	2047	2023	1933	2032	2048	1956	2018	2013	1983
304998	62	126	14	78	142	30	94	158	46	110	174	2034	2015	2151	2038	2008	1958	2027	2061	1975	2017	2017	1992
304998	62	126	14	78	142	30	94	158	46	110	174	2022	2033	2123	2015	1995	1990	2017	2079	2002	2021	2029	2023
304998	62	126	14	78	142	30	94	158	46	110	174	2018	2044	2115	1985	1997	2006	2017	2102	2019	2018	2030	2043
304998	62	126	14	78	142	30	94	158	46	110	174	2018	2041	2121	1986	1991	2005	2008	2091	2009	2021	2025	2035
304998	62	126	14	78	142	30	94	158	46	110	174	2027	2033	2139	2007	2012	1965	2016	2073	1985	2020	2021	2004
304998	62	126	14	78	142	30	94	158	46	110	174	2035	2020	2153	2037	2014	1939	2039	2061	1960	2019	2019	1985
304998	62	126	14	78	142	30	94	158	46	110	174	2042	2015	2155	2046	2016	1938	2031	2056	1954	2018	2021	1995
304998	62	126	14	78	142	30	94	158	46	110	174	2032	2023	2142	2028	2017	1964	2028	2074	1982	2021	2017	2015
304998	62	126	14	78	142	30	94	158	46	110	174	2019	2039	2121	1994	1999	2005	2012	2085	2014	2017	2020	2029
304998	62	126	14	78	142	30	94	158	46	110	174	2018	2048	2110	1983	1993	2013	2007	2103	2025	2020	2030	2034
304998	62	126	14	78	142	30	94	158	46	110	174	2022	2039	2119	1996	2000	1987	2010	2088	2003	2019	2029	2021
304998	62	126	14	78	142	30	94	158	46	110	174	2032	2021	2142	2029	2005	1955	2036	2064	1968	2022	2019	2000
304998	62	126	14	78	142	30	94	158	46	110	174	2038	2009	2165	2043	2024	1929	2031	2049	1948	2021	2011	1988
304998	62	126	14	78	142	30	94	158	46	110	174	2034	2018	2156	2037	2019	1947	2035	2056	1972	2022	2014	1993
304998	62	126	14	78	142	30	94	158	46	110	174	2028	2039	2130	2013	2006	1987	2029	2079	2002	2018	2029	2017
304998	62	126	14	78	142	30	94	158	46	110	174	2019	2051	2102	1986	1995	2011	2012	2102	2018	2022	2029	2042
304998	62	126	14	78	142	30	94	158	46	110	174	2020	2045	2104	1989	1987	2003	2018	2101	2017	2017	2029	2038
304998	62	126	14	78	142	30	94	158	46	110	174	2028	2030	2134	2007	2009	1966	2023	2075	1988	2017	2018	2013
304998	62	126	14	78	142	30	94	158	46	110	174	2035	2013	2166	2034	2017	1939	2029	2054	1964	2020	2013	1983
304998	62	126	14	78	142	30	94	158	46	110	174	2038	2018	2166	2047	2016	1940	2032	2054	1953	2016	2018	1987
304998	62	126	14	78	142	30	94	158	46	110	174	2033	2027	2139	2028	2011	1964	2029	2068	1975	2020	2016	2009
304998	62	126	14	78	142	30	94	158	46	110	174	2024	2039	2109	1998	1997	1997	2013	2085	2005	2018	2023	2033
304998	62	126	14	78	142	30	94	158	46	110	174	2020	2042	2105	1986	1989	2011	2013	2101	2029	2017	2025	2032
304998	62	126	14	78	142	30	94	158	46	110	174	2022	2042	2127	1992	2004	1991	2008	2090	2011	2019	2023	2021
304998	62	126	14	78	142	30	94	158	46	110	174	2027	2024	2157	2019	2005	1963	2023	2073	1971	2016	2024	2002
304998	62	126	14	78	142	30	94	158	46	110	174	2035	2021	2166	2044	2021	1933	2036	2051	1950	2021	2015	1995
304998	62	126	14	78	142	30	94	158	46	110	174	2037	2020	2147	2044	2021	1943	2035	2049	1961	2021	2014	1995
304998	62	126	14	78	142	30	94	158	46	110	174	2029	2030	2127	2022	2006	1976	2030	2080	1997	2018	2019	2014
304998	62	126	14	78	142	30	94	158	46	110	174	2019	2042	2112	1988	1995	2007	2016	2100	2023	2018	2031	2030
304998	62	126	14	78	142	30	94	158	46	110	174	2015	2040	2112	1983	1992	2008	2014	2102	2016	2017	2029	2037
304998	62	126	14	78	142	30	94	158	46	110	174	2023	2037	2141	2005	1999	1976	2017	2081	1985	2017	2022	2017
304998	62	126	14	78	142	30	94	158	46	110	174	2025	2018	2153	2031	2018	1938	2028	2053	1971	2020	2013	1988
304998	62	126	14	78	142	30	94	158	46	110	174	2042	2018	2156	2048	2019	1932	2039	2054	1954	2019	2011	1985
304998	62	126	14	78	142	30	94	158	46	110	174	2030	2017	2151	2038	2014	1957	2030	2063	1972	2019	2020	1997
304998	62	126	14	78	142	30	94	158	46	110	174	2024	2035	2122	2006	2004	1996	2029	2086	2006	2018	2029	2033
304998	62	126	14	78	142	30	94	158	46	110	174	2014	2046	2112	1984	1985	2018	2018	2095	2020	2018	2028	2041
304998	62	126	14	78	142	30	94	158	46	110	174	2017	2042	2119	1994	1998	1994	2006	2091	2018	2019	2019	2025
304998	62	126	14	78	142	30	94	158	46	110	174	2028	2028	2137	2018	2008	1953	2029	2077	1981	2018	2023	1995
304998	62	126	14	78	142	30	94	158	46	110	174	2033	2013	2161	2049	2016	1935	2039	2051	1951	2018	2017	1985
304998	62	126	14	78	142	30	94	158	46	110	174	2035	2007	2164	2050	2021	1941	2038	2052	1958	2017	2016	1997
304998	62	126	14	78	142	30	94	158	46	110	174	2033	2026	2136	2023	2008	1977	2038	2076	1998	2021	2015	2016
304998	62	126	14	78	142	30	94	158	46	110	174	2015	2046	2118	1995	1990	2006	2013	2098	2019	2017	2021	2029
304998	62	126	14	78	142	30	94	158	46	110	174	2020	2049	2103	1980	1994	2008	2008	2103	2018	2016	2030	2029
304998	62	126	14	78	142	30	94	158	46	110	174	2021	2034	2128	2003	1995	1987	2012	2083	1992	2020	2028	2019
304998	62	126	14	78	142	30	94	158	46	110	174	2028	2010	2151	2033	2015	1944	2031	2054	1969	2017	2017	2001
304998	62	126	14	78	142	30	94	158	46	110	174	2036	2012	2166	2049	2021	1935	2033	2051	1952	2021	2011	1994
304998	62	126	14	78	142	30	94	158	46	110	174	2033	2019	2158	2045	2010	1956	2035	2069	1975	2020	2014	1990
304998	62	126	14	78	142	30	94	158	46	110	174	2022	2039	2119	2009	2005	1985	2025	2085	2002	2016	2022	2025
304998	62	126	14	78	142	30	94	158	46	110	174	2018	2049	2101	1983	1992	2013	2007	2094	2018	2018	2029	2040
304998	62	126	14	78	142	30	94	158	46	110	174	2021	2039	2113	1989	1995	2004	2014	2098	2020	2022	2023	2038
304998	62	126	14	78	142	30	94	158	46	110	174	2026	2027	2144	2009	2003	1966	2024	2077	1985	2022	2018	2008
304998	62	126	14	78	142	30	94	158	46	110	174	2033	2015	2169	2045	2015	1933	2041	2057	1947	2020	2012	1979
304998	62	126	14	78	142	30	94	158	46	110	174	2038	2010	2165	2048	2021	1936	2037	2049	1954	2019	2017	1985
304998	62	126	14	78	142	30	94	158	46	110	174	2031	2028	2137	2029	2010	1963	2027	2066	1991	2022	2020	2016
304998	62	126	14	78	142	30	94	158	46	110	174	2026	2039	2106	1989	1993	2009	2023	2091	2022	2020	2025	2039
304998	62	126	14	78	142	30	94	158	46	110	174	2013	2045	2105	1975	1990	2015	2009	2104	2022	2019	2025	2034
304998	62	126	14	78	142	30	94	158	46	110	174	2019	2034	2129	1992	1999	1983	2015	2087	1998	2017	2026	2018
304998	62	126	14	78	142	30	94	158	46	110	174	2033	2021	2161	2033	2012	1943	2027	2064	1964	2016	2020	1991
304998	62	126	14	78	142	30	94	158	46	110	174	2035	2017	2167	2050	2024	1929	2033	2049	1956	2020	2011	1997
304998	62	126	14	78	142	30	94	158	46	110	174	2038	2021	2146	2039	2017	1958	2027	2058	1968	2021	2015	1999
304998	62	126	14	78	142	30	94	158	46	110	174	2025	2030	2124	2009	2003	1987	2024	2085	2003	2022	2021	2019
304998	62	126	14	78	142	30	94	158	46	110	174	2018	2037	2114	1981	1992	2011	2009	2101	2018	2017	2029	2032
304998	62	126	14	78	142	30	94	158	46	110	174	2015	2041	2121	1980	1994	2003	2009	2094	2019	2022	2033	2035
304998	62	126	14	78	142	30	94	158	46	110	174	2027	2033	2148	2006	2009	1960	2025	2079	1993	2016	2023	2014
304998	62	126	14	78	142	30	94	158	46	110	174	2034	2023	2157	2040	2024	1933	2030	2059	1953	2023	2013	1996
304998	62	126	14	78	142	30	94	158	46	110	174	2041	2014	2155	2053	2014	1939	2041	2052	1951	2017	2008	1985
304998	62	126	14	78	142	30	94	158	46	110	174	2025	2014	2147	2032	2012	1964	2026	2060	1983	2019	2022	2003
304998	62	126	14	78	142	30	94	158	46	110	174	2021	2038	2121	1997	1998	2007	2031	2092	2018	2021	2026	2035
304998	62	126	14	78	142	30	94	158	46	110	174	2014	2045	2122	1981	1988	2018	2008	2105	2025	2017	2030	2044
304998	62	126	14	78	142	30	94	158	46	110	174	2019	2040	2123	1985	1999	1989	2012	2098	2004	2020	2020	2024
304998	62	126	14	78	142	30	94	158	46	110	174	2029	2026	2143	2024	2009	1952	2036	2069	1969	2019	2020	1993
304998	62	126	14	78	142	30	94	158	46	110	174	2032	2006	2169	2048	2020	1928	2031	2044	1952	2018	2017	1983
304998	62	126	14	78	142	30	94	158	46	110	174	2033	2015	2155	2045	2019	1941	2028	2060	1964	2016	2020	2004
304998	62	126	14	78	142	30	94	158	46	110	174	2026	2033	2138	2014	2004	1984	2024	2078	1998	2020	2020	2020
304998	62	126	14	78	142	30	94	158	46	110	174	2016	2049	2109	1986	1995	2016	2013	2102	2023	2019	2025	2031
304998	62	126	14	78	142	30	94	158	46	110	174	2015	2048	2103	1975	1993	2009	2008	2095	2021	2017	2032	2029
304998	62	126	14	78	142	30	94	158	46	110	174	2019	2028	2132	2004	2001	1974	2010	2080	1996	2022	2028	2015
304998	62	126	14	78	142	30	94	158	46	110	174	2031	2015	2156	2037	2019	1933	2025	2061	1956	2019	2015	1997
304998	62	126	14	78	142	30	94	158	46	110	174	2033	2012	2169	2053	2021	1932	2040	2050	1952	2020	2009	1989
304998	62	126	14	78	142	30	94	158	46	110	174	2029	2026	2150	2035	2011	1962	2030	2064	1972	2020	2016	2002
304998	62	126	14	78	142	30	94	158	46	110	174	2020	2042	2113	1996	1997	2000	2026	2084	2016	2020	2030	2027
304998	62	126	14	78	142	30	94	158	46	110	174	2017	2047	2096	1984	1985	2015	2006	2104	2031	2017	2029	2045
304998	62	126	14	78	142	30	94	158	46	110	174	2020	2034	2118	1985	1995	1992	2014	2095	2010	2016	2028	2033
304998	62	126	14	78	142	30	94	158	46	110	174	2025	2018	2154	2018	2014	1951	2026	2074	1967	2021	2012	1999
304998	62	126	14	78	142	30	94	158	46	110	174	2035	2015	2172	2051	2020	1934	2042	2049	1950	2020	2018	1979
304998	62	126	14	78	142	30	94	158	46	110	174	2034	2019	2163	2048	2020	1941	2034	2053	1967	2016	2019	1992
304998	62	126	14	78	142	30	94	158	46	110	174	2028	2036	2122	2020	2006	1978	2022	2081	1998	2021	2023	2024
304998	62	126	14	78	142	30	94	158	46	110	174	2019	2039	2102	1985	1992	2008	2014	2096	2022	2017	2024	2042
304998	62	126	14	78	142	30	94	158	46	110	174	2013	2044	2115	1979	1995	2008	2003	2096	2021	2017	2026	2029
304998	62	126	14	78	142	30	94	158	46	110	174	2019	2033	2136	1997	2002	1976	2023	2082	2002	2022	2027	2014
304998	62	126	14	78	142	30	94	158	46	110	174	2032	2028	2161	2031	2018	1939	2035	2064	1965	2020	2019	1995
304998	62	126	14	78	142	30	94	158	46	110	174	2035	2016	2161	2051	2022	1929	2035	2048	1952	2021	2014	1992
304998	62	126	14	78	142	30	94	158	46	110	174	2033	2020	2144	2039	2013	1951	2035	2061	1974	2022	2012	2004
304998	62	126	14	78	142	30	94	158	46	110	174	2015	2028	2124	1999	2003	1999	2017	2080	2012	2021	2026	2021
