304998	62	126	14	78	142	30	94	158	46	110	174	2012	2045	2114	1973	1992	2019	2003	2104	2034	2019	2032	2039
304998	62	126	14	78	142	30	94	158	46	110	174	2018	2045	2121	1985	1996	2001	2015	2100	2016	2018	2031	2034
304998	62	126	14	78	142	30	94	158	46	110	174	2024	2036	2142	2013	2008	1956	2026	2074	1976	2017	2020	2005
304998	62	126	14	78	142	30	94	158	46	110	174	2036	2015	2157	2051	2011	1930	2038	2054	1949	2022	2011	1983
304998	62	126	14	78	142	30	94	158	46	110	174	2034	2009	2162	2051	2021	1933	2033	2047	1965	2021	2017	1983
304998	62	126	14	78	142	30	94	158	46	110	174	2025	2028	2140	2023	2013	1982	2025	2074	1993	2017	2025	2015
304998	62	126	14	78	142	30	94	158	46	110	174	2018	2045	2118	1991	1985	2018	2015	2100	2015	2022	2031	2043
304998	62	126	14	78	142	30	94	158	46	110	174	2013	2052	2108	1974	1987	2013	2006	2104	2024	2016	2028	2041
304998	62	126	14	78	142	30	94	158	46	110	174	2020	2037	2120	1996	1999	1984	2034	2087	2003	2020	2023	2016
304998	62	126	14	78	142	30	94	158	46	110	174	2034	2016	2153	2029	2014	1940	2025	2065	1967	2017	2023	1995
304998	62	126	14	78	142	30	94	158	46	110	174	2032	2012	2166	2051	2024	1932	2030	2052	1950	2017	2018	1990
304998	62	126	14	78	142	30	94	158	46	110	174	2029	2017	2155	2041	2015	1953	2034	2055	1971	2020	2015	2000
304998	62	126	14	78	142	30	94	158	46	110	174	2013	2038	2132	2007	1998	1991	2016	2080	2005	2020	2020	2021
304998	62	126	14	78	142	30	94	158	46	110	174	2017	2049	2098	1974	1988	2011	2006	2106	2037	2020	2031	2035
304998	62	126	14	78	142	30	94	158	46	110	174	2019	2048	2104	1980	1994	2007	2013	2104	2020	2017	2029	2038
304998	62	126	14	78	142	30	94	158	46	110	174	2023	2028	2141	2009	2004	1969	2023	2079	1982	2022	2022	2018
304998	62	126	14	78	142	30	94	158	46	110	174	2037	2018	2166	2042	2020	1939	2031	2058	1947	2017	2014	1987
304998	62	126	14	78	142	30	94	158	46	110	174	2032	2017	2174	2053	2014	1939	2035	2041	1957	2018	2013	1980
304998	62	126	14	78	142	30	94	158	46	110	174	2027	2029	2136	2029	2012	1965	2027	2073	1991	2016	2025	2014
304998	62	126	14	78	142	30	94	158	46	110	174	2021	2039	2108	1993	1991	2007	2009	2101	2018	2017	2030	2041
304998	62	126	14	78	142	30	94	158	46	110	174	2010	2041	2109	1970	1988	2017	2003	2104	2024	2017	2029	2044
304998	62	126	14	78	142	30	94	158	46	110	174	2016	2039	2125	1991	1987	1993	2020	2091	2004	2020	2023	2020
304998	62	126	14	78	142	30	94	158	46	110	174	2025	2023	2157	2024	2008	1951	2029	2064	1974	2016	2022	1995
304998	62	126	14	78	142	30	94	158	46	110	174	2028	2018	2163	2048	2022	1927	2031	2052	1948	2017	2019	1988
304998	62	126	14	78	142	30	94	158	46	110	174	2040	2019	2144	2046	2015	1948	2051	2063	1966	2020	2017	2003
304998	62	126	14	78	142	30	94	158	46	110	174	2021	2033	2126	2009	2005	1983	2021	2085	1999	2022	2022	2021
304998	62	126	14	78	142	30	94	158	46	110	174	2016	2045	2109	1979	1988	2020	2013	2103	2026	2017	2024	2037
304998	62	126	14	78	142	30	94	158	46	110	174	2012	2050	2115	1977	1985	2010	2007	2107	2025	2017	2033	2039
304998	62	126	14	78	142	30	94	158	46	110	174	2018	2040	2133	2007	2007	1967	2017	2080	1989	2020	2028	2019
304998	62	126	14	78	142	30	94	158	46	110	174	2035	2017	2161	2042	2014	1935	2031	2056	1955	2018	2018	1991
304998	62	126	14	78	142	30	94	158	46	110	174	2035	2007	2168	2057	2022	1933	2028	2044	1952	2019	2006	1984
304998	62	126	14	78	142	30	94	158	46	110	174	2030	2021	2145	2028	2015	1966	2039	2074	1987	2018	2024	2006
304998	62	126	14	78	142	30	94	158	46	110	174	2016	2041	2123	1994	1983	2008	2017	2098	2017	2019	2029	2034
304998	62	126	14	78	142	30	94	158	46	110	174	2008	2056	2098	1971	1990	2015	2005	2107	2026	2020	2032	2051
304998	62	126	14	78	142	30	94	158	46	110	174	2021	2042	2114	1986	1993	1990	2013	2092	2006	2019	2026	2031
304998	62	126	14	78	142	30	94	158	46	110	174	2027	2019	2150	2023	2014	1955	2023	2064	1976	2019	2022	1990
304998	62	126	14	78	142	30	94	158	46	110	174	2037	2012	2172	2049	2026	1929	2028	2052	1954	2017	2023	1987
304998	62	126	14	78	142	30	94	158	46	110	174	2035	2020	2160	2048	2014	1943	2035	2055	1957	2021	2020	2000
304998	62	126	14	78	142	30	94	158	46	110	174	2024	2036	2134	2016	2003	1979	2028	2081	1996	2017	2021	2022
304998	62	126	14	78	142	30	94	158	46	110	174	2019	2049	2095	1983	1989	2013	2024	2101	2030	2022	2023	2042
304998	62	126	14	78	142	30	94	158	46	110	174	2015	2046	2102	1978	1981	2017	2006	2104	2032	2017	2038	2039
304998	62	126	14	78	142	30	94	158	46	110	174	2022	2032	2137	1996	2003	1974	2019	2088	1993	2020	2027	2019
304998	62	126	14	78	142	30	94	158	46	110	174	2030	2018	2168	2034	2010	1942	2056	2056	1957	2022	2017	1997
304998	62	126	14	78	142	30	94	158	46	110	174	2036	2017	2166	2050	2025	1928	2038	2043	1951	2020	2011	1989
304998	62	126	14	78	142	30	94	158	46	110	174	2033	2028	2140	2031	2014	1955	2036	2072	1981	2017	2020	1995
304998	62	126	14	78	142	30	94	158	46	110	174	2019	2035	2119	2004	1993	2008	2007	2089	2017	2020	2030	2031
304998	62	126	14	78	142	30	94	158	46	110	174	2014	2046	2104	1972	1993	2019	2007	2105	2029	2021	2035	2050
304998	62	126	14	78	142	30	94	158	46	110	174	2014	2045	2123	1975	1987	2002	2014	2102	2007	2021	2023	2037
304998	62	126	14	78	142	30	94	158	46	110	174	2020	2033	2151	2016	2010	1958	2017	2063	1977	2019	2018	1995
304998	62	126	14	78	142	30	94	158	46	110	174	2038	2019	2157	2050	2025	1926	2043	2052	1954	2017	2018	1981
304998	62	126	14	78	142	30	94	158	46	110	174	2034	2013	2149	2054	2015	1935	2033	2049	1958	2021	2023	1993
304998	62	126	14	78	142	30	94	158	46	110	174	2033	2031	2129	2017	2013	1977	2028	2081	1984	2020	2021	2021
304998	62	126	14	78	142	30	94	158	46	110	174	2020	2046	2109	1984	1985	2023	2009	2104	2024	2022	2026	2033
304998	62	126	14	78	142	30	94	158	46	110	174	2015	2052	2110	1969	1978	2017	2012	2107	2038	2017	2030	2036
304998	62	126	14	78	142	30	94	158	46	110	174	2018	2040	2131	1991	2006	1977	2018	2090	1996	2019	2033	2026
304998	62	126	14	78	142	30	94	158	46	110	174	2035	2020	2152	2032	2019	1940	2031	2062	1950	2020	2022	2001
304998	62	126	14	78	142	30	94	158	46	110	174	2040	2008	2167	2052	2029	1929	2035	2043	1950	2018	2013	1983
304998	62	126	14	78	142	30	94	158	46	110	174	2033	2017	2151	2040	2018	1958	2039	2061	1977	2018	2014	1992
304998	62	126	14	78	142	30	94	158	46	110	174	2016	2033	2125	2005	1987	1999	2015	2091	2012	2021	2029	2031
304998	62	126	14	78	142	30	94	158	46	110	174	2010	2053	2100	1974	1990	2014	2007	2109	2028	2017	2034	2050
304998	62	126	14	78	142	30	94	158	46	110	174	2018	2051	2112	1972	1987	2006	2007	2102	2017	2022	2031	2032
304998	62	126	14	78	142	30	94	158	46	110	174	2027	2025	2143	2013	2006	1969	2014	2073	1985	2021	2020	2005
304998	62	126	14	78	142	30	94	158	46	110	174	2032	2013	2165	2046	2020	1930	2035	2049	1954	2021	2025	1984
304998	62	126	14	78	142	30	94	158	46	110	174	2032	2009	2171	2059	2015	1938	2031	2051	1955	2018	2016	1994
304998	62	126	14	78	142	30	94	158	46	110	174	2031	2036	2134	2028	2013	1968	2034	2080	1982	2021	2020	2017
304998	62	126	14	78	142	30	94	158	46	110	174	2018	2051	2100	1984	1988	2014	2019	2095	2023	2020	2023	2036
304998	62	126	14	78	142	30	94	158	46	110	174	2017	2048	2093	1971	1980	2022	2008	2105	2033	2020	2029	2040
304998	62	126	14	78	142	30	94	158	46	110	174	2018	2031	2126	1987	1999	1986	2009	2090	2004	2018	2029	2024
304998	62	126	14	78	142	30	94	158	46	110	174	2028	2021	2158	2027	2009	1947	2034	2067	1969	2017	2019	2003
304998	62	126	14	78	142	30	94	158	46	110	174	2038	2017	2174	2058	2028	1923	2048	2050	1945	2018	2013	1986
304998	62	126	14	78	142	30	94	158	46	110	174	2038	2022	2145	2043	2022	1951	2033	2052	1971	2018	2016	1991
304998	62	126	14	78	142	30	94	158	46	110	174	2024	2036	2118	2010	1991	1995	2014	2089	2008	2022	2032	2026
304998	62	126	14	78	142	30	94	158	46	110	174	2018	2044	2103	1970	1989	2020	2012	2113	2028	2022	2032	2047
304998	62	126	14	78	142	30	94	158	46	110	174	2012	2046	2121	1971	1991	2006	2012	2104	2020	2021	2032	2039
304998	62	126	14	78	142	30	94	158	46	110	174	2019	2033	2139	2006	2009	1963	2018	2072	1985	2020	2019	2008
304998	62	126	14	78	142	30	94	158	46	110	174	2037	2021	2161	2041	2027	1931	2033	2052	1957	2020	2015	1984
304998	62	126	14	78	142	30	94	158	46	110	174	2038	2013	2159	2056	2021	1933	2038	2050	1957	2022	2016	1993
304998	62	126	14	78	142	30	94	158	46	110	174	2033	2026	2136	2028	2014	1970	2039	2077	1984	2017	2016	2016
304998	62	126	14	78	142	30	94	158	46	110	174	2013	2042	2112	1986	1985	2008	2008	2097	2018	2020	2024	2034
304998	62	126	14	78	142	30	94	158	46	110	174	2013	2052	2109	1965	1984	2014	2003	2115	2036	2019	2029	2034
304998	62	126	14	78	142	30	94	158	46	110	174	2006	2039	2134	1978	2001	1996	2004	2097	2011	2022	2029	2026
304998	62	126	14	78	142	30	94	158	46	110	174	2032	2026	2142	2021	2015	1952	2041	2066	1969	2020	2019	2006
304998	62	126	14	78	142	30	94	158	46	110	174	2037	2011	2169	2057	2024	1931	2043	2051	1946	2017	2011	1986
304998	62	126	14	78	142	30	94	158	46	110	174	2033	2010	2159	2048	2020	1943	2032	2050	1962	2016	2012	1987
304998	62	126	14	78	142	30	94	158	46	110	174	2024	2038	2129	2017	1994	1984	2025	2086	2009	2023	2030	2021
304998	62	126	14	78	142	30	94	158	46	110	174	2007	2046	2112	1974	1991	2016	2004	2106	2026	2019	2034	2049
304998	62	126	14	78	142	30	94	158	46	110	174	2019	2054	2102	1966	1993	2013	2005	2104	2018	2018	2029	2040
304998	62	126	14	78	142	30	94	158	46	110	174	2024	2031	2134	2000	1996	1977	2009	2078	1990	2021	2018	2011
304998	62	126	14	78	142	30	94	158	46	110	174	2028	2012	2163	2042	2020	1934	2030	2049	1963	2017	2016	1983
304998	62	126	14	78	142	30	94	158	46	110	174	2032	2010	2174	2056	2023	1926	2039	2051	1953	2020	2018	1991
304998	62	126	14	78	142	30	94	158	46	110	174	2031	2027	2150	2038	2015	1957	2029	2067	1972	2019	2017	2013
304998	62	126	14	78	142	30	94	158	46	110	174	2019	2046	2108	1992	1995	2008	2015	2098	2011	2021	2023	2034
304998	62	126	14	78	142	30	94	158	46	110	174	2012	2049	2093	1967	1977	2023	2013	2106	2039	2020	2030	2035
304998	62	126	14	78	142	30	94	158	46	110	174	2012	2034	2124	1980	1994	1990	2003	2098	2014	2018	2033	2034
304998	62	126	14	78	142	30	94	158	46	110	174	2025	2028	2149	2022	2006	1955	2027	2076	1967	2018	2021	2009
304998	62	126	14	78	142	30	94	158	46	110	174	2029	2012	2176	2058	2019	1924	2040	2048	1947	2022	2013	1986
304998	62	126	14	78	142	30	94	158	46	110	174	2025	2016	2153	2054	2020	1944	2029	2045	1962	2020	2013	1986
304998	62	126	14	78	142	30	94	158	46	110	174	2025	2030	2122	2015	1996	1987	2023	2080	2001	2020	2029	2017
304998	62	126	14	78	142	30	94	158	46	110	174	2010	2041	2108	1979	1989	2012	1999	2108	2030	2022	2033	2045
304998	62	126	14	78	142	30	94	158	46	110	174	2013	2051	2111	1966	1983	2008	2009	2113	2027	2017	2028	2042
304998	62	126	14	78	142	30	94	158	46	110	174	2013	2034	2140	1993	1995	1978	2009	2082	1991	2021	2023	2015
304998	62	126	14	78	142	30	94	158	46	110	174	2025	2022	2156	2037	2020	1935	2026	2052	1965	2021	2019	1987
304998	62	126	14	78	142	30	94	158	46	110	174	2037	2014	2164	2056	2028	1932	2035	2049	1953	2016	2017	1984
304998	62	126	14	78	142	30	94	158	46	110	174	2031	2015	2148	2041	2011	1956	2034	2059	1974	2020	2020	2009
304998	62	126	14	78	142	30	94	158	46	110	174	2020	2037	2121	1998	1999	1997	2020	2093	2010	2019	2024	2042
304998	62	126	14	78	142	30	94	158	46	110	174	2015	2052	2111	1971	1982	2018	2002	2109	2037	2016	2031	2034
304998	62	126	14	78	142	30	94	158	46	110	174	2010	2048	2118	1972	1996	2002	2006	2103	2020	2018	2037	2027
304998	62	126	14	78	142	30	94	158	46	110	174	2030	2032	2133	2017	2004	1965	2037	2077	1974	2019	2024	2012
304998	62	126	14	78	142	30	94	158	46	110	174	2035	2005	2169	2053	2020	1926	2033	2050	1945	2017	2014	1995
304998	62	126	14	78	142	30	94	158	46	110	174	2032	2008	2163	2054	2028	1931	2035	2042	1956	2016	2013	1988
304998	62	126	14	78	142	30	94	158	46	110	174	2031	2029	2144	2023	2007	1974	2035	2077	1997	2020	2023	2007
304998	62	126	14	78	142	30	94	158	46	110	174	2011	2048	2111	1981	1994	2011	2008	2106	2021	2018	2033	2042
304998	62	126	14	78	142	30	94	158	46	110	174	2018	2055	2099	1963	1986	2015	2005	2116	2022	2021	2032	2048
304998	62	126	14	78	142	30	94	158	46	110	174	2011	2033	2136	1992	1987	1984	2009	2085	1996	2019	2025	2020
304998	62	126	14	78	142	30	94	158	46	110	174	2028	2015	2156	2031	2018	1938	2021	2052	1969	2022	2016	1983
304998	62	126	14	78	142	30	94	158	46	110	174	2036	2005	2181	2061	2018	1934	2038	2046	1956	2018	2018	1986
304998	62	126	14	78	142	30	94	158	46	110	174	2033	2020	2151	2045	2021	1955	2037	2058	1970	2020	2019	2009
304998	62	126	14	78	142	30	94	158	46	110	174	2027	2043	2112	2001	1996	1993	2040	2092	2002	2018	2025	2027
304998	62	126	14	78	142	30	94	158	46	110	174	2012	2046	2100	1974	1972	2017	1998	2108	2031	2018	2029	2032
304998	62	126	14	78	142	30	94	158	46	110	174	2013	2049	2113	1970	1989	2006	2004	2104	2026	2018	2033	2037
304998	62	126	14	78	142	30	94	158	46	110	174	2021	2030	2148	2011	1995	1971	2024	2077	1979	2016	2031	2013
304998	62	126	14	78	142	30	94	158	46	110	174	2034	2014	2167	2049	2025	1932	2039	2051	1950	2021	2015	1989
304998	62	126	14	78	142	30	94	158	46	110	174	2038	2014	2155	2057	2026	1937	2039	2043	1950	2020	2010	1982
304998	62	126	14	78	142	30	94	158	46	110	174	2033	2026	2134	2032	1999	1965	2025	2066	1996	2020	2024	2006
304998	62	126	14	78	142	30	94	158	46	110	174	2012	2042	2117	1985	1988	2004	2006	2100	2022	2018	2037	2040
304998	62	126	14	78	142	30	94	158	46	110	174	2011	2049	2106	1965	1978	2019	1999	2115	2026	2018	2031	2047
304998	62	126	14	78	142	30	94	158	46	110	174	2009	2041	2131	1986	1997	1989	2011	2089	2002	2017	2024	2022
304998	62	126	14	78	142	30	94	158	46	110	174	2033	2023	2149	2024	2015	1949	2039	2056	1967	2020	2015	1992
304998	62	126	14	78	142	30	94	158	46	110	174	2039	2005	2165	2061	2020	1925	2037	2043	1955	2016	2020	1984
304998	62	126	14	78	142	30	94	158	46	110	174	2036	2012	2151	2049	2022	1942	2030	2060	1968	2020	2019	2002
304998	62	126	14	78	142	30	94	158	46	110	174	2019	2035	2128	2013	1996	1988	2025	2086	2004	2017	2023	2026
304998	62	126	14	78	142	30	94	158	46	110	174	2006	2050	2114	1970	1973	2020	2002	2105	2026	2017	2025	2038
304998	62	126	14	78	142	30	94	158	46	110	174	2013	2055	2110	1964	1984	2013	2004	2105	2026	2017	2034	2032
304998	62	126	14	78	142	30	94	158	46	110	174	2020	2024	2135	2007	1998	1974	2015	2082	1989	2021	2026	2014
304998	62	126	14	78	142	30	94	158	46	110	174	2038	2012	2166	2048	2022	1933	2034	2048	1952	2017	2018	1994
304998	62	126	14	78	142	30	94	158	46	110	174	2033	2008	2174	2064	2025	1930	2036	2041	1951	2022	2011	1985
304998	62	126	14	78	142	30	94	158	46	110	174	2028	2026	2143	2044	2011	1967	2035	2063	1984	2022	2017	2002
304998	62	126	14	78	142	30	94	158	46	110	174	2016	2051	2109	1988	1997	2007	2012	2098	2021	2020	2032	2032
304998	62	126	14	78	142	30	94	158	46	110	174	2017	2052	2094	1965	1977	2020	2001	2121	2026	2019	2037	2048
304998	62	126	14	78	142	30	94	158	46	110	174	2013	2035	2124	1986	1989	1992	2010	2097	2005	2018	2027	2029
304998	62	126	14	78	142	30	94	158	46	110	174	2028	2018	2156	2023	2018	1948	2034	2063	1970	2021	2017	1991
304998	62	126	14	78	142	30	94	158	46	110	174	2036	2008	2170	2061	2023	1932	2040	2040	1954	2019	2021	1978
304998	62	126	14	78	142	30	94	158	46	110	174	2032	2018	2151	2056	2020	1944	2036	2051	1967	2018	2019	1999
304998	62	126	14	78	142	30	94	158	46	110	174	2025	2034	2121	2018	1991	1987	2027	2080	1998	2016	2021	2025
304998	62	126	14	78	142	30	94	158	46	110	174	2009	2045	2104	1976	1975	2015	2008	2106	2022	2018	2029	2040
304998	62	126	14	78	142	30	94	158	46	110	174	2010	2049	2114	1967	1984	2009	2003	2110	2026	2018	2032	2031
304998	62	126	14	78	142	30	94	158	46	110	174	2014	2035	2146	1995	1995	1978	2005	2082	1994	2017	2030	2016
304998	62	126	14	78	142	30	94	158	46	110	174	2031	2019	2155	2041	2021	1938	2032	2049	1956	2018	2018	1992
304998	62	126	14	78	142	30	94	158	46	110	174	2033	2003	2164	2071	2012	1935	2037	2040	1952	2017	2013	1985
304998	62	126	14	78	142	30	94	158	46	110	174	2031	2014	2148	2044	2014	1957	2028	2059	1975	2021	2016	2001
304998	62	126	14	78	142	30	94	158	46	110	174	2020	2038	2120	1995	1997	1997	2023	2099	2022	2021	2030	2031
304998	62	126	14	78	142	30	94	158	46	110	174	2007	2058	2112	1965	1980	2019	1996	2115	2031	2019	2032	2045
304998	62	126	14	78	142	30	94	158	46	110	174	2010	2046	2118	1972	1990	1997	2004	2103	2007	2018	2027	2041
304998	62	126	14	78	142	30	94	158	46	110	174	2025	2026	2142	2020	2002	1965	2020	2068	1971	2020	2017	1999
304998	62	126	14	78	142	30	94	158	46	110	174	2040	2004	2163	2065	2021	1927	2053	2036	1957	2019	2015	1980
304998	62	126	14	78	142	30	94	158	46	110	174	2027	2006	2164	2059	2031	1945	2028	2045	1960	2022	2019	1996
304998	62	126	14	78	142	30	94	158	46	110	174	2025	2029	2134	2027	1992	1985	2024	2081	1991	2022	2025	2020
304998	62	126	14	78	142	30	94	158	46	110	174	2006	2049	2109	1975	1988	2013	2006	2107	2019	2021	2028	2039
304998	62	126	14	78	142	30	94	158	46	110	174	2015	2050	2100	1962	1985	2013	2004	2106	2023	2020	2033	2039
304998	62	126	14	78	142	30	94	158	46	110	174	2018	2032	2128	1994	2000	1978	2008	2087	2000	2017	2029	2015
