304998	62	126	14	78	142	30	94	158	46	110	174	2006	2039	2134	1978	2001	1996	2004	2097	2011	2022	2029	2026
304998	62	126	14	78	142	30	94	158	46	110	174	2032	2026	2142	2021	2015	1952	2041	2066	1969	2020	2019	2006
304998	62	126	14	78	142	30	94	158	46	110	174	2037	2011	2169	2057	2024	1931	2043	2051	1946	2017	2011	1986
304998	62	126	14	78	142	30	94	158	46	110	174	2033	2010	2159	2048	2020	1943	2032	2050	1962	2016	2012	1987
304998	62	126	14	78	142	30	94	158	46	110	174	2024	2038	2129	2017	1994	1984	2025	2086	2009	2023	2030	2021
304998	62	126	14	78	142	30	94	158	46	110	174	2007	2046	2112	1974	1991	2016	2004	2106	2026	2019	2034	2049
304998	62	126	14	78	142	30	94	158	46	110	174	2019	2054	2102	1966	1993	2013	2005	2104	2018	2018	2029	2040
304998	62	126	14	78	142	30	94	158	46	110	174	2024	2031	2134	2000	1996	1977	2009	2078	1990	2021	2018	2011
304998	62	126	14	78	142	30	94	158	46	110	174	2028	2012	2163	2042	2020	1934	2030	2049	1963	2017	2016	1983
304998	62	126	14	78	142	30	94	158	46	110	174	2032	2010	2174	2056	2023	1926	2039	2051	1953	2020	2018	1991
304998	62	126	14	78	142	30	94	158	46	110	174	2031	2027	2150	2038	2015	1957	2029	2067	1972	2019	2017	2013
304998	62	126	14	78	142	30	94	158	46	110	174	2019	2046	2108	1992	1995	2008	2015	2098	2011	2021	2023	2034
304998	62	126	14	78	142	30	94	158	46	110	174	2012	2049	2093	1967	1977	2023	2013	2106	2039	2020	2030	2035
304998	62	126	14	78	142	30	94	158	46	110	174	2012	2034	2124	1980	1994	1990	2003	2098	2014	2018	2033	2034
304998	62	126	14	78	142	30	94	158	46	110	174	2025	2028	2149	2022	2006	1955	2027	2076	1967	2018	2021	2009
304998	62	126	14	78	142	30	94	158	46	110	174	2029	2012	2176	2058	2019	1924	2040	2048	1947	2022	2013	1986
304998	62	126	14	78	142	30	94	158	46	110	174	2025	2016	2153	2054	2020	1944	2029	2045	1962	2020	2013	1986
304998	62	126	14	78	142	30	94	158	46	110	174	2025	2030	2122	2015	1996	1987	2023	2080	2001	2020	2029	2017
304998	62	126	14	78	142	30	94	158	46	110	174	2010	2041	2108	1979	1989	2012	1999	2108	2030	2022	2033	2045
304998	62	126	14	78	142	30	94	158	46	110	174	2013	2051	2111	1966	1983	2008	2009	2113	2027	2017	2028	2042
304998	62	126	14	78	142	30	94	158	46	110	174	2013	2034	2140	1993	1995	1978	2009	2082	1991	2021	2023	2015
304998	62	126	14	78	142	30	94	158	46	110	174	2025	2022	2156	2037	2020	1935	2026	2052	1965	2021	2019	1987
304998	62	126	14	78	142	30	94	158	46	110	174	2037	2014	2164	2056	2028	1932	2035	2049	1953	2016	2017	1984
304998	62	126	14	78	142	30	94	158	46	110	174	2031	2015	2148	2041	2011	1956	2034	2059	1974	2020	2020	2009
304998	62	126	14	78	142	30	94	158	46	110	174	2020	2037	2121	1998	1999	1997	2020	2093	2010	2019	2024	2042
304998	62	126	14	78	142	30	94	158	46	110	174	2015	2052	2111	1971	1982	2018	2002	2109	2037	2016	2031	2034
304998	62	126	14	78	142	30	94	158	46	110	174	2010	2048	2118	1972	1996	2002	2006	2103	2020	2018	2037	2027
304998	62	126	14	78	142	30	94	158	46	110	174	2030	2032	2133	2017	2004	1965	2037	2077	1974	2019	2024	2012
304998	62	126	14	78	142	30	94	158	46	110	174	2035	2005	2169	2053	2020	1926	2033	2050	1945	2017	2014	1995
304998	62	126	14	78	142	30	94	158	46	110	174	2032	2008	2163	2054	2028	1931	2035	2042	1956	2016	2013	1988
304998	62	126	14	78	142	30	94	158	46	110	174	2031	2029	2144	2023	2007	1974	2035	2077	1997	2020	2023	2007
304998	62	126	14	78	142	30	94	158	46	110	174	2011	2048	2111	1981	1994	2011	2008	2106	2021	2018	2033	2042
304998	62	126	14	78	142	30	94	158	46	110	174	2018	2055	2099	1963	1986	2015	2005	2116	2022	2021	2032	2048
304998	62	126	14	78	142	30	94	158	46	110	174	2011	2033	2136	1992	1987	1984	2009	2085	1996	2019	2025	2020
304998	62	126	14	78	142	30	94	158	46	110	174	2028	2015	2156	2031	2018	1938	2021	2052	1969	2022	2016	1983
304998	62	126	14	78	142	30	94	158	46	110	174	2036	2005	2181	2061	2018	1934	2038	2046	1956	2018	2018	1986
304998	62	126	14	78	142	30	94	158	46	110	174	2033	2020	2151	2045	2021	1955	2037	2058	1970	2020	2019	2009
304998	62	126	14	78	142	30	94	158	46	110	174	2027	2043	2112	2001	1996	1993	2040	2092	2002	2018	2025	2027
304998	62	126	14	78	142	30	94	158	46	110	174	2012	2046	2100	1974	1972	2017	1998	2108	2031	2018	2029	2032
304998	62	126	14	78	142	30	94	158	46	110	174	2013	2049	2113	1970	1989	2006	2004	2104	2026	2018	2033	2037
304998	62	126	14	78	142	30	94	158	46	110	174	2021	2030	2148	2011	1995	1971	2024	2077	1979	2016	2031	2013
304998	62	126	14	78	142	30	94	158	46	110	174	2034	2014	2167	2049	2025	1932	2039	2051	1950	2021	2015	1989
304998	62	126	14	78	142	30	94	158	46	110	174	2038	2014	2155	2057	2026	1937	2039	2043	1950	2020	2010	1982
304998	62	126	14	78	142	30	94	158	46	110	174	2033	2026	2134	2032	1999	1965	2025	2066	1996	2020	2024	2006
304998	62	126	14	78	142	30	94	158	46	110	174	2012	2042	2117	1985	1988	2004	2006	2100	2022	2018	2037	2040
304998	62	126	14	78	142	30	94	158	46	110	174	2011	2049	2106	1965	1978	2019	1999	2115	2026	2018	2031	2047
304998	62	126	14	78	142	30	94	158	46	110	174	2009	2041	2131	1986	1997	1989	2011	2089	2002	2017	2024	2022
304998	62	126	14	78	142	30	94	158	46	110	174	2033	2023	2149	2024	2015	1949	2039	2056	1967	2020	2015	1992
304998	62	126	14	78	142	30	94	158	46	110	174	2039	2005	2165	2061	2020	1925	2037	2043	1955	2016	2020	1984
304998	62	126	14	78	142	30	94	158	46	110	174	2036	2012	2151	2049	2022	1942	2030	2060	1968	2020	2019	2002
304998	62	126	14	78	142	30	94	158	46	110	174	2019	2035	2128	2013	1996	1988	2025	2086	2004	2017	2023	2026
304998	62	126	14	78	142	30	94	158	46	110	174	2006	2050	2114	1970	1973	2020	2002	2105	2026	2017	2025	2038
304998	62	126	14	78	142	30	94	158	46	110	174	2013	2055	2110	1964	1984	2013	2004	2105	2026	2017	2034	2032
304998	62	126	14	78	142	30	94	158	46	110	174	2020	2024	2135	2007	1998	1974	2015	2082	1989	2021	2026	2014
304998	62	126	14	78	142	30	94	158	46	110	174	2038	2012	2166	2048	2022	1933	2034	2048	1952	2017	2018	1994
304998	62	126	14	78	142	30	94	158	46	110	174	2033	2008	2174	2064	2025	1930	2036	2041	1951	2022	2011	1985
304998	62	126	14	78	142	30	94	158	46	110	174	2028	2026	2143	2044	2011	1967	2035	2063	1984	2022	2017	2002
304998	62	126	14	78	142	30	94	158	46	110	174	2016	2051	2109	1988	1997	2007	2012	2098	2021	2020	2032	2032
304998	62	126	14	78	142	30	94	158	46	110	174	2017	2052	2094	1965	1977	2020	2001	2121	2026	2019	2037	2048
304998	62	126	14	78	142	30	94	158	46	110	174	2013	2035	2124	1986	1989	1992	2010	2097	2005	2018	2027	2029
304998	62	126	14	78	142	30	94	158	46	110	174	2028	2018	2156	2023	2018	1948	2034	2063	1970	2021	2017	1991
304998	62	126	14	78	142	30	94	158	46	110	174	2036	2008	2170	2061	2023	1932	2040	2040	1954	2019	2021	1978
304998	62	126	14	78	142	30	94	158	46	110	174	2032	2018	2151	2056	2020	1944	2036	2051	1967	2018	2019	1999
304998	62	126	14	78	142	30	94	158	46	110	174	2025	2034	2121	2018	1991	1987	2027	2080	1998	2016	2021	2025
304998	62	126	14	78	142	30	94	158	46	110	174	2009	2045	2104	1976	1975	2015	2008	2106	2022	2018	2029	2040
304998	62	126	14	78	142	30	94	158	46	110	174	2010	2049	2114	1967	1984	2009	2003	2110	2026	2018	2032	2031
304998	62	126	14	78	142	30	94	158	46	110	174	2014	2035	2146	1995	1995	1978	2005	2082	1994	2017	2030	2016
304998	62	126	14	78	142	30	94	158	46	110	174	2031	2019	2155	2041	2021	1938	2032	2049	1956	2018	2018	1992
304998	62	126	14	78	142	30	94	158	46	110	174	2033	2003	2164	2071	2012	1935	2037	2040	1952	2017	2013	1985
304998	62	126	14	78	142	30	94	158	46	110	174	2031	2014	2148	2044	2014	1957	2028	2059	1975	2021	2016	2001
304998	62	126	14	78	142	30	94	158	46	110	174	2020	2038	2120	1995	1997	1997	2023	2099	2022	2021	2030	2031
304998	62	126	14	78	142	30	94	158	46	110	174	2007	2058	2112	1965	1980	2019	1996	2115	2031	2019	2032	2045
304998	62	126	14	78	142	30	94	158	46	110	174	2010	2046	2118	1972	1990	1997	2004	2103	2007	2018	2027	2041
304998	62	126	14	78	142	30	94	158	46	110	174	2025	2026	2142	2020	2002	1965	2020	2068	1971	2020	2017	1999
304998	62	126	14	78	142	30	94	158	46	110	174	2040	2004	2163	2065	2021	1927	2053	2036	1957	2019	2015	1980
304998	62	126	14	78	142	30	94	158	46	110	174	2027	2006	2164	2059	2031	1945	2028	2045	1960	2022	2019	1996
304998	62	126	14	78	142	30	94	158	46	110	174	2025	2029	2134	2027	1992	1985	2024	2081	1991	2022	2025	2020
304998	62	126	14	78	142	30	94	158	46	110	174	2006	2049	2109	1975	1988	2013	2006	2107	2019	2021	2028	2039
304998	62	126	14	78	142	30	94	158	46	110	174	2015	2050	2100	1962	1985	2013	2004	2106	2023	2020	2033	2039
304998	62	126	14	78	142	30	94	158	46	110	174	2018	2032	2128	1994	2000	1978	2008	2087	2000	2017	2029	2015
304998	62	126	14	78	142	30	94	158	46	110	174	2032	2014	2156	2038	2022	1941	2028	2051	1962	2022	2017	1999
304998	62	126	14	78	142	30	94	158	46	110	174	2037	2005	2173	2066	2024	1937	2060	2042	1948	2022	2015	1990
304998	62	126	14	78	142	30	94	158	46	110	174	2029	2020	2150	2046	2016	1958	2038	2052	1968	2022	2013	1997
304998	62	126	14	78	142	30	94	158	46	110	174	2024	2039	2112	2001	1996	1988	2020	2091	2011	2021	2029	2023
304998	62	126	14	78	142	30	94	158	46	110	174	2011	2046	2105	1969	1978	2016	2002	2116	2029	2018	2037	2047
304998	62	126	14	78	142	30	94	158	46	110	174	2013	2043	2117	1972	1989	1998	2006	2106	2010	2017	2031	2038
304998	62	126	14	78	142	30	94	158	46	110	174	2024	2028	2153	2020	1998	1968	2020	2068	1970	2018	2021	2008
304998	62	126	14	78	142	30	94	158	46	110	174	2037	2011	2167	2055	2025	1930	2036	2040	1953	2021	2013	1982
304998	62	126	14	78	142	30	94	158	46	110	174	2040	2009	2155	2064	2032	1936	2046	2045	1961	2022	2017	1985
304998	62	126	14	78	142	30	94	158	46	110	174	2024	2019	2133	2032	2004	1973	2025	2074	1989	2017	2025	2024
304998	62	126	14	78	142	30	94	158	46	110	174	2016	2045	2108	1981	1993	2008	2009	2108	2016	2018	2029	2047
304998	62	126	14	78	142	30	94	158	46	110	174	2010	2052	2108	1968	1973	2015	1999	2114	2022	2020	2026	2040
304998	62	126	14	78	142	30	94	158	46	110	174	2018	2043	2126	1988	1993	1983	2014	2092	2006	2021	2030	2015
304998	62	126	14	78	142	30	94	158	46	110	174	2035	2019	2146	2034	2021	1946	2041	2059	1963	2020	2023	1997
304998	62	126	14	78	142	30	94	158	46	110	174	2043	1996	2169	2072	2024	1934	2055	2038	1949	2019	2014	1989
304998	62	126	14	78	142	30	94	158	46	110	174	2037	2013	2152	2054	2025	1946	2039	2052	1962	2020	2015	2004
304998	62	126	14	78	142	30	94	158	46	110	174	2025	2040	2127	2011	1981	2001	2025	2092	2011	2020	2020	2018
304998	62	126	14	78	142	30	94	158	46	110	174	2003	2049	2115	1966	1981	2010	2000	2113	2028	2021	2037	2036
304998	62	126	14	78	142	30	94	158	46	110	174	2006	2049	2104	1967	1985	2000	1999	2104	2015	2016	2036	2042
304998	62	126	14	78	142	30	94	158	46	110	174	2027	2017	2143	2010	2005	1962	2016	2075	1984	2020	2023	2011
304998	62	126	14	78	142	30	94	158	46	110	174	2034	2004	2167	2057	2026	1937	2041	2041	1951	2020	2009	1987
304998	62	126	14	78	142	30	94	158	46	110	174	2041	2006	2165	2074	2015	1942	2048	2041	1956	2020	2014	1986
304998	62	126	14	78	142	30	94	158	46	110	174	2024	2023	2140	2040	2008	1968	2025	2063	1986	2017	2025	2008
304998	62	126	14	78	142	30	94	158	46	110	174	2019	2050	2100	1989	1989	2004	2024	2104	2012	2022	2033	2041
304998	62	126	14	78	142	30	94	158	46	110	174	2012	2044	2105	1967	1969	2020	1997	2113	2030	2022	2029	2045
304998	62	126	14	78	142	30	94	158	46	110	174	2018	2039	2127	1981	1996	1989	2015	2104	2009	2017	2022	2020
304998	62	126	14	78	142	30	94	158	46	110	174	2027	2019	2155	2033	2008	1951	2044	2067	1970	2022	2018	1994
304998	62	126	14	78	142	30	94	158	46	110	174	2042	2009	2164	2070	2034	1926	2057	2039	1950	2022	2015	1988
304998	62	126	14	78	142	30	94	158	46	110	174	2039	2013	2148	2062	2020	1949	2045	2043	1962	2017	2015	1999
304998	62	126	14	78	142	30	94	158	46	110	174	2023	2029	2125	2017	1997	1988	2016	2075	2009	2017	2021	2020
304998	62	126	14	78	142	30	94	158	46	110	174	2011	2046	2112	1970	1979	2015	2002	2114	2026	2021	2033	2031
304998	62	126	14	78	142	30	94	158	46	110	174	2010	2048	2118	1968	1986	2005	2009	2118	2019	2017	2037	2036
304998	62	126	14	78	142	30	94	158	46	110	174	2018	2033	2135	2006	2001	1966	2017	2081	1983	2017	2030	2017
304998	62	126	14	78	142	30	94	158	46	110	174	2040	2015	2155	2050	2022	1942	2049	2040	1964	2021	2011	1995
304998	62	126	14	78	142	30	94	158	46	110	174	2039	1999	2165	2068	2025	1939	2043	2038	1952	2017	2009	1984
304998	62	126	14	78	142	30	94	158	46	110	174	2033	2017	2144	2039	2014	1965	2042	2064	1971	2020	2021	2000
304998	62	126	14	78	142	30	94	158	46	110	174	2019	2039	2127	1993	1988	2001	2015	2097	2011	2019	2032	2038
304998	62	126	14	78	142	30	94	158	46	110	174	2009	2063	2108	1967	1973	2011	1997	2113	2028	2021	2037	2046
304998	62	126	14	78	142	30	94	158	46	110	174	2012	2047	2119	1980	1989	1994	2001	2097	2009	2020	2024	2028
304998	62	126	14	78	142	30	94	158	46	110	174	2032	2020	2146	2031	2000	1965	2028	2063	1973	2021	2015	1997
304998	62	126	14	78	142	30	94	158	46	110	174	2043	2000	2165	2061	2029	1937	2047	2036	1949	2016	2017	1977
304998	62	126	14	78	142	30	94	158	46	110	174	2039	2007	2164	2064	2024	1947	2036	2040	1959	2022	2016	2000
304998	62	126	14	78	142	30	94	158	46	110	174	2023	2031	2138	2020	2006	1975	2020	2074	2003	2017	2021	2025
304998	62	126	14	78	142	30	94	158	46	110	174	2013	2058	2101	1974	1989	2009	2002	2115	2023	2017	2027	2040
304998	62	126	14	78	142	30	94	158	46	110	174	2016	2049	2102	1968	1976	2007	2019	2118	2018	2023	2034	2032
304998	62	126	14	78	142	30	94	158	46	110	174	2015	2028	2132	1999	2002	1971	2013	2077	1991	2020	2027	2017
304998	62	126	14	78	142	30	94	158	46	110	174	2038	2007	2166	2049	2017	1946	2044	2044	1966	2018	2015	1999
304998	62	126	14	78	142	30	94	158	46	110	174	2036	2001	2175	2071	2037	1930	2041	2035	1953	2021	2004	1987
304998	62	126	14	78	142	30	94	158	46	110	174	2036	2020	2138	2046	2021	1958	2040	2059	1971	2022	2012	1999
304998	62	126	14	78	142	30	94	158	46	110	174	2025	2039	2114	1999	1989	1996	2021	2097	2007	2021	2031	2026
304998	62	126	14	78	142	30	94	158	46	110	174	2007	2046	2109	1966	1983	2009	1999	2111	2029	2018	2040	2045
304998	62	126	14	78	142	30	94	158	46	110	174	2013	2044	2124	1971	1990	1990	2007	2106	2012	2021	2030	2036
304998	62	126	14	78	142	30	94	158	46	110	174	2027	2020	2151	2020	2010	1961	2025	2068	1971	2017	2017	2001
304998	62	126	14	78	142	30	94	158	46	110	174	2041	2010	2166	2060	2032	1937	2044	2035	1949	2018	2008	1982
304998	62	126	14	78	142	30	94	158	46	110	174	2041	2006	2153	2066	2028	1944	2044	2037	1960	2022	2015	1984
304998	62	126	14	78	142	30	94	158	46	110	174	2027	2018	2135	2028	2005	1972	2022	2072	1996	2017	2023	2021
304998	62	126	14	78	142	30	94	158	46	110	174	2013	2045	2113	1978	1985	2004	2013	2107	2019	2016	2033	2040
304998	62	126	14	78	142	30	94	158	46	110	174	2005	2049	2118	1968	1974	2011	1998	2115	2021	2017	2029	2038
304998	62	126	14	78	142	30	94	158	46	110	174	2009	2039	2126	1995	1998	1980	2014	2081	1996	2019	2025	2014
304998	62	126	14	78	142	30	94	158	46	110	174	2034	2014	2153	2042	2021	1945	2043	2050	1969	2021	2025	1991
304998	62	126	14	78	142	30	94	158	46	110	174	2044	2000	2161	2071	2037	1931	2043	2035	1949	2017	2012	1991
304998	62	126	14	78	142	30	94	158	46	110	174	2039	2011	2148	2053	2024	1953	2037	2050	1969	2019	2015	1997
304998	62	126	14	78	142	30	94	158	46	110	174	2021	2037	2127	2008	1989	1992	2016	2086	2004	2017	2023	2021
304998	62	126	14	78	142	30	94	158	46	110	174	2009	2060	2103	1964	1974	2012	2000	2113	2030	2020	2039	2038
304998	62	126	14	78	142	30	94	158	46	110	174	2012	2048	2109	1969	1971	2004	1999	2108	2013	2021	2036	2034
304998	62	126	14	78	142	30	94	158	46	110	174	2025	2020	2137	2018	1991	1968	2021	2071	1978	2021	2021	2011
304998	62	126	14	78	142	30	94	158	46	110	174	2040	2001	2171	2061	2036	1935	2036	2035	1947	2021	2010	1989
304998	62	126	14	78	142	30	94	158	46	110	174	2044	2006	2169	2073	2025	1948	2049	2031	1964	2020	2008	1980
304998	62	126	14	78	142	30	94	158	46	110	174	2026	2026	2140	2031	2015	1971	2029	2067	1989	2017	2022	2005
304998	62	126	14	78	142	30	94	158	46	110	174	2019	2050	2103	1983	1981	2007	2008	2108	2017	2017	2034	2045
304998	62	126	14	78	142	30	94	158	46	110	174	2007	2050	2108	1963	1980	2003	1995	2117	2019	2016	2032	2042
304998	62	126	14	78	142	30	94	158	46	110	174	2015	2035	2128	1985	1996	1986	2008	2091	2002	2022	2024	2019
304998	62	126	14	78	142	30	94	158	46	110	174	2028	2012	2163	2037	2018	1956	2037	2060	1973	2020	2015	1988
304998	62	126	14	78	142	30	94	158	46	110	174	2040	2006	2170	2068	2039	1934	2046	2028	1954	2018	2012	1984
304998	62	126	14	78	142	30	94	158	46	110	174	2034	2011	2147	2060	2020	1950	2036	2043	1964	2018	2012	2005
304998	62	126	14	78	142	30	94	158	46	110	174	2020	2031	2124	2010	2002	1983	2013	2081	2002	2019	2021	2022
304998	62	126	14	78	142	30	94	158	46	110	174	2008	2046	2109	1965	1977	2007	1994	2113	2028	2022	2033	2040
304998	62	126	14	78	142	30	94	158	46	110	174	2009	2046	2117	1968	1979	2001	2004	2114	2020	2022	2033	2031
304998	62	126	14	78	142	30	94	158	46	110	174	2018	2025	2150	2004	2002	1965	2020	2073	1981	2016	2028	2015
304998	62	126	14	78	142	30	94	158	46	110	174	2037	2008	2157	2054	2029	1937	2041	2042	1952	2017	2012	1993
