304998	62	126	14	78	142	30	94	158	46	110	174	2034	2018	2140	2033	2005	1974	2036	2067	1988	2017	2019	2016
304998	62	126	14	78	142	30	94	158	46	110	174	2001	2036	2122	1981	1973	2001	1996	2104	2015	2021	2036	2034
304998	62	126	14	78	142	30	94	158	46	110	174	2001	2056	2111	1962	1962	2000	2000	2123	2025	2017	2044	2035
304998	62	126	14	78	142	30	94	158	46	110	174	2007	2043	2125	1986	1984	1983	1996	2099	1999	2019	2040	2026
304998	62	126	14	78	142	30	94	158	46	110	174	2034	2013	2147	2034	2021	1953	2039	2055	1971	2021	2015	2006
304998	62	126	14	78	142	30	94	158	46	110	174	2044	1994	2164	2071	2041	1941	2059	2024	1954	2020	2001	1982
304998	62	126	14	78	142	30	94	158	46	110	174	2034	2004	2162	2055	2030	1955	2045	2036	1975	2021	2010	1986
304998	62	126	14	78	142	30	94	158	46	110	174	2020	2038	2128	2015	1992	1984	2026	2089	2005	2016	2034	2024
304998	62	126	14	78	142	30	94	158	46	110	174	2004	2055	2099	1966	1963	2001	1998	2120	2018	2020	2048	2050
304998	62	126	14	78	142	30	94	158	46	110	174	2003	2048	2105	1968	1967	2001	1991	2118	2007	2022	2038	2039
304998	62	126	14	78	142	30	94	158	46	110	174	2018	2027	2141	2007	2001	1968	2016	2073	1987	2022	2021	2005
304998	62	126	14	78	142	30	94	158	46	110	174	2043	2004	2165	2056	2034	1945	2058	2039	1965	2021	2014	1991
304998	62	126	14	78	142	30	94	158	46	110	174	2045	2005	2166	2070	2040	1948	2059	2033	1959	2017	2010	1989
304998	62	126	14	78	142	30	94	158	46	110	174	2033	2022	2131	2040	2017	1969	2036	2063	1982	2019	2016	2011
304998	62	126	14	78	142	30	94	158	46	110	174	2017	2043	2111	1989	1978	1999	2014	2104	2009	2016	2031	2030
304998	62	126	14	78	142	30	94	158	46	110	174	1997	2049	2109	1963	1958	2004	1983	2118	2023	2019	2047	2040
304998	62	126	14	78	142	30	94	158	46	110	174	2008	2044	2130	1977	1984	1983	1996	2103	2006	2020	2039	2027
304998	62	126	14	78	142	30	94	158	46	110	174	2028	2018	2149	2029	2018	1957	2027	2058	1974	2019	2019	2004
304998	62	126	14	78	142	30	94	158	46	110	174	2046	2004	2156	2069	2044	1942	2069	2028	1957	2020	2000	1989
304998	62	126	14	78	142	30	94	158	46	110	174	2045	2006	2146	2062	2032	1959	2061	2038	1971	2020	2006	1987
304998	62	126	14	78	142	30	94	158	46	110	174	2025	2025	2128	2016	1995	1984	2022	2081	1999	2021	2033	2018
304998	62	126	14	78	142	30	94	158	46	110	174	2004	2049	2110	1969	1969	1996	1992	2122	2016	2018	2046	2046
304998	62	126	14	78	142	30	94	158	46	110	174	2000	2057	2112	1966	1965	1997	1999	2124	2007	2018	2041	2044
304998	62	126	14	78	142	30	94	158	46	110	174	2019	2034	2125	1996	2000	1973	2028	2079	1987	2020	2026	2011
304998	62	126	14	78	142	30	94	158	46	110	174	2041	2008	2151	2049	2030	1951	2051	2039	1967	2020	2013	1985
304998	62	126	14	78	142	30	94	158	46	110	174	2043	1994	2172	2070	2038	1949	2052	2028	1961	2020	2008	1989
304998	62	126	14	78	142	30	94	158	46	110	174	2036	2015	2150	2044	2026	1958	2042	2061	1973	2019	2016	2014
304998	62	126	14	78	142	30	94	158	46	110	174	2014	2043	2122	2000	1980	1991	2018	2104	2005	2020	2029	2028
304998	62	126	14	78	142	30	94	158	46	110	174	2001	2054	2100	1963	1967	1999	1985	2124	2024	2021	2044	2032
304998	62	126	14	78	142	30	94	158	46	110	174	2008	2042	2119	1977	1974	1991	1993	2109	2008	2021	2041	2029
304998	62	126	14	78	142	30	94	158	46	110	174	2022	2018	2152	2022	2010	1962	2028	2063	1976	2017	2022	2013
304998	62	126	14	78	142	30	94	158	46	110	174	2046	2003	2170	2064	2046	1941	2065	2035	1954	2022	2006	1989
304998	62	126	14	78	142	30	94	158	46	110	174	2041	2012	2157	2069	2036	1951	2051	2034	1972	2020	2001	1986
304998	62	126	14	78	142	30	94	158	46	110	174	2032	2029	2123	2026	2009	1973	2023	2078	1996	2019	2023	2014
304998	62	126	14	78	142	30	94	158	46	110	174	2007	2045	2109	1981	1966	2003	1993	2114	2012	2020	2047	2041
304998	62	126	14	78	142	30	94	158	46	110	174	2003	2048	2109	1962	1969	1994	2002	2126	2011	2018	2043	2041
304998	62	126	14	78	142	30	94	158	46	110	174	2010	2033	2134	1997	1996	1973	2008	2082	1994	2021	2028	2015
304998	62	126	14	78	142	30	94	158	46	110	174	2037	2017	2156	2047	2030	1956	2056	2045	1969	2021	2011	1984
304998	62	126	14	78	142	30	94	158	46	110	174	2048	2005	2163	2070	2048	1948	2056	2028	1959	2018	2007	1992
304998	62	126	14	78	142	30	94	158	46	110	174	2042	2012	2139	2053	2016	1970	2052	2055	1972	2020	2014	2010
304998	62	126	14	78	142	30	94	158	46	110	174	2016	2036	2125	2003	1987	1986	2010	2093	1998	2020	2028	2026
304998	62	126	14	78	142	30	94	158	46	110	174	2002	2054	2111	1963	1965	2000	1985	2124	2020	2020	2043	2035
304998	62	126	14	78	142	30	94	158	46	110	174	1999	2049	2123	1972	1976	1989	1989	2109	2007	2017	2046	2032
304998	62	126	14	78	142	30	94	158	46	110	174	2030	2027	2136	2014	2013	1967	2031	2073	1984	2018	2023	2011
304998	62	126	14	78	142	30	94	158	46	110	174	2049	2002	2154	2061	2041	1947	2061	2030	1967	2018	2004	1987
304998	62	126	14	78	142	30	94	158	46	110	174	2038	1998	2165	2069	2039	1948	2051	2027	1969	2022	1997	1985
304998	62	126	14	78	142	30	94	158	46	110	174	2026	2021	2144	2032	2006	1972	2029	2073	1990	2021	2022	2015
304998	62	126	14	78	142	30	94	158	46	110	174	2005	2048	2116	1980	1970	1994	1997	2111	2008	2016	2044	2039
304998	62	126	14	78	142	30	94	158	46	110	174	2001	2057	2102	1963	1967	1998	1987	2122	2006	2019	2046	2043
304998	62	126	14	78	142	30	94	158	46	110	174	2013	2034	2123	1988	1981	1986	1999	2089	2000	2021	2026	2019
304998	62	126	14	78	142	30	94	158	46	110	174	2039	2008	2158	2034	2027	1954	2039	2052	1972	2017	2013	1993
304998	62	126	14	78	142	30	94	158	46	110	174	2046	1999	2170	2071	2048	1945	2063	2025	1968	2019	2007	1985
304998	62	126	14	78	142	30	94	158	46	110	174	2039	2015	2152	2057	2031	1960	2060	2041	1973	2017	2010	2000
304998	62	126	14	78	142	30	94	158	46	110	174	2014	2032	2123	2006	1996	1981	2012	2082	2006	2021	2025	2029
304998	62	126	14	78	142	30	94	158	46	110	174	2005	2048	2104	1970	1959	2001	1988	2123	2018	2018	2042	2035
304998	62	126	14	78	142	30	94	158	46	110	174	2002	2043	2124	1966	1973	1991	1987	2112	2003	2017	2050	2029
304998	62	126	14	78	142	30	94	158	46	110	174	2020	2026	2145	2009	2004	1967	2019	2071	1981	2020	2027	2010
304998	62	126	14	78	142	30	94	158	46	110	174	2037	2002	2166	2053	2041	1950	2043	2026	1966	2022	2003	1994
304998	62	126	14	78	142	30	94	158	46	110	174	2046	2000	2159	2071	2039	1956	2053	2027	1968	2020	1992	1985
304998	62	126	14	78	142	30	94	158	46	110	174	2035	2014	2132	2038	2015	1970	2033	2063	1983	2020	2018	2008
304998	62	126	14	78	142	30	94	158	46	110	174	2008	2038	2125	1991	1971	1996	2001	2104	2003	2017	2042	2035
304998	62	126	14	78	142	30	94	158	46	110	174	1994	2055	2117	1968	1965	1990	1987	2117	2012	2021	2050	2044
304998	62	126	14	78	142	30	94	158	46	110	174	2007	2043	2129	1985	1983	1984	1996	2100	2001	2019	2031	2025
304998	62	126	14	78	142	30	94	158	46	110	174	2024	2011	2146	2034	2022	1961	2027	2052	1975	2019	2013	1993
304998	62	126	14	78	142	30	94	158	46	110	174	2051	1996	2167	2069	2041	1953	2059	2025	1963	2020	2006	1983
304998	62	126	14	78	142	30	94	158	46	110	174	2034	2002	2165	2062	2023	1962	2049	2038	1973	2021	2010	2003
304998	62	126	14	78	142	30	94	158	46	110	174	2026	2035	2129	2012	1999	1974	2027	2084	2001	2019	2027	2027
304998	62	126	14	78	142	30	94	158	46	110	174	1999	2052	2112	1976	1967	1994	1979	2118	2010	2017	2044	2034
304998	62	126	14	78	142	30	94	158	46	110	174	1999	2052	2104	1966	1967	1992	1976	2112	2007	2021	2048	2033
304998	62	126	14	78	142	30	94	158	46	110	174	2019	2027	2139	2007	1995	1974	2012	2075	1985	2018	2026	2016
304998	62	126	14	78	142	30	94	158	46	110	174	2036	2001	2168	2055	2035	1950	2041	2030	1975	2019	2005	1993
304998	62	126	14	78	142	30	94	158	46	110	174	2049	2001	2165	2068	2045	1946	2066	2029	1968	2022	1996	1988
304998	62	126	14	78	142	30	94	158	46	110	174	2037	2023	2142	2044	2014	1969	2036	2056	1985	2021	2015	2001
304998	62	126	14	78	142	30	94	158	46	110	174	2015	2041	2114	1993	1980	1989	1997	2101	2003	2020	2041	2032
304998	62	126	14	78	142	30	94	158	46	110	174	1999	2048	2104	1967	1953	2001	1979	2119	2017	2020	2048	2044
304998	62	126	14	78	142	30	94	158	46	110	174	2002	2033	2139	1983	1981	1981	1983	2100	2006	2017	2034	2031
304998	62	126	14	78	142	30	94	158	46	110	174	2025	2020	2153	2031	2016	1959	2027	2059	1976	2018	2014	1992
304998	62	126	14	78	142	30	94	158	46	110	174	2046	2002	2166	2070	2047	1948	2063	2030	1961	2020	2006	1982
304998	62	126	14	78	142	30	94	158	46	110	174	2052	2006	2145	2061	2039	1953	2056	2036	1971	2018	2012	1996
304998	62	126	14	78	142	30	94	158	46	110	174	2018	2023	2133	2024	2001	1980	2021	2073	1998	2020	2025	2024
304998	62	126	14	78	142	30	94	158	46	110	174	1998	2042	2123	1979	1967	1993	1989	2115	2009	2017	2045	2041
304998	62	126	14	78	142	30	94	158	46	110	174	1995	2054	2116	1968	1962	1990	1983	2119	2004	2020	2048	2033
304998	62	126	14	78	142	30	94	158	46	110	174	2016	2034	2140	2002	1997	1973	2003	2081	1984	2017	2034	2016
304998	62	126	14	78	142	30	94	158	46	110	174	2043	2006	2148	2049	2034	1958	2047	2036	1973	2018	2012	2001
304998	62	126	14	78	142	30	94	158	46	110	174	2048	1993	2165	2068	2042	1952	2056	2026	1969	2017	1999	1992
304998	62	126	14	78	142	30	94	158	46	110	174	2033	2006	2152	2050	2020	1963	2037	2052	1982	2017	2011	1999
304998	62	126	14	78	142	30	94	158	46	110	174	2013	2042	2124	2003	1981	1987	2004	2097	2001	2019	2045	2024
304998	62	126	14	78	142	30	94	158	46	110	174	1998	2056	2103	1965	1967	1995	1984	2115	2016	2016	2052	2039
304998	62	126	14	78	142	30	94	158	46	110	174	2004	2042	2116	1980	1967	1987	1992	2104	2008	2020	2039	2033
304998	62	126	14	78	142	30	94	158	46	110	174	2020	2014	2148	2020	2011	1964	2020	2063	1981	2020	2022	2002
304998	62	126	14	78	142	30	94	158	46	110	174	2045	2002	2170	2065	2040	1950	2059	2029	1962	2017	2003	1977
304998	62	126	14	78	142	30	94	158	46	110	174	2046	2006	2162	2066	2042	1946	2061	2027	1970	2018	2011	1995
304998	62	126	14	78	142	30	94	158	46	110	174	2028	2025	2125	2032	2005	1972	2026	2068	1998	2019	2029	2020
304998	62	126	14	78	142	30	94	158	46	110	174	2010	2042	2109	1983	1975	1997	1989	2115	2011	2021	2042	2040
304998	62	126	14	78	142	30	94	158	46	110	174	1992	2046	2117	1964	1963	1990	1976	2117	2009	2017	2043	2037
304998	62	126	14	78	142	30	94	158	46	110	174	2009	2032	2140	1995	1988	1975	2005	2086	1993	2020	2035	2014
304998	62	126	14	78	142	30	94	158	46	110	174	2033	2015	2153	2045	2030	1952	2040	2039	1975	2020	2015	1999
304998	62	126	14	78	142	30	94	158	46	110	174	2048	1997	2154	2069	2047	1948	2054	2024	1969	2020	2005	1994
304998	62	126	14	78	142	30	94	158	46	110	174	2034	2006	2152	2055	2021	1969	2049	2045	1977	2020	2010	1999
304998	62	126	14	78	142	30	94	158	46	110	174	2015	2031	2126	2008	1985	1984	2017	2093	2000	2019	2032	2026
304998	62	126	14	78	142	30	94	158	46	110	174	1991	2048	2127	1972	1962	1997	1972	2114	2014	2021	2053	2040
304998	62	126	14	78	142	30	94	158	46	110	174	1999	2049	2114	1972	1970	1982	1980	2107	2009	2016	2048	2033
304998	62	126	14	78	142	30	94	158	46	110	174	2023	2018	2143	2016	2009	1966	2015	2071	1987	2022	2020	2015
304998	62	126	14	78	142	30	94	158	46	110	174	2039	1997	2164	2061	2037	1958	2054	2030	1963	2019	2001	1986
304998	62	126	14	78	142	30	94	158	46	110	174	2045	2002	2167	2069	2039	1956	2058	2029	1967	2018	2007	1986
304998	62	126	14	78	142	30	94	158	46	110	174	2024	2022	2141	2037	2005	1973	2025	2055	1994	2021	2028	2016
304998	62	126	14	78	142	30	94	158	46	110	174	2007	2049	2111	1990	1975	1985	1994	2106	2013	2016	2041	2045
304998	62	126	14	78	142	30	94	158	46	110	174	1999	2048	2105	1964	1957	1995	1974	2120	2009	2018	2048	2041
304998	62	126	14	78	142	30	94	158	46	110	174	2005	2033	2129	1992	1984	1981	1995	2092	1996	2021	2036	2016
304998	62	126	14	78	142	30	94	158	46	110	174	2031	2013	2163	2039	2019	1963	2041	2042	1971	2017	2018	1999
304998	62	126	14	78	142	30	94	158	46	110	174	2040	2005	2164	2069	2035	1948	2055	2025	1972	2017	2003	1992
304998	62	126	14	78	142	30	94	158	46	110	174	2043	2009	2143	2059	2032	1956	2048	2048	1976	2016	2009	2005
304998	62	126	14	78	142	30	94	158	46	110	174	2017	2026	2125	2013	1990	1983	2015	2086	1997	2019	2031	2019
304998	62	126	14	78	142	30	94	158	46	110	174	1998	2047	2118	1969	1966	1998	1981	2114	2007	2020	2051	2035
304998	62	126	14	78	142	30	94	158	46	110	174	1997	2051	2122	1969	1968	1991	1981	2115	2009	2018	2048	2036
304998	62	126	14	78	142	30	94	158	46	110	174	2016	2028	2142	2009	1996	1967	2016	2076	1985	2021	2029	2020
304998	62	126	14	78	142	30	94	158	46	110	174	2045	2006	2153	2059	2040	1949	2062	2038	1964	2017	2006	1988
304998	62	126	14	78	142	30	94	158	46	110	174	2048	1996	2166	2073	2035	1956	2058	2026	1963	2018	1999	1979
304998	62	126	14	78	142	30	94	158	46	110	174	2028	2015	2143	2039	2019	1969	2034	2053	1989	2017	2022	2012
304998	62	126	14	78	142	30	94	158	46	110	174	2007	2040	2127	1992	1966	1996	1993	2098	2015	2019	2045	2041
304998	62	126	14	78	142	30	94	158	46	110	174	1990	2054	2114	1967	1957	1992	1968	2121	2010	2017	2051	2042
304998	62	126	14	78	142	30	94	158	46	110	174	2008	2039	2119	1986	1979	1978	1993	2104	1994	2019	2035	2015
304998	62	126	14	78	142	30	94	158	46	110	174	2028	2011	2148	2034	2018	1963	2034	2051	1977	2017	2021	1999
304998	62	126	14	78	142	30	94	158	46	110	174	2041	1998	2164	2065	2047	1952	2060	2026	1974	2020	2007	1989
304998	62	126	14	78	142	30	94	158	46	110	174	2039	2003	2163	2064	2021	1968	2048	2039	1971	2017	2009	2000
304998	62	126	14	78	142	30	94	158	46	110	174	2015	2028	2134	2017	1999	1974	2016	2075	1998	2020	2026	2023
304998	62	126	14	78	142	30	94	158	46	110	174	2004	2049	2102	1979	1965	1986	1998	2118	2009	2017	2051	2031
304998	62	126	14	78	142	30	94	158	46	110	174	1989	2041	2119	1973	1964	1988	1972	2105	2010	2019	2049	2036
304998	62	126	14	78	142	30	94	158	46	110	174	2014	2026	2142	2007	1994	1975	1998	2083	1993	2017	2029	2020
304998	62	126	14	78	142	30	94	158	46	110	174	2036	2011	2158	2051	2023	1954	2049	2037	1973	2017	2008	1992
304998	62	126	14	78	142	30	94	158	46	110	174	2048	2001	2153	2072	2042	1948	2066	2026	1964	2017	1996	1984
304998	62	126	14	78	142	30	94	158	46	110	174	2039	2015	2139	2044	2016	1966	2044	2049	1982	2023	2020	2006
304998	62	126	14	78	142	30	94	158	46	110	174	2009	2038	2122	1999	1984	1984	1994	2100	2009	2019	2043	2036
304998	62	126	14	78	142	30	94	158	46	110	174	2000	2052	2110	1969	1956	1996	1985	2125	2015	2018	2050	2043
304998	62	126	14	78	142	30	94	158	46	110	174	1999	2043	2126	1983	1969	1985	1989	2104	1994	2018	2041	2026
304998	62	126	14	78	142	30	94	158	46	110	174	2028	2020	2143	2027	2017	1963	2024	2057	1977	2020	2019	1997
304998	62	126	14	78	142	30	94	158	46	110	174	2044	1992	2166	2069	2041	1945	2059	2018	1971	2020	2010	1986
304998	62	126	14	78	142	30	94	158	46	110	174	2044	1999	2159	2065	2037	1958	2054	2033	1974	2021	2007	1999
304998	62	126	14	78	142	30	94	158	46	110	174	2019	2029	2138	2027	1999	1979	2025	2075	1987	2018	2025	2021
304998	62	126	14	78	142	30	94	158	46	110	174	2000	2048	2109	1983	1959	1991	1991	2114	2009	2020	2041	2028
304998	62	126	14	78	142	30	94	158	46	110	174	1995	2046	2101	1969	1965	1986	1981	2110	2008	2019	2057	2029
304998	62	126	14	78	142	30	94	158	46	110	174	2014	2023	2139	2002	1991	1974	2002	2082	1996	2020	2032	2020
304998	62	126	14	78	142	30	94	158	46	110	174	2034	2010	2159	2049	2035	1954	2047	2049	1970	2017	2009	2002
304998	62	126	14	78	142	30	94	158	46	110	174	2048	2002	2163	2072	2049	1958	2077	2030	1967	2019	1997	1984
304998	62	126	14	78	142	30	94	158	46	110	174	2039	2018	2142	2051	2021	1964	2050	2046	1975	2018	2014	1994
304998	62	126	14	78	142	30	94	158	46	110	174	2014	2035	2115	2001	1979	1981	2001	2087	2009	2019	2040	2029
304998	62	126	14	78	142	30	94	158	46	110	174	1992	2047	2110	1972	1958	1997	1972	2119	2015	2021	2054	2045
304998	62	126	14	78	142	30	94	158	46	110	174	1995	2045	2123	1977	1971	1983	1983	2104	1998	2018	2045	2024
304998	62	126	14	78	142	30	94	158	46	110	174	2024	2028	2144	2028	1995	1980	2026	2060	1979	2020	2019	1997
304998	62	126	14	78	142	30	94	158	46	110	174	2049	2002	2156	2061	2042	1954	2053	2024	1967	2022	2008	1990
304998	62	126	14	78	142	30	94	158	46	110	174	2051	1996	2153	2066	2037	1958	2060	2031	1976	2017	2003	1997
304998	62	126	14	78	142	30	94	158	46	110	174	2033	2020	2142	2033	2009	1971	2033	2071	1990	2019	2019	2017
304998	62	126	14	78	142	30	94	158	46	110	174	2007	2045	2119	1983	1968	1993	1997	2105	1998	2021	2041	2031
304998	62	126	14	78	142	30	94	158	46	110	174	1990	2053	2117	1974	1949	2001	1972	2115	2011	2021	2055	2031
304998	62	126	14	78	142	30	94	158	46	110	174	2008	2038	2121	1996	1983	1976	1998	2088	1997	2021	2043	2019
304998	62	126	14	78	142	30	94	158	46	110	174	2033	2007	2153	2047	2025	1958	2042	2046	1973	2017	2011	2004
304998	62	126	14	78	142	30	94	158	46	110	174	2049	1996	2165	2070	2048	1949	2068	2028	1968	2018	1995	1993
304998	62	126	14	78	142	30	94	158	46	110	174	2038	2011	2151	2052	2030	1963	2048	2041	1976	2020	2008	1993
304998	62	126	14	78	142	30	94	158	46	110	174	2012	2037	2119	2011	1982	1986	2010	2085	2001	2018	2039	2023
304998	62	126	14	78	142	30	94	158	46	110	174	2000	2048	2104	1973	1955	1994	1991	2119	2010	2017	2053	2047
