304998	62	126	14	78	142	30	94	158	46	110	174	1996	2039	2118	1977	1962	1984	1986	2109	2002	2018	2043	2032
304998	62	126	14	78	142	30	94	158	46	110	174	2023	2021	2142	2015	2009	1966	2020	2073	1980	2017	2018	1998
304998	62	126	14	78	142	30	94	158	46	110	174	2047	2005	2166	2054	2046	1957	2053	2025	1970	2019	2008	1990
304998	62	126	14	78	142	30	94	158	46	110	174	2048	2007	2153	2072	2042	1959	2073	2028	1975	2018	2009	1999
304998	62	126	14	78	142	30	94	158	46	110	174	2035	2019	2132	2034	2015	1967	2044	2062	1984	2021	2018	2016
304998	62	126	14	78	142	30	94	158	46	110	174	2009	2039	2112	1990	1964	1988	1994	2103	2001	2022	2038	2029
304998	62	126	14	78	142	30	94	158	46	110	174	1994	2049	2116	1965	1964	1987	1976	2114	2006	2022	2049	2034
304998	62	126	14	78	142	30	94	158	46	110	174	2004	2038	2131	1992	1987	1982	1996	2089	2003	2018	2045	2023
304998	62	126	14	78	142	30	94	158	46	110	174	2029	2018	2147	2043	2023	1962	2043	2052	1980	2020	2018	2003
304998	62	126	14	78	142	30	94	158	46	110	174	2052	2000	2154	2069	2047	1957	2072	2023	1966	2016	1995	1993
304998	62	126	14	78	142	30	94	158	46	110	174	2045	1999	2147	2062	2029	1965	2057	2038	1975	2018	2006	1993
304998	62	126	14	78	142	30	94	158	46	110	174	2019	2025	2129	2015	1996	1974	2013	2076	2002	2022	2033	2020
304998	62	126	14	78	142	30	94	158	46	110	174	1999	2048	2118	1977	1962	1993	1979	2119	2007	2018	2052	2044
304998	62	126	14	78	142	30	94	158	46	110	174	1998	2052	2114	1971	1968	1987	1980	2115	2003	2020	2044	2043
304998	62	126	14	78	142	30	94	158	46	110	174	2016	2025	2132	2008	1999	1970	2009	2070	1985	2020	2022	2011
304998	62	126	14	78	142	30	94	158	46	110	174	2049	2001	2152	2057	2036	1954	2050	2028	1979	2017	2005	1986
304998	62	126	14	78	142	30	94	158	46	110	174	2054	1999	2163	2071	2051	1952	2071	2034	1975	2022	2002	1996
304998	62	126	14	78	142	30	94	158	46	110	174	2038	2013	2146	2044	2016	1972	2037	2055	1981	2020	2015	2011
304998	62	126	14	78	142	30	94	158	46	110	174	2012	2041	2118	1996	1978	1986	2015	2099	1999	2022	2037	2027
304998	62	126	14	78	142	30	94	158	46	110	174	1997	2048	2107	1969	1951	1985	1971	2114	2006	2017	2048	2030
304998	62	126	14	78	142	30	94	158	46	110	174	2006	2034	2121	1990	1970	1978	1986	2100	2000	2020	2045	2022
304998	62	126	14	78	142	30	94	158	46	110	174	2028	2013	2147	2033	2025	1960	2027	2058	1980	2018	2016	2007
304998	62	126	14	78	142	30	94	158	46	110	174	2049	2001	2167	2063	2048	1955	2072	2029	1968	2018	1990	1994
304998	62	126	14	78	142	30	94	158	46	110	174	2046	2010	2153	2059	2042	1963	2072	2035	1980	2020	1999	1995
304998	62	126	14	78	142	30	94	158	46	110	174	2031	2028	2123	2018	2000	1971	2025	2074	1999	2022	2030	2012
304998	62	126	14	78	142	30	94	158	46	110	174	2004	2040	2109	1979	1965	1983	1991	2111	2002	2022	2053	2039
304998	62	126	14	78	142	30	94	158	46	110	174	2000	2042	2118	1969	1968	1985	1975	2113	1999	2021	2050	2042
304998	62	126	14	78	142	30	94	158	46	110	174	2014	2027	2149	2003	1989	1979	2003	2077	1984	2020	2025	2010
304998	62	126	14	78	142	30	94	158	46	110	174	2041	2010	2156	2044	2038	1958	2049	2036	1980	2020	1999	1985
304998	62	126	14	78	142	30	94	158	46	110	174	2054	1999	2159	2071	2051	1958	2065	2031	1977	2019	2000	1992
304998	62	126	14	78	142	30	94	158	46	110	174	2039	2009	2134	2054	2020	1970	2048	2049	1981	2022	2016	2009
304998	62	126	14	78	142	30	94	158	46	110	174	2013	2034	2124	2002	1985	1979	2017	2092	1994	2018	2034	2032
304998	62	126	14	78	142	30	94	158	46	110	174	1996	2046	2122	1966	1961	1990	1970	2112	2010	2017	2047	2033
304998	62	126	14	78	142	30	94	158	46	110	174	2003	2045	2125	1983	1965	1979	1985	2107	1994	2017	2045	2022
304998	62	126	14	78	142	30	94	158	46	110	174	2020	2014	2140	2022	2017	1962	2022	2059	1978	2017	2018	2009
304998	62	126	14	78	142	30	94	158	46	110	174	2056	2000	2154	2064	2044	1953	2080	2036	1969	2022	1995	1997
304998	62	126	14	78	142	30	94	158	46	110	174	2049	1994	2164	2066	2049	1953	2069	2028	1979	2021	1996	1994
304998	62	126	14	78	142	30	94	158	46	110	174	2032	2023	2134	2027	2006	1972	2034	2073	1998	2022	2019	2011
304998	62	126	14	78	142	30	94	158	46	110	174	2000	2046	2121	1982	1966	1990	1988	2111	2002	2020	2053	2035
304998	62	126	14	78	142	30	94	158	46	110	174	1996	2052	2107	1972	1962	1984	1976	2116	2001	2020	2054	2039
304998	62	126	14	78	142	30	94	158	46	110	174	2016	2031	2125	1997	1989	1974	2000	2081	1991	2021	2031	2017
304998	62	126	14	78	142	30	94	158	46	110	174	2038	2002	2155	2046	2035	1955	2042	2042	1981	2021	2003	1994
304998	62	126	14	78	142	30	94	158	46	110	174	2057	1999	2166	2071	2053	1954	2072	2025	1969	2019	1997	1982
304998	62	126	14	78	142	30	94	158	46	110	174	2046	2013	2150	2058	2019	1969	2064	2046	1979	2021	2011	2001
304998	62	126	14	78	142	30	94	158	46	110	174	2017	2038	2119	2006	1986	1977	2009	2086	1993	2022	2036	2030
304998	62	126	14	78	142	30	94	158	46	110	174	2002	2048	2103	1974	1957	1988	1975	2114	2005	2019	2048	2039
304998	62	126	14	78	142	30	94	158	46	110	174	1996	2039	2122	1980	1969	1980	1973	2100	2000	2016	2046	2019
304998	62	126	14	78	142	30	94	158	46	110	174	2023	2018	2152	2021	2014	1966	2020	2066	1981	2022	2021	2010
304998	62	126	14	78	142	30	94	158	46	110	174	2046	2001	2168	2066	2041	1956	2065	2028	1968	2019	1999	1992
304998	62	126	14	78	142	30	94	158	46	110	174	2048	2004	2156	2068	2046	1955	2066	2022	1983	2018	1995	1993
304998	62	126	14	78	142	30	94	158	46	110	174	2034	2019	2130	2038	2004	1969	2037	2067	1986	2021	2014	2005
304998	62	126	14	78	142	30	94	158	46	110	174	2006	2036	2118	1988	1970	1983	1987	2107	2001	2020	2051	2028
304998	62	126	14	78	142	30	94	158	46	110	174	1991	2044	2118	1969	1960	1988	1971	2117	2000	2022	2058	2038
304998	62	126	14	78	142	30	94	158	46	110	174	2008	2037	2135	1995	1986	1977	1996	2082	1998	2017	2036	2023
304998	62	126	14	78	142	30	94	158	46	110	174	2032	2012	2163	2040	2028	1965	2048	2044	1988	2017	2007	1999
304998	62	126	14	78	142	30	94	158	46	110	174	2061	2001	2151	2066	2054	1953	2074	2026	1966	2018	1991	1983
304998	62	126	14	78	142	30	94	158	46	110	174	2049	2005	2144	2055	2028	1963	2065	2050	1975	2017	2010	1999
304998	62	126	14	78	142	30	94	158	46	110	174	2011	2020	2131	2014	1995	1980	2006	2074	1995	2016	2034	2028
304998	62	126	14	78	142	30	94	158	46	110	174	1997	2050	2118	1973	1957	1992	1983	2117	2005	2022	2050	2036
304998	62	126	14	78	142	30	94	158	46	110	174	1994	2043	2128	1977	1964	1981	1968	2110	1999	2018	2047	2025
304998	62	126	14	78	142	30	94	158	46	110	174	2022	2027	2133	2014	2010	1970	2022	2070	1985	2016	2025	2002
304998	62	126	14	78	142	30	94	158	46	110	174	2048	1998	2156	2054	2044	1954	2051	2028	1971	2018	2001	1992
304998	62	126	14	78	142	30	94	158	46	110	174	2044	1996	2164	2067	2051	1954	2063	2022	1987	2016	1996	1996
304998	62	126	14	78	142	30	94	158	46	110	174	2034	2015	2144	2038	2013	1977	2037	2060	1984	2021	2016	2012
304998	62	126	14	78	142	30	94	158	46	110	174	2010	2042	2118	1991	1974	1986	1995	2103	1997	2021	2038	2027
304998	62	126	14	78	142	30	94	158	46	110	174	1994	2052	2111	1973	1952	1983	1981	2118	1998	2019	2061	2041
304998	62	126	14	78	142	30	94	158	46	110	174	2005	2034	2120	1991	1977	1976	1996	2092	1995	2020	2043	2022
304998	62	126	14	78	142	30	94	158	46	110	174	2037	2008	2154	2037	2027	1961	2037	2052	1982	2021	2010	2007
304998	62	126	14	78	142	30	94	158	46	110	174	2055	1999	2170	2069	2041	1965	2065	2026	1974	2021	1988	1986
304998	62	126	14	78	142	30	94	158	46	110	174	2048	2009	2152	2060	2038	1966	2071	2038	1977	2017	2005	1992
304998	62	126	14	78	142	30	94	158	46	110	174	2020	2028	2127	2017	1998	1973	2016	2070	1996	2017	2033	2026
304998	62	126	14	78	142	30	94	158	46	110	174	2001	2045	2108	1983	1958	1985	1987	2114	2008	2018	2050	2040
304998	62	126	14	78	142	30	94	158	46	110	174	1997	2039	2120	1973	1966	1984	1974	2112	1995	2018	2047	2030
304998	62	126	14	78	142	30	94	158	46	110	174	2017	2025	2137	2008	1995	1976	2008	2081	1980	2020	2027	2008
304998	62	126	14	78	142	30	94	158	46	110	174	2036	2006	2165	2048	2042	1959	2051	2031	1973	2017	2002	1992
304998	62	126	14	78	142	30	94	158	46	110	174	2048	2000	2155	2070	2049	1953	2063	2020	1981	2018	1998	1994
304998	62	126	14	78	142	30	94	158	46	110	174	2043	2011	2135	2050	2025	1963	2047	2057	1986	2021	2013	2014
304998	62	126	14	78	142	30	94	158	46	110	174	2011	2037	2122	2001	1982	1985	1998	2096	1992	2016	2037	2025
304998	62	126	14	78	142	30	94	158	46	110	174	1994	2046	2116	1973	1959	1985	1968	2117	2000	2020	2055	2029
304998	62	126	14	78	142	30	94	158	46	110	174	2000	2042	2129	1986	1973	1981	1985	2098	2001	2020	2047	2033
304998	62	126	14	78	142	30	94	158	46	110	174	2025	2018	2144	2029	2018	1965	2020	2054	1983	2017	2015	2008
304998	62	126	14	78	142	30	94	158	46	110	174	2057	1996	2148	2064	2050	1953	2069	2031	1972	2016	1991	1988
304998	62	126	14	78	142	30	94	158	46	110	174	2049	1997	2157	2064	2040	1961	2063	2030	1977	2017	1995	1988
304998	62	126	14	78	142	30	94	158	46	110	174	2023	2020	2133	2019	2005	1977	2023	2066	1994	2016	2028	2014
304998	62	126	14	78	142	30	94	158	46	110	174	2001	2049	2118	1982	1955	1990	1989	2113	2007	2017	2058	2038
304998	62	126	14	78	142	30	94	158	46	110	174	1992	2051	2115	1969	1961	1981	1968	2114	2001	2022	2050	2038
304998	62	126	14	78	142	30	94	158	46	110	174	2017	2031	2124	2004	1996	1967	2002	2082	1987	2022	2029	2013
304998	62	126	14	78	142	30	94	158	46	110	174	2041	2002	2158	2051	2032	1961	2045	2035	1977	2017	2005	1991
304998	62	126	14	78	142	30	94	158	46	110	174	2057	2001	2165	2068	2059	1953	2069	2030	1985	2016	1998	1993
304998	62	126	14	78	142	30	94	158	46	110	174	2045	2015	2150	2051	2023	1965	2057	2049	1987	2018	2011	2008
304998	62	126	14	78	142	30	94	158	46	110	174	2013	2038	2122	2005	1983	1981	2010	2092	1998	2019	2039	2034
304998	62	126	14	78	142	30	94	158	46	110	174	1994	2051	2102	1976	1945	1989	1970	2114	2002	2020	2054	2028
304998	62	126	14	78	142	30	94	158	46	110	174	1995	2033	2125	1980	1971	1982	1970	2096	2003	2016	2050	2021
304998	62	126	14	78	142	30	94	158	46	110	174	2018	2011	2150	2022	2019	1967	2017	2063	1984	2017	2021	2013
304998	62	126	14	78	142	30	94	158	46	110	174	2049	2005	2165	2061	2047	1958	2076	2030	1969	2018	1993	1995
304998	62	126	14	78	142	30	94	158	46	110	174	2052	2006	2155	2061	2045	1957	2074	2034	1971	2018	1997	1993
304998	62	126	14	78	142	30	94	158	46	110	174	2035	2026	2125	2032	2009	1975	2037	2065	1986	2020	2022	2013
304998	62	126	14	78	142	30	94	158	46	110	174	1999	2039	2115	1990	1965	1987	1984	2112	2002	2017	2052	2035
304998	62	126	14	78	142	30	94	158	46	110	174	1988	2040	2119	1968	1957	1985	1970	2116	2000	2020	2055	2039
304998	62	126	14	78	142	30	94	158	46	110	174	2008	2032	2135	2001	1985	1979	2008	2091	1988	2019	2036	2022
304998	62	126	14	78	142	30	94	158	46	110	174	2038	2011	2154	2044	2032	1959	2042	2039	1979	2016	2002	1988
304998	62	126	14	78	142	30	94	158	46	110	174	2061	1999	2153	2070	2054	1951	2074	2031	1979	2020	1998	1987
304998	62	126	14	78	142	30	94	158	46	110	174	2045	2004	2147	2055	2030	1963	2058	2050	1984	2018	2010	2008
304998	62	126	14	78	142	30	94	158	46	110	174	2013	2033	2129	2012	1988	1982	2002	2085	1995	2019	2034	2033
304998	62	126	14	78	142	30	94	158	46	110	174	1993	2049	2117	1975	1958	1996	1973	2113	2003	2020	2051	2034
304998	62	126	14	78	142	30	94	158	46	110	174	1996	2045	2116	1978	1967	1981	1971	2103	2003	2017	2048	2026
304998	62	126	14	78	142	30	94	158	46	110	174	2020	2027	2138	2017	2009	1964	2012	2072	1985	2017	2029	2011
304998	62	126	14	78	142	30	94	158	46	110	174	2051	1996	2158	2061	2044	1951	2074	2036	1973	2018	1997	1997
304998	62	126	14	78	142	30	94	158	46	110	174	2052	2001	2157	2066	2054	1956	2073	2028	1972	2016	1991	1996
304998	62	126	14	78	142	30	94	158	46	110	174	2032	2021	2144	2043	2002	1976	2041	2063	1988	2019	2014	2006
304998	62	126	14	78	142	30	94	158	46	110	174	1997	2042	2122	1993	1972	1983	1983	2105	2003	2020	2050	2031
304998	62	126	14	78	142	30	94	158	46	110	174	1995	2051	2103	1969	1954	1983	1966	2118	2002	2019	2060	2041
304998	62	126	14	78	142	30	94	158	46	110	174	2007	2032	2128	1999	1976	1972	2000	2094	1993	2016	2036	2024
304998	62	126	14	78	142	30	94	158	46	110	174	2032	2008	2166	2037	2028	1961	2031	2044	1985	2019	2008	1992
304998	62	126	14	78	142	30	94	158	46	110	174	2055	2001	2165	2069	2046	1968	2073	2025	1983	2017	1995	1984
304998	62	126	14	78	142	30	94	158	46	110	174	2048	2010	2149	2055	2036	1967	2060	2042	1980	2017	2011	1999
304998	62	126	14	78	142	30	94	158	46	110	174	2020	2032	2120	2012	1995	1978	2013	2087	1987	2018	2034	2026
304998	62	126	14	78	142	30	94	158	46	110	174	1999	2040	2110	1981	1957	1984	1972	2106	2004	2020	2050	2038
304998	62	126	14	78	142	30	94	158	46	110	174	1994	2043	2119	1978	1964	1983	1971	2108	2005	2020	2050	2023
304998	62	126	14	78	142	30	94	158	46	110	174	2018	2023	2146	2015	1992	1976	2015	2074	1984	2020	2031	2005
304998	62	126	14	78	142	30	94	158	46	110	174	2042	2008	2155	2056	2039	1965	2056	2033	1973	2022	2003	1998
304998	62	126	14	78	142	30	94	158	46	110	174	2062	2004	2151	2069	2053	1955	2077	2026	1974	2021	1991	1994
304998	62	126	14	78	142	30	94	158	46	110	174	2041	2016	2132	2045	2020	1963	2048	2059	1993	2017	2012	2004
304998	62	126	14	78	142	30	94	158	46	110	174	2006	2034	2121	1996	1971	1982	1991	2100	2002	2016	2045	2031
304998	62	126	14	78	142	30	94	158	46	110	174	1991	2051	2119	1971	1953	1987	1971	2114	2000	2018	2062	2036
304998	62	126	14	78	142	30	94	158	46	110	174	1999	2043	2129	1990	1970	1984	1987	2096	1988	2017	2047	2027
304998	62	126	14	78	142	30	94	158	46	110	174	2026	2015	2142	2032	2023	1968	2025	2047	1986	2023	2008	2003
304998	62	126	14	78	142	30	94	158	46	110	174	2056	1996	2156	2070	2044	1962	2070	2023	1987	2020	1987	1979
304998	62	126	14	78	142	30	94	158	46	110	174	2049	1998	2154	2062	2045	1960	2066	2039	1980	2017	2001	1997
304998	62	126	14	78	142	30	94	158	46	110	174	2025	2026	2131	2020	2003	1974	2030	2075	1985	2018	2030	2024
304998	62	126	14	78	142	30	94	158	46	110	174	1997	2049	2118	1989	1944	1986	1970	2107	2001	2022	2054	2039
304998	62	126	14	78	142	30	94	158	46	110	174	1990	2051	2112	1970	1956	1982	1967	2113	2006	2017	2053	2033
304998	62	126	14	78	142	30	94	158	46	110	174	2018	2031	2129	2011	1986	1978	2009	2081	1988	2017	2033	2003
304998	62	126	14	78	142	30	94	158	46	110	174	2042	2000	2159	2050	2044	1957	2063	2036	1973	2020	2001	1994
304998	62	126	14	78	142	30	94	158	46	110	174	2057	1996	2166	2068	2057	1959	2075	2025	1969	2016	1994	1999
304998	62	126	14	78	142	30	94	158	46	110	174	2040	2015	2156	2047	2028	1968	2045	2046	1995	2018	2014	2007
304998	62	126	14	78	142	30	94	158	46	110	174	2003	2039	2124	2001	1976	1977	1996	2092	2003	2019	2037	2020
304998	62	126	14	78	142	30	94	158	46	110	174	1990	2048	2105	1975	1946	1985	1974	2119	2001	2018	2060	2033
304998	62	126	14	78	142	30	94	158	46	110	174	2002	2034	2120	1983	1970	1976	1985	2098	1993	2017	2051	2027
304998	62	126	14	78	142	30	94	158	46	110	174	2026	2016	2150	2025	2017	1970	2023	2052	1984	2022	2015	2009
304998	62	126	14	78	142	30	94	158	46	110	174	2052	2000	2165	2064	2058	1963	2068	2033	1981	2022	1988	1991
304998	62	126	14	78	142	30	94	158	46	110	174	2055	2008	2153	2061	2044	1964	2073	2037	1978	2016	1994	1986
304998	62	126	14	78	142	30	94	158	46	110	174	2035	2029	2127	2030	2003	1971	2040	2076	1986	2021	2030	2013
304998	62	126	14	78	142	30	94	158	46	110	174	2000	2039	2109	1986	1957	1981	1987	2105	2000	2018	2053	2042
304998	62	126	14	78	142	30	94	158	46	110	174	1989	2045	2115	1971	1954	1984	1971	2114	2003	2016	2055	2038
304998	62	126	14	78	142	30	94	158	46	110	174	2012	2031	2136	2002	1987	1983	1995	2084	1984	2021	2028	2012
304998	62	126	14	78	142	30	94	158	46	110	174	2039	2012	2154	2047	2039	1964	2046	2038	1975	2021	2007	1994
304998	62	126	14	78	142	30	94	158	46	110	174	2060	1995	2155	2069	2051	1963	2071	2018	1975	2022	1994	1991
304998	62	126	14	78	142	30	94	158	46	110	174	2049	2006	2145	2057	2024	1964	2049	2042	1987	2018	2008	2011
304998	62	126	14	78	142	30	94	158	46	110	174	2008	2028	2122	2006	1986	1976	1997	2092	1994	2021	2040	2029
304998	62	126	14	78	142	30	94	158	46	110	174	1995	2048	2114	1974	1941	1992	1970	2122	1994	2017	2060	2028
304998	62	126	14	78	142	30	94	158	46	110	174	1993	2041	2123	1979	1969	1981	1972	2103	1995	2020	2055	2030
304998	62	126	14	78	142	30	94	158	46	110	174	2025	2021	2135	2021	2014	1967	2019	2060	1990	2020	2023	2008
304998	62	126	14	78	142	30	94	158	46	110	174	2058	2001	2158	2065	2053	1955	2070	2027	1980	2017	1990	1994
304998	62	126	14	78	142	30	94	158	46	110	174	2051	1989	2164	2065	2055	1957	2064	2026	1979	2018	1990	1993
304998	62	126	14	78	142	30	94	158	46	110	174	2029	2017	2139	2032	2003	1974	2033	2066	1986	2020	2023	2005
304998	62	126	14	78	142	30	94	158	46	110	174	1999	2047	2118	1990	1961	1983	1983	2102	2001	2020	2057	2037
304998	62	126	14	78	142	30	94	158	46	110	174	1993	2055	2109	1977	1948	1983	1972	2118	2001	2017	2063	2039
304998	62	126	14	78	142	30	94	158	46	110	174	2006	2033	2123	1998	1982	1970	1996	2088	1992	2020	2035	2019
304998	62	126	14	78	142	30	94	158	46	110	174	2035	2003	2153	2043	2032	1967	2045	2044	1977	2018	2001	1994
