304998	62	126	14	78	142	30	94	158	46	110	174	1989	2045	2115	1971	1954	1984	1971	2114	2003	2016	2055	2038
304998	62	126	14	78	142	30	94	158	46	110	174	2012	2031	2136	2002	1987	1983	1995	2084	1984	2021	2028	2012
304998	62	126	14	78	142	30	94	158	46	110	174	2039	2012	2154	2047	2039	1964	2046	2038	1975	2021	2007	1994
304998	62	126	14	78	142	30	94	158	46	110	174	2060	1995	2155	2069	2051	1963	2071	2018	1975	2022	1994	1991
304998	62	126	14	78	142	30	94	158	46	110	174	2049	2006	2145	2057	2024	1964	2049	2042	1987	2018	2008	2011
304998	62	126	14	78	142	30	94	158	46	110	174	2008	2028	2122	2006	1986	1976	1997	2092	1994	2021	2040	2029
304998	62	126	14	78	142	30	94	158	46	110	174	1995	2048	2114	1974	1941	1992	1970	2122	1994	2017	2060	2028
304998	62	126	14	78	142	30	94	158	46	110	174	1993	2041	2123	1979	1969	1981	1972	2103	1995	2020	2055	2030
304998	62	126	14	78	142	30	94	158	46	110	174	2025	2021	2135	2021	2014	1967	2019	2060	1990	2020	2023	2008
304998	62	126	14	78	142	30	94	158	46	110	174	2058	2001	2158	2065	2053	1955	2070	2027	1980	2017	1990	1994
304998	62	126	14	78	142	30	94	158	46	110	174	2051	1989	2164	2065	2055	1957	2064	2026	1979	2018	1990	1993
304998	62	126	14	78	142	30	94	158	46	110	174	2029	2017	2139	2032	2003	1974	2033	2066	1986	2020	2023	2005
304998	62	126	14	78	142	30	94	158	46	110	174	1999	2047	2118	1990	1961	1983	1983	2102	2001	2020	2057	2037
304998	62	126	14	78	142	30	94	158	46	110	174	1993	2055	2109	1977	1948	1983	1972	2118	2001	2017	2063	2039
304998	62	126	14	78	142	30	94	158	46	110	174	2006	2033	2123	1998	1982	1970	1996	2088	1992	2020	2035	2019
304998	62	126	14	78	142	30	94	158	46	110	174	2035	2003	2153	2043	2032	1967	2045	2044	1977	2018	2001	1994
304998	62	126	14	78	142	30	94	158	46	110	174	2058	1996	2165	2075	2050	1968	2077	2023	1977	2020	1991	1985
304998	62	126	14	78	142	30	94	158	46	110	174	2047	2013	2152	2060	2034	1971	2056	2042	1984	2022	2006	2006
304998	62	126	14	78	142	30	94	158	46	110	174	2015	2034	2122	2016	1987	1977	2004	2085	1996	2022	2035	2027
304998	62	126	14	78	142	30	94	158	46	110	174	1990	2049	2105	1983	1946	1983	1976	2117	1998	2021	2059	2033
304998	62	126	14	78	142	30	94	158	46	110	174	1987	2032	2124	1982	1960	1982	1968	2103	1992	2016	2057	2023
304998	62	126	14	78	142	30	94	158	46	110	174	2019	2020	2141	2018	2007	1966	2014	2071	1993	2019	2027	2008
304998	62	126	14	78	142	30	94	158	46	110	174	2052	2002	2167	2062	2038	1962	2061	2037	1981	2020	1999	1996
304998	62	126	14	78	142	30	94	158	46	110	174	2050	2000	2161	2071	2055	1957	2074	2028	1982	2020	1989	1993
304998	62	126	14	78	142	30	94	158	46	110	174	2039	2017	2134	2044	2010	1973	2047	2059	1984	2020	2013	2002
304998	62	126	14	78	142	30	94	158	46	110	174	2006	2036	2112	1997	1964	1982	1994	2096	1998	2022	2051	2024
304998	62	126	14	78	142	30	94	158	46	110	174	1986	2043	2118	1976	1948	1979	1960	2114	1996	2021	2064	2044
304998	62	126	14	78	142	30	94	158	46	110	174	2003	2036	2131	1995	1972	1977	1985	2094	1984	2022	2042	2029
304998	62	126	14	78	142	30	94	158	46	110	174	2035	2014	2154	2040	2028	1968	2042	2051	1981	2021	2007	2001
304998	62	126	14	78	142	30	94	158	46	110	174	2060	2003	2152	2070	2058	1956	2084	2023	1987	2021	1985	1987
304998	62	126	14	78	142	30	94	158	46	110	174	2045	2001	2150	2065	2037	1965	2063	2038	1989	2023	2002	1993
304998	62	126	14	78	142	30	94	158	46	110	174	2017	2025	2130	2018	1994	1977	2015	2080	1989	2016	2033	2026
304998	62	126	14	78	142	30	94	158	46	110	174	1990	2049	2119	1979	1954	1986	1972	2110	1999	2021	2060	2038
304998	62	126	14	78	142	30	94	158	46	110	174	1985	2045	2125	1982	1955	1979	1959	2105	1996	2018	2057	2032
304998	62	126	14	78	142	30	94	158	46	110	174	2016	2033	2136	2013	1999	1967	2009	2072	1998	2022	2026	2006
304998	62	126	14	78	142	30	94	158	46	110	174	2046	1997	2152	2054	2048	1964	2055	2035	1985	2017	2003	1994
304998	62	126	14	78	142	30	94	158	46	110	174	2058	1996	2156	2073	2055	1965	2075	2020	1979	2021	1991	1995
304998	62	126	14	78	142	30	94	158	46	110	174	2043	2015	2145	2046	2026	1970	2048	2049	1987	2019	2012	2009
304998	62	126	14	78	142	30	94	158	46	110	174	2007	2039	2123	2005	1969	1984	1990	2090	2002	2020	2042	2027
304998	62	126	14	78	142	30	94	158	46	110	174	1989	2057	2111	1974	1949	1979	1966	2118	2001	2020	2063	2029
304998	62	126	14	78	142	30	94	158	46	110	174	2003	2037	2118	1991	1976	1972	1991	2098	1986	2022	2051	2024
304998	62	126	14	78	142	30	94	158	46	110	174	2029	2007	2148	2031	2021	1972	2029	2051	1980	2018	2013	2011
304998	62	126	14	78	142	30	94	158	46	110	174	2061	1995	2165	2068	2059	1963	2068	2019	1982	2022	1987	1996
304998	62	126	14	78	142	30	94	158	46	110	174	2051	2002	2163	2064	2046	1963	2063	2034	1990	2018	1997	1989
304998	62	126	14	78	142	30	94	158	46	110	174	2026	2031	2135	2023	1998	1968	2017	2067	1991	2021	2029	2014
304998	62	126	14	78	142	30	94	158	46	110	174	1996	2046	2103	1983	1956	1977	1982	2107	1992	2020	2062	2039
304998	62	126	14	78	142	30	94	158	46	110	174	1989	2043	2113	1978	1959	1980	1957	2106	1998	2022	2057	2038
304998	62	126	14	78	142	30	94	158	46	110	174	2013	2025	2133	2000	1998	1973	1997	2079	1992	2017	2029	2018
304998	62	126	14	78	142	30	94	158	46	110	174	2041	2002	2162	2051	2035	1963	2049	2033	1984	2018	1998	1983
304998	62	126	14	78	142	30	94	158	46	110	174	2061	2003	2159	2070	2061	1958	2079	2020	1979	2018	1997	1990
304998	62	126	14	78	142	30	94	158	46	110	174	2046	2017	2135	2050	2030	1964	2051	2045	1980	2020	2013	2010
304998	62	126	14	78	142	30	94	158	46	110	174	2012	2035	2119	2008	1982	1975	1996	2088	1998	2019	2042	2031
304998	62	126	14	78	142	30	94	158	46	110	174	1991	2047	2112	1976	1946	1981	1965	2120	1999	2018	2061	2034
304998	62	126	14	78	142	30	94	158	46	110	174	1992	2038	2131	1988	1960	1982	1978	2098	1992	2017	2053	2019
304998	62	126	14	78	142	30	94	158	46	110	174	2023	2018	2147	2026	2014	1963	2022	2058	1982	2018	2021	2005
304998	62	126	14	78	142	30	94	158	46	110	174	2057	2000	2155	2066	2058	1956	2068	2019	1982	2018	1994	1995
304998	62	126	14	78	142	30	94	158	46	110	174	2059	1999	2147	2065	2041	1964	2064	2026	1989	2018	1990	1992
304998	62	126	14	78	142	30	94	158	46	110	174	2027	2020	2128	2031	2001	1974	2026	2065	1988	2019	2019	2008
304998	62	126	14	78	142	30	94	158	46	110	174	1998	2039	2120	1993	1959	1978	1971	2107	1993	2017	2061	2030
304998	62	126	14	78	142	30	94	158	46	110	174	1981	2048	2122	1978	1943	1981	1956	2104	1995	2022	2071	2040
304998	62	126	14	78	142	30	94	158	46	110	174	2005	2034	2127	2003	1985	1973	1993	2081	1997	2018	2041	2026
304998	62	126	14	78	142	30	94	158	46	110	174	2044	2009	2148	2045	2037	1968	2046	2043	1985	2018	1997	1994
304998	62	126	14	78	142	30	94	158	46	110	174	2063	1994	2155	2078	2056	1967	2081	2026	1980	2022	1985	1984
304998	62	126	14	78	142	30	94	158	46	110	174	2044	2005	2150	2053	2034	1970	2060	2044	1985	2018	2014	1995
304998	62	126	14	78	142	30	94	158	46	110	174	2016	2035	2127	2015	1978	1979	2010	2081	1994	2020	2043	2028
304998	62	126	14	78	142	30	94	158	46	110	174	1987	2052	2112	1977	1950	1976	1960	2114	1999	2020	2061	2040
304998	62	126	14	78	142	30	94	158	46	110	174	1993	2044	2110	1985	1965	1977	1969	2105	1993	2022	2054	2028
304998	62	126	14	78	142	30	94	158	46	110	174	2025	2020	2132	2026	1999	1982	2018	2064	1985	2020	2023	1999
304998	62	126	14	78	142	30	94	158	46	110	174	2049	1996	2163	2061	2051	1966	2071	2023	1986	2018	1998	1993
304998	62	126	14	78	142	30	94	158	46	110	174	2057	1999	2161	2068	2047	1968	2067	2028	1989	2017	1996	1999
304998	62	126	14	78	142	30	94	158	46	110	174	2033	2021	2143	2038	2015	1963	2035	2063	1991	2022	2014	2014
304998	62	126	14	78	142	30	94	158	46	110	174	1998	2045	2114	1994	1967	1977	1983	2105	1993	2019	2050	2032
304998	62	126	14	78	142	30	94	158	46	110	174	1984	2049	2103	1974	1948	1979	1954	2114	1991	2020	2069	2027
304998	62	126	14	78	142	30	94	158	46	110	174	2004	2027	2127	1993	1982	1976	1980	2084	2000	2020	2046	2027
304998	62	126	14	78	142	30	94	158	46	110	174	2035	2008	2152	2036	2033	1962	2039	2047	1987	2017	2008	2007
304998	62	126	14	78	142	30	94	158	46	110	174	2058	1994	2165	2071	2056	1957	2076	2023	1986	2018	1986	1996
304998	62	126	14	78	142	30	94	158	46	110	174	2046	2007	2150	2060	2040	1968	2057	2038	1983	2021	1993	1997
304998	62	126	14	78	142	30	94	158	46	110	174	2018	2028	2122	2014	1988	1976	2014	2075	1994	2016	2043	2019
304998	62	126	14	78	142	30	94	158	46	110	174	1990	2044	2108	1981	1947	1983	1964	2114	2002	2021	2066	2044
304998	62	126	14	78	142	30	94	158	46	110	174	1987	2043	2121	1977	1954	1974	1961	2107	1996	2017	2062	2034
304998	62	126	14	78	142	30	94	158	46	110	174	2013	2022	2150	2016	1999	1970	2010	2069	1987	2016	2025	2008
304998	62	126	14	78	142	30	94	158	46	110	174	2046	2004	2161	2055	2048	1963	2069	2026	1983	2020	1993	1986
304998	62	126	14	78	142	30	94	158	46	110	174	2059	2004	2150	2069	2057	1967	2075	2018	1991	2022	1997	1989
304998	62	126	14	78	142	30	94	158	46	110	174	2036	2012	2136	2039	2019	1971	2035	2058	1993	2021	2020	2019
304998	62	126	14	78	142	30	94	158	46	110	174	1998	2029	2123	1996	1963	1975	1985	2099	1994	2020	2049	2032
304998	62	126	14	78	142	30	94	158	46	110	174	1982	2045	2116	1980	1937	1982	1956	2116	1992	2018	2061	2032
304998	62	126	14	78	142	30	94	158	46	110	174	1997	2037	2134	1991	1969	1974	1983	2087	1998	2020	2051	2019
304998	62	126	14	78	142	30	94	158	46	110	174	2024	2013	2145	2034	2028	1967	2026	2048	1993	2021	2016	2005
304998	62	126	14	78	142	30	94	158	46	110	174	2063	1999	2149	2069	2054	1970	2076	2026	1981	2016	1992	1997
304998	62	126	14	78	142	30	94	158	46	110	174	2044	1993	2154	2057	2043	1968	2062	2033	1985	2017	1997	1994
304998	62	126	14	78	142	30	94	158	46	110	174	2020	2022	2136	2021	1994	1972	2033	2071	1988	2016	2033	2014
304998	62	126	14	78	142	30	94	158	46	110	174	1991	2044	2123	1986	1949	1974	1966	2107	1998	2018	2069	2038
304998	62	126	14	78	142	30	94	158	46	110	174	1981	2051	2115	1975	1955	1979	1955	2115	1997	2018	2066	2037
304998	62	126	14	78	142	30	94	158	46	110	174	2011	2024	2129	2011	1993	1975	2009	2077	1984	2023	2033	2019
304998	62	126	14	78	142	30	94	158	46	110	174	2039	1998	2158	2048	2047	1967	2051	2035	1983	2017	1995	1988
304998	62	126	14	78	142	30	94	158	46	110	174	2056	1995	2166	2069	2057	1965	2074	2017	1985	2020	1992	1983
304998	62	126	14	78	142	30	94	158	46	110	174	2039	2009	2148	2047	2021	1965	2048	2052	1993	2016	2016	2010
304998	62	126	14	78	142	30	94	158	46	110	174	2003	2039	2119	2004	1970	1979	1988	2098	1993	2022	2050	2034
304998	62	126	14	78	142	30	94	158	46	110	174	1987	2049	2101	1971	1946	1982	1959	2118	1996	2020	2066	2043
304998	62	126	14	78	142	30	94	158	46	110	174	1995	2033	2118	1986	1964	1975	1980	2094	1989	2018	2051	2020
304998	62	126	14	78	142	30	94	158	46	110	174	2023	2012	2150	2025	2016	1967	2019	2050	1996	2021	2018	2003
304998	62	126	14	78	142	30	94	158	46	110	174	2049	1994	2165	2064	2050	1963	2069	2031	1989	2017	1994	1993
304998	62	126	14	78	142	30	94	158	46	110	174	2047	2002	2158	2063	2050	1965	2076	2034	1985	2018	1995	2006
304998	62	126	14	78	142	30	94	158	46	110	174	2021	2027	2128	2028	2000	1974	2018	2067	1984	2022	2026	2014
304998	62	126	14	78	142	30	94	158	46	110	174	1994	2044	2109	1982	1951	1983	1976	2109	1997	2021	2063	2026
304998	62	126	14	78	142	30	94	158	46	110	174	1983	2044	2120	1970	1947	1981	1957	2110	2001	2020	2070	2039
304998	62	126	14	78	142	30	94	158	46	110	174	2004	2030	2143	2001	1979	1974	1992	2086	1987	2019	2039	2021
304998	62	126	14	78	142	30	94	158	46	110	174	2033	2008	2161	2047	2040	1965	2049	2039	1985	2022	2001	1992
304998	62	126	14	78	142	30	94	158	46	110	174	2051	1994	2162	2069	2064	1968	2074	2023	1983	2020	1985	1983
304998	62	126	14	78	142	30	94	158	46	110	174	2043	2010	2140	2053	2023	1968	2051	2043	1992	2017	2014	2002
304998	62	126	14	78	142	30	94	158	46	110	174	2004	2028	2120	2003	1973	1980	1998	2093	1996	2020	2050	2028
304998	62	126	14	78	142	30	94	158	46	110	174	1980	2040	2125	1975	1939	1982	1953	2114	1993	2021	2065	2043
304998	62	126	14	78	142	30	94	158	46	110	174	1985	2042	2126	1986	1953	1979	1958	2103	1990	2018	2058	2026
304998	62	126	14	78	142	30	94	158	46	110	174	2020	2017	2138	2023	2009	1965	2018	2059	1993	2018	2022	2003
304998	62	126	14	78	142	30	94	158	46	110	174	2046	1991	2164	2061	2047	1968	2061	2023	1989	2020	1995	1994
304998	62	126	14	78	142	30	94	158	46	110	174	2052	1996	2154	2063	2057	1969	2069	2037	1984	2018	1995	2008
304998	62	126	14	78	142	30	94	158	46	110	174	2021	2016	2149	2033	2001	1978	2022	2066	1987	2020	2022	2017
304998	62	126	14	78	142	30	94	158	46	110	174	1991	2043	2122	1994	1948	1979	1969	2104	1996	2016	2060	2023
304998	62	126	14	78	142	30	94	158	46	110	174	1983	2048	2108	1973	1946	1980	1951	2114	2000	2017	2074	2038
304998	62	126	14	78	142	30	94	158	46	110	174	1999	2024	2128	1998	1978	1978	1986	2087	1995	2022	2046	2027
304998	62	126	14	78	142	30	94	158	46	110	174	2034	2004	2154	2038	2034	1970	2045	2045	1987	2016	2004	2000
304998	62	126	14	78	142	30	94	158	46	110	174	2049	1994	2173	2071	2048	1967	2075	2020	1981	2018	1984	1984
304998	62	126	14	78	142	30	94	158	46	110	174	2042	2010	2148	2057	2027	1967	2060	2037	1989	2018	2008	1997
304998	62	126	14	78	142	30	94	158	46	110	174	2012	2037	2120	2011	1979	1974	2000	2086	1997	2016	2044	2029
304998	62	126	14	78	142	30	94	158	46	110	174	1987	2045	2107	1977	1939	1985	1957	2113	1997	2017	2071	2044
304998	62	126	14	78	142	30	94	158	46	110	174	1988	2042	2120	1985	1950	1978	1976	2111	1986	2018	2060	2032
304998	62	126	14	78	142	30	94	158	46	110	174	2018	2018	2144	2015	2005	1970	2013	2073	1986	2018	2029	2001
304998	62	126	14	78	142	30	94	158	46	110	174	2044	2001	2158	2055	2049	1961	2063	2027	1993	2019	1997	1995
304998	62	126	14	78	142	30	94	158	46	110	174	2060	2001	2150	2068	2054	1965	2073	2030	1986	2020	1996	2001
304998	62	126	14	78	142	30	94	158	46	110	174	2028	2013	2138	2039	2013	1973	2035	2065	1984	2022	2018	2014
304998	62	126	14	78	142	30	94	158	46	110	174	1994	2034	2120	1994	1959	1982	1989	2102	1990	2017	2057	2023
304998	62	126	14	78	142	30	94	158	46	110	174	1980	2051	2117	1973	1941	1984	1954	2113	1995	2017	2072	2034
304998	62	126	14	78	142	30	94	158	46	110	174	1986	2032	2136	1996	1967	1976	1967	2091	2000	2018	2054	2025
304998	62	126	14	78	142	30	94	158	46	110	174	2030	2012	2146	2038	2024	1965	2035	2048	1990	2016	2011	2005
304998	62	126	14	78	142	30	94	158	46	110	174	2049	1991	2164	2066	2054	1962	2074	2024	1981	2021	1983	1988
304998	62	126	14	78	142	30	94	158	46	110	174	2045	1998	2156	2058	2041	1970	2061	2039	1989	2017	2002	1997
304998	62	126	14	78	142	30	94	158	46	110	174	2012	2028	2137	2016	1987	1986	2015	2078	1998	2022	2046	2020
304998	62	126	14	78	142	30	94	158	46	110	174	1979	2048	2112	1980	1939	1984	1953	2112	1998	2017	2073	2044
304998	62	126	14	78	142	30	94	158	46	110	174	1980	2042	2113	1983	1945	1982	1961	2112	1995	2019	2064	2035
304998	62	126	14	78	142	30	94	158	46	110	174	2007	2021	2136	2014	1993	1972	2008	2074	1987	2017	2027	2007
304998	62	126	14	78	142	30	94	158	46	110	174	2043	1996	2164	2053	2047	1969	2056	2033	1984	2020	2001	1994
304998	62	126	14	78	142	30	94	158	46	110	174	2058	1999	2158	2068	2054	1966	2087	2029	1994	2020	1997	1993
304998	62	126	14	78	142	30	94	158	46	110	174	2035	2018	2137	2039	2019	1970	2052	2064	1987	2016	2015	2013
304998	62	126	14	78	142	30	94	158	46	110	174	1996	2032	2112	2002	1958	1983	1982	2099	1992	2022	2053	2031
304998	62	126	14	78	142	30	94	158	46	110	174	1977	2045	2117	1976	1929	1984	1955	2115	1992	2021	2072	2029
304998	62	126	14	78	142	30	94	158	46	110	174	1987	2030	2136	1993	1970	1978	1973	2091	2000	2016	2060	2024
304998	62	126	14	78	142	30	94	158	46	110	174	2020	2018	2148	2032	2015	1975	2026	2054	1993	2020	2017	2012
304998	62	126	14	78	142	30	94	158	46	110	174	2058	2002	2152	2064	2060	1968	2083	2030	1987	2019	1988	1993
304998	62	126	14	78	142	30	94	158	46	110	174	2049	2002	2151	2063	2028	1974	2072	2039	1988	2020	1996	1993
304998	62	126	14	78	142	30	94	158	46	110	174	2020	2022	2130	2024	1991	1968	2018	2074	1991	2019	2039	2018
304998	62	126	14	78	142	30	94	158	46	110	174	1985	2045	2121	1984	1950	1978	1972	2114	2000	2018	2071	2037
304998	62	126	14	78	142	30	94	158	46	110	174	1974	2048	2118	1978	1947	1978	1956	2118	1996	2019	2072	2039
304998	62	126	14	78	142	30	94	158	46	110	174	2006	2031	2134	2007	1987	1976	2000	2080	1987	2016	2034	2019
304998	62	126	14	78	142	30	94	158	46	110	174	2046	2001	2150	2050	2040	1965	2053	2040	1986	2019	1999	1987
304998	62	126	14	78	142	30	94	158	46	110	174	2052	1987	2161	2066	2057	1968	2074	2019	1993	2022	1989	1995
304998	62	126	14	78	142	30	94	158	46	110	174	2042	2011	2151	2044	2019	1974	2058	2051	1994	2019	2014	2014
304998	62	126	14	78	142	30	94	158	46	110	174	2002	2042	2120	2004	1975	1976	1996	2091	1988	2016	2051	2032
304998	62	126	14	78	142	30	94	158	46	110	174	1982	2048	2102	1980	1936	1980	1961	2119	1986	2020	2072	2031
304998	62	126	14	78	142	30	94	158	46	110	174	1986	2035	2123	1990	1956	1978	1974	2098	1992	2018	2059	2023
304998	62	126	14	78	142	30	94	158	46	110	174	2023	2015	2150	2027	2017	1968	2030	2063	1991	2017	2025	2008
