304998	62	126	14	78	142	30	94	158	46	110	174	2004	2028	2135	1996	1991	1972	1995	2084	1987	2022	2038	2019
304998	62	126	14	78	142	30	94	158	46	110	174	2034	2000	2154	2050	2010	1977	2031	2039	1980	2022	2015	2011
304998	62	126	14	78	142	30	94	158	46	110	174	2043	1994	2157	2069	2039	1966	2050	2013	1982	2021	1997	1992
304998	62	126	14	78	142	30	94	158	46	110	174	2042	2008	2142	2060	2026	1977	2047	2041	1987	2021	2013	1996
304998	62	126	14	78	142	30	94	158	46	110	174	2021	2027	2124	2017	1988	1982	2010	2079	1984	2018	2039	2019
304998	62	126	14	78	142	30	94	158	46	110	174	2000	2047	2120	1977	1964	1977	1983	2112	1986	2019	2057	2032
304998	62	126	14	78	142	30	94	158	46	110	174	1999	2040	2129	1985	1974	1970	1990	2100	1992	2021	2044	2034
304998	62	126	14	78	142	30	94	158	46	110	174	2022	2016	2141	2024	1997	1969	2029	2070	1990	2017	2020	2003
304998	62	126	14	78	142	30	94	158	46	110	174	2043	1996	2150	2055	2042	1968	2044	2033	1980	2020	2006	1994
304998	62	126	14	78	142	30	94	158	46	110	174	2052	1993	2142	2073	2032	1979	2056	2025	1984	2022	2008	1999
304998	62	126	14	78	142	30	94	158	46	110	174	2032	2005	2139	2043	2013	1971	2028	2054	1981	2017	2022	2018
304998	62	126	14	78	142	30	94	158	46	110	174	2004	2037	2125	1990	1975	1971	1991	2090	1995	2021	2042	2030
304998	62	126	14	78	142	30	94	158	46	110	174	1994	2052	2125	1975	1965	1975	1999	2118	1997	2021	2050	2020
304998	62	126	14	78	142	30	94	158	46	110	174	2004	2036	2137	2000	1985	1966	1995	2089	1989	2017	2040	2016
304998	62	126	14	78	142	30	94	158	46	110	174	2036	2009	2137	2038	2024	1971	2033	2051	1981	2020	2018	2008
304998	62	126	14	78	142	30	94	158	46	110	174	2053	1987	2148	2072	2031	1978	2052	2016	1981	2022	2003	1999
304998	62	126	14	78	142	30	94	158	46	110	174	2045	1996	2144	2059	2032	1975	2050	2032	1991	2020	2009	2009
304998	62	126	14	78	142	30	94	158	46	110	174	2019	2026	2130	2017	1991	1973	2018	2081	1995	2019	2025	2013
304998	62	126	14	78	142	30	94	158	46	110	174	2002	2052	2121	1979	1973	1969	1996	2114	1985	2019	2048	2023
304998	62	126	14	78	142	30	94	158	46	110	174	2002	2049	2121	1978	1971	1972	1984	2106	1986	2018	2050	2028
304998	62	126	14	78	142	30	94	158	46	110	174	2021	2026	2126	2016	2006	1970	2015	2071	1984	2020	2033	2016
304998	62	126	14	78	142	30	94	158	46	110	174	2046	1992	2147	2058	2039	1965	2052	2031	1988	2021	2004	2007
304998	62	126	14	78	142	30	94	158	46	110	174	2050	1983	2157	2067	2040	1971	2064	2025	1975	2022	1993	1993
304998	62	126	14	78	142	30	94	158	46	110	174	2035	2007	2148	2047	2013	1967	2042	2055	1985	2021	2016	2005
304998	62	126	14	78	142	30	94	158	46	110	174	2006	2044	2126	2001	1980	1972	2007	2094	1986	2016	2044	2025
304998	62	126	14	78	142	30	94	158	46	110	174	1999	2057	2110	1977	1963	1974	1994	2114	1998	2017	2054	2032
304998	62	126	14	78	142	30	94	158	46	110	174	2006	2038	2128	1995	1982	1970	1992	2097	1992	2020	2038	2030
304998	62	126	14	78	142	30	94	158	46	110	174	2033	2008	2144	2035	2025	1969	2022	2056	1981	2019	2012	2001
304998	62	126	14	78	142	30	94	158	46	110	174	2051	1991	2154	2068	2042	1968	2059	2022	1977	2020	2000	1991
304998	62	126	14	78	142	30	94	158	46	110	174	2040	1996	2152	2064	2037	1970	2052	2027	1986	2022	2010	2004
304998	62	126	14	78	142	30	94	158	46	110	174	2031	2032	2133	2023	1999	1969	2019	2078	1988	2022	2030	2021
304998	62	126	14	78	142	30	94	158	46	110	174	1998	2043	2119	1983	1971	1973	1984	2106	1990	2021	2048	2034
304998	62	126	14	78	142	30	94	158	46	110	174	2000	2048	2116	1978	1972	1968	1995	2113	1986	2018	2045	2024
304998	62	126	14	78	142	30	94	158	46	110	174	2016	2027	2143	2008	1995	1973	2012	2073	1985	2020	2029	2008
304998	62	126	14	78	142	30	94	158	46	110	174	2039	1999	2153	2050	2033	1969	2045	2038	1985	2016	2010	1998
304998	62	126	14	78	142	30	94	158	46	110	174	2049	1996	2151	2069	2042	1969	2059	2022	1980	2020	2002	2001
304998	62	126	14	78	142	30	94	158	46	110	174	2038	2013	2129	2050	2019	1970	2063	2051	1983	2022	2014	2016
304998	62	126	14	78	142	30	94	158	46	110	174	2013	2038	2122	2004	1990	1973	2006	2087	1987	2022	2031	2016
304998	62	126	14	78	142	30	94	158	46	110	174	1992	2049	2126	1973	1969	1974	1977	2114	1998	2020	2050	2024
304998	62	126	14	78	142	30	94	158	46	110	174	1999	2043	2133	1987	1979	1976	1990	2099	1992	2017	2044	2019
304998	62	126	14	78	142	30	94	158	46	110	174	2026	2019	2144	2026	2013	1967	2035	2060	1986	2019	2019	2014
304998	62	126	14	78	142	30	94	158	46	110	174	2049	2000	2147	2065	2044	1968	2055	2026	1971	2021	1997	2002
304998	62	126	14	78	142	30	94	158	46	110	174	2052	1994	2139	2070	2031	1965	2051	2025	1982	2019	1999	1995
304998	62	126	14	78	142	30	94	158	46	110	174	2023	2019	2132	2032	2008	1967	2019	2070	1994	2018	2024	2011
304998	62	126	14	78	142	30	94	158	46	110	174	2005	2045	2129	1984	1973	1974	1999	2108	1995	2016	2050	2028
304998	62	126	14	78	142	30	94	158	46	110	174	1995	2049	2137	1973	1974	1975	1999	2111	1988	2018	2048	2037
304998	62	126	14	78	142	30	94	158	46	110	174	2016	2040	2130	1997	1998	1971	2005	2079	1986	2020	2029	2017
304998	62	126	14	78	142	30	94	158	46	110	174	2041	2008	2142	2044	2025	1971	2040	2046	1982	2020	2003	1998
304998	62	126	14	78	142	30	94	158	46	110	174	2048	1985	2148	2075	2047	1961	2052	2020	1983	2021	2001	1987
304998	62	126	14	78	142	30	94	158	46	110	174	2042	2005	2144	2050	2024	1973	2060	2043	1981	2018	2017	2011
304998	62	126	14	78	142	30	94	158	46	110	174	2012	2031	2137	2006	1993	1975	2008	2085	1989	2020	2032	2024
304998	62	126	14	78	142	30	94	158	46	110	174	1996	2057	2126	1973	1968	1976	1979	2112	2001	2018	2050	2033
304998	62	126	14	78	142	30	94	158	46	110	174	2001	2049	2120	1978	1974	1972	1995	2111	1993	2022	2040	2017
304998	62	126	14	78	142	30	94	158	46	110	174	2026	2022	2136	2022	2014	1973	2036	2068	1982	2018	2026	2003
304998	62	126	14	78	142	30	94	158	46	110	174	2045	1993	2149	2061	2045	1964	2052	2031	1971	2021	2003	1999
304998	62	126	14	78	142	30	94	158	46	110	174	2051	1994	2151	2071	2037	1965	2059	2026	1985	2019	1998	2007
304998	62	126	14	78	142	30	94	158	46	110	174	2034	2021	2143	2034	2011	1971	2035	2065	1988	2020	2018	2016
304998	62	126	14	78	142	30	94	158	46	110	174	2002	2049	2119	1991	1977	1975	2002	2112	1993	2021	2045	2022
304998	62	126	14	78	142	30	94	158	46	110	174	1999	2054	2119	1972	1967	1975	2001	2114	1991	2019	2052	2025
304998	62	126	14	78	142	30	94	158	46	110	174	2006	2024	2131	1998	1990	1973	1994	2081	1988	2017	2040	2023
304998	62	126	14	78	142	30	94	158	46	110	174	2031	2000	2156	2043	2023	1964	2029	2040	1987	2016	2011	2007
304998	62	126	14	78	142	30	94	158	46	110	174	2044	1986	2167	2072	2045	1967	2049	2026	1978	2020	1993	1997
304998	62	126	14	78	142	30	94	158	46	110	174	2045	2011	2153	2054	2031	1969	2066	2045	1982	2017	2008	1994
304998	62	126	14	78	142	30	94	158	46	110	174	2023	2036	2124	2011	1995	1979	2009	2081	1991	2022	2040	2023
304998	62	126	14	78	142	30	94	158	46	110	174	2001	2052	2114	1975	1964	1974	1988	2115	2001	2019	2051	2032
304998	62	126	14	78	142	30	94	158	46	110	174	2003	2049	2125	1976	1979	1970	1980	2109	1995	2018	2045	2035
304998	62	126	14	78	142	30	94	158	46	110	174	2023	2023	2146	2014	2006	1969	2025	2078	1984	2020	2019	2007
304998	62	126	14	78	142	30	94	158	46	110	174	2049	2002	2157	2058	2042	1968	2068	2034	1973	2016	2002	1996
304998	62	126	14	78	142	30	94	158	46	110	174	2050	2000	2145	2069	2044	1964	2053	2028	1984	2018	2009	1993
304998	62	126	14	78	142	30	94	158	46	110	174	2034	2017	2129	2036	2014	1978	2028	2061	1982	2018	2019	2019
304998	62	126	14	78	142	30	94	158	46	110	174	2008	2039	2122	1994	1979	1974	1993	2102	1993	2021	2042	2027
304998	62	126	14	78	142	30	94	158	46	110	174	1997	2052	2124	1968	1969	1976	1987	2120	1991	2016	2044	2026
304998	62	126	14	78	142	30	94	158	46	110	174	2005	2039	2138	1991	1985	1968	2001	2090	1996	2021	2040	2013
304998	62	126	14	78	142	30	94	158	46	110	174	2030	2014	2150	2031	2024	1965	2034	2052	1984	2016	2016	2009
304998	62	126	14	78	142	30	94	158	46	110	174	2056	2000	2148	2066	2047	1967	2060	2028	1971	2020	2000	2000
304998	62	126	14	78	142	30	94	158	46	110	174	2049	2002	2141	2057	2032	1973	2048	2040	1976	2018	2002	2005
304998	62	126	14	78	142	30	94	158	46	110	174	2019	2031	2130	2016	1997	1977	2016	2076	1984	2017	2028	2014
304998	62	126	14	78	142	30	94	158	46	110	174	2001	2054	2123	1977	1965	1978	1994	2116	1999	2022	2050	2024
304998	62	126	14	78	142	30	94	158	46	110	174	1993	2051	2129	1968	1970	1974	1976	2113	1991	2016	2050	2035
304998	62	126	14	78	142	30	94	158	46	110	174	2018	2035	2129	2007	2001	1964	2018	2077	1983	2022	2026	2017
304998	62	126	14	78	142	30	94	158	46	110	174	2038	1993	2150	2054	2032	1967	2039	2033	1978	2018	2002	1999
304998	62	126	14	78	142	30	94	158	46	110	174	2048	1995	2151	2069	2046	1968	2049	2022	1981	2021	1999	1984
304998	62	126	14	78	142	30	94	158	46	110	174	2036	2010	2148	2042	2018	1973	2040	2059	1985	2021	2016	2006
304998	62	126	14	78	142	30	94	158	46	110	174	2013	2046	2126	1997	1979	1974	2016	2102	1986	2020	2042	2035
304998	62	126	14	78	142	30	94	158	46	110	174	1994	2058	2117	1970	1963	1979	1979	2119	1996	2017	2043	2038
304998	62	126	14	78	142	30	94	158	46	110	174	2005	2043	2118	1982	1986	1968	1991	2097	1993	2020	2031	2019
304998	62	126	14	78	142	30	94	158	46	110	174	2029	2010	2147	2023	2020	1970	2023	2056	1988	2018	2015	2001
304998	62	126	14	78	142	30	94	158	46	110	174	2049	1992	2155	2065	2044	1966	2059	2034	1976	2021	2002	2001
304998	62	126	14	78	142	30	94	158	46	110	174	2048	2003	2152	2063	2025	1973	2062	2035	1976	2020	2006	2005
304998	62	126	14	78	142	30	94	158	46	110	174	2013	2026	2129	2021	2001	1967	2019	2074	1986	2020	2022	2020
304998	62	126	14	78	142	30	94	158	46	110	174	2005	2055	2110	1981	1968	1982	2000	2116	2001	2020	2044	2025
304998	62	126	14	78	142	30	94	158	46	110	174	1994	2049	2124	1966	1971	1974	1971	2120	1997	2019	2051	2022
304998	62	126	14	78	142	30	94	158	46	110	174	2017	2030	2131	2001	2000	1968	2022	2083	1988	2020	2036	2021
304998	62	126	14	78	142	30	94	158	46	110	174	2034	2005	2156	2048	2030	1967	2039	2040	1974	2017	2010	2002
304998	62	126	14	78	142	30	94	158	46	110	174	2047	1996	2152	2068	2043	1969	2048	2019	1980	2021	1993	1997
304998	62	126	14	78	142	30	94	158	46	110	174	2043	2017	2139	2047	2023	1973	2043	2050	1988	2022	2015	2001
304998	62	126	14	78	142	30	94	158	46	110	174	2018	2042	2116	2001	1985	1978	2019	2095	1990	2020	2045	2024
304998	62	126	14	78	142	30	94	158	46	110	174	1997	2052	2116	1970	1967	1977	1977	2116	1994	2019	2053	2042
304998	62	126	14	78	142	30	94	158	46	110	174	1999	2046	2132	1982	1981	1975	1989	2101	1998	2020	2040	2030
304998	62	126	14	78	142	30	94	158	46	110	174	2018	2022	2151	2024	2017	1967	2016	2064	1987	2018	2014	2003
304998	62	126	14	78	142	30	94	158	46	110	174	2051	2006	2148	2061	2045	1962	2061	2033	1976	2021	2007	1994
304998	62	126	14	78	142	30	94	158	46	110	174	2046	1999	2144	2065	2042	1966	2059	2031	1976	2017	2006	1999
304998	62	126	14	78	142	30	94	158	46	110	174	2028	2021	2131	2030	2004	1974	2026	2066	1987	2018	2022	2022
304998	62	126	14	78	142	30	94	158	46	110	174	2005	2051	2123	1981	1969	1983	1999	2116	2003	2016	2042	2030
304998	62	126	14	78	142	30	94	158	46	110	174	1998	2061	2123	1962	1970	1976	1984	2121	1996	2016	2050	2024
304998	62	126	14	78	142	30	94	158	46	110	174	2011	2042	2129	1996	1997	1974	2003	2089	1984	2020	2036	2018
304998	62	126	14	78	142	30	94	158	46	110	174	2039	2010	2145	2043	2026	1965	2041	2042	1972	2020	2009	2000
304998	62	126	14	78	142	30	94	158	46	110	174	2048	1995	2153	2067	2043	1968	2053	2027	1983	2017	1997	1995
304998	62	126	14	78	142	30	94	158	46	110	174	2037	2008	2147	2050	2025	1968	2045	2049	1984	2017	2008	1999
304998	62	126	14	78	142	30	94	158	46	110	174	2015	2038	2128	2003	1989	1972	2028	2091	1986	2018	2037	2017
304998	62	126	14	78	142	30	94	158	46	110	174	1995	2059	2116	1966	1969	1981	1983	2120	1996	2017	2054	2036
304998	62	126	14	78	142	30	94	158	46	110	174	2001	2052	2115	1973	1974	1977	1992	2108	1995	2019	2047	2032
304998	62	126	14	78	142	30	94	158	46	110	174	2023	2018	2143	2015	2012	1972	2012	2074	1987	2021	2019	2006
304998	62	126	14	78	142	30	94	158	46	110	174	2049	2000	2157	2061	2040	1966	2047	2033	1977	2016	2001	1989
304998	62	126	14	78	142	30	94	158	46	110	174	2048	2003	2156	2066	2040	1967	2077	2031	1976	2021	2009	1996
304998	62	126	14	78	142	30	94	158	46	110	174	2026	2022	2138	2035	2013	1968	2028	2060	1984	2022	2020	2018
304998	62	126	14	78	142	30	94	158	46	110	174	2010	2052	2112	1985	1978	1980	2003	2113	1997	2018	2045	2037
304998	62	126	14	78	142	30	94	158	46	110	174	1989	2049	2113	1969	1967	1978	1976	2120	2000	2018	2050	2028
304998	62	126	14	78	142	30	94	158	46	110	174	2009	2035	2126	1992	1993	1975	1999	2093	1989	2018	2034	2015
304998	62	126	14	78	142	30	94	158	46	110	174	2028	2010	2155	2037	2019	1971	2029	2046	1977	2018	2015	2005
304998	62	126	14	78	142	30	94	158	46	110	174	2048	2001	2157	2069	2040	1965	2059	2026	1981	2022	2002	1997
304998	62	126	14	78	142	30	94	158	46	110	174	2043	2012	2140	2056	2028	1968	2042	2047	1982	2016	2007	2007
304998	62	126	14	78	142	30	94	158	46	110	174	2026	2037	2117	2008	1993	1973	2023	2090	1993	2016	2031	2017
304998	62	126	14	78	142	30	94	158	46	110	174	1999	2048	2118	1973	1964	1981	1980	2112	1996	2022	2053	2034
304998	62	126	14	78	142	30	94	158	46	110	174	2000	2049	2127	1969	1970	1978	2000	2109	1998	2019	2048	2031
304998	62	126	14	78	142	30	94	158	46	110	174	2015	2029	2142	2012	2008	1974	2015	2079	1984	2018	2023	2013
304998	62	126	14	78	142	30	94	158	46	110	174	2037	2009	2149	2053	2035	1968	2038	2031	1975	2022	2005	1993
304998	62	126	14	78	142	30	94	158	46	110	174	2054	2000	2145	2068	2036	1967	2071	2034	1972	2022	2000	1990
304998	62	126	14	78	142	30	94	158	46	110	174	2029	2011	2141	2039	2017	1966	2029	2052	1990	2020	2021	2015
304998	62	126	14	78	142	30	94	158	46	110	174	2014	2040	2121	1991	1982	1976	2022	2105	2003	2020	2042	2037
304998	62	126	14	78	142	30	94	158	46	110	174	1989	2054	2123	1966	1963	1982	1977	2121	1999	2022	2051	2035
304998	62	126	14	78	142	30	94	158	46	110	174	2005	2049	2126	1982	1989	1973	1991	2097	1984	2021	2035	2018
304998	62	126	14	78	142	30	94	158	46	110	174	2034	2015	2142	2034	2019	1965	2021	2045	1981	2018	2018	1998
304998	62	126	14	78	142	30	94	158	46	110	174	2052	1996	2148	2063	2044	1966	2049	2028	1979	2018	2005	1992
304998	62	126	14	78	142	30	94	158	46	110	174	2043	2001	2150	2063	2035	1966	2045	2042	1982	2022	2008	2011
304998	62	126	14	78	142	30	94	158	46	110	174	2025	2028	2142	2023	2000	1976	2017	2079	1986	2018	2026	2017
304998	62	126	14	78	142	30	94	158	46	110	174	1996	2054	2124	1977	1973	1974	1985	2114	1994	2020	2047	2029
304998	62	126	14	78	142	30	94	158	46	110	174	2001	2061	2111	1970	1969	1975	1986	2117	2004	2022	2049	2030
304998	62	126	14	78	142	30	94	158	46	110	174	2019	2029	2126	2004	2001	1971	2007	2080	1988	2017	2029	2019
304998	62	126	14	78	142	30	94	158	46	110	174	2045	1999	2148	2051	2037	1966	2051	2041	1971	2022	2005	2006
304998	62	126	14	78	142	30	94	158	46	110	174	2049	1994	2163	2065	2037	1976	2065	2025	1972	2016	1993	1993
304998	62	126	14	78	142	30	94	158	46	110	174	2036	2020	2145	2046	2014	1971	2035	2051	1984	2017	2016	2007
304998	62	126	14	78	142	30	94	158	46	110	174	2010	2044	2118	1995	1983	1972	2000	2098	2002	2017	2044	2029
304998	62	126	14	78	142	30	94	158	46	110	174	1999	2059	2107	1967	1960	1984	1992	2124	2002	2017	2053	2038
304998	62	126	14	78	142	30	94	158	46	110	174	2006	2041	2120	1977	1983	1976	1991	2100	1992	2022	2040	2026
304998	62	126	14	78	142	30	94	158	46	110	174	2028	2017	2147	2022	2010	1968	2022	2057	1976	2018	2015	1998
304998	62	126	14	78	142	30	94	158	46	110	174	2049	2000	2159	2067	2039	1966	2053	2026	1982	2020	2006	1991
304998	62	126	14	78	142	30	94	158	46	110	174	2044	2005	2157	2064	2040	1969	2049	2038	1981	2017	2008	2001
304998	62	126	14	78	142	30	94	158	46	110	174	2029	2031	2123	2023	2006	1971	2048	2074	1990	2020	2028	2021
304998	62	126	14	78	142	30	94	158	46	110	174	2004	2045	2119	1977	1967	1980	1989	2109	1994	2022	2046	2029
304998	62	126	14	78	142	30	94	158	46	110	174	1998	2052	2116	1968	1967	1978	1976	2119	2001	2016	2050	2023
304998	62	126	14	78	142	30	94	158	46	110	174	2002	2028	2155	1997	1992	1977	1998	2084	1996	2021	2035	2011
304998	62	126	14	78	142	30	94	158	46	110	174	2037	2013	2152	2043	2032	1967	2044	2045	1981	2017	2011	1999
304998	62	126	14	78	142	30	94	158	46	110	174	2053	1997	2149	2069	2043	1967	2059	2026	1971	2020	1999	2001
304998	62	126	14	78	142	30	94	158	46	110	174	2043	2009	2139	2053	2024	1963	2037	2047	1980	2020	2010	1999
304998	62	126	14	78	142	30	94	158	46	110	174	2015	2036	2121	2002	1984	1973	2001	2090	1999	2020	2037	2021
304998	62	126	14	78	142	30	94	158	46	110	174	1997	2056	2120	1975	1963	1978	1994	2124	2000	2020	2059	2032
304998	62	126	14	78	142	30	94	158	46	110	174	2003	2049	2127	1980	1971	1975	1999	2105	1990	2022	2047	2029
304998	62	126	14	78	142	30	94	158	46	110	174	2021	2026	2136	2020	2010	1972	2013	2059	1983	2021	2018	2008
304998	62	126	14	78	142	30	94	158	46	110	174	2050	2000	2148	2066	2033	1971	2049	2024	1982	2016	2001	1993
