304998	62	126	14	78	142	30	94	158	46	110	174	2065	1995	2159	2058	2064	1975	2077	2038	2003	2017	1973	2009
304998	62	126	14	78	142	30	94	158	46	110	174	2038	2009	2151	2045	2031	1971	2050	2050	1997	2019	1999	2007
304998	62	126	14	78	142	30	94	158	46	110	174	2003	2032	2123	2014	1975	1965	1994	2080	1980	2020	2050	2014
304998	62	126	14	78	142	30	94	158	46	110	174	1966	2035	2126	1990	1938	1964	1948	2098	1987	2016	2085	2028
304998	62	126	14	78	142	30	94	158	46	110	174	1981	2033	2130	1993	1958	1969	1963	2090	1983	2016	2070	2029
304998	62	126	14	78	142	30	94	158	46	110	174	2020	2015	2154	2025	2011	1971	2019	2063	1990	2017	2016	2008
304998	62	126	14	78	142	30	94	158	46	110	174	2051	2000	2157	2054	2059	1982	2062	2031	1997	2017	1981	1997
304998	62	126	14	78	142	30	94	158	46	110	174	2065	1999	2141	2061	2054	1977	2077	2030	2006	2021	1988	2007
304998	62	126	14	78	142	30	94	158	46	110	174	2032	2012	2131	2030	2004	1973	2028	2064	2000	2017	2029	2024
304998	62	126	14	78	142	30	94	158	46	110	174	1988	2037	2125	2000	1955	1964	1975	2095	1977	2020	2071	2025
304998	62	126	14	78	142	30	94	158	46	110	174	1973	2045	2127	1991	1940	1968	1951	2102	1972	2018	2073	2022
304998	62	126	14	78	142	30	94	158	46	110	174	1998	2033	2128	2003	1979	1972	1992	2078	1989	2022	2054	2016
304998	62	126	14	78	142	30	94	158	46	110	174	2037	2005	2144	2046	2025	1979	2039	2044	2005	2017	2003	2008
304998	62	126	14	78	142	30	94	158	46	110	174	2066	1991	2153	2055	2064	1974	2074	2035	2005	2019	1975	2005
304998	62	126	14	78	142	30	94	158	46	110	174	2055	2005	2150	2047	2040	1975	2068	2045	1998	2017	1991	2008
304998	62	126	14	78	142	30	94	158	46	110	174	2011	2028	2136	2020	1982	1967	2001	2077	1986	2022	2044	2017
304998	62	126	14	78	142	30	94	158	46	110	174	1980	2047	2110	1993	1946	1971	1963	2104	1985	2020	2086	2031
304998	62	126	14	78	142	30	94	158	46	110	174	1971	2035	2124	1993	1944	1974	1954	2095	1989	2019	2069	2029
304998	62	126	14	78	142	30	94	158	46	110	174	2016	2014	2142	2021	2000	1974	2008	2064	1986	2020	2023	2014
304998	62	126	14	78	142	30	94	158	46	110	174	2058	2002	2164	2054	2051	1979	2073	2042	2001	2021	1980	1995
304998	62	126	14	78	142	30	94	158	46	110	174	2062	2003	2153	2056	2061	1974	2079	2034	1996	2017	1984	2008
304998	62	126	14	78	142	30	94	158	46	110	174	2039	2018	2130	2038	2009	1974	2038	2054	1996	2019	2020	2016
304998	62	126	14	78	142	30	94	158	46	110	174	1989	2032	2125	2005	1956	1968	1970	2089	1987	2019	2063	2021
304998	62	126	14	78	142	30	94	158	46	110	174	1974	2039	2124	1988	1939	1968	1953	2098	1974	2020	2078	2021
304998	62	126	14	78	142	30	94	158	46	110	174	1993	2031	2140	2003	1972	1966	1979	2080	1981	2021	2058	2013
304998	62	126	14	78	142	30	94	158	46	110	174	2038	2017	2144	2035	2029	1973	2045	2049	2002	2021	2010	2014
304998	62	126	14	78	142	30	94	158	46	110	174	2068	1997	2144	2061	2065	1977	2079	2031	2007	2017	1974	2005
304998	62	126	14	78	142	30	94	158	46	110	174	2058	1999	2143	2051	2043	1983	2067	2045	1998	2016	1986	2007
304998	62	126	14	78	142	30	94	158	46	110	174	2019	2019	2133	2022	1987	1977	2015	2070	1985	2016	2039	2013
304998	62	126	14	78	142	30	94	158	46	110	174	1975	2042	2126	1994	1937	1969	1959	2098	1973	2020	2085	2024
304998	62	126	14	78	142	30	94	158	46	110	174	1975	2043	2123	1992	1950	1965	1949	2091	1984	2020	2075	2024
304998	62	126	14	78	142	30	94	158	46	110	174	2010	2018	2130	2021	1993	1970	1997	2066	1993	2023	2030	2018
304998	62	126	14	78	142	30	94	158	46	110	174	2057	1999	2146	2051	2048	1978	2067	2043	1995	2018	1983	1999
304998	62	126	14	78	142	30	94	158	46	110	174	2068	1993	2153	2059	2057	1981	2076	2033	1996	2017	1980	2001
304998	62	126	14	78	142	30	94	158	46	110	174	2039	2010	2143	2039	2018	1975	2047	2049	1998	2017	2013	2018
304998	62	126	14	78	142	30	94	158	46	110	174	2002	2038	2124	2011	1966	1967	1993	2086	1986	2017	2056	2024
304998	62	126	14	78	142	30	94	158	46	110	174	1972	2041	2120	1997	1928	1966	1949	2101	1975	2017	2078	2021
304998	62	126	14	78	142	30	94	158	46	110	174	1989	2026	2129	2001	1967	1965	1974	2084	1987	2020	2062	2013
304998	62	126	14	78	142	30	94	158	46	110	174	2028	2007	2145	2031	2022	1978	2035	2049	1995	2020	2013	2011
304998	62	126	14	78	142	30	94	158	46	110	174	2065	1994	2155	2061	2053	1985	2069	2031	2009	2017	1978	2010
304998	62	126	14	78	142	30	94	158	46	110	174	2066	2008	2140	2054	2045	1972	2079	2048	2003	2018	1981	2007
304998	62	126	14	78	142	30	94	158	46	110	174	2024	2019	2125	2028	1992	1972	2020	2074	1980	2016	2026	2007
304998	62	126	14	78	142	30	94	158	46	110	174	1978	2033	2120	2007	1949	1964	1961	2089	1971	2017	2082	2021
304998	62	126	14	78	142	30	94	158	46	110	174	1972	2036	2128	1997	1934	1973	1961	2092	1980	2021	2081	2032
304998	62	126	14	78	142	30	94	158	46	110	174	1998	2019	2150	2017	1980	1974	1990	2067	1995	2016	2037	2015
304998	62	126	14	78	142	30	94	158	46	110	174	2052	2005	2142	2047	2043	1977	2058	2048	2000	2021	1984	2000
304998	62	126	14	78	142	30	94	158	46	110	174	2074	1994	2146	2064	2054	1984	2083	2035	2004	2017	1974	2008
304998	62	126	14	78	142	30	94	158	46	110	174	2048	2005	2138	2048	2031	1967	2049	2048	1994	2017	2006	2013
304998	62	126	14	78	142	30	94	158	46	110	174	2002	2025	2134	2025	1959	1970	1990	2075	1984	2022	2055	2022
304998	62	126	14	78	142	30	94	158	46	110	174	1962	2038	2142	1999	1931	1964	1951	2091	1975	2021	2081	2022
304998	62	126	14	78	142	30	94	158	46	110	174	1984	2038	2124	2005	1960	1965	1987	2085	1976	2020	2066	2008
304998	62	126	14	78	142	30	94	158	46	110	174	2025	2008	2140	2037	2012	1973	2017	2051	1996	2020	2015	2010
304998	62	126	14	78	142	30	94	158	46	110	174	2063	1995	2147	2060	2060	1980	2073	2033	2010	2022	1981	2014
304998	62	126	14	78	142	30	94	158	46	110	174	2067	1994	2154	2059	2054	1979	2085	2041	2009	2017	1979	2014
304998	62	126	14	78	142	30	94	158	46	110	174	2031	2023	2138	2032	2004	1975	2031	2065	1980	2017	2022	2009
304998	62	126	14	78	142	30	94	158	46	110	174	1989	2039	2120	2002	1955	1964	1979	2091	1972	2018	2075	2013
304998	62	126	14	78	142	30	94	158	46	110	174	1971	2034	2123	2008	1935	1966	1957	2089	1967	2018	2086	2023
304998	62	126	14	78	142	30	94	158	46	110	174	2003	2019	2133	2018	1986	1967	1987	2063	1993	2020	2045	2019
304998	62	126	14	78	142	30	94	158	46	110	174	2045	1995	2157	2046	2032	1988	2044	2046	2007	2017	1991	2007
304998	62	126	14	78	142	30	94	158	46	110	174	2072	1998	2150	2062	2063	1985	2093	2040	2008	2017	1973	2000
304998	62	126	14	78	142	30	94	158	46	110	174	2050	2006	2139	2049	2033	1973	2057	2045	1993	2020	1999	2011
304998	62	126	14	78	142	30	94	158	46	110	174	2012	2020	2124	2022	1977	1965	2001	2074	1980	2018	2051	2024
304998	62	126	14	78	142	30	94	158	46	110	174	1975	2034	2126	2001	1948	1959	1954	2092	1974	2019	2083	2022
304998	62	126	14	78	142	30	94	158	46	110	174	1985	2034	2130	2003	1951	1968	1973	2085	1974	2019	2068	2012
304998	62	126	14	78	142	30	94	158	46	110	174	2016	2015	2146	2033	2006	1978	2013	2054	1992	2018	2025	2011
304998	62	126	14	78	142	30	94	158	46	110	174	2059	1998	2143	2054	2047	1987	2062	2031	2006	2017	1979	2015
304998	62	126	14	78	142	30	94	158	46	110	174	2067	1987	2146	2065	2045	1988	2073	2029	2012	2018	1975	2015
304998	62	126	14	78	142	30	94	158	46	110	174	2031	2002	2148	2041	2000	1970	2029	2061	1990	2021	2016	2016
304998	62	126	14	78	142	30	94	158	46	110	174	1991	2033	2134	2020	1947	1968	1982	2086	1965	2019	2071	2011
304998	62	126	14	78	142	30	94	158	46	110	174	1971	2039	2130	2000	1938	1959	1951	2087	1966	2017	2091	2017
304998	62	126	14	78	142	30	94	158	46	110	174	1995	2023	2127	2016	1967	1976	1986	2071	1985	2019	2053	2020
304998	62	126	14	78	142	30	94	158	46	110	174	2039	1994	2145	2050	2023	1977	2033	2042	2007	2017	1995	2015
304998	62	126	14	78	142	30	94	158	46	110	174	2073	1985	2147	2065	2059	1984	2077	2035	2009	2020	1966	2011
304998	62	126	14	78	142	30	94	158	46	110	174	2056	1994	2153	2060	2029	1984	2057	2040	1994	2021	1990	2004
304998	62	126	14	78	142	30	94	158	46	110	174	2011	2022	2128	2032	1983	1964	2002	2067	1978	2022	2050	2018
304998	62	126	14	78	142	30	94	158	46	110	174	1981	2038	2125	2010	1937	1960	1962	2085	1973	2019	2085	2023
304998	62	126	14	78	142	30	94	158	46	110	174	1978	2025	2125	2011	1949	1959	1968	2088	1972	2020	2068	2017
304998	62	126	14	78	142	30	94	158	46	110	174	2018	2004	2145	2031	2003	1976	2004	2059	1990	2021	2024	2010
304998	62	126	14	78	142	30	94	158	46	110	174	2059	1996	2147	2059	2042	1989	2058	2038	2006	2020	1983	2008
304998	62	126	14	78	142	30	94	158	46	110	174	2070	1990	2150	2058	2055	1983	2077	2025	2012	2018	1975	2016
304998	62	126	14	78	142	30	94	158	46	110	174	2045	2007	2131	2046	2016	1969	2036	2049	1992	2016	2013	2014
304998	62	126	14	78	142	30	94	158	46	110	174	1998	2025	2123	2017	1958	1959	1994	2079	1970	2016	2065	2014
304998	62	126	14	78	142	30	94	158	46	110	174	1969	2033	2126	2002	1947	1953	1954	2086	1962	2021	2087	2008
304998	62	126	14	78	142	30	94	158	46	110	174	1988	2023	2134	2018	1963	1972	1979	2071	1977	2016	2060	2018
304998	62	126	14	78	142	30	94	158	46	110	174	2029	2000	2148	2046	2025	1977	2028	2042	2008	2021	2008	2020
304998	62	126	14	78	142	30	94	158	46	110	174	2070	1993	2135	2056	2061	1984	2085	2033	2008	2022	1970	2011
304998	62	126	14	78	142	30	94	158	46	110	174	2062	1992	2140	2062	2037	1984	2063	2041	1999	2019	1986	2009
304998	62	126	14	78	142	30	94	158	46	110	174	2014	2011	2131	2031	1990	1965	2016	2066	1981	2016	2037	2008
304998	62	126	14	78	142	30	94	158	46	110	174	1984	2032	2138	2010	1937	1962	1982	2075	1973	2016	2085	2021
304998	62	126	14	78	142	30	94	158	46	110	174	1970	2035	2134	2006	1949	1957	1956	2085	1975	2022	2079	2022
304998	62	126	14	78	142	30	94	158	46	110	174	2011	2021	2130	2029	1999	1974	2009	2063	1984	2020	2033	2015
304998	62	126	14	78	142	30	94	158	46	110	174	2051	1990	2143	2053	2038	1986	2054	2037	2007	2020	1980	2006
304998	62	126	14	78	142	30	94	158	46	110	174	2072	1988	2145	2055	2059	1990	2075	2029	2007	2021	1974	2011
304998	62	126	14	78	142	30	94	158	46	110	174	2044	2001	2147	2047	2013	1983	2042	2043	2002	2019	2014	2017
304998	62	126	14	78	142	30	94	158	46	110	174	1990	2026	2136	2024	1965	1959	1984	2077	1973	2022	2060	2021
304998	62	126	14	78	142	30	94	158	46	110	174	1972	2039	2124	2004	1943	1956	1959	2087	1957	2018	2084	2015
304998	62	126	14	78	142	30	94	158	46	110	174	1985	2023	2127	2014	1963	1962	1974	2070	1977	2018	2061	2006
304998	62	126	14	78	142	30	94	158	46	110	174	2029	2004	2140	2039	2022	1981	2034	2046	2002	2019	2015	2015
304998	62	126	14	78	142	30	94	158	46	110	174	2068	1986	2151	2060	2047	1988	2066	2037	2016	2019	1973	2017
304998	62	126	14	78	142	30	94	158	46	110	174	2066	2000	2141	2059	2048	1982	2078	2043	2006	2021	1976	2023
304998	62	126	14	78	142	30	94	158	46	110	174	2025	2017	2129	2035	1998	1969	2024	2055	1986	2017	2029	2007
304998	62	126	14	78	142	30	94	158	46	110	174	1982	2031	2122	2017	1955	1955	1966	2074	1969	2020	2078	2012
304998	62	126	14	78	142	30	94	158	46	110	174	1973	2025	2132	2004	1942	1956	1957	2082	1977	2018	2091	2014
304998	62	126	14	78	142	30	94	158	46	110	174	2003	2017	2146	2022	1986	1969	1999	2071	1987	2020	2041	2020
304998	62	126	14	78	142	30	94	158	46	110	174	2052	2001	2141	2048	2041	1981	2051	2045	2005	2018	1985	2014
304998	62	126	14	78	142	30	94	158	46	110	174	2075	1991	2139	2065	2059	1983	2077	2034	2009	2022	1968	2011
304998	62	126	14	78	142	30	94	158	46	110	174	2056	2000	2138	2048	2028	1981	2054	2043	2003	2020	2003	2011
304998	62	126	14	78	142	30	94	158	46	110	174	2004	2019	2135	2024	1974	1963	1995	2076	1978	2019	2059	2020
304998	62	126	14	78	142	30	94	158	46	110	174	1969	2038	2137	2006	1940	1956	1960	2087	1969	2018	2084	2017
304998	62	126	14	78	142	30	94	158	46	110	174	1984	2034	2138	2014	1964	1960	1973	2072	1967	2017	2064	2016
304998	62	126	14	78	142	30	94	158	46	110	174	2027	2011	2138	2036	2017	1976	2018	2050	2000	2018	2013	2008
304998	62	126	14	78	142	30	94	158	46	110	174	2068	1986	2136	2056	2054	1989	2072	2037	2017	2018	1976	2010
304998	62	126	14	78	142	30	94	158	46	110	174	2067	1983	2147	2060	2050	1982	2071	2038	2004	2016	1986	2019
304998	62	126	14	78	142	30	94	158	46	110	174	2029	2013	2144	2043	2002	1968	2030	2062	1982	2020	2023	2018
304998	62	126	14	78	142	30	94	158	46	110	174	1987	2035	2130	2015	1953	1953	1985	2078	1965	2021	2072	2015
304998	62	126	14	78	142	30	94	158	46	110	174	1970	2035	2124	2007	1940	1963	1959	2078	1972	2016	2085	2007
304998	62	126	14	78	142	30	94	158	46	110	174	2001	2017	2135	2019	1985	1970	1984	2067	1987	2019	2051	2014
304998	62	126	14	78	142	30	94	158	46	110	174	2043	1994	2146	2044	2036	1982	2047	2045	2005	2016	1995	2022
304998	62	126	14	78	142	30	94	158	46	110	174	2069	1989	2151	2062	2050	1986	2073	2031	2008	2018	1965	2013
304998	62	126	14	78	142	30	94	158	46	110	174	2055	2004	2145	2054	2040	1976	2053	2040	2002	2020	1995	2014
304998	62	126	14	78	142	30	94	158	46	110	174	2004	2019	2134	2027	1972	1972	2000	2066	1984	2018	2053	2006
304998	62	126	14	78	142	30	94	158	46	110	174	1971	2031	2125	2008	1946	1954	1957	2087	1969	2020	2089	2017
304998	62	126	14	78	142	30	94	158	46	110	174	1975	2024	2138	2010	1956	1956	1964	2079	1972	2019	2073	2018
304998	62	126	14	78	142	30	94	158	46	110	174	2012	2006	2146	2029	2005	1976	2016	2054	1991	2019	2019	2012
304998	62	126	14	78	142	30	94	158	46	110	174	2063	1994	2148	2057	2055	1985	2064	2037	2014	2018	1975	2011
304998	62	126	14	78	142	30	94	158	46	110	174	2069	1993	2140	2059	2050	1989	2071	2035	2013	2022	1977	2005
304998	62	126	14	78	142	30	94	158	46	110	174	2037	2004	2133	2040	2007	1971	2038	2053	1989	2016	2019	2024
304998	62	126	14	78	142	30	94	158	46	110	174	1987	2020	2139	2014	1960	1955	1981	2077	1967	2021	2073	2017
304998	62	126	14	78	142	30	94	158	46	110	174	1964	2039	2133	2005	1938	1950	1955	2079	1968	2018	2082	2010
304998	62	126	14	78	142	30	94	158	46	110	174	1992	2024	2134	2016	1982	1967	1988	2072	1984	2020	2053	2011
304998	62	126	14	78	142	30	94	158	46	110	174	2041	2005	2136	2042	2024	1989	2037	2049	2005	2018	2004	2015
304998	62	126	14	78	142	30	94	158	46	110	174	2071	1986	2142	2058	2057	1988	2077	2032	2009	2021	1968	2018
304998	62	126	14	78	142	30	94	158	46	110	174	2057	1994	2139	2054	2040	1977	2061	2041	1999	2019	1988	2018
304998	62	126	14	78	142	30	94	158	46	110	174	2015	2016	2144	2031	1988	1964	2012	2059	1985	2016	2039	2002
304998	62	126	14	78	142	30	94	158	46	110	174	1975	2035	2128	2005	1947	1952	1967	2084	1972	2022	2088	2010
304998	62	126	14	78	142	30	94	158	46	110	174	1975	2033	2125	2005	1955	1963	1964	2082	1969	2017	2081	2015
304998	62	126	14	78	142	30	94	158	46	110	174	2007	2008	2144	2025	1993	1971	2004	2060	1986	2020	2029	2016
304998	62	126	14	78	142	30	94	158	46	110	174	2058	1993	2148	2048	2048	1987	2059	2036	2008	2019	1978	2015
304998	62	126	14	78	142	30	94	158	46	110	174	2067	1991	2157	2056	2054	1987	2071	2031	2016	2020	1970	2011
304998	62	126	14	78	142	30	94	158	46	110	174	2039	2010	2134	2040	2019	1974	2037	2053	1993	2020	2017	2013
304998	62	126	14	78	142	30	94	158	46	110	174	1999	2033	2127	2016	1966	1961	1986	2078	1969	2018	2064	2019
304998	62	126	14	78	142	30	94	158	46	110	174	1962	2026	2134	2004	1938	1956	1953	2082	1966	2018	2086	2014
304998	62	126	14	78	142	30	94	158	46	110	174	1986	2025	2139	2013	1973	1962	1981	2070	1984	2017	2058	2003
304998	62	126	14	78	142	30	94	158	46	110	174	2027	2003	2151	2040	2021	1977	2024	2049	2009	2018	2011	2013
304998	62	126	14	78	142	30	94	158	46	110	174	2071	2001	2137	2055	2061	1992	2072	2045	2013	2018	1975	2018
304998	62	126	14	78	142	30	94	158	46	110	174	2067	1996	2130	2050	2045	1986	2068	2041	2001	2017	1984	2017
304998	62	126	14	78	142	30	94	158	46	110	174	2016	2010	2136	2031	1988	1967	2015	2058	1978	2017	2034	2016
304998	62	126	14	78	142	30	94	158	46	110	174	1981	2029	2134	2011	1951	1952	1975	2080	1977	2021	2082	2005
304998	62	126	14	78	142	30	94	158	46	110	174	1965	2035	2139	2008	1949	1956	1956	2084	1973	2021	2082	2013
304998	62	126	14	78	142	30	94	158	46	110	174	2005	2020	2140	2022	1993	1969	1998	2068	1989	2017	2035	2021
304998	62	126	14	78	142	30	94	158	46	110	174	2051	1994	2136	2050	2042	1991	2052	2043	2005	2017	1983	2015
304998	62	126	14	78	142	30	94	158	46	110	174	2065	1987	2142	2060	2059	1987	2073	2031	2009	2018	1966	2004
304998	62	126	14	78	142	30	94	158	46	110	174	2043	2003	2148	2041	2020	1973	2045	2052	2003	2020	2005	2012
304998	62	126	14	78	142	30	94	158	46	110	174	1996	2028	2143	2020	1970	1960	1996	2079	1976	2019	2065	2015
304998	62	126	14	78	142	30	94	158	46	110	174	1970	2045	2126	2002	1947	1955	1964	2090	1958	2019	2086	2012
304998	62	126	14	78	142	30	94	158	46	110	174	1984	2026	2130	2011	1960	1965	1971	2077	1974	2020	2062	2014
304998	62	126	14	78	142	30	94	158	46	110	174	2028	2004	2141	2034	2020	1976	2025	2048	1998	2020	2013	2006
304998	62	126	14	78	142	30	94	158	46	110	174	2063	1993	2150	2058	2054	1988	2066	2044	2014	2019	1979	2014
304998	62	126	14	78	142	30	94	158	46	110	174	2065	2004	2144	2052	2047	1984	2072	2042	2008	2020	1981	2023
304998	62	126	14	78	142	30	94	158	46	110	174	2023	2019	2131	2029	2003	1967	2021	2057	1984	2017	2028	2018
