304998	62	126	14	78	142	30	94	158	46	110	174	2068	2004	2116	2047	2047	2004	2055	2046	2027	2020	1980	2044
304998	62	126	14	78	142	30	94	158	46	110	174	2064	2003	2120	2039	2029	1993	2047	2053	2012	2017	1998	2031
304998	62	126	14	78	142	30	94	158	46	110	174	2015	2019	2141	2025	1985	1958	2017	2074	1973	2020	2042	1998
304998	62	126	14	78	142	30	94	158	46	110	174	1975	2034	2156	2011	1955	1940	1991	2083	1952	2018	2075	1983
304998	62	126	14	78	142	30	94	158	46	110	174	1973	2035	2156	2013	1957	1947	1979	2072	1966	2018	2073	1998
304998	62	126	14	78	142	30	94	158	46	110	174	2017	2020	2132	2027	2002	1977	2012	2063	1998	2020	2030	2020
304998	62	126	14	78	142	30	94	158	46	110	174	2061	2000	2112	2045	2034	2006	2043	2052	2019	2021	1983	2038
304998	62	126	14	78	142	30	94	158	46	110	174	2068	1991	2128	2047	2036	1999	2052	2048	2015	2017	1977	2026
304998	62	126	14	78	142	30	94	158	46	110	174	2039	2007	2141	2035	2013	1973	2031	2057	1992	2020	2018	2013
304998	62	126	14	78	142	30	94	158	46	110	174	1999	2037	2154	2019	1969	1943	2010	2077	1969	2022	2062	1999
304998	62	126	14	78	142	30	94	158	46	110	174	1966	2039	2152	2012	1961	1939	1970	2084	1958	2022	2075	1994
304998	62	126	14	78	142	30	94	158	46	110	174	1995	2026	2136	2016	1978	1967	1988	2077	1972	2017	2047	2002
304998	62	126	14	78	142	30	94	158	46	110	174	2034	1999	2138	2032	2017	1991	2027	2053	2008	2019	2008	2022
304998	62	126	14	78	142	30	94	158	46	110	174	2068	1999	2122	2047	2045	2004	2066	2045	2028	2020	1980	2036
304998	62	126	14	78	142	30	94	158	46	110	174	2060	2007	2131	2045	2027	1993	2052	2055	2015	2021	1997	2031
304998	62	126	14	78	142	30	94	158	46	110	174	2016	2022	2133	2027	1995	1961	2007	2072	1977	2018	2032	2006
304998	62	126	14	78	142	30	94	158	46	110	174	1984	2036	2147	2012	1957	1947	1991	2083	1953	2020	2071	1980
304998	62	126	14	78	142	30	94	158	46	110	174	1968	2021	2162	2010	1963	1948	1975	2074	1959	2017	2077	1993
304998	62	126	14	78	142	30	94	158	46	110	174	2008	2016	2143	2022	1995	1968	2004	2061	1997	2018	2041	2019
304998	62	126	14	78	142	30	94	158	46	110	174	2052	2003	2130	2043	2032	1995	2040	2049	2020	2017	1989	2042
304998	62	126	14	78	142	30	94	158	46	110	174	2073	2003	2113	2045	2043	2003	2059	2050	2022	2017	1978	2041
304998	62	126	14	78	142	30	94	158	46	110	174	2044	2006	2128	2036	2012	1984	2038	2056	1993	2021	2008	2010
304998	62	126	14	78	142	30	94	158	46	110	174	1992	2019	2158	2016	1975	1944	1996	2067	1965	2019	2062	1997
304998	62	126	14	78	142	30	94	158	46	110	174	1974	2033	2157	2010	1958	1938	1985	2083	1960	2020	2078	1993
304998	62	126	14	78	142	30	94	158	46	110	174	1980	2026	2153	2015	1974	1954	1999	2074	1974	2019	2053	2003
304998	62	126	14	78	142	30	94	158	46	110	174	2030	2015	2122	2030	2015	1987	2024	2058	1997	2021	2008	2024
304998	62	126	14	78	142	30	94	158	46	110	174	2064	1998	2114	2044	2039	2006	2051	2046	2023	2017	1984	2037
304998	62	126	14	78	142	30	94	158	46	110	174	2055	1997	2123	2041	2032	1996	2046	2047	2020	2017	1996	2033
304998	62	126	14	78	142	30	94	158	46	110	174	2024	2016	2145	2030	1998	1967	2022	2068	1979	2021	2030	2013
304998	62	126	14	78	142	30	94	158	46	110	174	1980	2035	2163	2014	1964	1938	1987	2075	1952	2020	2067	1987
304998	62	126	14	78	142	30	94	158	46	110	174	1975	2040	2146	2008	1965	1942	1981	2079	1953	2020	2070	1983
304998	62	126	14	78	142	30	94	158	46	110	174	2009	2019	2135	2020	1993	1971	2018	2065	1990	2021	2044	2011
304998	62	126	14	78	142	30	94	158	46	110	174	2049	2000	2120	2039	2028	1995	2034	2054	2014	2017	1995	2035
304998	62	126	14	78	142	30	94	158	46	110	174	2070	1998	2125	2045	2041	2003	2055	2049	2019	2022	1976	2045
304998	62	126	14	78	142	30	94	158	46	110	174	2047	2004	2137	2044	2017	1985	2036	2054	2002	2019	2002	2019
304998	62	126	14	78	142	30	94	158	46	110	174	2004	2028	2139	2018	1982	1955	2011	2063	1969	2020	2053	1987
304998	62	126	14	78	142	30	94	158	46	110	174	1974	2035	2149	2011	1954	1942	1976	2080	1958	2016	2082	1991
304998	62	126	14	78	142	30	94	158	46	110	174	1974	2020	2149	2016	1969	1952	1981	2077	1971	2021	2061	2008
304998	62	126	14	78	142	30	94	158	46	110	174	2025	2012	2133	2032	2008	1980	2025	2057	2001	2017	2013	2026
304998	62	126	14	78	142	30	94	158	46	110	174	2057	2002	2127	2044	2036	2005	2043	2046	2021	2021	1980	2035
304998	62	126	14	78	142	30	94	158	46	110	174	2072	2004	2114	2041	2042	1994	2049	2046	2021	2020	1986	2031
304998	62	126	14	78	142	30	94	158	46	110	174	2035	2017	2129	2029	1988	1972	2025	2068	1987	2020	2028	2016
304998	62	126	14	78	142	30	94	158	46	110	174	1985	2028	2153	2015	1963	1945	1987	2076	1955	2022	2069	1999
304998	62	126	14	78	142	30	94	158	46	110	174	1971	2037	2162	2011	1955	1940	1976	2081	1954	2021	2070	1984
304998	62	126	14	78	142	30	94	158	46	110	174	1990	2026	2150	2019	1988	1967	1994	2062	1984	2022	2045	2004
304998	62	126	14	78	142	30	94	158	46	110	174	2046	2013	2118	2035	2027	1997	2036	2056	2019	2022	2007	2034
304998	62	126	14	78	142	30	94	158	46	110	174	2070	2001	2114	2050	2035	2006	2055	2051	2023	2019	1979	2048
304998	62	126	14	78	142	30	94	158	46	110	174	2051	2005	2127	2039	2025	1983	2035	2056	2000	2017	1999	2032
304998	62	126	14	78	142	30	94	158	46	110	174	2006	2025	2148	2025	1987	1952	2009	2064	1969	2019	2047	1996
304998	62	126	14	78	142	30	94	158	46	110	174	1966	2032	2166	2009	1960	1937	1977	2076	1960	2020	2079	1981
304998	62	126	14	78	142	30	94	158	46	110	174	1981	2037	2144	2013	1973	1950	1984	2078	1966	2021	2072	2000
304998	62	126	14	78	142	30	94	158	46	110	174	2019	2011	2135	2025	2001	1980	2021	2057	1998	2016	2023	2023
304998	62	126	14	78	142	30	94	158	46	110	174	2047	1992	2128	2039	2032	2007	2045	2048	2016	2019	1984	2039
304998	62	126	14	78	142	30	94	158	46	110	174	2066	2002	2123	2046	2040	1996	2048	2049	2022	2018	1984	2033
304998	62	126	14	78	142	30	94	158	46	110	174	2028	2011	2145	2032	2004	1973	2018	2066	1996	2019	2024	2013
304998	62	126	14	78	142	30	94	158	46	110	174	1994	2034	2144	2016	1973	1947	1997	2079	1963	2020	2067	1997
304998	62	126	14	78	142	30	94	158	46	110	174	1974	2027	2163	2012	1953	1943	1974	2077	1953	2016	2075	1987
304998	62	126	14	78	142	30	94	158	46	110	174	1992	2019	2145	2018	1986	1962	1996	2063	1977	2018	2048	2003
304998	62	126	14	78	142	30	94	158	46	110	174	2039	2011	2129	2034	2020	1990	2026	2052	2017	2021	2010	2032
304998	62	126	14	78	142	30	94	158	46	110	174	2057	1999	2120	2048	2040	2008	2045	2051	2028	2017	1984	2045
304998	62	126	14	78	142	30	94	158	46	110	174	2055	2006	2120	2041	2029	1995	2041	2057	2007	2018	1998	2036
304998	62	126	14	78	142	30	94	158	46	110	174	2010	2010	2152	2026	1981	1961	2004	2066	1969	2020	2039	2006
304998	62	126	14	78	142	30	94	158	46	110	174	1978	2034	2155	2012	1960	1938	1988	2077	1956	2020	2074	1979
304998	62	126	14	78	142	30	94	158	46	110	174	1970	2036	2157	2013	1964	1947	1972	2078	1968	2021	2076	1997
304998	62	126	14	78	142	30	94	158	46	110	174	2008	2019	2125	2025	1999	1980	2003	2063	1999	2018	2032	2028
304998	62	126	14	78	142	30	94	158	46	110	174	2055	2000	2112	2038	2031	2006	2045	2050	2015	2020	1993	2040
304998	62	126	14	78	142	30	94	158	46	110	174	2058	1992	2126	2047	2032	2005	2046	2045	2021	2017	1982	2037
304998	62	126	14	78	142	30	94	158	46	110	174	2039	2015	2142	2036	2013	1975	2035	2062	1999	2016	2024	2014
304998	62	126	14	78	142	30	94	158	46	110	174	1994	2028	2159	2019	1971	1945	1990	2077	1966	2020	2063	1992
304998	62	126	14	78	142	30	94	158	46	110	174	1969	2042	2149	2008	1955	1939	1968	2079	1956	2021	2073	1994
304998	62	126	14	78	142	30	94	158	46	110	174	1991	2025	2140	2015	1980	1966	1995	2072	1971	2019	2056	2001
304998	62	126	14	78	142	30	94	158	46	110	174	2027	2008	2127	2031	2016	1988	2020	2052	2009	2020	2010	2019
304998	62	126	14	78	142	30	94	158	46	110	174	2063	1996	2122	2042	2044	2004	2048	2049	2031	2018	1991	2046
304998	62	126	14	78	142	30	94	158	46	110	174	2060	2010	2123	2039	2032	1994	2054	2057	2009	2021	1998	2041
304998	62	126	14	78	142	30	94	158	46	110	174	2017	2021	2135	2023	1992	1963	2012	2064	1979	2017	2034	2007
304998	62	126	14	78	142	30	94	158	46	110	174	1983	2035	2150	2011	1964	1942	1992	2079	1956	2021	2071	1983
304998	62	126	14	78	142	30	94	158	46	110	174	1968	2026	2162	2010	1956	1949	1972	2074	1967	2017	2074	1985
304998	62	126	14	78	142	30	94	158	46	110	174	2007	2018	2139	2022	1998	1973	1998	2071	1993	2019	2041	2016
304998	62	126	14	78	142	30	94	158	46	110	174	2050	2014	2125	2042	2032	1995	2049	2054	2021	2019	1996	2047
304998	62	126	14	78	142	30	94	158	46	110	174	2066	2003	2108	2044	2040	2003	2051	2049	2016	2017	1983	2044
304998	62	126	14	78	142	30	94	158	46	110	174	2048	2005	2126	2040	2012	1987	2038	2061	2000	2017	2008	2012
304998	62	126	14	78	142	30	94	158	46	110	174	1996	2023	2154	2017	1975	1955	1998	2078	1975	2019	2058	1997
304998	62	126	14	78	142	30	94	158	46	110	174	1966	2037	2159	2011	1951	1938	1975	2083	1953	2022	2082	1991
304998	62	126	14	78	142	30	94	158	46	110	174	1985	2028	2149	2014	1972	1954	1988	2071	1969	2019	2059	2002
304998	62	126	14	78	142	30	94	158	46	110	174	2029	2018	2118	2027	2012	1986	2024	2058	2004	2020	2013	2026
304998	62	126	14	78	142	30	94	158	46	110	174	2063	1999	2114	2044	2033	2006	2046	2048	2034	2020	1991	2040
304998	62	126	14	78	142	30	94	158	46	110	174	2053	1998	2130	2044	2034	2000	2039	2051	2017	2018	1995	2038
304998	62	126	14	78	142	30	94	158	46	110	174	2026	2018	2145	2028	1995	1963	2019	2066	1984	2018	2032	2017
304998	62	126	14	78	142	30	94	158	46	110	174	1980	2035	2158	2018	1961	1936	1981	2071	1954	2021	2069	1987
304998	62	126	14	78	142	30	94	158	46	110	174	1974	2038	2146	2011	1963	1942	1977	2074	1966	2017	2072	1981
304998	62	126	14	78	142	30	94	158	46	110	174	1998	2017	2138	2022	1985	1977	2000	2064	1988	2017	2044	2012
304998	62	126	14	78	142	30	94	158	46	110	174	2042	2004	2121	2034	2024	1996	2030	2055	2015	2021	2006	2042
304998	62	126	14	78	142	30	94	158	46	110	174	2067	2002	2118	2044	2037	2006	2061	2049	2024	2019	1982	2043
304998	62	126	14	78	142	30	94	158	46	110	174	2047	2013	2123	2034	2016	1983	2035	2053	1996	2020	2003	2025
304998	62	126	14	78	142	30	94	158	46	110	174	2004	2021	2143	2025	1976	1959	1994	2066	1978	2019	2055	1995
304998	62	126	14	78	142	30	94	158	46	110	174	1970	2026	2163	2014	1958	1941	1970	2078	1959	2017	2080	1989
304998	62	126	14	78	142	30	94	158	46	110	174	1979	2030	2153	2013	1966	1957	1983	2077	1970	2018	2064	2004
304998	62	126	14	78	142	30	94	158	46	110	174	2016	2013	2136	2033	2002	1979	2011	2060	1999	2020	2018	2022
304998	62	126	14	78	142	30	94	158	46	110	174	2066	2010	2104	2037	2040	2003	2062	2047	2025	2020	1983	2034
304998	62	126	14	78	142	30	94	158	46	110	174	2062	2003	2112	2047	2028	2003	2042	2051	2023	2022	1996	2040
304998	62	126	14	78	142	30	94	158	46	110	174	2025	2011	2133	2031	2000	1968	2015	2062	1989	2018	2031	2017
304998	62	126	14	78	142	30	94	158	46	110	174	1987	2026	2165	2018	1966	1947	1997	2071	1954	2019	2066	1992
304998	62	126	14	78	142	30	94	158	46	110	174	1966	2038	2159	2013	1948	1944	1973	2077	1954	2020	2073	1984
304998	62	126	14	78	142	30	94	158	46	110	174	1996	2031	2131	2025	1987	1961	2007	2068	1988	2016	2048	2003
304998	62	126	14	78	142	30	94	158	46	110	174	2038	2004	2118	2036	2012	1997	2024	2054	2019	2020	2011	2036
304998	62	126	14	78	142	30	94	158	46	110	174	2062	2001	2115	2043	2038	2008	2051	2052	2020	2021	1986	2054
304998	62	126	14	78	142	30	94	158	46	110	174	2051	2006	2131	2040	2013	1996	2050	2052	2003	2019	1999	2031
304998	62	126	14	78	142	30	94	158	46	110	174	2005	2028	2149	2022	1985	1956	2003	2064	1969	2020	2045	1998
304998	62	126	14	78	142	30	94	158	46	110	174	1975	2039	2148	2011	1961	1936	1998	2084	1963	2018	2081	1985
304998	62	126	14	78	142	30	94	158	46	110	174	1976	2025	2150	2017	1956	1952	1972	2078	1968	2021	2072	1997
304998	62	126	14	78	142	30	94	158	46	110	174	2009	2012	2129	2030	1999	1977	2006	2061	1994	2022	2026	2026
304998	62	126	14	78	142	30	94	158	46	110	174	2049	2002	2123	2041	2029	2008	2043	2049	2018	2017	1988	2043
304998	62	126	14	78	142	30	94	158	46	110	174	2063	2008	2118	2040	2035	1997	2045	2046	2020	2017	1989	2029
304998	62	126	14	78	142	30	94	158	46	110	174	2038	2021	2123	2029	2004	1974	2032	2063	1996	2020	2025	2019
304998	62	126	14	78	142	30	94	158	46	110	174	1993	2028	2154	2021	1968	1945	1989	2072	1962	2018	2064	2000
304998	62	126	14	78	142	30	94	158	46	110	174	1975	2038	2156	2011	1962	1937	1981	2081	1954	2022	2073	1983
304998	62	126	14	78	142	30	94	158	46	110	174	1989	2023	2151	2015	1982	1964	1997	2073	1974	2017	2050	1997
304998	62	126	14	78	142	30	94	158	46	110	174	2028	2015	2122	2031	2017	1992	2025	2052	2018	2018	2012	2031
304998	62	126	14	78	142	30	94	158	46	110	174	2068	2003	2106	2040	2038	2005	2055	2054	2029	2016	1987	2048
304998	62	126	14	78	142	30	94	158	46	110	174	2052	2000	2121	2040	2026	1990	2042	2055	2006	2016	1998	2037
304998	62	126	14	78	142	30	94	158	46	110	174	2018	2020	2150	2020	1994	1959	2010	2065	1974	2017	2037	2001
304998	62	126	14	78	142	30	94	158	46	110	174	1973	2038	2164	2011	1962	1937	1982	2073	1960	2020	2075	1979
304998	62	126	14	78	142	30	94	158	46	110	174	1971	2034	2151	2011	1968	1942	1971	2074	1971	2017	2071	1996
304998	62	126	14	78	142	30	94	158	46	110	174	2016	2021	2128	2023	1996	1970	2008	2066	1992	2021	2034	2022
304998	62	126	14	78	142	30	94	158	46	110	174	2049	2000	2118	2036	2029	2005	2039	2049	2017	2017	1996	2042
304998	62	126	14	78	142	30	94	158	46	110	174	2064	2002	2118	2042	2040	2005	2046	2050	2020	2022	1984	2040
304998	62	126	14	78	142	30	94	158	46	110	174	2040	2011	2133	2033	2007	1982	2038	2057	2001	2017	2024	2017
304998	62	126	14	78	142	30	94	158	46	110	174	1991	2030	2154	2019	1972	1945	1991	2070	1970	2020	2061	1996
304998	62	126	14	78	142	30	94	158	46	110	174	1975	2034	2152	2011	1959	1937	1987	2085	1956	2017	2076	1991
304998	62	126	14	78	142	30	94	158	46	110	174	1986	2020	2151	2017	1980	1958	1987	2074	1974	2020	2051	2000
304998	62	126	14	78	142	30	94	158	46	110	174	2028	2010	2125	2026	2015	1991	2023	2059	2007	2016	2015	2025
304998	62	126	14	78	142	30	94	158	46	110	174	2062	2003	2110	2044	2034	2013	2052	2047	2031	2020	1992	2050
304998	62	126	14	78	142	30	94	158	46	110	174	2055	2004	2115	2041	2020	1991	2036	2054	2016	2017	1994	2042
304998	62	126	14	78	142	30	94	158	46	110	174	2027	2020	2132	2026	1994	1961	2021	2068	1987	2017	2029	2010
304998	62	126	14	78	142	30	94	158	46	110	174	1979	2021	2166	2016	1965	1937	1986	2074	1954	2016	2067	1982
304998	62	126	14	78	142	30	94	158	46	110	174	1976	2031	2159	2011	1969	1941	1982	2074	1967	2021	2073	1986
304998	62	126	14	78	142	30	94	158	46	110	174	2006	2027	2142	2020	1990	1978	2009	2072	1998	2017	2040	2017
304998	62	126	14	78	142	30	94	158	46	110	174	2042	2010	2109	2037	2026	1998	2029	2054	2015	2021	1995	2047
304998	62	126	14	78	142	30	94	158	46	110	174	2073	2001	2102	2043	2040	2007	2058	2054	2021	2017	1982	2042
304998	62	126	14	78	142	30	94	158	46	110	174	2037	2001	2136	2035	2015	1981	2031	2053	2001	2016	2015	2017
304998	62	126	14	78	142	30	94	158	46	110	174	2004	2025	2153	2020	1979	1950	2001	2075	1971	2017	2059	2002
304998	62	126	14	78	142	30	94	158	46	110	174	1972	2038	2166	2016	1950	1939	1978	2084	1959	2016	2077	1989
304998	62	126	14	78	142	30	94	158	46	110	174	1980	2035	2143	2013	1974	1958	1983	2073	1970	2021	2056	1999
304998	62	126	14	78	142	30	94	158	46	110	174	2028	2014	2122	2029	2004	1984	2017	2063	2004	2018	2018	2021
304998	62	126	14	78	142	30	94	158	46	110	174	2057	1996	2120	2036	2032	2006	2045	2041	2027	2017	1993	2043
304998	62	126	14	78	142	30	94	158	46	110	174	2060	2003	2123	2040	2037	1996	2041	2054	2019	2017	1998	2039
304998	62	126	14	78	142	30	94	158	46	110	174	2025	2023	2143	2023	2001	1966	2022	2070	1984	2020	2031	2013
304998	62	126	14	78	142	30	94	158	46	110	174	1988	2035	2155	2014	1961	1942	1993	2072	1951	2016	2066	1985
304998	62	126	14	78	142	30	94	158	46	110	174	1969	2033	2154	2008	1956	1939	1976	2078	1955	2018	2073	1981
304998	62	126	14	78	142	30	94	158	46	110	174	2002	2021	2138	2019	1990	1964	2009	2065	1991	2020	2048	2014
304998	62	126	14	78	142	30	94	158	46	110	174	2041	2006	2124	2032	2027	2000	2025	2053	2023	2021	2004	2045
304998	62	126	14	78	142	30	94	158	46	110	174	2063	2005	2114	2042	2043	2004	2049	2054	2030	2020	1985	2044
304998	62	126	14	78	142	30	94	158	46	110	174	2046	2013	2125	2035	2019	1989	2029	2057	2001	2018	2003	2017
304998	62	126	14	78	142	30	94	158	46	110	174	2009	2027	2142	2017	1983	1952	2000	2066	1974	2022	2051	2000
304998	62	126	14	78	142	30	94	158	46	110	174	1979	2035	2159	2006	1959	1935	1988	2080	1961	2016	2076	1987
304998	62	126	14	78	142	30	94	158	46	110	174	1980	2026	2153	2014	1973	1949	1979	2074	1970	2017	2060	1999
304998	62	126	14	78	142	30	94	158	46	110	174	2018	2017	2129	2023	2007	1986	2021	2067	1997	2016	2019	2018
304998	62	126	14	78	142	30	94	158	46	110	174	2048	2003	2115	2042	2035	2008	2040	2052	2018	2020	1994	2044
304998	62	126	14	78	142	30	94	158	46	110	174	2061	2004	2104	2040	2032	2002	2045	2048	2022	2022	1998	2045
304998	62	126	14	78	142	30	94	158	46	110	174	2036	2013	2133	2031	1996	1968	2026	2064	1996	2019	2021	2014
