304998	62	126	14	78	142	30	94	158	46	110	174	1974	2027	2163	2012	1953	1943	1974	2077	1953	2016	2075	1987
304998	62	126	14	78	142	30	94	158	46	110	174	1992	2019	2145	2018	1986	1962	1996	2063	1977	2018	2048	2003
304998	62	126	14	78	142	30	94	158	46	110	174	2039	2011	2129	2034	2020	1990	2026	2052	2017	2021	2010	2032
304998	62	126	14	78	142	30	94	158	46	110	174	2057	1999	2120	2048	2040	2008	2045	2051	2028	2017	1984	2045
304998	62	126	14	78	142	30	94	158	46	110	174	2055	2006	2120	2041	2029	1995	2041	2057	2007	2018	1998	2036
304998	62	126	14	78	142	30	94	158	46	110	174	2010	2010	2152	2026	1981	1961	2004	2066	1969	2020	2039	2006
304998	62	126	14	78	142	30	94	158	46	110	174	1978	2034	2155	2012	1960	1938	1988	2077	1956	2020	2074	1979
304998	62	126	14	78	142	30	94	158	46	110	174	1970	2036	2157	2013	1964	1947	1972	2078	1968	2021	2076	1997
304998	62	126	14	78	142	30	94	158	46	110	174	2008	2019	2125	2025	1999	1980	2003	2063	1999	2018	2032	2028
304998	62	126	14	78	142	30	94	158	46	110	174	2055	2000	2112	2038	2031	2006	2045	2050	2015	2020	1993	2040
304998	62	126	14	78	142	30	94	158	46	110	174	2058	1992	2126	2047	2032	2005	2046	2045	2021	2017	1982	2037
304998	62	126	14	78	142	30	94	158	46	110	174	2039	2015	2142	2036	2013	1975	2035	2062	1999	2016	2024	2014
304998	62	126	14	78	142	30	94	158	46	110	174	1994	2028	2159	2019	1971	1945	1990	2077	1966	2020	2063	1992
304998	62	126	14	78	142	30	94	158	46	110	174	1969	2042	2149	2008	1955	1939	1968	2079	1956	2021	2073	1994
304998	62	126	14	78	142	30	94	158	46	110	174	1991	2025	2140	2015	1980	1966	1995	2072	1971	2019	2056	2001
304998	62	126	14	78	142	30	94	158	46	110	174	2027	2008	2127	2031	2016	1988	2020	2052	2009	2020	2010	2019
304998	62	126	14	78	142	30	94	158	46	110	174	2063	1996	2122	2042	2044	2004	2048	2049	2031	2018	1991	2046
304998	62	126	14	78	142	30	94	158	46	110	174	2060	2010	2123	2039	2032	1994	2054	2057	2009	2021	1998	2041
304998	62	126	14	78	142	30	94	158	46	110	174	2017	2021	2135	2023	1992	1963	2012	2064	1979	2017	2034	2007
304998	62	126	14	78	142	30	94	158	46	110	174	1983	2035	2150	2011	1964	1942	1992	2079	1956	2021	2071	1983
304998	62	126	14	78	142	30	94	158	46	110	174	1968	2026	2162	2010	1956	1949	1972	2074	1967	2017	2074	1985
304998	62	126	14	78	142	30	94	158	46	110	174	2007	2018	2139	2022	1998	1973	1998	2071	1993	2019	2041	2016
304998	62	126	14	78	142	30	94	158	46	110	174	2050	2014	2125	2042	2032	1995	2049	2054	2021	2019	1996	2047
304998	62	126	14	78	142	30	94	158	46	110	174	2066	2003	2108	2044	2040	2003	2051	2049	2016	2017	1983	2044
304998	62	126	14	78	142	30	94	158	46	110	174	2048	2005	2126	2040	2012	1987	2038	2061	2000	2017	2008	2012
304998	62	126	14	78	142	30	94	158	46	110	174	1996	2023	2154	2017	1975	1955	1998	2078	1975	2019	2058	1997
304998	62	126	14	78	142	30	94	158	46	110	174	1966	2037	2159	2011	1951	1938	1975	2083	1953	2022	2082	1991
304998	62	126	14	78	142	30	94	158	46	110	174	1985	2028	2149	2014	1972	1954	1988	2071	1969	2019	2059	2002
304998	62	126	14	78	142	30	94	158	46	110	174	2029	2018	2118	2027	2012	1986	2024	2058	2004	2020	2013	2026
304998	62	126	14	78	142	30	94	158	46	110	174	2063	1999	2114	2044	2033	2006	2046	2048	2034	2020	1991	2040
304998	62	126	14	78	142	30	94	158	46	110	174	2053	1998	2130	2044	2034	2000	2039	2051	2017	2018	1995	2038
304998	62	126	14	78	142	30	94	158	46	110	174	2026	2018	2145	2028	1995	1963	2019	2066	1984	2018	2032	2017
304998	62	126	14	78	142	30	94	158	46	110	174	1980	2035	2158	2018	1961	1936	1981	2071	1954	2021	2069	1987
304998	62	126	14	78	142	30	94	158	46	110	174	1974	2038	2146	2011	1963	1942	1977	2074	1966	2017	2072	1981
304998	62	126	14	78	142	30	94	158	46	110	174	1998	2017	2138	2022	1985	1977	2000	2064	1988	2017	2044	2012
304998	62	126	14	78	142	30	94	158	46	110	174	2042	2004	2121	2034	2024	1996	2030	2055	2015	2021	2006	2042
304998	62	126	14	78	142	30	94	158	46	110	174	2067	2002	2118	2044	2037	2006	2061	2049	2024	2019	1982	2043
304998	62	126	14	78	142	30	94	158	46	110	174	2047	2013	2123	2034	2016	1983	2035	2053	1996	2020	2003	2025
304998	62	126	14	78	142	30	94	158	46	110	174	2004	2021	2143	2025	1976	1959	1994	2066	1978	2019	2055	1995
304998	62	126	14	78	142	30	94	158	46	110	174	1970	2026	2163	2014	1958	1941	1970	2078	1959	2017	2080	1989
304998	62	126	14	78	142	30	94	158	46	110	174	1979	2030	2153	2013	1966	1957	1983	2077	1970	2018	2064	2004
304998	62	126	14	78	142	30	94	158	46	110	174	2016	2013	2136	2033	2002	1979	2011	2060	1999	2020	2018	2022
304998	62	126	14	78	142	30	94	158	46	110	174	2066	2010	2104	2037	2040	2003	2062	2047	2025	2020	1983	2034
304998	62	126	14	78	142	30	94	158	46	110	174	2062	2003	2112	2047	2028	2003	2042	2051	2023	2022	1996	2040
304998	62	126	14	78	142	30	94	158	46	110	174	2025	2011	2133	2031	2000	1968	2015	2062	1989	2018	2031	2017
304998	62	126	14	78	142	30	94	158	46	110	174	1987	2026	2165	2018	1966	1947	1997	2071	1954	2019	2066	1992
304998	62	126	14	78	142	30	94	158	46	110	174	1966	2038	2159	2013	1948	1944	1973	2077	1954	2020	2073	1984
304998	62	126	14	78	142	30	94	158	46	110	174	1996	2031	2131	2025	1987	1961	2007	2068	1988	2016	2048	2003
304998	62	126	14	78	142	30	94	158	46	110	174	2038	2004	2118	2036	2012	1997	2024	2054	2019	2020	2011	2036
304998	62	126	14	78	142	30	94	158	46	110	174	2062	2001	2115	2043	2038	2008	2051	2052	2020	2021	1986	2054
304998	62	126	14	78	142	30	94	158	46	110	174	2051	2006	2131	2040	2013	1996	2050	2052	2003	2019	1999	2031
304998	62	126	14	78	142	30	94	158	46	110	174	2005	2028	2149	2022	1985	1956	2003	2064	1969	2020	2045	1998
304998	62	126	14	78	142	30	94	158	46	110	174	1975	2039	2148	2011	1961	1936	1998	2084	1963	2018	2081	1985
304998	62	126	14	78	142	30	94	158	46	110	174	1976	2025	2150	2017	1956	1952	1972	2078	1968	2021	2072	1997
304998	62	126	14	78	142	30	94	158	46	110	174	2009	2012	2129	2030	1999	1977	2006	2061	1994	2022	2026	2026
304998	62	126	14	78	142	30	94	158	46	110	174	2049	2002	2123	2041	2029	2008	2043	2049	2018	2017	1988	2043
304998	62	126	14	78	142	30	94	158	46	110	174	2063	2008	2118	2040	2035	1997	2045	2046	2020	2017	1989	2029
304998	62	126	14	78	142	30	94	158	46	110	174	2038	2021	2123	2029	2004	1974	2032	2063	1996	2020	2025	2019
304998	62	126	14	78	142	30	94	158	46	110	174	1993	2028	2154	2021	1968	1945	1989	2072	1962	2018	2064	2000
304998	62	126	14	78	142	30	94	158	46	110	174	1975	2038	2156	2011	1962	1937	1981	2081	1954	2022	2073	1983
304998	62	126	14	78	142	30	94	158	46	110	174	1989	2023	2151	2015	1982	1964	1997	2073	1974	2017	2050	1997
304998	62	126	14	78	142	30	94	158	46	110	174	2028	2015	2122	2031	2017	1992	2025	2052	2018	2018	2012	2031
304998	62	126	14	78	142	30	94	158	46	110	174	2068	2003	2106	2040	2038	2005	2055	2054	2029	2016	1987	2048
304998	62	126	14	78	142	30	94	158	46	110	174	2052	2000	2121	2040	2026	1990	2042	2055	2006	2016	1998	2037
304998	62	126	14	78	142	30	94	158	46	110	174	2018	2020	2150	2020	1994	1959	2010	2065	1974	2017	2037	2001
304998	62	126	14	78	142	30	94	158	46	110	174	1973	2038	2164	2011	1962	1937	1982	2073	1960	2020	2075	1979
304998	62	126	14	78	142	30	94	158	46	110	174	1971	2034	2151	2011	1968	1942	1971	2074	1971	2017	2071	1996
304998	62	126	14	78	142	30	94	158	46	110	174	2016	2021	2128	2023	1996	1970	2008	2066	1992	2021	2034	2022
304998	62	126	14	78	142	30	94	158	46	110	174	2049	2000	2118	2036	2029	2005	2039	2049	2017	2017	1996	2042
304998	62	126	14	78	142	30	94	158	46	110	174	2064	2002	2118	2042	2040	2005	2046	2050	2020	2022	1984	2040
304998	62	126	14	78	142	30	94	158	46	110	174	2040	2011	2133	2033	2007	1982	2038	2057	2001	2017	2024	2017
304998	62	126	14	78	142	30	94	158	46	110	174	1991	2030	2154	2019	1972	1945	1991	2070	1970	2020	2061	1996
304998	62	126	14	78	142	30	94	158	46	110	174	1975	2034	2152	2011	1959	1937	1987	2085	1956	2017	2076	1991
304998	62	126	14	78	142	30	94	158	46	110	174	1986	2020	2151	2017	1980	1958	1987	2074	1974	2020	2051	2000
304998	62	126	14	78	142	30	94	158	46	110	174	2028	2010	2125	2026	2015	1991	2023	2059	2007	2016	2015	2025
304998	62	126	14	78	142	30	94	158	46	110	174	2062	2003	2110	2044	2034	2013	2052	2047	2031	2020	1992	2050
304998	62	126	14	78	142	30	94	158	46	110	174	2055	2004	2115	2041	2020	1991	2036	2054	2016	2017	1994	2042
304998	62	126	14	78	142	30	94	158	46	110	174	2027	2020	2132	2026	1994	1961	2021	2068	1987	2017	2029	2010
304998	62	126	14	78	142	30	94	158	46	110	174	1979	2021	2166	2016	1965	1937	1986	2074	1954	2016	2067	1982
304998	62	126	14	78	142	30	94	158	46	110	174	1976	2031	2159	2011	1969	1941	1982	2074	1967	2021	2073	1986
304998	62	126	14	78	142	30	94	158	46	110	174	2006	2027	2142	2020	1990	1978	2009	2072	1998	2017	2040	2017
304998	62	126	14	78	142	30	94	158	46	110	174	2042	2010	2109	2037	2026	1998	2029	2054	2015	2021	1995	2047
304998	62	126	14	78	142	30	94	158	46	110	174	2073	2001	2102	2043	2040	2007	2058	2054	2021	2017	1982	2042
304998	62	126	14	78	142	30	94	158	46	110	174	2037	2001	2136	2035	2015	1981	2031	2053	2001	2016	2015	2017
304998	62	126	14	78	142	30	94	158	46	110	174	2004	2025	2153	2020	1979	1950	2001	2075	1971	2017	2059	2002
304998	62	126	14	78	142	30	94	158	46	110	174	1972	2038	2166	2016	1950	1939	1978	2084	1959	2016	2077	1989
304998	62	126	14	78	142	30	94	158	46	110	174	1980	2035	2143	2013	1974	1958	1983	2073	1970	2021	2056	1999
304998	62	126	14	78	142	30	94	158	46	110	174	2028	2014	2122	2029	2004	1984	2017	2063	2004	2018	2018	2021
304998	62	126	14	78	142	30	94	158	46	110	174	2057	1996	2120	2036	2032	2006	2045	2041	2027	2017	1993	2043
304998	62	126	14	78	142	30	94	158	46	110	174	2060	2003	2123	2040	2037	1996	2041	2054	2019	2017	1998	2039
304998	62	126	14	78	142	30	94	158	46	110	174	2025	2023	2143	2023	2001	1966	2022	2070	1984	2020	2031	2013
304998	62	126	14	78	142	30	94	158	46	110	174	1988	2035	2155	2014	1961	1942	1993	2072	1951	2016	2066	1985
304998	62	126	14	78	142	30	94	158	46	110	174	1969	2033	2154	2008	1956	1939	1976	2078	1955	2018	2073	1981
304998	62	126	14	78	142	30	94	158	46	110	174	2002	2021	2138	2019	1990	1964	2009	2065	1991	2020	2048	2014
304998	62	126	14	78	142	30	94	158	46	110	174	2041	2006	2124	2032	2027	2000	2025	2053	2023	2021	2004	2045
304998	62	126	14	78	142	30	94	158	46	110	174	2063	2005	2114	2042	2043	2004	2049	2054	2030	2020	1985	2044
304998	62	126	14	78	142	30	94	158	46	110	174	2046	2013	2125	2035	2019	1989	2029	2057	2001	2018	2003	2017
304998	62	126	14	78	142	30	94	158	46	110	174	2009	2027	2142	2017	1983	1952	2000	2066	1974	2022	2051	2000
304998	62	126	14	78	142	30	94	158	46	110	174	1979	2035	2159	2006	1959	1935	1988	2080	1961	2016	2076	1987
304998	62	126	14	78	142	30	94	158	46	110	174	1980	2026	2153	2014	1973	1949	1979	2074	1970	2017	2060	1999
304998	62	126	14	78	142	30	94	158	46	110	174	2018	2017	2129	2023	2007	1986	2021	2067	1997	2016	2019	2018
304998	62	126	14	78	142	30	94	158	46	110	174	2048	2003	2115	2042	2035	2008	2040	2052	2018	2020	1994	2044
304998	62	126	14	78	142	30	94	158	46	110	174	2061	2004	2104	2040	2032	2002	2045	2048	2022	2022	1998	2045
304998	62	126	14	78	142	30	94	158	46	110	174	2036	2013	2133	2031	1996	1968	2026	2064	1996	2019	2021	2014
304998	62	126	14	78	142	30	94	158	46	110	174	1991	2033	2160	2015	1972	1939	1988	2079	1957	2017	2057	1987
304998	62	126	14	78	142	30	94	158	46	110	174	1973	2037	2163	2011	1953	1944	1979	2080	1951	2016	2074	1978
304998	62	126	14	78	142	30	94	158	46	110	174	1996	2024	2140	2014	1987	1966	1996	2064	1977	2017	2054	2007
304998	62	126	14	78	142	30	94	158	46	110	174	2036	2008	2112	2033	2019	1995	2025	2054	2017	2017	2007	2036
304998	62	126	14	78	142	30	94	158	46	110	174	2061	1995	2106	2044	2034	2001	2041	2048	2029	2019	1984	2048
304998	62	126	14	78	142	30	94	158	46	110	174	2049	2006	2125	2037	2015	1986	2037	2059	2007	2019	2004	2025
304998	62	126	14	78	142	30	94	158	46	110	174	2005	2028	2153	2025	1984	1959	2010	2073	1975	2022	2043	1997
304998	62	126	14	78	142	30	94	158	46	110	174	1979	2042	2159	2011	1963	1936	1989	2079	1955	2019	2069	1983
304998	62	126	14	78	142	30	94	158	46	110	174	1979	2033	2147	2010	1966	1950	1980	2076	1970	2017	2063	1998
304998	62	126	14	78	142	30	94	158	46	110	174	2012	2014	2124	2027	2002	1976	2007	2067	1996	2019	2026	2018
304998	62	126	14	78	142	30	94	158	46	110	174	2052	2003	2118	2036	2031	2004	2038	2053	2020	2017	1996	2035
304998	62	126	14	78	142	30	94	158	46	110	174	2061	2003	2120	2046	2034	2005	2046	2047	2018	2020	1997	2045
304998	62	126	14	78	142	30	94	158	46	110	174	2036	2022	2127	2032	2006	1973	2028	2059	1994	2020	2021	2026
304998	62	126	14	78	142	30	94	158	46	110	174	1993	2031	2156	2016	1967	1951	1990	2074	1970	2021	2054	1991
304998	62	126	14	78	142	30	94	158	46	110	174	1970	2027	2157	2013	1963	1934	1971	2081	1955	2016	2069	1971
304998	62	126	14	78	142	30	94	158	46	110	174	1994	2024	2149	2016	1983	1960	1993	2074	1972	2021	2054	2007
304998	62	126	14	78	142	30	94	158	46	110	174	2030	2013	2124	2031	2008	1996	2026	2057	2005	2020	2014	2041
304998	62	126	14	78	142	30	94	158	46	110	174	2064	2008	2104	2040	2039	2008	2045	2051	2030	2019	1984	2048
304998	62	126	14	78	142	30	94	158	46	110	174	2061	2006	2110	2038	2027	1996	2043	2060	2013	2020	1997	2031
304998	62	126	14	78	142	30	94	158	46	110	174	2016	2013	2145	2025	1989	1962	2009	2065	1973	2018	2044	2002
304998	62	126	14	78	142	30	94	158	46	110	174	1982	2033	2165	2015	1965	1933	1986	2080	1953	2018	2069	1986
304998	62	126	14	78	142	30	94	158	46	110	174	1974	2028	2172	2015	1964	1943	1982	2076	1966	2017	2066	1989
304998	62	126	14	78	142	30	94	158	46	110	174	2007	2021	2129	2020	1996	1975	2005	2068	1996	2018	2028	2017
304998	62	126	14	78	142	30	94	158	46	110	174	2049	2006	2107	2035	2025	2009	2040	2058	2021	2018	1994	2037
304998	62	126	14	78	142	30	94	158	46	110	174	2060	1997	2114	2042	2032	2009	2046	2052	2019	2017	1993	2047
304998	62	126	14	78	142	30	94	158	46	110	174	2043	2012	2130	2031	2018	1981	2033	2063	1995	2022	2015	2023
304998	62	126	14	78	142	30	94	158	46	110	174	1994	2025	2165	2020	1973	1947	1999	2070	1971	2018	2051	1991
304998	62	126	14	78	142	30	94	158	46	110	174	1974	2039	2160	2015	1965	1938	1973	2084	1958	2018	2071	1975
304998	62	126	14	78	142	30	94	158	46	110	174	1992	2033	2141	2016	1976	1960	1996	2079	1974	2020	2062	1996
304998	62	126	14	78	142	30	94	158	46	110	174	2025	2005	2125	2029	2004	1999	2017	2064	2005	2017	2018	2038
304998	62	126	14	78	142	30	94	158	46	110	174	2063	2004	2112	2038	2038	2002	2049	2048	2028	2022	1991	2058
304998	62	126	14	78	142	30	94	158	46	110	174	2057	2008	2121	2041	2020	1998	2052	2054	2021	2018	1992	2035
304998	62	126	14	78	142	30	94	158	46	110	174	2020	2020	2142	2025	2003	1964	2017	2073	1981	2019	2034	1997
304998	62	126	14	78	142	30	94	158	46	110	174	1989	2032	2153	2015	1965	1946	2001	2078	1955	2018	2072	1985
304998	62	126	14	78	142	30	94	158	46	110	174	1977	2024	2158	2015	1950	1949	1983	2078	1955	2018	2070	1990
304998	62	126	14	78	142	30	94	158	46	110	174	2006	2016	2138	2021	1994	1967	2000	2063	1992	2016	2035	2012
304998	62	126	14	78	142	30	94	158	46	110	174	2042	2009	2123	2034	2020	1998	2040	2054	2024	2022	1999	2034
304998	62	126	14	78	142	30	94	158	46	110	174	2063	2006	2106	2039	2038	2006	2041	2052	2025	2018	1996	2045
304998	62	126	14	78	142	30	94	158	46	110	174	2046	2014	2118	2034	2018	1986	2037	2066	1999	2017	2015	2027
304998	62	126	14	78	142	30	94	158	46	110	174	1999	2013	2161	2025	1973	1957	1996	2068	1968	2016	2050	1997
304998	62	126	14	78	142	30	94	158	46	110	174	1984	2028	2164	2012	1966	1930	1985	2078	1951	2016	2071	1977
304998	62	126	14	78	142	30	94	158	46	110	174	1986	2027	2164	2016	1968	1955	1996	2074	1970	2018	2061	1990
304998	62	126	14	78	142	30	94	158	46	110	174	2024	2022	2125	2029	2009	1986	2020	2064	2002	2020	2022	2032
304998	62	126	14	78	142	30	94	158	46	110	174	2061	2003	2100	2039	2037	2008	2044	2051	2020	2016	1989	2055
304998	62	126	14	78	142	30	94	158	46	110	174	2059	2001	2112	2044	2016	2002	2043	2047	2021	2021	1989	2042
304998	62	126	14	78	142	30	94	158	46	110	174	2030	2013	2145	2029	2003	1964	2014	2061	1996	2021	2024	2005
304998	62	126	14	78	142	30	94	158	46	110	174	1986	2031	2168	2018	1958	1948	1983	2079	1954	2018	2067	1982
304998	62	126	14	78	142	30	94	158	46	110	174	1972	2032	2165	2013	1967	1940	1987	2076	1954	2021	2070	1987
304998	62	126	14	78	142	30	94	158	46	110	174	2002	2026	2138	2017	1988	1970	1996	2065	1984	2018	2040	2008
304998	62	126	14	78	142	30	94	158	46	110	174	2043	2004	2107	2034	2007	2002	2035	2056	2025	2017	1998	2036
304998	62	126	14	78	142	30	94	158	46	110	174	2062	2002	2107	2040	2032	2008	2045	2051	2026	2017	1991	2046
304998	62	126	14	78	142	30	94	158	46	110	174	2049	2005	2125	2038	2007	1991	2039	2057	2001	2018	2013	2028
304998	62	126	14	78	142	30	94	158	46	110	174	2003	2022	2160	2021	1989	1955	2006	2064	1973	2022	2044	2005
304998	62	126	14	78	142	30	94	158	46	110	174	1982	2039	2156	2010	1965	1935	2001	2078	1954	2020	2068	1986
304998	62	126	14	78	142	30	94	158	46	110	174	1985	2029	2156	2023	1956	1952	1981	2074	1972	2016	2060	1981
304998	62	126	14	78	142	30	94	158	46	110	174	2005	2008	2135	2029	2006	1978	2009	2063	2001	2021	2032	2022
