304998	62	126	14	78	142	30	94	158	46	110	174	2005	2039	2138	1991	1985	1968	2001	2090	1996	2021	2040	2013
304998	62	126	14	78	142	30	94	158	46	110	174	2030	2014	2150	2031	2024	1965	2034	2052	1984	2016	2016	2009
304998	62	126	14	78	142	30	94	158	46	110	174	2056	2000	2148	2066	2047	1967	2060	2028	1971	2020	2000	2000
304998	62	126	14	78	142	30	94	158	46	110	174	2049	2002	2141	2057	2032	1973	2048	2040	1976	2018	2002	2005
304998	62	126	14	78	142	30	94	158	46	110	174	2019	2031	2130	2016	1997	1977	2016	2076	1984	2017	2028	2014
304998	62	126	14	78	142	30	94	158	46	110	174	2001	2054	2123	1977	1965	1978	1994	2116	1999	2022	2050	2024
304998	62	126	14	78	142	30	94	158	46	110	174	1993	2051	2129	1968	1970	1974	1976	2113	1991	2016	2050	2035
304998	62	126	14	78	142	30	94	158	46	110	174	2018	2035	2129	2007	2001	1964	2018	2077	1983	2022	2026	2017
304998	62	126	14	78	142	30	94	158	46	110	174	2038	1993	2150	2054	2032	1967	2039	2033	1978	2018	2002	1999
304998	62	126	14	78	142	30	94	158	46	110	174	2048	1995	2151	2069	2046	1968	2049	2022	1981	2021	1999	1984
304998	62	126	14	78	142	30	94	158	46	110	174	2036	2010	2148	2042	2018	1973	2040	2059	1985	2021	2016	2006
304998	62	126	14	78	142	30	94	158	46	110	174	2013	2046	2126	1997	1979	1974	2016	2102	1986	2020	2042	2035
304998	62	126	14	78	142	30	94	158	46	110	174	1994	2058	2117	1970	1963	1979	1979	2119	1996	2017	2043	2038
304998	62	126	14	78	142	30	94	158	46	110	174	2005	2043	2118	1982	1986	1968	1991	2097	1993	2020	2031	2019
304998	62	126	14	78	142	30	94	158	46	110	174	2029	2010	2147	2023	2020	1970	2023	2056	1988	2018	2015	2001
304998	62	126	14	78	142	30	94	158	46	110	174	2049	1992	2155	2065	2044	1966	2059	2034	1976	2021	2002	2001
304998	62	126	14	78	142	30	94	158	46	110	174	2048	2003	2152	2063	2025	1973	2062	2035	1976	2020	2006	2005
304998	62	126	14	78	142	30	94	158	46	110	174	2013	2026	2129	2021	2001	1967	2019	2074	1986	2020	2022	2020
304998	62	126	14	78	142	30	94	158	46	110	174	2005	2055	2110	1981	1968	1982	2000	2116	2001	2020	2044	2025
304998	62	126	14	78	142	30	94	158	46	110	174	1994	2049	2124	1966	1971	1974	1971	2120	1997	2019	2051	2022
304998	62	126	14	78	142	30	94	158	46	110	174	2017	2030	2131	2001	2000	1968	2022	2083	1988	2020	2036	2021
304998	62	126	14	78	142	30	94	158	46	110	174	2034	2005	2156	2048	2030	1967	2039	2040	1974	2017	2010	2002
304998	62	126	14	78	142	30	94	158	46	110	174	2047	1996	2152	2068	2043	1969	2048	2019	1980	2021	1993	1997
304998	62	126	14	78	142	30	94	158	46	110	174	2043	2017	2139	2047	2023	1973	2043	2050	1988	2022	2015	2001
304998	62	126	14	78	142	30	94	158	46	110	174	2018	2042	2116	2001	1985	1978	2019	2095	1990	2020	2045	2024
304998	62	126	14	78	142	30	94	158	46	110	174	1997	2052	2116	1970	1967	1977	1977	2116	1994	2019	2053	2042
304998	62	126	14	78	142	30	94	158	46	110	174	1999	2046	2132	1982	1981	1975	1989	2101	1998	2020	2040	2030
304998	62	126	14	78	142	30	94	158	46	110	174	2018	2022	2151	2024	2017	1967	2016	2064	1987	2018	2014	2003
304998	62	126	14	78	142	30	94	158	46	110	174	2051	2006	2148	2061	2045	1962	2061	2033	1976	2021	2007	1994
304998	62	126	14	78	142	30	94	158	46	110	174	2046	1999	2144	2065	2042	1966	2059	2031	1976	2017	2006	1999
304998	62	126	14	78	142	30	94	158	46	110	174	2028	2021	2131	2030	2004	1974	2026	2066	1987	2018	2022	2022
304998	62	126	14	78	142	30	94	158	46	110	174	2005	2051	2123	1981	1969	1983	1999	2116	2003	2016	2042	2030
304998	62	126	14	78	142	30	94	158	46	110	174	1998	2061	2123	1962	1970	1976	1984	2121	1996	2016	2050	2024
304998	62	126	14	78	142	30	94	158	46	110	174	2011	2042	2129	1996	1997	1974	2003	2089	1984	2020	2036	2018
304998	62	126	14	78	142	30	94	158	46	110	174	2039	2010	2145	2043	2026	1965	2041	2042	1972	2020	2009	2000
304998	62	126	14	78	142	30	94	158	46	110	174	2048	1995	2153	2067	2043	1968	2053	2027	1983	2017	1997	1995
304998	62	126	14	78	142	30	94	158	46	110	174	2037	2008	2147	2050	2025	1968	2045	2049	1984	2017	2008	1999
304998	62	126	14	78	142	30	94	158	46	110	174	2015	2038	2128	2003	1989	1972	2028	2091	1986	2018	2037	2017
304998	62	126	14	78	142	30	94	158	46	110	174	1995	2059	2116	1966	1969	1981	1983	2120	1996	2017	2054	2036
304998	62	126	14	78	142	30	94	158	46	110	174	2001	2052	2115	1973	1974	1977	1992	2108	1995	2019	2047	2032
304998	62	126	14	78	142	30	94	158	46	110	174	2023	2018	2143	2015	2012	1972	2012	2074	1987	2021	2019	2006
304998	62	126	14	78	142	30	94	158	46	110	174	2049	2000	2157	2061	2040	1966	2047	2033	1977	2016	2001	1989
304998	62	126	14	78	142	30	94	158	46	110	174	2048	2003	2156	2066	2040	1967	2077	2031	1976	2021	2009	1996
304998	62	126	14	78	142	30	94	158	46	110	174	2026	2022	2138	2035	2013	1968	2028	2060	1984	2022	2020	2018
304998	62	126	14	78	142	30	94	158	46	110	174	2010	2052	2112	1985	1978	1980	2003	2113	1997	2018	2045	2037
304998	62	126	14	78	142	30	94	158	46	110	174	1989	2049	2113	1969	1967	1978	1976	2120	2000	2018	2050	2028
304998	62	126	14	78	142	30	94	158	46	110	174	2009	2035	2126	1992	1993	1975	1999	2093	1989	2018	2034	2015
304998	62	126	14	78	142	30	94	158	46	110	174	2028	2010	2155	2037	2019	1971	2029	2046	1977	2018	2015	2005
304998	62	126	14	78	142	30	94	158	46	110	174	2048	2001	2157	2069	2040	1965	2059	2026	1981	2022	2002	1997
304998	62	126	14	78	142	30	94	158	46	110	174	2043	2012	2140	2056	2028	1968	2042	2047	1982	2016	2007	2007
304998	62	126	14	78	142	30	94	158	46	110	174	2026	2037	2117	2008	1993	1973	2023	2090	1993	2016	2031	2017
304998	62	126	14	78	142	30	94	158	46	110	174	1999	2048	2118	1973	1964	1981	1980	2112	1996	2022	2053	2034
304998	62	126	14	78	142	30	94	158	46	110	174	2000	2049	2127	1969	1970	1978	2000	2109	1998	2019	2048	2031
304998	62	126	14	78	142	30	94	158	46	110	174	2015	2029	2142	2012	2008	1974	2015	2079	1984	2018	2023	2013
304998	62	126	14	78	142	30	94	158	46	110	174	2037	2009	2149	2053	2035	1968	2038	2031	1975	2022	2005	1993
304998	62	126	14	78	142	30	94	158	46	110	174	2054	2000	2145	2068	2036	1967	2071	2034	1972	2022	2000	1990
304998	62	126	14	78	142	30	94	158	46	110	174	2029	2011	2141	2039	2017	1966	2029	2052	1990	2020	2021	2015
304998	62	126	14	78	142	30	94	158	46	110	174	2014	2040	2121	1991	1982	1976	2022	2105	2003	2020	2042	2037
304998	62	126	14	78	142	30	94	158	46	110	174	1989	2054	2123	1966	1963	1982	1977	2121	1999	2022	2051	2035
304998	62	126	14	78	142	30	94	158	46	110	174	2005	2049	2126	1982	1989	1973	1991	2097	1984	2021	2035	2018
304998	62	126	14	78	142	30	94	158	46	110	174	2034	2015	2142	2034	2019	1965	2021	2045	1981	2018	2018	1998
304998	62	126	14	78	142	30	94	158	46	110	174	2052	1996	2148	2063	2044	1966	2049	2028	1979	2018	2005	1992
304998	62	126	14	78	142	30	94	158	46	110	174	2043	2001	2150	2063	2035	1966	2045	2042	1982	2022	2008	2011
304998	62	126	14	78	142	30	94	158	46	110	174	2025	2028	2142	2023	2000	1976	2017	2079	1986	2018	2026	2017
304998	62	126	14	78	142	30	94	158	46	110	174	1996	2054	2124	1977	1973	1974	1985	2114	1994	2020	2047	2029
304998	62	126	14	78	142	30	94	158	46	110	174	2001	2061	2111	1970	1969	1975	1986	2117	2004	2022	2049	2030
304998	62	126	14	78	142	30	94	158	46	110	174	2019	2029	2126	2004	2001	1971	2007	2080	1988	2017	2029	2019
304998	62	126	14	78	142	30	94	158	46	110	174	2045	1999	2148	2051	2037	1966	2051	2041	1971	2022	2005	2006
304998	62	126	14	78	142	30	94	158	46	110	174	2049	1994	2163	2065	2037	1976	2065	2025	1972	2016	1993	1993
304998	62	126	14	78	142	30	94	158	46	110	174	2036	2020	2145	2046	2014	1971	2035	2051	1984	2017	2016	2007
304998	62	126	14	78	142	30	94	158	46	110	174	2010	2044	2118	1995	1983	1972	2000	2098	2002	2017	2044	2029
304998	62	126	14	78	142	30	94	158	46	110	174	1999	2059	2107	1967	1960	1984	1992	2124	2002	2017	2053	2038
304998	62	126	14	78	142	30	94	158	46	110	174	2006	2041	2120	1977	1983	1976	1991	2100	1992	2022	2040	2026
304998	62	126	14	78	142	30	94	158	46	110	174	2028	2017	2147	2022	2010	1968	2022	2057	1976	2018	2015	1998
304998	62	126	14	78	142	30	94	158	46	110	174	2049	2000	2159	2067	2039	1966	2053	2026	1982	2020	2006	1991
304998	62	126	14	78	142	30	94	158	46	110	174	2044	2005	2157	2064	2040	1969	2049	2038	1981	2017	2008	2001
304998	62	126	14	78	142	30	94	158	46	110	174	2029	2031	2123	2023	2006	1971	2048	2074	1990	2020	2028	2021
304998	62	126	14	78	142	30	94	158	46	110	174	2004	2045	2119	1977	1967	1980	1989	2109	1994	2022	2046	2029
304998	62	126	14	78	142	30	94	158	46	110	174	1998	2052	2116	1968	1967	1978	1976	2119	2001	2016	2050	2023
304998	62	126	14	78	142	30	94	158	46	110	174	2002	2028	2155	1997	1992	1977	1998	2084	1996	2021	2035	2011
304998	62	126	14	78	142	30	94	158	46	110	174	2037	2013	2152	2043	2032	1967	2044	2045	1981	2017	2011	1999
304998	62	126	14	78	142	30	94	158	46	110	174	2053	1997	2149	2069	2043	1967	2059	2026	1971	2020	1999	2001
304998	62	126	14	78	142	30	94	158	46	110	174	2043	2009	2139	2053	2024	1963	2037	2047	1980	2020	2010	1999
304998	62	126	14	78	142	30	94	158	46	110	174	2015	2036	2121	2002	1984	1973	2001	2090	1999	2020	2037	2021
304998	62	126	14	78	142	30	94	158	46	110	174	1997	2056	2120	1975	1963	1978	1994	2124	2000	2020	2059	2032
304998	62	126	14	78	142	30	94	158	46	110	174	2003	2049	2127	1980	1971	1975	1999	2105	1990	2022	2047	2029
304998	62	126	14	78	142	30	94	158	46	110	174	2021	2026	2136	2020	2010	1972	2013	2059	1983	2021	2018	2008
304998	62	126	14	78	142	30	94	158	46	110	174	2050	2000	2148	2066	2033	1971	2049	2024	1982	2016	2001	1993
304998	62	126	14	78	142	30	94	158	46	110	174	2043	1992	2154	2065	2040	1963	2050	2030	1982	2019	2009	1994
304998	62	126	14	78	142	30	94	158	46	110	174	2030	2020	2133	2032	2007	1974	2050	2077	1987	2018	2028	2016
304998	62	126	14	78	142	30	94	158	46	110	174	2005	2050	2126	1986	1972	1979	1993	2105	1998	2016	2047	2039
304998	62	126	14	78	142	30	94	158	46	110	174	1987	2061	2117	1966	1970	1981	1969	2114	1998	2021	2050	2030
304998	62	126	14	78	142	30	94	158	46	110	174	2006	2034	2130	1990	1989	1976	1995	2087	1992	2016	2034	2014
304998	62	126	14	78	142	30	94	158	46	110	174	2040	2005	2145	2041	2027	1966	2032	2043	1981	2020	2015	1995
304998	62	126	14	78	142	30	94	158	46	110	174	2048	1990	2158	2068	2042	1965	2056	2020	1976	2016	2005	1999
304998	62	126	14	78	142	30	94	158	46	110	174	2041	2006	2151	2058	2026	1967	2052	2044	1987	2018	2012	2007
304998	62	126	14	78	142	30	94	158	46	110	174	2016	2034	2129	2011	1987	1970	2007	2088	1994	2020	2028	2023
304998	62	126	14	78	142	30	94	158	46	110	174	1996	2057	2106	1971	1967	1979	1989	2122	2000	2022	2050	2023
304998	62	126	14	78	142	30	94	158	46	110	174	2005	2048	2112	1980	1967	1989	1991	2113	1996	2022	2050	2027
304998	62	126	14	78	142	30	94	158	46	110	174	2008	2016	2136	2014	2006	1972	2009	2061	1986	2020	2026	2014
304998	62	126	14	78	142	30	94	158	46	110	174	2042	1994	2166	2062	2027	1970	2051	2027	1984	2021	2004	1997
304998	62	126	14	78	142	30	94	158	46	110	174	2049	2000	2155	2071	2039	1962	2057	2030	1975	2017	1997	1996
304998	62	126	14	78	142	30	94	158	46	110	174	2033	2022	2128	2038	2012	1970	2037	2065	1986	2018	2022	2006
304998	62	126	14	78	142	30	94	158	46	110	174	2002	2043	2119	1991	1971	1982	1992	2102	1997	2017	2049	2033
304998	62	126	14	78	142	30	94	158	46	110	174	1994	2049	2110	1971	1965	1978	1974	2114	2003	2017	2050	2045
304998	62	126	14	78	142	30	94	158	46	110	174	2007	2034	2130	1986	1981	1984	1991	2091	1995	2018	2033	2023
304998	62	126	14	78	142	30	94	158	46	110	174	2029	2011	2154	2033	2026	1965	2042	2052	1980	2021	2010	1998
304998	62	126	14	78	142	30	94	158	46	110	174	2044	2000	2155	2071	2043	1963	2052	2019	1976	2021	2005	1987
304998	62	126	14	78	142	30	94	158	46	110	174	2051	2008	2134	2060	2033	1962	2055	2034	1987	2022	2014	2005
304998	62	126	14	78	142	30	94	158	46	110	174	2024	2027	2130	2016	1995	1974	2020	2082	1996	2021	2029	2025
304998	62	126	14	78	142	30	94	158	46	110	174	1997	2049	2116	1973	1965	1983	1984	2116	2001	2017	2045	2042
304998	62	126	14	78	142	30	94	158	46	110	174	1996	2048	2124	1972	1963	1984	1996	2116	1986	2017	2043	2023
304998	62	126	14	78	142	30	94	158	46	110	174	2006	2023	2149	2013	1997	1975	2005	2071	1986	2018	2033	2004
304998	62	126	14	78	142	30	94	158	46	110	174	2039	2004	2145	2057	2033	1964	2047	2035	1983	2019	2008	1999
304998	62	126	14	78	142	30	94	158	46	110	174	2050	1987	2157	2073	2041	1963	2057	2024	1976	2017	2004	1998
304998	62	126	14	78	142	30	94	158	46	110	174	2033	2009	2139	2045	2017	1972	2029	2052	1982	2021	2015	2010
304998	62	126	14	78	142	30	94	158	46	110	174	2011	2042	2122	1998	1978	1981	1994	2094	1994	2022	2038	2020
304998	62	126	14	78	142	30	94	158	46	110	174	1993	2058	2121	1968	1966	1983	1974	2118	2006	2020	2054	2029
304998	62	126	14	78	142	30	94	158	46	110	174	2006	2048	2125	1982	1983	1975	1983	2099	1995	2020	2043	2028
304998	62	126	14	78	142	30	94	158	46	110	174	2032	2015	2133	2033	2014	1970	2029	2056	1982	2022	2016	2009
304998	62	126	14	78	142	30	94	158	46	110	174	2051	1993	2153	2071	2042	1962	2050	2019	1971	2021	1997	1993
304998	62	126	14	78	142	30	94	158	46	110	174	2042	1994	2154	2063	2040	1967	2046	2028	1986	2018	2007	1994
304998	62	126	14	78	142	30	94	158	46	110	174	2022	2029	2140	2022	2002	1974	2023	2076	1994	2020	2033	2022
304998	62	126	14	78	142	30	94	158	46	110	174	1996	2057	2116	1979	1972	1979	1980	2116	1994	2017	2051	2033
304998	62	126	14	78	142	30	94	158	46	110	174	1999	2056	2110	1972	1963	1977	1982	2119	1996	2023	2048	2038
304998	62	126	14	78	142	30	94	158	46	110	174	2013	2026	2137	2008	1987	1973	2003	2078	1986	2020	2026	2010
304998	62	126	14	78	142	30	94	158	46	110	174	2039	1999	2153	2051	2033	1964	2055	2033	1982	2016	2008	1992
304998	62	126	14	78	142	30	94	158	46	110	174	2048	1995	2155	2072	2039	1968	2049	2028	1977	2020	2006	1995
304998	62	126	14	78	142	30	94	158	46	110	174	2038	2017	2143	2048	2022	1970	2039	2049	1983	2021	2018	2016
304998	62	126	14	78	142	30	94	158	46	110	174	2008	2044	2120	1999	1985	1980	1998	2091	1990	2019	2036	2031
304998	62	126	14	78	142	30	94	158	46	110	174	1999	2053	2110	1976	1946	1987	1972	2113	2004	2021	2050	2030
304998	62	126	14	78	142	30	94	158	46	110	174	2000	2045	2123	1985	1976	1974	1987	2103	1999	2016	2046	2018
304998	62	126	14	78	142	30	94	158	46	110	174	2025	2015	2149	2024	2009	1964	2019	2062	1979	2018	2026	2008
304998	62	126	14	78	142	30	94	158	46	110	174	2048	2000	2159	2069	2039	1966	2057	2023	1973	2019	2005	1996
304998	62	126	14	78	142	30	94	158	46	110	174	2043	1998	2151	2065	2040	1967	2048	2027	1981	2021	2002	2002
304998	62	126	14	78	142	30	94	158	46	110	174	2033	2023	2128	2025	2006	1976	2046	2072	1995	2017	2022	2013
304998	62	126	14	78	142	30	94	158	46	110	174	2005	2043	2124	1985	1970	1980	1986	2111	1999	2018	2048	2024
304998	62	126	14	78	142	30	94	158	46	110	174	1996	2051	2119	1967	1969	1979	1972	2123	1996	2017	2057	2036
304998	62	126	14	78	142	30	94	158	46	110	174	2008	2035	2136	2000	1991	1972	2008	2083	1984	2021	2034	2021
304998	62	126	14	78	142	30	94	158	46	110	174	2023	1998	2167	2047	2031	1961	2030	2033	1980	2020	2005	2006
304998	62	126	14	78	142	30	94	158	46	110	174	2052	1996	2150	2069	2044	1967	2065	2027	1979	2017	1994	1987
304998	62	126	14	78	142	30	94	158	46	110	174	2043	2001	2140	2056	2025	1968	2044	2046	1987	2019	2017	2003
304998	62	126	14	78	142	30	94	158	46	110	174	2015	2037	2124	2004	1986	1978	2012	2090	1986	2020	2038	2028
304998	62	126	14	78	142	30	94	158	46	110	174	1991	2054	2122	1973	1963	1975	1984	2117	1995	2017	2054	2041
304998	62	126	14	78	142	30	94	158	46	110	174	1999	2048	2129	1981	1974	1971	1992	2109	2000	2019	2042	2030
304998	62	126	14	78	142	30	94	158	46	110	174	2018	2024	2134	2020	2010	1970	2012	2064	1983	2019	2021	2005
304998	62	126	14	78	142	30	94	158	46	110	174	2049	1991	2149	2061	2038	1969	2052	2029	1975	2020	2005	1989
304998	62	126	14	78	142	30	94	158	46	110	174	2047	1987	2153	2070	2042	1965	2052	2023	1971	2022	2007	1998
304998	62	126	14	78	142	30	94	158	46	110	174	2031	2014	2142	2037	2008	1974	2033	2066	1999	2018	2023	2020
304998	62	126	14	78	142	30	94	158	46	110	174	2000	2046	2126	1986	1970	1982	1994	2105	1998	2021	2042	2026
304998	62	126	14	78	142	30	94	158	46	110	174	1991	2060	2108	1969	1964	1978	1971	2121	1994	2021	2048	2028
304998	62	126	14	78	142	30	94	158	46	110	174	2007	2039	2124	1996	1985	1973	1995	2087	1987	2017	2039	2015
304998	62	126	14	78	142	30	94	158	46	110	174	2028	2000	2148	2042	2023	1967	2030	2036	1981	2020	2016	2005
304998	62	126	14	78	142	30	94	158	46	110	174	2048	1994	2156	2072	2050	1968	2061	2022	1980	2018	2000	1992
304998	62	126	14	78	142	30	94	158	46	110	174	2039	2005	2148	2060	2023	1976	2046	2042	1980	2021	2003	2003
304998	62	126	14	78	142	30	94	158	46	110	174	2015	2035	2127	2009	1992	1975	2025	2084	1991	2022	2034	2017
304998	62	126	14	78	142	30	94	158	46	110	174	2002	2052	2109	1975	1965	1976	1985	2119	1994	2016	2057	2036
304998	62	126	14	78	142	30	94	158	46	110	174	1998	2044	2112	1982	1963	1981	1984	2113	1999	2020	2050	2029
304998	62	126	14	78	142	30	94	158	46	110	174	2013	2015	2142	2012	2008	1969	2009	2071	1983	2017	2023	2016
304998	62	126	14	78	142	30	94	158	46	110	174	2045	1998	2156	2057	2029	1972	2068	2031	1975	2021	2002	1989
