304998	62	126	14	78	142	30	94	158	46	110	174	2005	2043	2124	1985	1970	1980	1986	2111	1999	2018	2048	2024
304998	62	126	14	78	142	30	94	158	46	110	174	1996	2051	2119	1967	1969	1979	1972	2123	1996	2017	2057	2036
304998	62	126	14	78	142	30	94	158	46	110	174	2008	2035	2136	2000	1991	1972	2008	2083	1984	2021	2034	2021
304998	62	126	14	78	142	30	94	158	46	110	174	2023	1998	2167	2047	2031	1961	2030	2033	1980	2020	2005	2006
304998	62	126	14	78	142	30	94	158	46	110	174	2052	1996	2150	2069	2044	1967	2065	2027	1979	2017	1994	1987
304998	62	126	14	78	142	30	94	158	46	110	174	2043	2001	2140	2056	2025	1968	2044	2046	1987	2019	2017	2003
304998	62	126	14	78	142	30	94	158	46	110	174	2015	2037	2124	2004	1986	1978	2012	2090	1986	2020	2038	2028
304998	62	126	14	78	142	30	94	158	46	110	174	1991	2054	2122	1973	1963	1975	1984	2117	1995	2017	2054	2041
304998	62	126	14	78	142	30	94	158	46	110	174	1999	2048	2129	1981	1974	1971	1992	2109	2000	2019	2042	2030
304998	62	126	14	78	142	30	94	158	46	110	174	2018	2024	2134	2020	2010	1970	2012	2064	1983	2019	2021	2005
304998	62	126	14	78	142	30	94	158	46	110	174	2049	1991	2149	2061	2038	1969	2052	2029	1975	2020	2005	1989
304998	62	126	14	78	142	30	94	158	46	110	174	2047	1987	2153	2070	2042	1965	2052	2023	1971	2022	2007	1998
304998	62	126	14	78	142	30	94	158	46	110	174	2031	2014	2142	2037	2008	1974	2033	2066	1999	2018	2023	2020
304998	62	126	14	78	142	30	94	158	46	110	174	2000	2046	2126	1986	1970	1982	1994	2105	1998	2021	2042	2026
304998	62	126	14	78	142	30	94	158	46	110	174	1991	2060	2108	1969	1964	1978	1971	2121	1994	2021	2048	2028
304998	62	126	14	78	142	30	94	158	46	110	174	2007	2039	2124	1996	1985	1973	1995	2087	1987	2017	2039	2015
304998	62	126	14	78	142	30	94	158	46	110	174	2028	2000	2148	2042	2023	1967	2030	2036	1981	2020	2016	2005
304998	62	126	14	78	142	30	94	158	46	110	174	2048	1994	2156	2072	2050	1968	2061	2022	1980	2018	2000	1992
304998	62	126	14	78	142	30	94	158	46	110	174	2039	2005	2148	2060	2023	1976	2046	2042	1980	2021	2003	2003
304998	62	126	14	78	142	30	94	158	46	110	174	2015	2035	2127	2009	1992	1975	2025	2084	1991	2022	2034	2017
304998	62	126	14	78	142	30	94	158	46	110	174	2002	2052	2109	1975	1965	1976	1985	2119	1994	2016	2057	2036
304998	62	126	14	78	142	30	94	158	46	110	174	1998	2044	2112	1982	1963	1981	1984	2113	1999	2020	2050	2029
304998	62	126	14	78	142	30	94	158	46	110	174	2013	2015	2142	2012	2008	1969	2009	2071	1983	2017	2023	2016
304998	62	126	14	78	142	30	94	158	46	110	174	2045	1998	2156	2057	2029	1972	2068	2031	1975	2021	2002	1989
304998	62	126	14	78	142	30	94	158	46	110	174	2044	1991	2171	2069	2040	1969	2054	2022	1975	2016	2004	1985
304998	62	126	14	78	142	30	94	158	46	110	174	2036	2021	2132	2040	2013	1968	2027	2048	1991	2020	2028	2010
304998	62	126	14	78	142	30	94	158	46	110	174	2008	2043	2112	1993	1965	1978	2002	2108	1998	2021	2044	2035
304998	62	126	14	78	142	30	94	158	46	110	174	1986	2049	2115	1972	1963	1976	1969	2120	1994	2022	2048	2038
304998	62	126	14	78	142	30	94	158	46	110	174	2008	2034	2136	1991	1977	1980	1988	2094	1985	2019	2034	2017
304998	62	126	14	78	142	30	94	158	46	110	174	2020	2008	2155	2035	2023	1968	2024	2042	1983	2018	2015	1996
304998	62	126	14	78	142	30	94	158	46	110	174	2045	1994	2154	2069	2045	1966	2052	2019	1986	2022	2005	1995
304998	62	126	14	78	142	30	94	158	46	110	174	2049	2002	2141	2064	2031	1965	2055	2038	1980	2017	2008	2007
304998	62	126	14	78	142	30	94	158	46	110	174	2017	2026	2126	2021	1998	1970	2015	2075	1984	2021	2032	2024
304998	62	126	14	78	142	30	94	158	46	110	174	1996	2051	2117	1980	1963	1976	1987	2112	1996	2017	2048	2025
304998	62	126	14	78	142	30	94	158	46	110	174	1996	2051	2127	1971	1968	1979	1985	2114	2003	2018	2050	2023
304998	62	126	14	78	142	30	94	158	46	110	174	2016	2033	2136	2008	1999	1972	2012	2079	1988	2019	2029	2014
304998	62	126	14	78	142	30	94	158	46	110	174	2039	2002	2147	2053	2031	1968	2038	2034	1976	2017	2006	2005
304998	62	126	14	78	142	30	94	158	46	110	174	2052	1987	2153	2073	2033	1967	2060	2020	1978	2019	1997	1997
304998	62	126	14	78	142	30	94	158	46	110	174	2036	2008	2140	2047	2018	1970	2040	2045	1989	2018	2014	2003
304998	62	126	14	78	142	30	94	158	46	110	174	2009	2042	2130	1996	1980	1975	1994	2095	1996	2018	2047	2025
304998	62	126	14	78	142	30	94	158	46	110	174	1986	2056	2127	1969	1960	1978	1969	2116	1996	2021	2054	2042
304998	62	126	14	78	142	30	94	158	46	110	174	2003	2045	2121	1982	1986	1975	1995	2102	1994	2017	2042	2030
304998	62	126	14	78	142	30	94	158	46	110	174	2026	2010	2142	2031	2006	1975	2023	2048	1981	2022	2014	2003
304998	62	126	14	78	142	30	94	158	46	110	174	2048	1990	2156	2070	2042	1961	2051	2021	1981	2022	2006	1987
304998	62	126	14	78	142	30	94	158	46	110	174	2042	1994	2155	2068	2035	1967	2047	2033	1985	2018	2009	2001
304998	62	126	14	78	142	30	94	158	46	110	174	2023	2027	2132	2029	1999	1973	2030	2074	1983	2018	2030	2023
304998	62	126	14	78	142	30	94	158	46	110	174	1998	2052	2117	1979	1972	1979	1987	2114	1993	2021	2048	2043
304998	62	126	14	78	142	30	94	158	46	110	174	1999	2055	2109	1976	1967	1979	1988	2115	1998	2018	2047	2028
304998	62	126	14	78	142	30	94	158	46	110	174	2013	2022	2133	2000	1993	1972	2008	2077	1993	2018	2031	2010
304998	62	126	14	78	142	30	94	158	46	110	174	2035	1998	2151	2049	2031	1965	2039	2034	1979	2018	2015	1998
304998	62	126	14	78	142	30	94	158	46	110	174	2050	1991	2164	2071	2040	1969	2070	2028	1974	2020	2003	2002
304998	62	126	14	78	142	30	94	158	46	110	174	2031	2010	2154	2051	2025	1969	2042	2042	1981	2018	2015	2011
304998	62	126	14	78	142	30	94	158	46	110	174	2017	2039	2117	2003	1983	1978	2017	2094	1996	2019	2033	2019
304998	62	126	14	78	142	30	94	158	46	110	174	1999	2048	2112	1976	1956	1980	1972	2122	1998	2016	2054	2030
304998	62	126	14	78	142	30	94	158	46	110	174	1985	2039	2127	1979	1974	1975	1980	2102	1994	2021	2049	2027
304998	62	126	14	78	142	30	94	158	46	110	174	2018	2015	2148	2022	2003	1975	2037	2053	1983	2017	2020	2013
304998	62	126	14	78	142	30	94	158	46	110	174	2044	1996	2156	2064	2039	1965	2049	2016	1981	2022	1999	1996
304998	62	126	14	78	142	30	94	158	46	110	174	2049	2000	2145	2069	2039	1970	2057	2031	1987	2018	2000	1989
304998	62	126	14	78	142	30	94	158	46	110	174	2026	2015	2133	2030	2002	1974	2022	2070	1983	2020	2030	2010
304998	62	126	14	78	142	30	94	158	46	110	174	2001	2043	2119	1982	1975	1986	2004	2109	1995	2017	2050	2038
304998	62	126	14	78	142	30	94	158	46	110	174	1993	2051	2124	1973	1962	1982	1982	2113	1998	2020	2051	2038
304998	62	126	14	78	142	30	94	158	46	110	174	2006	2036	2134	1995	1988	1972	1996	2084	1992	2018	2033	2017
304998	62	126	14	78	142	30	94	158	46	110	174	2033	2008	2144	2047	2032	1967	2035	2049	1982	2016	2008	1994
304998	62	126	14	78	142	30	94	158	46	110	174	2052	1995	2149	2072	2043	1969	2062	2023	1974	2020	2005	1992
304998	62	126	14	78	142	30	94	158	46	110	174	2039	2000	2150	2053	2031	1968	2046	2035	1980	2018	2016	2008
304998	62	126	14	78	142	30	94	158	46	110	174	2014	2035	2134	2008	1990	1978	2009	2085	1996	2021	2035	2026
304998	62	126	14	78	142	30	94	158	46	110	174	1994	2052	2125	1978	1954	1982	1973	2121	1995	2020	2047	2026
304998	62	126	14	78	142	30	94	158	46	110	174	1998	2051	2123	1977	1971	1972	1993	2107	1993	2021	2050	2023
304998	62	126	14	78	142	30	94	158	46	110	174	2026	2017	2133	2020	2005	1975	2026	2069	1983	2017	2027	2006
304998	62	126	14	78	142	30	94	158	46	110	174	2046	1995	2150	2064	2042	1969	2047	2021	1984	2021	2009	2002
304998	62	126	14	78	142	30	94	158	46	110	174	2049	1994	2155	2066	2040	1966	2049	2025	1986	2020	2000	1997
304998	62	126	14	78	142	30	94	158	46	110	174	2032	2017	2142	2039	2003	1979	2042	2065	1986	2018	2017	2009
304998	62	126	14	78	142	30	94	158	46	110	174	2004	2050	2118	1993	1973	1977	1999	2109	1984	2016	2048	2017
304998	62	126	14	78	142	30	94	158	46	110	174	2000	2052	2110	1966	1962	1976	1974	2119	1993	2020	2055	2040
304998	62	126	14	78	142	30	94	158	46	110	174	2007	2033	2131	1995	1988	1969	2001	2087	1997	2020	2036	2023
304998	62	126	14	78	142	30	94	158	46	110	174	2035	2007	2151	2043	2025	1967	2032	2047	1981	2022	2011	2008
304998	62	126	14	78	142	30	94	158	46	110	174	2048	1993	2155	2072	2039	1967	2077	2025	1972	2020	1995	1987
304998	62	126	14	78	142	30	94	158	46	110	174	2041	2003	2152	2058	2033	1968	2051	2037	1979	2022	2014	1999
304998	62	126	14	78	142	30	94	158	46	110	174	2021	2036	2121	2013	1990	1971	2006	2082	1996	2020	2035	2022
304998	62	126	14	78	142	30	94	158	46	110	174	2004	2048	2109	1981	1961	1980	1982	2117	1999	2020	2051	2040
304998	62	126	14	78	142	30	94	158	46	110	174	1987	2037	2131	1978	1968	1974	1974	2107	1996	2022	2047	2026
304998	62	126	14	78	142	30	94	158	46	110	174	2017	2025	2147	2016	2007	1971	2020	2073	1984	2020	2023	2003
304998	62	126	14	78	142	30	94	158	46	110	174	2038	2001	2157	2054	2040	1962	2040	2024	1982	2020	2008	1993
304998	62	126	14	78	142	30	94	158	46	110	174	2054	2001	2147	2072	2038	1969	2063	2025	1982	2020	2006	2002
304998	62	126	14	78	142	30	94	158	46	110	174	2036	2010	2134	2043	2015	1971	2041	2059	1986	2020	2017	2016
304998	62	126	14	78	142	30	94	158	46	110	174	2010	2038	2121	1996	1974	1970	2006	2103	1986	2020	2040	2024
304998	62	126	14	78	142	30	94	158	46	110	174	1996	2051	2120	1972	1962	1981	1977	2114	1995	2021	2050	2025
304998	62	126	14	78	142	30	94	158	46	110	174	2005	2041	2131	1988	1979	1977	1999	2096	1993	2021	2044	2019
304998	62	126	14	78	142	30	94	158	46	110	174	2030	2017	2142	2035	2019	1971	2030	2050	1984	2022	2016	2014
304998	62	126	14	78	142	30	94	158	46	110	174	2052	1996	2147	2070	2038	1965	2058	2023	1974	2021	1995	1991
304998	62	126	14	78	142	30	94	158	46	110	174	2049	1995	2147	2065	2033	1965	2051	2031	1977	2016	2006	1997
304998	62	126	14	78	142	30	94	158	46	110	174	2021	2028	2129	2021	1998	1969	2015	2075	1996	2021	2034	2009
304998	62	126	14	78	142	30	94	158	46	110	174	1999	2048	2127	1982	1965	1981	1980	2111	1996	2016	2057	2034
304998	62	126	14	78	142	30	94	158	46	110	174	1994	2056	2124	1971	1967	1975	1979	2110	1996	2020	2051	2039
304998	62	126	14	78	142	30	94	158	46	110	174	2017	2031	2128	2009	2004	1973	2009	2078	1980	2020	2025	2014
304998	62	126	14	78	142	30	94	158	46	110	174	2044	1998	2146	2062	2025	1965	2039	2031	1986	2017	2001	1989
304998	62	126	14	78	142	30	94	158	46	110	174	2051	1991	2153	2074	2043	1966	2057	2022	1981	2017	2003	1996
304998	62	126	14	78	142	30	94	158	46	110	174	2039	2008	2146	2054	2007	1971	2049	2054	1983	2022	2017	2014
304998	62	126	14	78	142	30	94	158	46	110	174	2012	2045	2124	2005	1983	1973	2003	2098	1987	2016	2036	2032
304998	62	126	14	78	142	30	94	158	46	110	174	1995	2057	2109	1971	1967	1981	1978	2116	1995	2018	2048	2033
304998	62	126	14	78	142	30	94	158	46	110	174	2004	2042	2123	1984	1975	1979	2011	2101	1996	2021	2039	2014
304998	62	126	14	78	142	30	94	158	46	110	174	2028	2009	2151	2025	2015	1965	2020	2061	1980	2022	2019	2011
304998	62	126	14	78	142	30	94	158	46	110	174	2048	1994	2156	2066	2043	1967	2062	2033	1971	2020	2008	1995
304998	62	126	14	78	142	30	94	158	46	110	174	2045	2001	2152	2068	2034	1968	2054	2030	1977	2021	2002	2004
304998	62	126	14	78	142	30	94	158	46	110	174	2019	2031	2126	2026	2005	1973	2018	2065	1996	2021	2023	2015
304998	62	126	14	78	142	30	94	158	46	110	174	2001	2049	2118	1985	1968	1977	2006	2115	1997	2022	2051	2025
304998	62	126	14	78	142	30	94	158	46	110	174	1991	2045	2126	1972	1968	1982	1972	2112	1995	2018	2059	2028
304998	62	126	14	78	142	30	94	158	46	110	174	2013	2026	2135	1999	1996	1972	2007	2084	1983	2017	2033	2022
304998	62	126	14	78	142	30	94	158	46	110	174	2036	2000	2155	2049	2028	1961	2037	2032	1984	2017	2008	2003
304998	62	126	14	78	142	30	94	158	46	110	174	2051	2000	2150	2073	2048	1964	2059	2025	1985	2020	1995	1988
304998	62	126	14	78	142	30	94	158	46	110	174	2042	2007	2135	2053	2024	1972	2046	2049	1980	2021	2016	2001
304998	62	126	14	78	142	30	94	158	46	110	174	2018	2038	2121	2003	1989	1978	2011	2093	1985	2020	2042	2025
304998	62	126	14	78	142	30	94	158	46	110	174	1994	2051	2123	1971	1967	1979	1979	2111	1995	2022	2053	2044
304998	62	126	14	78	142	30	94	158	46	110	174	2001	2043	2126	1981	1974	1974	1998	2105	1995	2020	2041	2023
304998	62	126	14	78	142	30	94	158	46	110	174	2025	2021	2147	2024	2013	1964	2021	2068	1982	2021	2024	2002
304998	62	126	14	78	142	30	94	158	46	110	174	2048	2001	2148	2064	2042	1966	2056	2028	1974	2020	2003	1999
304998	62	126	14	78	142	30	94	158	46	110	174	2055	1996	2142	2070	2030	1977	2056	2030	1976	2016	2001	1998
304998	62	126	14	78	142	30	94	158	46	110	174	2031	2017	2138	2029	2008	1971	2033	2060	1994	2018	2019	2021
304998	62	126	14	78	142	30	94	158	46	110	174	2004	2043	2124	1985	1975	1981	1992	2112	1996	2017	2041	2025
304998	62	126	14	78	142	30	94	158	46	110	174	1993	2058	2121	1973	1968	1971	1975	2117	1988	2018	2054	2025
304998	62	126	14	78	142	30	94	158	46	110	174	2011	2040	2129	1997	1988	1966	1999	2088	1988	2018	2043	2020
304998	62	126	14	78	142	30	94	158	46	110	174	2039	2008	2141	2050	2023	1970	2049	2042	1982	2022	2010	2007
304998	62	126	14	78	142	30	94	158	46	110	174	2058	1992	2153	2072	2048	1967	2062	2022	1981	2018	1998	1995
304998	62	126	14	78	142	30	94	158	46	110	174	2046	2004	2146	2053	2026	1971	2050	2049	1982	2020	2005	1995
304998	62	126	14	78	142	30	94	158	46	110	174	2019	2035	2132	2008	1989	1971	2012	2086	1986	2018	2039	2018
304998	62	126	14	78	142	30	94	158	46	110	174	1993	2056	2124	1974	1967	1977	1984	2111	1999	2022	2059	2034
304998	62	126	14	78	142	30	94	158	46	110	174	2000	2049	2117	1975	1974	1970	2002	2108	1996	2017	2047	2036
304998	62	126	14	78	142	30	94	158	46	110	174	2022	2014	2140	2017	2009	1970	2014	2074	1986	2019	2020	2014
304998	62	126	14	78	142	30	94	158	46	110	174	2051	1999	2153	2059	2042	1970	2049	2034	1976	2020	2003	1985
304998	62	126	14	78	142	30	94	158	46	110	174	2044	1988	2167	2071	2037	1970	2058	2022	1977	2017	2004	1997
304998	62	126	14	78	142	30	94	158	46	110	174	2036	2018	2136	2038	2015	1965	2033	2056	1993	2018	2020	2016
304998	62	126	14	78	142	30	94	158	46	110	174	2007	2051	2118	1989	1978	1972	1999	2108	1994	2020	2042	2035
304998	62	126	14	78	142	30	94	158	46	110	174	1994	2053	2110	1969	1962	1977	1971	2117	1993	2018	2050	2026
304998	62	126	14	78	142	30	94	158	46	110	174	2007	2032	2131	1991	1987	1969	1993	2090	1984	2016	2043	2013
304998	62	126	14	78	142	30	94	158	46	110	174	2037	2005	2149	2037	2024	1973	2039	2045	1986	2020	2015	2007
304998	62	126	14	78	142	30	94	158	46	110	174	2052	1994	2157	2072	2033	1969	2070	2030	1986	2022	1998	1998
304998	62	126	14	78	142	30	94	158	46	110	174	2040	2011	2141	2060	2033	1969	2046	2039	1980	2016	2001	2008
304998	62	126	14	78	142	30	94	158	46	110	174	2022	2035	2124	2018	1986	1974	2022	2083	1985	2020	2029	2016
304998	62	126	14	78	142	30	94	158	46	110	174	1995	2045	2123	1980	1970	1974	1981	2106	1997	2021	2053	2023
304998	62	126	14	78	142	30	94	158	46	110	174	1999	2047	2122	1971	1974	1974	1991	2114	1998	2017	2051	2031
304998	62	126	14	78	142	30	94	158	46	110	174	2016	2028	2146	2011	2000	1972	2022	2077	1988	2018	2026	2015
304998	62	126	14	78	142	30	94	158	46	110	174	2041	2005	2155	2053	2035	1965	2046	2030	1977	2022	1999	1999
304998	62	126	14	78	142	30	94	158	46	110	174	2056	2001	2145	2071	2047	1969	2058	2026	1975	2020	1998	1992
304998	62	126	14	78	142	30	94	158	46	110	174	2039	2012	2129	2042	2019	1965	2041	2053	1993	2021	2020	2009
304998	62	126	14	78	142	30	94	158	46	110	174	2010	2041	2123	1993	1982	1971	2001	2098	1992	2022	2044	2034
304998	62	126	14	78	142	30	94	158	46	110	174	1995	2054	2125	1969	1966	1977	1984	2115	1985	2022	2051	2034
304998	62	126	14	78	142	30	94	158	46	110	174	2000	2039	2137	1990	1985	1976	1986	2092	1989	2022	2037	2016
304998	62	126	14	78	142	30	94	158	46	110	174	2029	2018	2141	2030	2020	1968	2028	2048	1985	2021	2016	1998
304998	62	126	14	78	142	30	94	158	46	110	174	2059	1994	2150	2075	2036	1970	2054	2026	1982	2016	2000	1998
304998	62	126	14	78	142	30	94	158	46	110	174	2048	1994	2146	2066	2033	1963	2059	2039	1981	2022	2004	2006
304998	62	126	14	78	142	30	94	158	46	110	174	2026	2028	2130	2023	1994	1975	2025	2076	1987	2022	2023	2018
304998	62	126	14	78	142	30	94	158	46	110	174	1997	2048	2123	1984	1965	1979	1989	2107	1991	2020	2044	2024
304998	62	126	14	78	142	30	94	158	46	110	174	1988	2054	2125	1975	1970	1976	1975	2110	1999	2017	2057	2031
304998	62	126	14	78	142	30	94	158	46	110	174	2016	2034	2124	2010	1998	1968	2007	2079	1987	2017	2029	2018
304998	62	126	14	78	142	30	94	158	46	110	174	2049	2001	2150	2057	2038	1968	2070	2042	1982	2017	2001	2004
304998	62	126	14	78	142	30	94	158	46	110	174	2057	1995	2151	2070	2050	1967	2066	2026	1976	2020	1991	1991
304998	62	126	14	78	142	30	94	158	46	110	174	2043	2008	2145	2051	2015	1978	2044	2047	1984	2020	2014	2000
304998	62	126	14	78	142	30	94	158	46	110	174	2011	2044	2132	2001	1987	1974	2000	2098	1992	2020	2041	2025
304998	62	126	14	78	142	30	94	158	46	110	174	1989	2058	2116	1974	1967	1978	1980	2118	1988	2020	2054	2037
304998	62	126	14	78	142	30	94	158	46	110	174	2006	2040	2126	1987	1973	1973	2000	2094	1988	2017	2039	2029
