304998	62	126	14	78	142	30	94	158	46	110	174	2031	2009	2142	2028	2017	1964	2022	2056	1986	2018	2012	1999
304998	62	126	14	78	142	30	94	158	46	110	174	2049	1993	2157	2066	2044	1969	2056	2031	1981	2021	2001	1994
304998	62	126	14	78	142	30	94	158	46	110	174	2045	1997	2159	2071	2031	1974	2050	2029	1982	2016	2001	2007
304998	62	126	14	78	142	30	94	158	46	110	174	2031	2031	2130	2027	2007	1972	2037	2069	1984	2018	2022	2015
304998	62	126	14	78	142	30	94	158	46	110	174	1999	2048	2113	1982	1962	1980	1987	2103	1995	2020	2045	2029
304998	62	126	14	78	142	30	94	158	46	110	174	1997	2048	2112	1975	1965	1975	1972	2114	1996	2018	2051	2021
304998	62	126	14	78	142	30	94	158	46	110	174	2010	2026	2140	1999	1995	1967	1998	2082	1984	2020	2039	2020
304998	62	126	14	78	142	30	94	158	46	110	174	2039	2005	2154	2048	2023	1975	2055	2049	1979	2017	2010	2005
304998	62	126	14	78	142	30	94	158	46	110	174	2056	1999	2153	2069	2048	1966	2065	2023	1983	2020	1995	2000
304998	62	126	14	78	142	30	94	158	46	110	174	2044	2013	2133	2048	2023	1973	2054	2046	1989	2021	2006	2001
304998	62	126	14	78	142	30	94	158	46	110	174	2019	2037	2122	2004	1983	1973	2005	2090	1991	2022	2037	2018
304998	62	126	14	78	142	30	94	158	46	110	174	1995	2046	2121	1974	1966	1970	1976	2116	1987	2020	2055	2036
304998	62	126	14	78	142	30	94	158	46	110	174	2000	2044	2130	1985	1978	1972	1998	2108	1989	2020	2050	2033
304998	62	126	14	78	142	30	94	158	46	110	174	2018	2019	2153	2022	2015	1968	2022	2061	1992	2017	2018	2013
304998	62	126	14	78	142	30	94	158	46	110	174	2049	2002	2149	2061	2043	1968	2060	2030	1987	2021	1993	1991
304998	62	126	14	78	142	30	94	158	46	110	174	2055	1996	2144	2068	2036	1969	2059	2028	1980	2019	2004	1996
304998	62	126	14	78	142	30	94	158	46	110	174	2033	2019	2135	2038	2006	1967	2030	2060	1983	2020	2025	2020
304998	62	126	14	78	142	30	94	158	46	110	174	2005	2044	2123	1987	1973	1970	1991	2102	1995	2016	2047	2031
304998	62	126	14	78	142	30	94	158	46	110	174	1992	2053	2125	1973	1963	1977	1980	2112	1999	2019	2045	2026
304998	62	126	14	78	142	30	94	158	46	110	174	2005	2040	2134	1995	1989	1973	1994	2091	1987	2016	2037	2013
304998	62	126	14	78	142	30	94	158	46	110	174	2038	2010	2137	2040	2032	1969	2042	2049	1982	2019	2012	2000
304998	62	126	14	78	142	30	94	158	46	110	174	2051	1987	2152	2074	2039	1964	2058	2017	1983	2020	1996	2004
304998	62	126	14	78	142	30	94	158	46	110	174	2044	2002	2144	2054	2031	1965	2048	2042	1990	2016	2005	2007
304998	62	126	14	78	142	30	94	158	46	110	174	2017	2028	2129	2018	1983	1969	2009	2087	1991	2018	2031	2015
304998	62	126	14	78	142	30	94	158	46	110	174	1997	2057	2123	1977	1958	1974	1977	2114	1986	2016	2058	2028
304998	62	126	14	78	142	30	94	158	46	110	174	2001	2052	2121	1979	1968	1975	1982	2108	1990	2020	2050	2025
304998	62	126	14	78	142	30	94	158	46	110	174	2022	2026	2130	2016	2007	1969	2041	2069	1993	2020	2020	2017
304998	62	126	14	78	142	30	94	158	46	110	174	2046	1993	2151	2058	2042	1969	2058	2035	1985	2016	1997	1994
304998	62	126	14	78	142	30	94	158	46	110	174	2057	1995	2151	2071	2047	1968	2066	2033	1976	2017	1995	1997
304998	62	126	14	78	142	30	94	158	46	110	174	2029	2015	2150	2043	2017	1969	2035	2060	1984	2017	2022	2009
304998	62	126	14	78	142	30	94	158	46	110	174	1998	2042	2126	1994	1977	1971	1993	2092	1998	2019	2044	2031
304998	62	126	14	78	142	30	94	158	46	110	174	1994	2056	2123	1973	1966	1976	1976	2115	1998	2016	2051	2038
304998	62	126	14	78	142	30	94	158	46	110	174	2001	2030	2131	1992	1984	1971	1989	2089	1984	2021	2035	2017
304998	62	126	14	78	142	30	94	158	46	110	174	2034	2009	2145	2034	2022	1968	2032	2054	1981	2018	2011	1998
304998	62	126	14	78	142	30	94	158	46	110	174	2048	1994	2164	2067	2047	1968	2057	2021	1981	2017	1999	1998
304998	62	126	14	78	142	30	94	158	46	110	174	2045	2005	2150	2062	2038	1970	2049	2038	1984	2020	2007	2007
304998	62	126	14	78	142	30	94	158	46	110	174	2023	2039	2127	2016	2000	1967	2016	2083	1986	2020	2027	2020
304998	62	126	14	78	142	30	94	158	46	110	174	2000	2050	2111	1975	1967	1975	1986	2116	1990	2020	2044	2025
304998	62	126	14	78	142	30	94	158	46	110	174	1996	2046	2124	1973	1966	1972	1988	2107	1990	2020	2054	2018
304998	62	126	14	78	142	30	94	158	46	110	174	2018	2023	2144	2006	1997	1969	2017	2071	1986	2018	2029	2019
304998	62	126	14	78	142	30	94	158	46	110	174	2042	1999	2162	2056	2040	1962	2057	2036	1989	2019	2004	2001
304998	62	126	14	78	142	30	94	158	46	110	174	2057	2003	2149	2069	2049	1966	2061	2028	1978	2017	1994	1999
304998	62	126	14	78	142	30	94	158	46	110	174	2041	2019	2135	2046	2016	1973	2050	2056	1987	2017	2013	2003
304998	62	126	14	78	142	30	94	158	46	110	174	2000	2029	2132	1996	1981	1976	1994	2092	1991	2020	2047	2024
304998	62	126	14	78	142	30	94	158	46	110	174	1992	2049	2121	1971	1960	1975	1968	2114	1996	2017	2059	2036
304998	62	126	14	78	142	30	94	158	46	110	174	2000	2044	2129	1987	1981	1972	1990	2100	1991	2018	2043	2022
304998	62	126	14	78	142	30	94	158	46	110	174	2029	2018	2147	2032	2020	1965	2037	2054	1981	2020	2011	1993
304998	62	126	14	78	142	30	94	158	46	110	174	2058	2002	2148	2063	2048	1966	2066	2027	1973	2017	1998	1995
304998	62	126	14	78	142	30	94	158	46	110	174	2055	1995	2140	2062	2040	1972	2057	2038	1987	2020	2002	2003
304998	62	126	14	78	142	30	94	158	46	110	174	2033	2025	2136	2021	2001	1978	2028	2074	1988	2021	2025	2019
304998	62	126	14	78	142	30	94	158	46	110	174	1996	2049	2123	1986	1966	1973	1990	2115	1987	2016	2048	2028
304998	62	126	14	78	142	30	94	158	46	110	174	1991	2052	2126	1974	1965	1968	1971	2112	1986	2021	2054	2020
304998	62	126	14	78	142	30	94	158	46	110	174	2011	2033	2132	2001	1999	1965	1999	2074	1993	2021	2031	2013
304998	62	126	14	78	142	30	94	158	46	110	174	2042	2003	2139	2051	2032	1970	2048	2043	1981	2021	2005	2007
304998	62	126	14	78	142	30	94	158	46	110	174	2058	1995	2157	2068	2048	1972	2059	2028	1981	2018	1994	1997
304998	62	126	14	78	142	30	94	158	46	110	174	2043	2009	2144	2046	2023	1971	2045	2052	1982	2018	2010	2001
304998	62	126	14	78	142	30	94	158	46	110	174	2014	2041	2128	2002	1982	1971	2002	2089	1987	2020	2044	2019
304998	62	126	14	78	142	30	94	158	46	110	174	1992	2059	2111	1970	1967	1971	1977	2114	2001	2022	2058	2033
304998	62	126	14	78	142	30	94	158	46	110	174	2003	2050	2118	1980	1978	1973	1989	2103	1986	2022	2041	2025
304998	62	126	14	78	142	30	94	158	46	110	174	2025	2015	2137	2021	2020	1968	2024	2063	1982	2020	2013	2007
304998	62	126	14	78	142	30	94	158	46	110	174	2052	1997	2155	2059	2051	1970	2059	2028	1977	2020	1997	1993
304998	62	126	14	78	142	30	94	158	46	110	174	2051	2003	2155	2061	2037	1974	2065	2028	1987	2019	2006	1995
304998	62	126	14	78	142	30	94	158	46	110	174	2028	2033	2134	2030	2009	1975	2038	2072	1985	2016	2022	2019
304998	62	126	14	78	142	30	94	158	46	110	174	2003	2054	2109	1985	1974	1973	1995	2114	1983	2022	2045	2030
304998	62	126	14	78	142	30	94	158	46	110	174	1994	2052	2110	1973	1965	1971	1974	2115	1987	2017	2047	2022
304998	62	126	14	78	142	30	94	158	46	110	174	2010	2032	2138	1997	1999	1973	1999	2084	1993	2021	2040	2013
304998	62	126	14	78	142	30	94	158	46	110	174	2038	2006	2157	2042	2033	1970	2050	2048	1987	2021	2010	2005
304998	62	126	14	78	142	30	94	158	46	110	174	2050	1998	2156	2068	2046	1970	2059	2025	1982	2020	1993	2000
304998	62	126	14	78	142	30	94	158	46	110	174	2044	2010	2139	2050	2028	1967	2049	2046	1984	2021	2004	2003
304998	62	126	14	78	142	30	94	158	46	110	174	2020	2042	2117	2004	1989	1969	2013	2088	1990	2022	2036	2017
304998	62	126	14	78	142	30	94	158	46	110	174	1998	2052	2114	1974	1961	1969	1981	2114	1999	2020	2056	2032
304998	62	126	14	78	142	30	94	158	46	110	174	1994	2048	2122	1975	1974	1971	1981	2107	1985	2022	2047	2031
304998	62	126	14	78	142	30	94	158	46	110	174	2023	2019	2149	2016	2013	1969	2034	2069	1981	2017	2019	2014
304998	62	126	14	78	142	30	94	158	46	110	174	2045	2002	2158	2055	2046	1970	2052	2029	1975	2020	1996	1993
304998	62	126	14	78	142	30	94	158	46	110	174	2058	2006	2144	2065	2047	1968	2067	2031	1988	2017	2001	1998
304998	62	126	14	78	142	30	94	158	46	110	174	2035	2021	2125	2034	2010	1972	2036	2068	1984	2017	2019	2017
304998	62	126	14	78	142	30	94	158	46	110	174	2000	2046	2121	1987	1976	1971	1988	2107	1984	2021	2044	2031
304998	62	126	14	78	142	30	94	158	46	110	174	1993	2050	2122	1968	1960	1978	1978	2119	1984	2016	2048	2026
304998	62	126	14	78	142	30	94	158	46	110	174	2005	2039	2139	1993	1993	1973	2001	2090	1990	2019	2036	2011
304998	62	126	14	78	142	30	94	158	46	110	174	2037	2019	2146	2034	2029	1970	2035	2048	1982	2022	2010	2006
304998	62	126	14	78	142	30	94	158	46	110	174	2054	1996	2144	2066	2049	1965	2067	2027	1987	2016	1996	2005
304998	62	126	14	78	142	30	94	158	46	110	174	2050	2004	2140	2058	2038	1968	2073	2044	1983	2020	2002	2006
304998	62	126	14	78	142	30	94	158	46	110	174	2023	2034	2128	2013	1997	1965	2018	2086	1983	2021	2034	2013
304998	62	126	14	78	142	30	94	158	46	110	174	1999	2058	2121	1977	1962	1978	1985	2117	1994	2022	2057	2029
304998	62	126	14	78	142	30	94	158	46	110	174	1995	2055	2129	1970	1967	1978	1975	2112	1993	2017	2050	2039
304998	62	126	14	78	142	30	94	158	46	110	174	2023	2036	2130	2012	2008	1979	2028	2075	1983	2019	2023	2016
304998	62	126	14	78	142	30	94	158	46	110	174	2048	2002	2152	2058	2040	1967	2052	2030	1983	2020	1995	1991
304998	62	126	14	78	142	30	94	158	46	110	174	2062	1996	2148	2065	2047	1963	2063	2029	1987	2017	1996	1995
304998	62	126	14	78	142	30	94	158	46	110	174	2040	2018	2143	2037	2016	1967	2031	2060	1984	2017	2020	2016
304998	62	126	14	78	142	30	94	158	46	110	174	2006	2046	2127	1997	1980	1970	2004	2108	1987	2021	2042	2029
304998	62	126	14	78	142	30	94	158	46	110	174	1993	2062	2118	1967	1967	1974	1985	2120	1985	2016	2048	2025
304998	62	126	14	78	142	30	94	158	46	110	174	2008	2046	2118	1987	1985	1978	2009	2097	1992	2017	2040	2012
304998	62	126	14	78	142	30	94	158	46	110	174	2038	2014	2140	2031	2022	1969	2033	2058	1987	2022	2015	2006
304998	62	126	14	78	142	30	94	158	46	110	174	2049	1993	2151	2064	2048	1968	2060	2027	1985	2018	1995	2003
304998	62	126	14	78	142	30	94	158	46	110	174	2051	2003	2151	2056	2039	1963	2065	2043	1981	2017	2000	2003
304998	62	126	14	78	142	30	94	158	46	110	174	2019	2033	2132	2016	1998	1975	2013	2073	1993	2020	2025	2013
304998	62	126	14	78	142	30	94	158	46	110	174	2000	2061	2113	1975	1972	1975	1985	2114	1996	2017	2058	2024
304998	62	126	14	78	142	30	94	158	46	110	174	1992	2054	2118	1979	1957	1983	1982	2115	1987	2023	2049	2031
304998	62	126	14	78	142	30	94	158	46	110	174	2020	2025	2133	2008	1991	1970	2020	2077	1987	2018	2026	2017
304998	62	126	14	78	142	30	94	158	46	110	174	2046	2000	2150	2053	2036	1967	2046	2031	1979	2020	1993	1995
304998	62	126	14	78	142	30	94	158	46	110	174	2062	1994	2154	2070	2047	1968	2073	2034	1982	2018	1993	1992
304998	62	126	14	78	142	30	94	158	46	110	174	2035	2016	2146	2044	2024	1968	2039	2057	1985	2022	2018	2012
304998	62	126	14	78	142	30	94	158	46	110	174	2018	2051	2119	1995	1981	1971	2018	2103	1984	2017	2038	2031
304998	62	126	14	78	142	30	94	158	46	110	174	1996	2057	2114	1970	1964	1973	1982	2114	1989	2016	2051	2032
304998	62	126	14	78	142	30	94	158	46	110	174	2000	2044	2124	1982	1986	1974	1986	2097	1995	2019	2042	2014
304998	62	126	14	78	142	30	94	158	46	110	174	2026	2010	2155	2029	2014	1975	2021	2057	1983	2021	2018	2002
304998	62	126	14	78	142	30	94	158	46	110	174	2057	1998	2157	2063	2045	1965	2065	2028	1979	2016	1993	2005
304998	62	126	14	78	142	30	94	158	46	110	174	2052	2008	2155	2064	2042	1965	2054	2030	1987	2021	1995	2001
304998	62	126	14	78	142	30	94	158	46	110	174	2034	2028	2127	2023	2004	1975	2019	2068	1994	2017	2020	2009
304998	62	126	14	78	142	30	94	158	46	110	174	2001	2046	2120	1981	1969	1972	1993	2114	1993	2020	2054	2024
304998	62	126	14	78	142	30	94	158	46	110	174	1994	2051	2121	1965	1963	1976	1998	2120	1986	2020	2056	2029
304998	62	126	14	78	142	30	94	158	46	110	174	2014	2031	2134	2009	1980	1978	2025	2082	1981	2021	2029	2018
304998	62	126	14	78	142	30	94	158	46	110	174	2038	2004	2151	2047	2034	1963	2037	2036	1988	2016	1997	2002
304998	62	126	14	78	142	30	94	158	46	110	174	2056	1999	2150	2071	2050	1965	2064	2033	1988	2021	1996	1990
304998	62	126	14	78	142	30	94	158	46	110	174	2042	2008	2138	2048	2030	1970	2041	2049	1983	2020	2013	2007
304998	62	126	14	78	142	30	94	158	46	110	174	2018	2036	2123	2005	1986	1972	2015	2095	1985	2019	2037	2027
304998	62	126	14	78	142	30	94	158	46	110	174	1989	2051	2122	1968	1967	1969	1973	2111	1993	2016	2050	2035
304998	62	126	14	78	142	30	94	158	46	110	174	1998	2046	2128	1983	1973	1980	2006	2105	1993	2020	2040	2014
304998	62	126	14	78	142	30	94	158	46	110	174	2027	2017	2152	2021	2013	1966	2017	2063	1983	2020	2023	2003
304998	62	126	14	78	142	30	94	158	46	110	174	2057	2002	2144	2064	2041	1974	2065	2036	1975	2017	1997	2004
304998	62	126	14	78	142	30	94	158	46	110	174	2054	1996	2144	2072	2038	1979	2057	2025	1989	2022	1995	2003
304998	62	126	14	78	142	30	94	158	46	110	174	2027	2018	2130	2028	2012	1974	2024	2062	1992	2017	2015	2009
304998	62	126	14	78	142	30	94	158	46	110	174	2002	2042	2128	1990	1965	1975	1997	2112	1984	2021	2049	2020
304998	62	126	14	78	142	30	94	158	46	110	174	1993	2059	2127	1974	1963	1971	1986	2114	1983	2020	2059	2028
304998	62	126	14	78	142	30	94	158	46	110	174	2012	2042	2128	1998	1996	1965	1995	2083	1982	2016	2037	2020
304998	62	126	14	78	142	30	94	158	46	110	174	2044	2010	2140	2045	2031	1968	2033	2043	1991	2022	2000	2004
304998	62	126	14	78	142	30	94	158	46	110	174	2064	1989	2153	2068	2050	1972	2059	2027	1984	2020	1988	1994
304998	62	126	14	78	142	30	94	158	46	110	174	2042	1998	2148	2050	2035	1973	2045	2047	1987	2022	2010	2000
304998	62	126	14	78	142	30	94	158	46	110	174	2008	2025	2147	2012	1977	1981	2012	2083	1981	2017	2040	2023
304998	62	126	14	78	142	30	94	158	46	110	174	1991	2056	2127	1977	1965	1965	1988	2107	1988	2020	2054	2030
304998	62	126	14	78	142	30	94	158	46	110	174	1999	2051	2121	1980	1972	1965	1988	2112	1987	2019	2044	2015
304998	62	126	14	78	142	30	94	158	46	110	174	2025	2021	2131	2021	2007	1974	2017	2073	1985	2016	2022	2005
304998	62	126	14	78	142	30	94	158	46	110	174	2048	1993	2149	2056	2045	1970	2058	2033	1978	2021	2005	1999
304998	62	126	14	78	142	30	94	158	46	110	174	2052	1993	2151	2070	2044	1973	2080	2028	1986	2016	1998	2004
304998	62	126	14	78	142	30	94	158	46	110	174	2033	2016	2139	2043	1997	1985	2041	2063	1990	2019	2016	2015
304998	62	126	14	78	142	30	94	158	46	110	174	2000	2049	2121	1995	1977	1970	1998	2104	1985	2020	2045	2017
304998	62	126	14	78	142	30	94	158	46	110	174	1996	2052	2122	1973	1951	1974	1979	2111	1986	2019	2061	2023
304998	62	126	14	78	142	30	94	158	46	110	174	2005	2031	2131	1998	1983	1970	1989	2082	1984	2020	2041	2021
304998	62	126	14	78	142	30	94	158	46	110	174	2036	2002	2146	2035	2030	1971	2033	2046	1996	2021	2010	2009
304998	62	126	14	78	142	30	94	158	46	110	174	2044	1982	2158	2069	2037	1979	2057	2025	1987	2020	1988	1998
304998	62	126	14	78	142	30	94	158	46	110	174	2051	2001	2149	2068	2026	1968	2048	2038	1985	2020	2003	1999
304998	62	126	14	78	142	30	94	158	46	110	174	2019	2031	2134	2019	1995	1969	2009	2074	1985	2018	2037	2018
304998	62	126	14	78	142	30	94	158	46	110	174	2000	2051	2111	1988	1943	1980	1986	2106	1991	2021	2055	2032
304998	62	126	14	78	142	30	94	158	46	110	174	1987	2040	2123	1981	1968	1969	1975	2102	1990	2020	2048	2028
304998	62	126	14	78	142	30	94	158	46	110	174	2018	2021	2140	2014	2004	1976	2034	2075	1986	2019	2020	2011
304998	62	126	14	78	142	30	94	158	46	110	174	2049	1994	2162	2061	2039	1972	2053	2028	1983	2021	2001	1990
304998	62	126	14	78	142	30	94	158	46	110	174	2057	1997	2145	2065	2047	1975	2066	2023	1987	2017	1998	2005
304998	62	126	14	78	142	30	94	158	46	110	174	2039	2010	2136	2045	2007	1974	2031	2053	1992	2018	2017	2014
304998	62	126	14	78	142	30	94	158	46	110	174	1996	2027	2133	2005	1968	1970	1992	2092	1984	2020	2042	2025
304998	62	126	14	78	142	30	94	158	46	110	174	1987	2049	2126	1975	1963	1970	1977	2114	1983	2018	2055	2019
304998	62	126	14	78	142	30	94	158	46	110	174	1994	2033	2148	1992	1969	1978	1983	2086	1985	2022	2047	2015
304998	62	126	14	78	142	30	94	158	46	110	174	2029	2009	2142	2034	2015	1974	2027	2051	1992	2021	2022	2010
304998	62	126	14	78	142	30	94	158	46	110	174	2052	1994	2143	2068	2048	1967	2065	2026	1990	2021	1995	2006
304998	62	126	14	78	142	30	94	158	46	110	174	2046	1993	2147	2069	2026	1978	2049	2031	1984	2022	1999	2007
304998	62	126	14	78	142	30	94	158	46	110	174	2020	2017	2137	2026	1993	1969	2016	2070	1986	2017	2026	2009
304998	62	126	14	78	142	30	94	158	46	110	174	1991	2045	2133	1987	1953	1974	1977	2100	1992	2016	2057	2028
304998	62	126	14	78	142	30	94	158	46	110	174	1980	2046	2143	1983	1954	1970	1971	2106	1987	2023	2056	2028
304998	62	126	14	78	142	30	94	158	46	110	174	2011	2027	2134	2010	1995	1969	2008	2074	1982	2022	2031	2024
304998	62	126	14	78	142	30	94	158	46	110	174	2039	1993	2141	2057	2026	1981	2038	2031	1983	2021	2000	2001
304998	62	126	14	78	142	30	94	158	46	110	174	2051	1983	2151	2069	2047	1974	2060	2018	1992	2019	1997	1992
