304998	62	126	14	78	142	30	94	158	46	110	174	2038	2004	2151	2047	2034	1963	2037	2036	1988	2016	1997	2002
304998	62	126	14	78	142	30	94	158	46	110	174	2056	1999	2150	2071	2050	1965	2064	2033	1988	2021	1996	1990
304998	62	126	14	78	142	30	94	158	46	110	174	2042	2008	2138	2048	2030	1970	2041	2049	1983	2020	2013	2007
304998	62	126	14	78	142	30	94	158	46	110	174	2018	2036	2123	2005	1986	1972	2015	2095	1985	2019	2037	2027
304998	62	126	14	78	142	30	94	158	46	110	174	1989	2051	2122	1968	1967	1969	1973	2111	1993	2016	2050	2035
304998	62	126	14	78	142	30	94	158	46	110	174	1998	2046	2128	1983	1973	1980	2006	2105	1993	2020	2040	2014
304998	62	126	14	78	142	30	94	158	46	110	174	2027	2017	2152	2021	2013	1966	2017	2063	1983	2020	2023	2003
304998	62	126	14	78	142	30	94	158	46	110	174	2057	2002	2144	2064	2041	1974	2065	2036	1975	2017	1997	2004
304998	62	126	14	78	142	30	94	158	46	110	174	2054	1996	2144	2072	2038	1979	2057	2025	1989	2022	1995	2003
304998	62	126	14	78	142	30	94	158	46	110	174	2027	2018	2130	2028	2012	1974	2024	2062	1992	2017	2015	2009
304998	62	126	14	78	142	30	94	158	46	110	174	2002	2042	2128	1990	1965	1975	1997	2112	1984	2021	2049	2020
304998	62	126	14	78	142	30	94	158	46	110	174	1993	2059	2127	1974	1963	1971	1986	2114	1983	2020	2059	2028
304998	62	126	14	78	142	30	94	158	46	110	174	2012	2042	2128	1998	1996	1965	1995	2083	1982	2016	2037	2020
304998	62	126	14	78	142	30	94	158	46	110	174	2044	2010	2140	2045	2031	1968	2033	2043	1991	2022	2000	2004
304998	62	126	14	78	142	30	94	158	46	110	174	2064	1989	2153	2068	2050	1972	2059	2027	1984	2020	1988	1994
304998	62	126	14	78	142	30	94	158	46	110	174	2042	1998	2148	2050	2035	1973	2045	2047	1987	2022	2010	2000
304998	62	126	14	78	142	30	94	158	46	110	174	2008	2025	2147	2012	1977	1981	2012	2083	1981	2017	2040	2023
304998	62	126	14	78	142	30	94	158	46	110	174	1991	2056	2127	1977	1965	1965	1988	2107	1988	2020	2054	2030
304998	62	126	14	78	142	30	94	158	46	110	174	1999	2051	2121	1980	1972	1965	1988	2112	1987	2019	2044	2015
304998	62	126	14	78	142	30	94	158	46	110	174	2025	2021	2131	2021	2007	1974	2017	2073	1985	2016	2022	2005
304998	62	126	14	78	142	30	94	158	46	110	174	2048	1993	2149	2056	2045	1970	2058	2033	1978	2021	2005	1999
304998	62	126	14	78	142	30	94	158	46	110	174	2052	1993	2151	2070	2044	1973	2080	2028	1986	2016	1998	2004
304998	62	126	14	78	142	30	94	158	46	110	174	2033	2016	2139	2043	1997	1985	2041	2063	1990	2019	2016	2015
304998	62	126	14	78	142	30	94	158	46	110	174	2000	2049	2121	1995	1977	1970	1998	2104	1985	2020	2045	2017
304998	62	126	14	78	142	30	94	158	46	110	174	1996	2052	2122	1973	1951	1974	1979	2111	1986	2019	2061	2023
304998	62	126	14	78	142	30	94	158	46	110	174	2005	2031	2131	1998	1983	1970	1989	2082	1984	2020	2041	2021
304998	62	126	14	78	142	30	94	158	46	110	174	2036	2002	2146	2035	2030	1971	2033	2046	1996	2021	2010	2009
304998	62	126	14	78	142	30	94	158	46	110	174	2044	1982	2158	2069	2037	1979	2057	2025	1987	2020	1988	1998
304998	62	126	14	78	142	30	94	158	46	110	174	2051	2001	2149	2068	2026	1968	2048	2038	1985	2020	2003	1999
304998	62	126	14	78	142	30	94	158	46	110	174	2019	2031	2134	2019	1995	1969	2009	2074	1985	2018	2037	2018
304998	62	126	14	78	142	30	94	158	46	110	174	2000	2051	2111	1988	1943	1980	1986	2106	1991	2021	2055	2032
304998	62	126	14	78	142	30	94	158	46	110	174	1987	2040	2123	1981	1968	1969	1975	2102	1990	2020	2048	2028
304998	62	126	14	78	142	30	94	158	46	110	174	2018	2021	2140	2014	2004	1976	2034	2075	1986	2019	2020	2011
304998	62	126	14	78	142	30	94	158	46	110	174	2049	1994	2162	2061	2039	1972	2053	2028	1983	2021	2001	1990
304998	62	126	14	78	142	30	94	158	46	110	174	2057	1997	2145	2065	2047	1975	2066	2023	1987	2017	1998	2005
304998	62	126	14	78	142	30	94	158	46	110	174	2039	2010	2136	2045	2007	1974	2031	2053	1992	2018	2017	2014
304998	62	126	14	78	142	30	94	158	46	110	174	1996	2027	2133	2005	1968	1970	1992	2092	1984	2020	2042	2025
304998	62	126	14	78	142	30	94	158	46	110	174	1987	2049	2126	1975	1963	1970	1977	2114	1983	2018	2055	2019
304998	62	126	14	78	142	30	94	158	46	110	174	1994	2033	2148	1992	1969	1978	1983	2086	1985	2022	2047	2015
304998	62	126	14	78	142	30	94	158	46	110	174	2029	2009	2142	2034	2015	1974	2027	2051	1992	2021	2022	2010
304998	62	126	14	78	142	30	94	158	46	110	174	2052	1994	2143	2068	2048	1967	2065	2026	1990	2021	1995	2006
304998	62	126	14	78	142	30	94	158	46	110	174	2046	1993	2147	2069	2026	1978	2049	2031	1984	2022	1999	2007
304998	62	126	14	78	142	30	94	158	46	110	174	2020	2017	2137	2026	1993	1969	2016	2070	1986	2017	2026	2009
304998	62	126	14	78	142	30	94	158	46	110	174	1991	2045	2133	1987	1953	1974	1977	2100	1992	2016	2057	2028
304998	62	126	14	78	142	30	94	158	46	110	174	1980	2046	2143	1983	1954	1970	1971	2106	1987	2023	2056	2028
304998	62	126	14	78	142	30	94	158	46	110	174	2011	2027	2134	2010	1995	1969	2008	2074	1982	2022	2031	2024
304998	62	126	14	78	142	30	94	158	46	110	174	2039	1993	2141	2057	2026	1981	2038	2031	1983	2021	2000	2001
304998	62	126	14	78	142	30	94	158	46	110	174	2051	1983	2151	2069	2047	1974	2060	2018	1992	2019	1997	1992
304998	62	126	14	78	142	30	94	158	46	110	174	2037	2005	2148	2048	2015	1978	2044	2048	1992	2022	2019	2008
304998	62	126	14	78	142	30	94	158	46	110	174	2006	2035	2134	2010	1966	1977	1992	2092	1985	2020	2044	2032
304998	62	126	14	78	142	30	94	158	46	110	174	1985	2052	2119	1978	1962	1966	1970	2113	1983	2022	2055	2028
304998	62	126	14	78	142	30	94	158	46	110	174	1998	2040	2125	1990	1968	1977	1993	2096	1985	2017	2042	2017
304998	62	126	14	78	142	30	94	158	46	110	174	2016	2003	2155	2030	2015	1974	2017	2049	1992	2020	2020	2005
304998	62	126	14	78	142	30	94	158	46	110	174	2049	1988	2154	2064	2043	1977	2062	2038	1981	2021	2002	2005
304998	62	126	14	78	142	30	94	158	46	110	174	2044	1994	2149	2072	2019	1977	2060	2029	1987	2020	2003	2010
304998	62	126	14	78	142	30	94	158	46	110	174	2015	2017	2137	2032	2004	1971	2017	2066	1983	2020	2026	2018
304998	62	126	14	78	142	30	94	158	46	110	174	2000	2049	2118	1990	1956	1973	1981	2101	1989	2022	2050	2020
304998	62	126	14	78	142	30	94	158	46	110	174	1981	2039	2134	1983	1965	1967	1964	2109	1992	2020	2062	2022
304998	62	126	14	78	142	30	94	158	46	110	174	2009	2025	2137	2007	1993	1973	2003	2078	1984	2021	2042	2017
304998	62	126	14	78	142	30	94	158	46	110	174	2035	1999	2150	2051	2018	1980	2039	2036	1985	2021	2008	2009
304998	62	126	14	78	142	30	94	158	46	110	174	2041	1996	2147	2071	2041	1975	2055	2017	1990	2018	1995	1999
304998	62	126	14	78	142	30	94	158	46	110	174	2042	2000	2133	2059	2015	1978	2041	2037	1996	2020	2013	2001
304998	62	126	14	78	142	30	94	158	46	110	174	1995	2017	2140	2013	1982	1973	1994	2085	1991	2017	2047	2019
304998	62	126	14	78	142	30	94	158	46	110	174	1987	2046	2133	1982	1962	1966	1970	2107	1985	2020	2067	2034
304998	62	126	14	78	142	30	94	158	46	110	174	1992	2045	2142	1990	1965	1970	1983	2099	1982	2022	2054	2028
304998	62	126	14	78	142	30	94	158	46	110	174	2019	2018	2138	2026	2008	1973	2005	2064	1993	2019	2021	2008
304998	62	126	14	78	142	30	94	158	46	110	174	2049	1988	2139	2064	2035	1976	2061	2025	1995	2019	1998	1995
304998	62	126	14	78	142	30	94	158	46	110	174	2040	1979	2156	2068	2038	1977	2052	2026	1991	2017	2008	2000
304998	62	126	14	78	142	30	94	158	46	110	174	2031	2016	2137	2034	2007	1975	2033	2060	1987	2020	2031	2025
304998	62	126	14	78	142	30	94	158	46	110	174	1998	2044	2137	1998	1963	1975	1989	2092	1982	2017	2051	2034
304998	62	126	14	78	142	30	94	158	46	110	174	1989	2055	2116	1979	1961	1965	1968	2107	1988	2018	2055	2026
304998	62	126	14	78	142	30	94	158	46	110	174	2006	2029	2129	2008	1984	1973	1993	2084	1986	2020	2040	2010
304998	62	126	14	78	142	30	94	158	46	110	174	2026	1989	2148	2048	2020	1977	2026	2039	1987	2017	2017	2007
304998	62	126	14	78	142	30	94	158	46	110	174	2049	1987	2155	2068	2044	1979	2058	2019	1982	2017	1998	2004
304998	62	126	14	78	142	30	94	158	46	110	174	2040	2002	2150	2054	2016	1979	2049	2031	1993	2020	2010	2012
304998	62	126	14	78	142	30	94	158	46	110	174	2017	2030	2122	2017	1985	1968	2008	2081	1993	2019	2035	2018
304998	62	126	14	78	142	30	94	158	46	110	174	1993	2046	2114	1984	1960	1968	1972	2115	1987	2017	2057	2025
304998	62	126	14	78	142	30	94	158	46	110	174	1983	2034	2134	1985	1966	1967	1972	2097	1985	2022	2060	2019
304998	62	126	14	78	142	30	94	158	46	110	174	2017	2017	2142	2018	2001	1973	2007	2063	1982	2022	2032	2022
304998	62	126	14	78	142	30	94	158	46	110	174	2041	1990	2153	2060	2029	1982	2043	2020	1996	2021	2001	2002
304998	62	126	14	78	142	30	94	158	46	110	174	2049	1993	2139	2066	2038	1973	2060	2025	1993	2019	1996	1999
304998	62	126	14	78	142	30	94	158	46	110	174	2034	2008	2131	2044	2008	1974	2027	2057	1989	2020	2029	2009
304998	62	126	14	78	142	30	94	158	46	110	174	1998	2030	2133	2005	1971	1972	1987	2092	1985	2020	2054	2025
304998	62	126	14	78	142	30	94	158	46	110	174	1986	2049	2126	1979	1955	1968	1973	2104	1986	2019	2064	2037
304998	62	126	14	78	142	30	94	158	46	110	174	2002	2040	2127	1997	1976	1977	1988	2090	1993	2017	2044	2020
304998	62	126	14	78	142	30	94	158	46	110	174	2028	2008	2131	2043	2017	1975	2036	2051	1986	2020	2016	2008
304998	62	126	14	78	142	30	94	158	46	110	174	2052	1985	2143	2070	2042	1976	2066	2026	1984	2020	2004	1997
304998	62	126	14	78	142	30	94	158	46	110	174	2044	1995	2146	2060	2034	1975	2049	2033	1986	2021	2013	2013
304998	62	126	14	78	142	30	94	158	46	110	174	2012	2025	2138	2020	1986	1976	2014	2074	1994	2017	2039	2020
304998	62	126	14	78	142	30	94	158	46	110	174	1989	2054	2123	1983	1963	1972	1975	2106	1984	2017	2056	2029
304998	62	126	14	78	142	30	94	158	46	110	174	1991	2046	2118	1983	1957	1969	1973	2105	1985	2016	2054	2019
304998	62	126	14	78	142	30	94	158	46	110	174	2005	2014	2135	2014	1997	1970	2011	2069	1986	2020	2040	2014
304998	62	126	14	78	142	30	94	158	46	110	174	2039	1994	2150	2058	2028	1979	2047	2033	1989	2018	2010	2009
304998	62	126	14	78	142	30	94	158	46	110	174	2046	1986	2154	2072	2035	1980	2049	2023	1995	2019	2000	2009
304998	62	126	14	78	142	30	94	158	46	110	174	2031	2014	2131	2047	2015	1976	2045	2053	1991	2017	2018	2013
304998	62	126	14	78	142	30	94	158	46	110	174	2001	2035	2122	2007	1966	1976	1991	2088	1986	2020	2048	2018
304998	62	126	14	78	142	30	94	158	46	110	174	1983	2046	2122	1980	1956	1963	1967	2109	1983	2021	2067	2029
304998	62	126	14	78	142	30	94	158	46	110	174	1995	2033	2138	1998	1972	1975	1990	2085	1995	2020	2051	2026
304998	62	126	14	78	142	30	94	158	46	110	174	2018	2006	2147	2037	2009	1981	2020	2051	1998	2020	2019	2013
304998	62	126	14	78	142	30	94	158	46	110	174	2051	1996	2139	2063	2043	1980	2064	2028	1989	2021	1993	2000
304998	62	126	14	78	142	30	94	158	46	110	174	2042	1992	2144	2064	2028	1979	2051	2036	1990	2022	2011	2001
304998	62	126	14	78	142	30	94	158	46	110	174	2021	2023	2129	2029	1995	1970	2015	2072	1983	2018	2035	2017
304998	62	126	14	78	142	30	94	158	46	110	174	1989	2046	2138	1992	1962	1970	1980	2108	1992	2020	2062	2039
304998	62	126	14	78	142	30	94	158	46	110	174	1983	2048	2134	1981	1957	1968	1969	2106	1988	2016	2056	2027
304998	62	126	14	78	142	30	94	158	46	110	174	2009	2029	2125	2011	1993	1975	2007	2077	1985	2020	2031	2015
304998	62	126	14	78	142	30	94	158	46	110	174	2029	1987	2144	2049	2025	1975	2034	2034	1987	2020	2012	1999
304998	62	126	14	78	142	30	94	158	46	110	174	2051	1988	2148	2071	2043	1978	2058	2027	1993	2017	2001	2009
304998	62	126	14	78	142	30	94	158	46	110	174	2030	2001	2149	2057	2007	1974	2036	2048	1995	2020	2016	2016
304998	62	126	14	78	142	30	94	158	46	110	174	2005	2039	2126	2010	1978	1973	2003	2093	1984	2022	2040	2025
304998	62	126	14	78	142	30	94	158	46	110	174	1993	2056	2118	1982	1958	1969	1993	2114	1983	2020	2061	2024
304998	62	126	14	78	142	30	94	158	46	110	174	1990	2033	2127	1992	1969	1969	1977	2089	1982	2016	2056	2017
304998	62	126	14	78	142	30	94	158	46	110	174	2024	2010	2142	2027	2008	1970	2020	2059	1992	2021	2027	2019
304998	62	126	14	78	142	30	94	158	46	110	174	2043	1987	2153	2066	2035	1976	2057	2028	1992	2017	2002	2008
304998	62	126	14	78	142	30	94	158	46	110	174	2046	1998	2144	2067	2032	1975	2056	2029	1984	2018	2001	2004
304998	62	126	14	78	142	30	94	158	46	110	174	2025	2019	2130	2030	2002	1971	2017	2065	1981	2018	2031	2012
304998	62	126	14	78	142	30	94	158	46	110	174	1993	2039	2127	1994	1965	1969	1983	2101	1993	2021	2060	2020
304998	62	126	14	78	142	30	94	158	46	110	174	1987	2049	2129	1976	1957	1966	1973	2111	1984	2020	2061	2034
304998	62	126	14	78	142	30	94	158	46	110	174	2003	2032	2139	2007	1983	1965	1998	2082	1987	2019	2036	2019
304998	62	126	14	78	142	30	94	158	46	110	174	2031	2003	2139	2046	2025	1974	2033	2039	1988	2020	2006	2005
304998	62	126	14	78	142	30	94	158	46	110	174	2054	1990	2137	2066	2044	1981	2072	2025	1995	2021	1998	1996
304998	62	126	14	78	142	30	94	158	46	110	174	2037	1994	2143	2050	2021	1977	2045	2048	1998	2021	2017	2014
304998	62	126	14	78	142	30	94	158	46	110	174	2014	2031	2130	2012	1982	1965	2009	2089	1983	2022	2043	2030
304998	62	126	14	78	142	30	94	158	46	110	174	1984	2058	2126	1984	1954	1965	1978	2114	1983	2020	2060	2025
304998	62	126	14	78	142	30	94	158	46	110	174	1989	2047	2119	1985	1970	1971	1985	2098	1986	2018	2051	2017
304998	62	126	14	78	142	30	94	158	46	110	174	2021	2016	2133	2021	1999	1981	2015	2062	1995	2017	2029	2008
304998	62	126	14	78	142	30	94	158	46	110	174	2047	1991	2148	2057	2042	1984	2049	2038	1992	2021	2005	2008
304998	62	126	14	78	142	30	94	158	46	110	174	2048	1992	2149	2062	2031	1981	2070	2033	1993	2016	1998	2010
304998	62	126	14	78	142	30	94	158	46	110	174	2025	2024	2140	2036	1998	1968	2037	2060	1981	2016	2022	2011
304998	62	126	14	78	142	30	94	158	46	110	174	1999	2046	2121	1995	1970	1965	1992	2098	1984	2017	2056	2012
304998	62	126	14	78	142	30	94	158	46	110	174	1985	2046	2122	1986	1950	1975	1967	2114	1987	2020	2062	2027
304998	62	126	14	78	142	30	94	158	46	110	174	2003	2030	2130	1997	1985	1974	2000	2089	1983	2021	2046	2025
304998	62	126	14	78	142	30	94	158	46	110	174	2026	2003	2150	2045	2011	1983	2031	2043	1987	2019	2010	2007
304998	62	126	14	78	142	30	94	158	46	110	174	2050	1994	2147	2069	2040	1978	2062	2027	1992	2019	1992	1997
304998	62	126	14	78	142	30	94	158	46	110	174	2046	2006	2133	2054	2022	1981	2043	2041	1996	2017	2015	2007
304998	62	126	14	78	142	30	94	158	46	110	174	2018	2025	2125	2019	1990	1971	2012	2087	1984	2016	2038	2020
304998	62	126	14	78	142	30	94	158	46	110	174	1992	2049	2128	1986	1965	1965	1987	2114	1985	2017	2059	2034
304998	62	126	14	78	142	30	94	158	46	110	174	1987	2043	2134	1984	1957	1972	1980	2103	1984	2022	2051	2019
304998	62	126	14	78	142	30	94	158	46	110	174	2016	2026	2141	2017	2001	1975	2013	2066	1994	2017	2029	2004
304998	62	126	14	78	142	30	94	158	46	110	174	2045	2000	2133	2056	2029	1979	2047	2041	1996	2017	2009	2010
304998	62	126	14	78	142	30	94	158	46	110	174	2052	1984	2140	2064	2038	1980	2061	2030	1995	2020	1998	2009
304998	62	126	14	78	142	30	94	158	46	110	174	2031	2015	2138	2037	2011	1971	2048	2062	1982	2020	2016	2010
304998	62	126	14	78	142	30	94	158	46	110	174	2000	2042	2135	1999	1968	1967	2004	2095	1986	2017	2050	2017
304998	62	126	14	78	142	30	94	158	46	110	174	1984	2058	2123	1984	1959	1964	1974	2114	1987	2020	2065	2022
304998	62	126	14	78	142	30	94	158	46	110	174	2001	2037	2126	1999	1972	1970	1990	2090	1984	2017	2045	2019
304998	62	126	14	78	142	30	94	158	46	110	174	2028	2000	2148	2034	2017	1976	2020	2048	1987	2016	2014	2014
304998	62	126	14	78	142	30	94	158	46	110	174	2054	1987	2150	2063	2041	1981	2071	2029	1997	2017	1997	2003
304998	62	126	14	78	142	30	94	158	46	110	174	2045	2000	2152	2060	2025	1984	2059	2042	1992	2018	2006	1998
304998	62	126	14	78	142	30	94	158	46	110	174	2021	2036	2130	2020	1994	1966	2016	2080	1985	2018	2035	2020
304998	62	126	14	78	142	30	94	158	46	110	174	1991	2049	2123	1988	1957	1969	1982	2101	1979	2020	2059	2030
304998	62	126	14	78	142	30	94	158	46	110	174	1984	2040	2131	1980	1964	1970	1970	2100	1986	2018	2051	2022
304998	62	126	14	78	142	30	94	158	46	110	174	2012	2026	2140	2008	1999	1977	2015	2080	1993	2017	2029	2004
304998	62	126	14	78	142	30	94	158	46	110	174	2032	1999	2149	2050	2030	1977	2042	2041	1996	2020	2010	2009
304998	62	126	14	78	142	30	94	158	46	110	174	2056	1997	2141	2069	2044	1980	2071	2036	1991	2020	1999	2011
304998	62	126	14	78	142	30	94	158	46	110	174	2035	2005	2134	2047	2009	1971	2034	2050	1988	2020	2015	2013
304998	62	126	14	78	142	30	94	158	46	110	174	2007	2036	2125	2006	1983	1965	2004	2092	1988	2020	2042	2017
304998	62	126	14	78	142	30	94	158	46	110	174	1990	2051	2128	1981	1967	1964	1973	2113	1987	2018	2064	2019
304998	62	126	14	78	142	30	94	158	46	110	174	2000	2039	2132	1993	1973	1969	1990	2097	1985	2018	2050	2022
304998	62	126	14	78	142	30	94	158	46	110	174	2028	2017	2132	2030	2016	1972	2030	2059	1987	2018	2015	2017
304998	62	126	14	78	142	30	94	158	46	110	174	2054	1993	2138	2063	2041	1978	2078	2029	2000	2018	1997	2009
304998	62	126	14	78	142	30	94	158	46	110	174	2051	1997	2141	2056	2034	1973	2048	2041	1995	2018	1999	2002
