304998	62	126	14	78	142	30	94	158	46	110	174	2039	2007	2147	2048	2024	1960	2036	2045	1973	2022	2012	1995
304998	62	126	14	78	142	30	94	158	46	110	174	2017	2028	2135	2014	1990	1980	2009	2076	1997	2018	2040	2020
304998	62	126	14	78	142	30	94	158	46	110	174	2001	2051	2120	1983	1970	1990	1988	2103	2008	2022	2050	2041
304998	62	126	14	78	142	30	94	158	46	110	174	2002	2044	2118	1985	1971	1979	1983	2100	1994	2020	2041	2026
304998	62	126	14	78	142	30	94	158	46	110	174	2027	2016	2130	2017	2005	1968	2013	2072	1986	2018	2020	1999
304998	62	126	14	78	142	30	94	158	46	110	174	2038	1999	2154	2053	2036	1956	2044	2037	1968	2020	2007	1998
304998	62	126	14	78	142	30	94	158	46	110	174	2046	2004	2155	2056	2040	1959	2052	2033	1976	2017	2008	1999
304998	62	126	14	78	142	30	94	158	46	110	174	2031	2022	2148	2039	2010	1971	2028	2067	1985	2022	2021	2019
304998	62	126	14	78	142	30	94	158	46	110	174	2001	2039	2122	1993	1977	1989	1995	2093	1997	2019	2040	2026
304998	62	126	14	78	142	30	94	158	46	110	174	2000	2051	2107	1978	1968	1984	1988	2106	1998	2017	2053	2025
304998	62	126	14	78	142	30	94	158	46	110	174	2009	2031	2123	1999	1991	1971	1996	2082	1994	2019	2039	2023
304998	62	126	14	78	142	30	94	158	46	110	174	2034	2010	2148	2033	2019	1960	2030	2052	1982	2017	2016	2006
304998	62	126	14	78	142	30	94	158	46	110	174	2047	1999	2157	2060	2041	1957	2058	2036	1967	2021	2000	1999
304998	62	126	14	78	142	30	94	158	46	110	174	2040	2014	2148	2048	2026	1966	2042	2045	1978	2020	2013	1995
304998	62	126	14	78	142	30	94	158	46	110	174	2021	2034	2124	2015	1996	1976	2008	2076	1994	2017	2041	2023
304998	62	126	14	78	142	30	94	158	46	110	174	2007	2045	2108	1985	1973	1985	2008	2106	2009	2020	2048	2041
304998	62	126	14	78	142	30	94	158	46	110	174	1996	2039	2117	1984	1975	1986	1977	2104	2003	2020	2044	2031
304998	62	126	14	78	142	30	94	158	46	110	174	2023	2025	2143	2013	1999	1976	2015	2080	1983	2022	2025	2006
304998	62	126	14	78	142	30	94	158	46	110	174	2032	2003	2172	2047	2038	1957	2042	2043	1969	2019	2015	1996
304998	62	126	14	78	142	30	94	158	46	110	174	2043	2004	2156	2057	2040	1954	2051	2029	1972	2022	2006	1997
304998	62	126	14	78	142	30	94	158	46	110	174	2033	2022	2136	2036	2011	1966	2033	2063	1984	2017	2020	2014
304998	62	126	14	78	142	30	94	158	46	110	174	2009	2035	2118	2003	1983	1983	1994	2096	2001	2020	2036	2024
304998	62	126	14	78	142	30	94	158	46	110	174	2003	2046	2119	1982	1966	1988	1976	2104	2002	2021	2053	2033
304998	62	126	14	78	142	30	94	158	46	110	174	2006	2034	2132	1991	1985	1979	1991	2084	1995	2021	2044	2026
304998	62	126	14	78	142	30	94	158	46	110	174	2031	2019	2149	2027	2015	1962	2027	2057	1987	2018	2019	2004
304998	62	126	14	78	142	30	94	158	46	110	174	2045	2008	2148	2058	2040	1953	2043	2038	1969	2018	2001	1995
304998	62	126	14	78	142	30	94	158	46	110	174	2043	2008	2143	2057	2027	1960	2053	2043	1971	2020	2010	1995
304998	62	126	14	78	142	30	94	158	46	110	174	2024	2024	2130	2019	2004	1974	2014	2074	1991	2017	2036	2027
304998	62	126	14	78	142	30	94	158	46	110	174	2004	2046	2121	1985	1970	1990	2006	2106	2000	2020	2046	2042
304998	62	126	14	78	142	30	94	158	46	110	174	1999	2046	2131	1979	1968	1991	1979	2106	2005	2018	2041	2027
304998	62	126	14	78	142	30	94	158	46	110	174	2010	2035	2131	2006	1996	1969	2004	2076	1982	2021	2027	2011
304998	62	126	14	78	142	30	94	158	46	110	174	2042	2010	2145	2044	2029	1958	2039	2044	1971	2019	2015	1997
304998	62	126	14	78	142	30	94	158	46	110	174	2039	1992	2163	2062	2037	1955	2048	2029	1974	2020	2007	2000
304998	62	126	14	78	142	30	94	158	46	110	174	2035	2015	2144	2037	2019	1965	2037	2052	1990	2019	2016	2014
304998	62	126	14	78	142	30	94	158	46	110	174	2008	2038	2125	2008	1975	1987	1996	2093	1996	2017	2037	2020
304998	62	126	14	78	142	30	94	158	46	110	174	1997	2048	2119	1979	1968	1990	1975	2105	2002	2020	2058	2032
304998	62	126	14	78	142	30	94	158	46	110	174	2004	2042	2118	1990	1975	1981	1986	2095	1994	2018	2045	2031
304998	62	126	14	78	142	30	94	158	46	110	174	2029	2020	2138	2025	2011	1961	2035	2059	1985	2022	2019	2008
304998	62	126	14	78	142	30	94	158	46	110	174	2043	2000	2156	2053	2040	1956	2041	2037	1972	2020	2002	1989
304998	62	126	14	78	142	30	94	158	46	110	174	2044	2004	2150	2059	2028	1967	2067	2047	1971	2018	2009	1994
304998	62	126	14	78	142	30	94	158	46	110	174	2020	2023	2146	2024	2000	1978	2018	2074	1984	2018	2033	2021
304998	62	126	14	78	142	30	94	158	46	110	174	2006	2048	2110	1989	1968	1988	1987	2098	2003	2017	2048	2039
304998	62	126	14	78	142	30	94	158	46	110	174	2003	2048	2108	1983	1964	1984	1977	2103	2007	2016	2048	2031
304998	62	126	14	78	142	30	94	158	46	110	174	2001	2019	2128	2005	1996	1970	1997	2081	1989	2016	2028	2006
304998	62	126	14	78	142	30	94	158	46	110	174	2039	2009	2150	2043	2021	1963	2034	2044	1974	2017	2015	1997
304998	62	126	14	78	142	30	94	158	46	110	174	2044	2003	2160	2063	2039	1952	2052	2032	1969	2022	2006	1994
304998	62	126	14	78	142	30	94	158	46	110	174	2035	2017	2142	2041	2021	1964	2038	2045	1982	2022	2015	2005
304998	62	126	14	78	142	30	94	158	46	110	174	2014	2036	2115	2007	1982	1982	2002	2085	2001	2019	2033	2020
304998	62	126	14	78	142	30	94	158	46	110	174	2002	2040	2110	1984	1968	1984	1995	2112	2004	2021	2054	2031
304998	62	126	14	78	142	30	94	158	46	110	174	2006	2039	2121	1986	1982	1978	1984	2099	1996	2020	2047	2027
304998	62	126	14	78	142	30	94	158	46	110	174	2022	2019	2147	2023	2005	1973	2019	2065	1981	2016	2020	2014
304998	62	126	14	78	142	30	94	158	46	110	174	2039	2007	2154	2053	2038	1954	2047	2037	1975	2020	2002	1998
304998	62	126	14	78	142	30	94	158	46	110	174	2040	2008	2149	2057	2033	1961	2047	2044	1972	2019	2005	1991
304998	62	126	14	78	142	30	94	158	46	110	174	2033	2023	2130	2032	2005	1969	2027	2066	1989	2022	2028	2013
304998	62	126	14	78	142	30	94	158	46	110	174	1999	2029	2127	1993	1974	1986	1984	2098	2001	2017	2048	2040
304998	62	126	14	78	142	30	94	158	46	110	174	2001	2046	2116	1980	1968	1989	1977	2103	2008	2021	2045	2034
304998	62	126	14	78	142	30	94	158	46	110	174	2012	2033	2134	2001	1983	1981	1996	2082	1997	2019	2031	2013
304998	62	126	14	78	142	30	94	158	46	110	174	2030	2019	2148	2034	2019	1964	2025	2052	1969	2020	2020	1995
304998	62	126	14	78	142	30	94	158	46	110	174	2049	2004	2149	2060	2022	1964	2060	2034	1969	2019	2010	1996
304998	62	126	14	78	142	30	94	158	46	110	174	2035	2006	2146	2048	2023	1959	2035	2046	1975	2022	2015	2007
304998	62	126	14	78	142	30	94	158	46	110	174	2019	2027	2126	2013	1996	1978	2007	2084	1995	2017	2027	2021
304998	62	126	14	78	142	30	94	158	46	110	174	1996	2045	2120	1994	1949	1994	1987	2112	2008	2017	2048	2029
304998	62	126	14	78	142	30	94	158	46	110	174	1999	2041	2127	1983	1974	1990	1982	2099	2002	2019	2051	2032
304998	62	126	14	78	142	30	94	158	46	110	174	2019	2030	2132	2017	1998	1965	2011	2070	1982	2020	2027	2016
304998	62	126	14	78	142	30	94	158	46	110	174	2045	2005	2148	2050	2034	1950	2050	2035	1976	2022	2008	1995
304998	62	126	14	78	142	30	94	158	46	110	174	2045	1997	2152	2061	2038	1953	2043	2032	1981	2018	2003	1993
304998	62	126	14	78	142	30	94	158	46	110	174	2031	2017	2139	2036	2003	1979	2027	2062	1985	2019	2029	2004
304998	62	126	14	78	142	30	94	158	46	110	174	2002	2036	2125	2003	1974	1989	1990	2096	2001	2017	2047	2031
304998	62	126	14	78	142	30	94	158	46	110	174	1991	2044	2124	1982	1967	1987	1972	2102	2002	2022	2053	2037
304998	62	126	14	78	142	30	94	158	46	110	174	2007	2035	2123	1999	1975	1979	2000	2084	1998	2019	2034	2014
304998	62	126	14	78	142	30	94	158	46	110	174	2033	2014	2149	2034	2016	1959	2026	2054	1984	2020	2020	1995
304998	62	126	14	78	142	30	94	158	46	110	174	2047	1997	2155	2061	2033	1957	2049	2032	1969	2017	2011	1997
304998	62	126	14	78	142	30	94	158	46	110	174	2037	2006	2149	2059	2009	1975	2050	2049	1974	2016	2011	2007
304998	62	126	14	78	142	30	94	158	46	110	174	2005	2023	2151	2020	1993	1979	2010	2071	1993	2019	2028	2019
304998	62	126	14	78	142	30	94	158	46	110	174	2000	2051	2111	1990	1971	1987	2000	2108	2004	2019	2045	2026
304998	62	126	14	78	142	30	94	158	46	110	174	1996	2042	2120	1989	1971	1983	1973	2103	2002	2020	2050	2024
304998	62	126	14	78	142	30	94	158	46	110	174	2018	2017	2136	2014	2001	1971	2004	2074	1983	2016	2031	2017
304998	62	126	14	78	142	30	94	158	46	110	174	2034	2000	2159	2048	2028	1962	2036	2040	1970	2017	2008	2000
304998	62	126	14	78	142	30	94	158	46	110	174	2041	2001	2156	2061	2037	1959	2065	2029	1976	2018	2002	1994
304998	62	126	14	78	142	30	94	158	46	110	174	2032	2022	2140	2042	2011	1970	2024	2054	1986	2021	2020	2004
304998	62	126	14	78	142	30	94	158	46	110	174	2013	2038	2111	2002	1973	1986	1995	2094	1995	2019	2048	2028
304998	62	126	14	78	142	30	94	158	46	110	174	1990	2037	2124	1984	1964	1987	1977	2108	2001	2017	2054	2042
304998	62	126	14	78	142	30	94	158	46	110	174	2006	2035	2125	1997	1985	1983	1994	2088	1994	2016	2038	2026
304998	62	126	14	78	142	30	94	158	46	110	174	2028	2016	2149	2040	2001	1977	2047	2058	1988	2019	2016	1999
304998	62	126	14	78	142	30	94	158	46	110	174	2034	2002	2154	2061	2034	1958	2041	2032	1968	2020	2011	1990
304998	62	126	14	78	142	30	94	158	46	110	174	2040	2008	2141	2058	2011	1972	2051	2043	1975	2017	2013	2002
304998	62	126	14	78	142	30	94	158	46	110	174	2018	2015	2134	2023	1998	1971	2012	2070	1985	2019	2029	2020
304998	62	126	14	78	142	30	94	158	46	110	174	1995	2033	2125	1988	1970	1984	1983	2099	2005	2020	2047	2040
304998	62	126	14	78	142	30	94	158	46	110	174	1998	2043	2125	1989	1956	1992	1991	2105	2008	2019	2048	2025
304998	62	126	14	78	142	30	94	158	46	110	174	2009	2023	2146	2011	1997	1976	1996	2077	1993	2021	2039	2016
304998	62	126	14	78	142	30	94	158	46	110	174	2033	2011	2145	2047	2024	1961	2041	2045	1972	2020	2015	2006
304998	62	126	14	78	142	30	94	158	46	110	174	2041	1996	2150	2065	2036	1959	2047	2027	1970	2019	2008	1999
304998	62	126	14	78	142	30	94	158	46	110	174	2037	2006	2140	2046	2016	1970	2031	2043	1984	2018	2014	1999
304998	62	126	14	78	142	30	94	158	46	110	174	2013	2028	2127	2008	1982	1982	2009	2088	2001	2016	2043	2022
304998	62	126	14	78	142	30	94	158	46	110	174	1998	2048	2122	1986	1966	1992	1975	2113	2004	2021	2053	2035
304998	62	126	14	78	142	30	94	158	46	110	174	2000	2043	2123	1990	1977	1986	1984	2092	1996	2017	2046	2032
304998	62	126	14	78	142	30	94	158	46	110	174	2026	2017	2130	2027	1999	1972	2018	2057	1976	2020	2020	2002
304998	62	126	14	78	142	30	94	158	46	110	174	2042	1999	2147	2060	2033	1956	2049	2027	1970	2019	2009	1982
304998	62	126	14	78	142	30	94	158	46	110	174	2035	1999	2150	2062	2030	1961	2040	2037	1972	2022	2016	2000
304998	62	126	14	78	142	30	94	158	46	110	174	2023	2018	2137	2030	2002	1978	2027	2076	1985	2018	2028	2020
304998	62	126	14	78	142	30	94	158	46	110	174	1991	2042	2131	1995	1968	1984	1988	2098	2001	2018	2047	2038
304998	62	126	14	78	142	30	94	158	46	110	174	2000	2051	2109	1979	1967	1988	1986	2103	1995	2020	2050	2033
304998	62	126	14	78	142	30	94	158	46	110	174	2015	2031	2125	2007	1986	1974	2007	2084	1997	2017	2040	2010
304998	62	126	14	78	142	30	94	158	46	110	174	2033	2006	2149	2042	2025	1963	2041	2048	1973	2021	2017	2002
304998	62	126	14	78	142	30	94	158	46	110	174	2040	1999	2157	2064	2023	1966	2057	2040	1967	2020	2008	1997
304998	62	126	14	78	142	30	94	158	46	110	174	2031	2004	2157	2051	2011	1967	2036	2048	1973	2020	2014	2000
304998	62	126	14	78	142	30	94	158	46	110	174	2018	2035	2122	2011	1984	1976	2004	2079	2001	2018	2034	2023
304998	62	126	14	78	142	30	94	158	46	110	174	1997	2043	2123	1991	1967	1987	1972	2103	2008	2020	2058	2035
304998	62	126	14	78	142	30	94	158	46	110	174	1986	2025	2139	1993	1979	1987	1981	2096	2001	2018	2046	2034
304998	62	126	14	78	142	30	94	158	46	110	174	2018	2015	2150	2021	2003	1966	2015	2063	1980	2022	2026	2012
304998	62	126	14	78	142	30	94	158	46	110	174	2036	2001	2163	2054	2032	1956	2044	2027	1971	2020	2007	1994
304998	62	126	14	78	142	30	94	158	46	110	174	2037	2006	2151	2063	2031	1961	2047	2028	1982	2016	2013	1989
304998	62	126	14	78	142	30	94	158	46	110	174	2024	2018	2126	2036	2001	1971	2021	2068	1989	2020	2034	2018
304998	62	126	14	78	142	30	94	158	46	110	174	2002	2033	2120	2000	1967	1986	1993	2093	2002	2017	2048	2036
304998	62	126	14	78	142	30	94	158	46	110	174	1998	2042	2120	1983	1969	1985	1981	2104	2000	2017	2048	2039
304998	62	126	14	78	142	30	94	158	46	110	174	2008	2030	2133	2006	1980	1983	2007	2084	1994	2019	2037	2013
304998	62	126	14	78	142	30	94	158	46	110	174	2023	2015	2150	2041	2019	1962	2025	2049	1984	2016	2022	1995
304998	62	126	14	78	142	30	94	158	46	110	174	2046	2000	2145	2065	2030	1959	2047	2041	1964	2021	2009	1999
304998	62	126	14	78	142	30	94	158	46	110	174	2038	2000	2141	2057	2019	1962	2042	2043	1975	2020	2014	2012
304998	62	126	14	78	142	30	94	158	46	110	174	2015	2025	2137	2015	1995	1976	2008	2078	1992	2018	2031	2022
304998	62	126	14	78	142	30	94	158	46	110	174	2001	2045	2124	1988	1957	1996	2002	2108	2012	2017	2054	2029
304998	62	126	14	78	142	30	94	158	46	110	174	1995	2041	2135	1988	1971	1985	1973	2102	2003	2021	2053	2036
304998	62	126	14	78	142	30	94	158	46	110	174	2021	2023	2130	2018	2001	1974	2009	2069	1981	2020	2029	2015
304998	62	126	14	78	142	30	94	158	46	110	174	2037	1996	2148	2061	2020	1961	2038	2037	1971	2018	2008	1993
304998	62	126	14	78	142	30	94	158	46	110	174	2042	1994	2153	2061	2032	1956	2045	2027	1969	2016	2007	1991
304998	62	126	14	78	142	30	94	158	46	110	174	2029	2012	2146	2036	2013	1973	2036	2055	1993	2022	2029	2007
304998	62	126	14	78	142	30	94	158	46	110	174	2004	2037	2127	2003	1979	1985	1996	2093	2003	2018	2044	2032
304998	62	126	14	78	142	30	94	158	46	110	174	1999	2048	2108	1981	1964	1988	1978	2108	2002	2018	2050	2036
304998	62	126	14	78	142	30	94	158	46	110	174	2008	2033	2120	1999	1975	1981	1992	2085	1996	2017	2037	2015
304998	62	126	14	78	142	30	94	158	46	110	174	2026	2008	2145	2038	2016	1962	2022	2046	1981	2022	2020	1997
304998	62	126	14	78	142	30	94	158	46	110	174	2044	1996	2156	2058	2038	1970	2048	2033	1972	2016	2012	1992
304998	62	126	14	78	142	30	94	158	46	110	174	2037	2005	2149	2057	2028	1965	2048	2040	1977	2018	2013	2011
304998	62	126	14	78	142	30	94	158	46	110	174	2020	2031	2125	2019	1997	1977	2011	2072	1989	2022	2030	2023
304998	62	126	14	78	142	30	94	158	46	110	174	2005	2045	2104	1996	1958	1996	1989	2103	2004	2022	2047	2025
304998	62	126	14	78	142	30	94	158	46	110	174	2003	2040	2120	1986	1972	1981	1984	2103	2006	2018	2054	2027
304998	62	126	14	78	142	30	94	158	46	110	174	2017	2026	2138	2013	1997	1972	2003	2079	1988	2017	2034	2020
304998	62	126	14	78	142	30	94	158	46	110	174	2039	2004	2155	2049	2029	1965	2055	2037	1973	2021	2014	2002
304998	62	126	14	78	142	30	94	158	46	110	174	2037	2003	2158	2059	2031	1956	2046	2026	1968	2022	2005	1999
304998	62	126	14	78	142	30	94	158	46	110	174	2033	2018	2133	2041	2013	1969	2037	2050	1983	2016	2020	1995
304998	62	126	14	78	142	30	94	158	46	110	174	2014	2030	2126	2004	1982	1980	1996	2084	2006	2018	2050	2028
304998	62	126	14	78	142	30	94	158	46	110	174	1999	2042	2115	1986	1969	1989	1973	2114	2003	2020	2058	2042
304998	62	126	14	78	142	30	94	158	46	110	174	2003	2033	2129	1997	1971	1983	2001	2089	1996	2021	2040	2026
304998	62	126	14	78	142	30	94	158	46	110	174	2014	2015	2146	2030	2011	1966	2017	2051	1976	2018	2018	2000
304998	62	126	14	78	142	30	94	158	46	110	174	2042	2002	2152	2061	2034	1959	2057	2030	1976	2021	2011	1984
304998	62	126	14	78	142	30	94	158	46	110	174	2042	2001	2147	2061	2027	1955	2041	2033	1975	2017	2018	2004
304998	62	126	14	78	142	30	94	158	46	110	174	2026	2020	2129	2024	2001	1972	2017	2075	1987	2022	2034	2023
304998	62	126	14	78	142	30	94	158	46	110	174	2002	2042	2121	1996	1960	1994	1985	2099	2002	2020	2047	2032
304998	62	126	14	78	142	30	94	158	46	110	174	1997	2046	2121	1983	1969	1986	1984	2102	1998	2021	2050	2029
304998	62	126	14	78	142	30	94	158	46	110	174	2015	2028	2126	2011	1989	1981	2000	2076	1996	2021	2038	2010
304998	62	126	14	78	142	30	94	158	46	110	174	2036	2004	2142	2049	2021	1955	2035	2049	1975	2022	2014	2005
304998	62	126	14	78	142	30	94	158	46	110	174	2040	1990	2159	2067	2040	1958	2045	2026	1972	2018	2008	1998
304998	62	126	14	78	142	30	94	158	46	110	174	2035	2010	2147	2050	2014	1965	2043	2052	1981	2020	2014	2005
304998	62	126	14	78	142	30	94	158	46	110	174	2014	2035	2133	2014	1983	1984	2016	2083	2002	2021	2043	2018
304998	62	126	14	78	142	30	94	158	46	110	174	1996	2048	2108	1982	1966	1988	1969	2109	2007	2016	2054	2034
304998	62	126	14	78	142	30	94	158	46	110	174	2006	2035	2115	1999	1969	1986	2005	2097	1997	2022	2046	2034
304998	62	126	14	78	142	30	94	158	46	110	174	2015	2002	2149	2023	2014	1968	2011	2057	1982	2020	2021	2011
304998	62	126	14	78	142	30	94	158	46	110	174	2045	1994	2155	2058	2037	1960	2047	2033	1967	2021	2002	1993
304998	62	126	14	78	142	30	94	158	46	110	174	2044	2000	2163	2069	2032	1963	2055	2031	1980	2017	2014	1997
304998	62	126	14	78	142	30	94	158	46	110	174	2020	2020	2132	2029	2001	1973	2018	2065	1989	2022	2031	2018
304998	62	126	14	78	142	30	94	158	46	110	174	2008	2045	2111	1995	1964	1986	1998	2098	2003	2021	2048	2039
