304998	62	126	14	78	142	30	94	158	46	110	174	2029	2017	2140	2022	2012	1973	2033	2066	1983	2021	2010	2007
304998	62	126	14	78	142	30	94	158	46	110	174	2052	2001	2146	2058	2037	1982	2056	2036	2001	2019	1997	2005
304998	62	126	14	78	142	30	94	158	46	110	174	2052	2004	2133	2054	2037	1982	2049	2038	1995	2016	2001	2010
304998	62	126	14	78	142	30	94	158	46	110	174	2031	2026	2139	2025	2004	1969	2030	2069	1987	2017	2025	2019
304998	62	126	14	78	142	30	94	158	46	110	174	2000	2046	2127	1980	1976	1959	1988	2103	1977	2022	2047	2019
304998	62	126	14	78	142	30	94	158	46	110	174	1988	2049	2134	1974	1969	1966	1978	2109	1981	2021	2055	2015
304998	62	126	14	78	142	30	94	158	46	110	174	2008	2033	2144	1997	1995	1973	2007	2089	1987	2022	2040	2016
304998	62	126	14	78	142	30	94	158	46	110	174	2041	2012	2142	2043	2035	1985	2058	2048	1994	2020	2003	2015
304998	62	126	14	78	142	30	94	158	46	110	174	2048	1993	2139	2058	2041	1987	2054	2029	1993	2023	1991	2010
304998	62	126	14	78	142	30	94	158	46	110	174	2040	2002	2143	2046	2022	1976	2040	2047	1994	2022	2008	2003
304998	62	126	14	78	142	30	94	158	46	110	174	2004	2031	2145	2006	1990	1967	2001	2087	1985	2018	2042	2014
304998	62	126	14	78	142	30	94	158	46	110	174	1991	2056	2134	1981	1961	1962	1982	2114	1978	2017	2063	2022
304998	62	126	14	78	142	30	94	158	46	110	174	1995	2049	2139	1984	1978	1967	1985	2100	1980	2017	2048	2021
304998	62	126	14	78	142	30	94	158	46	110	174	2017	2017	2138	2018	2011	1979	2014	2058	1988	2016	2020	2009
304998	62	126	14	78	142	30	94	158	46	110	174	2050	1989	2146	2054	2038	1981	2042	2036	2003	2018	1997	2001
304998	62	126	14	78	142	30	94	158	46	110	174	2058	1997	2144	2058	2038	1978	2049	2045	1994	2020	1999	2015
304998	62	126	14	78	142	30	94	158	46	110	174	2031	2023	2145	2032	2010	1973	2024	2064	1985	2021	2026	2020
304998	62	126	14	78	142	30	94	158	46	110	174	2000	2056	2123	1988	1977	1967	1989	2103	1976	2019	2050	2021
304998	62	126	14	78	142	30	94	158	46	110	174	1996	2057	2120	1975	1967	1966	1985	2114	1984	2020	2054	2018
304998	62	126	14	78	142	30	94	158	46	110	174	1999	2025	2143	1996	1993	1968	1991	2090	1984	2019	2044	2017
304998	62	126	14	78	142	30	94	158	46	110	174	2036	2008	2141	2037	2029	1974	2061	2056	1996	2017	2011	2016
304998	62	126	14	78	142	30	94	158	46	110	174	2058	1997	2151	2060	2041	1980	2079	2031	1993	2020	1993	2009
304998	62	126	14	78	142	30	94	158	46	110	174	2049	2015	2137	2047	2028	1982	2047	2045	1996	2018	2000	2008
304998	62	126	14	78	142	30	94	158	46	110	174	2019	2036	2123	2010	1993	1971	2011	2089	1984	2019	2043	2013
304998	62	126	14	78	142	30	94	158	46	110	174	1992	2048	2126	1978	1966	1962	1977	2107	1981	2018	2065	2021
304998	62	126	14	78	142	30	94	158	46	110	174	1991	2046	2145	1986	1970	1967	1993	2102	1977	2020	2053	2020
304998	62	126	14	78	142	30	94	158	46	110	174	2004	2016	2153	2017	1998	1971	2010	2065	1991	2021	2020	2009
304998	62	126	14	78	142	30	94	158	46	110	174	2035	1998	2152	2054	2034	1984	2041	2040	1998	2021	2002	2005
304998	62	126	14	78	142	30	94	158	46	110	174	2044	1990	2144	2059	2033	1980	2049	2038	1996	2017	2002	2011
304998	62	126	14	78	142	30	94	158	46	110	174	2025	2012	2141	2030	2005	1977	2024	2059	1987	2021	2021	2017
304998	62	126	14	78	142	30	94	158	46	110	174	1997	2043	2136	1990	1978	1965	1993	2093	1981	2022	2047	2020
304998	62	126	14	78	142	30	94	158	46	110	174	1989	2059	2129	1975	1960	1968	1973	2113	1984	2021	2056	2013
304998	62	126	14	78	142	30	94	158	46	110	174	2003	2045	2124	1994	1988	1968	1997	2096	1986	2020	2048	2020
304998	62	126	14	78	142	30	94	158	46	110	174	2038	2012	2129	2035	2007	1984	2045	2059	1990	2021	2017	2016
304998	62	126	14	78	142	30	94	158	46	110	174	2054	1995	2146	2058	2041	1986	2055	2033	1993	2018	1993	2011
304998	62	126	14	78	142	30	94	158	46	110	174	2045	2004	2143	2048	2028	1975	2045	2039	1996	2016	2004	2008
304998	62	126	14	78	142	30	94	158	46	110	174	2018	2040	2132	2022	1978	1974	2009	2079	1990	2020	2037	2013
304998	62	126	14	78	142	30	94	158	46	110	174	1996	2055	2126	1983	1967	1962	1981	2109	1979	2020	2062	2020
304998	62	126	14	78	142	30	94	158	46	110	174	1995	2046	2124	1981	1972	1965	1972	2103	1978	2019	2058	2023
304998	62	126	14	78	142	30	94	158	46	110	174	2010	2021	2142	2008	2003	1974	2001	2072	1987	2017	2026	2021
304998	62	126	14	78	142	30	94	158	46	110	174	2041	2002	2147	2044	2030	1985	2037	2040	2001	2018	2004	2002
304998	62	126	14	78	142	30	94	158	46	110	174	2041	1991	2155	2060	2040	1981	2047	2034	1997	2022	2002	2009
304998	62	126	14	78	142	30	94	158	46	110	174	2038	2020	2134	2040	2012	1974	2034	2060	1984	2020	2018	2024
304998	62	126	14	78	142	30	94	158	46	110	174	1993	2029	2134	1997	1975	1967	1990	2091	1981	2018	2047	2021
304998	62	126	14	78	142	30	94	158	46	110	174	1985	2052	2138	1976	1967	1967	1968	2100	1984	2019	2060	2012
304998	62	126	14	78	142	30	94	158	46	110	174	1995	2038	2136	1990	1982	1973	1983	2095	1987	2019	2053	2015
304998	62	126	14	78	142	30	94	158	46	110	174	2028	2023	2134	2027	2013	1975	2028	2063	1995	2018	2020	2017
304998	62	126	14	78	142	30	94	158	46	110	174	2054	1999	2132	2058	2040	1984	2058	2035	1995	2023	1999	2012
304998	62	126	14	78	142	30	94	158	46	110	174	2040	1997	2138	2057	2033	1979	2045	2037	1994	2017	2000	2006
304998	62	126	14	78	142	30	94	158	46	110	174	2018	2020	2144	2020	1993	1971	2010	2078	1997	2021	2031	2010
304998	62	126	14	78	142	30	94	158	46	110	174	1987	2048	2139	1986	1962	1967	1983	2107	1984	2020	2064	2018
304998	62	126	14	78	142	30	94	158	46	110	174	1983	2057	2129	1985	1962	1966	1970	2106	1981	2023	2056	2022
304998	62	126	14	78	142	30	94	158	46	110	174	2006	2029	2133	2007	1985	1973	1998	2076	1988	2023	2032	2017
304998	62	126	14	78	142	30	94	158	46	110	174	2036	1994	2145	2045	2031	1975	2033	2034	2000	2017	2003	2003
304998	62	126	14	78	142	30	94	158	46	110	174	2044	1989	2154	2058	2039	1981	2046	2031	2002	2017	2000	2004
304998	62	126	14	78	142	30	94	158	46	110	174	2040	2016	2139	2046	2001	1985	2046	2058	1993	2018	2017	2018
304998	62	126	14	78	142	30	94	158	46	110	174	2000	2038	2134	2004	1983	1971	1998	2089	1980	2020	2045	2026
304998	62	126	14	78	142	30	94	158	46	110	174	1994	2055	2123	1981	1955	1969	1979	2109	1979	2020	2056	2019
304998	62	126	14	78	142	30	94	158	46	110	174	1996	2037	2139	1989	1978	1968	1990	2094	1991	2020	2050	2011
304998	62	126	14	78	142	30	94	158	46	110	174	2024	2013	2140	2030	1993	1980	2018	2063	1991	2021	2026	2014
304998	62	126	14	78	142	30	94	158	46	110	174	2049	1996	2142	2060	2033	1989	2049	2037	1996	2017	2000	2015
304998	62	126	14	78	142	30	94	158	46	110	174	2049	2002	2129	2054	2026	1986	2050	2039	1993	2020	1999	2013
304998	62	126	14	78	142	30	94	158	46	110	174	2029	2021	2131	2025	1996	1969	2016	2063	1993	2018	2023	2010
304998	62	126	14	78	142	30	94	158	46	110	174	1993	2043	2133	1993	1963	1967	1976	2098	1988	2017	2058	2014
304998	62	126	14	78	142	30	94	158	46	110	174	1988	2053	2132	1982	1969	1964	1976	2110	1979	2018	2061	2030
304998	62	126	14	78	142	30	94	158	46	110	174	1995	2032	2142	2008	1989	1966	2002	2081	1984	2018	2040	2024
304998	62	126	14	78	142	30	94	158	46	110	174	2032	2001	2131	2038	2021	1988	2038	2043	1990	2017	2006	2006
304998	62	126	14	78	142	30	94	158	46	110	174	2049	1988	2142	2063	2037	1984	2048	2028	2005	2020	2000	1999
304998	62	126	14	78	142	30	94	158	46	110	174	2041	2008	2142	2043	2020	1971	2053	2056	1995	2021	2018	2017
304998	62	126	14	78	142	30	94	158	46	110	174	2007	2039	2134	2014	1977	1967	2005	2088	1983	2017	2044	2019
304998	62	126	14	78	142	30	94	158	46	110	174	1986	2058	2128	1982	1967	1963	1972	2103	1975	2017	2061	2021
304998	62	126	14	78	142	30	94	158	46	110	174	1992	2044	2122	1988	1969	1969	1976	2093	1987	2016	2051	2010
304998	62	126	14	78	142	30	94	158	46	110	174	2015	2014	2142	2022	1997	1983	2009	2059	1997	2017	2026	2010
304998	62	126	14	78	142	30	94	158	46	110	174	2045	1996	2148	2055	2029	1983	2044	2037	1998	2017	2005	2015
304998	62	126	14	78	142	30	94	158	46	110	174	2045	1997	2146	2060	2028	1985	2049	2037	1992	2021	2000	2015
304998	62	126	14	78	142	30	94	158	46	110	174	2033	2024	2126	2031	2004	1974	2033	2061	1982	2022	2020	2012
304998	62	126	14	78	142	30	94	158	46	110	174	2001	2039	2128	1995	1970	1970	1998	2095	1981	2018	2057	2013
304998	62	126	14	78	142	30	94	158	46	110	174	1985	2046	2136	1985	1953	1971	1972	2108	1986	2020	2067	2016
304998	62	126	14	78	142	30	94	158	46	110	174	2002	2036	2142	2003	1984	1965	2001	2083	1982	2017	2045	2021
304998	62	126	14	78	142	30	94	158	46	110	174	2035	2012	2136	2041	2009	1980	2031	2052	1990	2019	2011	2012
304998	62	126	14	78	142	30	94	158	46	110	174	2052	1996	2131	2061	2042	1981	2053	2028	1997	2017	1995	2004
304998	62	126	14	78	142	30	94	158	46	110	174	2046	1997	2130	2050	2026	1984	2046	2043	1997	2019	2011	2011
304998	62	126	14	78	142	30	94	158	46	110	174	2015	2026	2134	2017	1991	1969	2005	2085	1984	2018	2045	2019
304998	62	126	14	78	142	30	94	158	46	110	174	1991	2051	2133	1989	1957	1963	2008	2110	1974	2020	2056	2023
304998	62	126	14	78	142	30	94	158	46	110	174	1987	2052	2130	1991	1969	1962	1979	2099	1973	2018	2051	2019
304998	62	126	14	78	142	30	94	158	46	110	174	2015	2027	2125	2016	2002	1972	2012	2064	1992	2019	2030	2003
304998	62	126	14	78	142	30	94	158	46	110	174	2049	1995	2134	2050	2036	1985	2042	2040	2004	2020	2007	2013
304998	62	126	14	78	142	30	94	158	46	110	174	2054	1991	2140	2062	2034	1985	2064	2047	1994	2017	2003	2016
304998	62	126	14	78	142	30	94	158	46	110	174	2033	2017	2139	2037	2008	1973	2055	2066	1989	2020	2018	2018
304998	62	126	14	78	142	30	94	158	46	110	174	2004	2048	2126	2003	1979	1959	2000	2090	1970	2019	2045	2014
304998	62	126	14	78	142	30	94	158	46	110	174	1991	2051	2120	1988	1954	1963	1975	2103	1983	2018	2066	2014
304998	62	126	14	78	142	30	94	158	46	110	174	2003	2033	2131	1999	1984	1969	2003	2094	1985	2017	2047	2017
304998	62	126	14	78	142	30	94	158	46	110	174	2028	2008	2143	2031	2022	1980	2044	2056	1992	2020	2014	2022
304998	62	126	14	78	142	30	94	158	46	110	174	2052	1996	2143	2058	2035	1987	2071	2037	1993	2022	1990	2013
304998	62	126	14	78	142	30	94	158	46	110	174	2048	2003	2129	2053	2023	1983	2048	2041	1999	2020	2004	2005
304998	62	126	14	78	142	30	94	158	46	110	174	2020	2025	2130	2026	1983	1974	2009	2072	1984	2016	2037	2017
304998	62	126	14	78	142	30	94	158	46	110	174	1995	2049	2136	1990	1967	1960	1994	2107	1974	2022	2065	2020
304998	62	126	14	78	142	30	94	158	46	110	174	1991	2047	2139	1988	1964	1968	1983	2100	1974	2021	2056	2019
304998	62	126	14	78	142	30	94	158	46	110	174	2008	2025	2143	2017	1979	1983	2003	2064	1989	2017	2026	2010
304998	62	126	14	78	142	30	94	158	46	110	174	2045	2004	2133	2050	2030	1986	2038	2042	2006	2020	2000	2008
304998	62	126	14	78	142	30	94	158	46	110	174	2057	1995	2131	2058	2040	1986	2066	2034	1998	2016	1999	2016
304998	62	126	14	78	142	30	94	158	46	110	174	2037	2006	2131	2050	1995	1989	2038	2054	1985	2022	2016	2019
304998	62	126	14	78	142	30	94	158	46	110	174	2008	2039	2142	2005	1981	1966	2011	2097	1975	2017	2041	2017
304998	62	126	14	78	142	30	94	158	46	110	174	1988	2058	2134	1985	1956	1965	2000	2103	1984	2017	2061	2008
304998	62	126	14	78	142	30	94	158	46	110	174	2002	2046	2128	1998	1980	1965	2006	2096	1986	2019	2053	2013
304998	62	126	14	78	142	30	94	158	46	110	174	2036	2012	2124	2034	2016	1975	2029	2062	1987	2020	2019	2019
304998	62	126	14	78	142	30	94	158	46	110	174	2051	1986	2133	2058	2042	1985	2046	2034	1998	2020	1996	2019
304998	62	126	14	78	142	30	94	158	46	110	174	2054	1996	2139	2056	2036	1988	2063	2042	1997	2020	1994	2003
304998	62	126	14	78	142	30	94	158	46	110	174	2023	2018	2153	2028	2001	1966	2017	2070	1988	2016	2031	2008
304998	62	126	14	78	142	30	94	158	46	110	174	1998	2053	2132	1995	1968	1957	2002	2102	1971	2017	2063	2013
304998	62	126	14	78	142	30	94	158	46	110	174	1995	2048	2125	1993	1968	1956	1990	2102	1968	2019	2061	2017
304998	62	126	14	78	142	30	94	158	46	110	174	2000	2017	2141	2011	1985	1976	1998	2069	1990	2021	2031	2013
304998	62	126	14	78	142	30	94	158	46	110	174	2034	2000	2139	2048	2034	1983	2031	2043	2003	2020	2002	2008
304998	62	126	14	78	142	30	94	158	46	110	174	2055	1988	2148	2064	2026	1995	2058	2032	1997	2018	1996	2010
304998	62	126	14	78	142	30	94	158	46	110	174	2040	2018	2136	2047	2018	1971	2060	2054	1986	2017	2015	2024
304998	62	126	14	78	142	30	94	158	46	110	174	2013	2038	2125	2011	1988	1963	2016	2083	1973	2022	2044	2015
304998	62	126	14	78	142	30	94	158	46	110	174	1998	2049	2135	1993	1967	1955	1979	2098	1976	2019	2055	2012
304998	62	126	14	78	142	30	94	158	46	110	174	1997	2039	2137	1998	1978	1967	1985	2098	1980	2020	2051	2006
304998	62	126	14	78	142	30	94	158	46	110	174	2022	2016	2140	2034	1994	1983	2022	2059	1990	2020	2025	2009
304998	62	126	14	78	142	30	94	158	46	110	174	2051	1999	2130	2054	2036	1984	2049	2030	1996	2021	1993	2024
304998	62	126	14	78	142	30	94	158	46	110	174	2060	2000	2126	2060	2040	1981	2051	2034	2004	2016	1997	2014
304998	62	126	14	78	142	30	94	158	46	110	174	2029	2014	2137	2036	2002	1976	2025	2065	1984	2020	2018	2008
304998	62	126	14	78	142	30	94	158	46	110	174	1999	2039	2140	1998	1980	1956	1994	2095	1965	2022	2058	2015
304998	62	126	14	78	142	30	94	158	46	110	174	1987	2048	2141	1989	1962	1960	1983	2104	1964	2016	2062	2018
304998	62	126	14	78	142	30	94	158	46	110	174	2004	2033	2139	2014	1982	1968	2005	2071	1986	2017	2040	2020
304998	62	126	14	78	142	30	94	158	46	110	174	2042	2007	2129	2042	2029	1985	2051	2051	1999	2019	2003	2015
304998	62	126	14	78	142	30	94	158	46	110	174	2060	1989	2128	2065	2023	1999	2058	2031	2003	2021	1992	2003
304998	62	126	14	78	142	30	94	158	46	110	174	2048	1995	2139	2050	2016	1983	2040	2045	1994	2020	2013	2014
304998	62	126	14	78	142	30	94	158	46	110	174	2017	2027	2140	2020	1978	1966	2010	2078	1981	2022	2038	2021
304998	62	126	14	78	142	30	94	158	46	110	174	1993	2051	2138	1988	1969	1952	1979	2099	1979	2018	2055	2013
304998	62	126	14	78	142	30	94	158	46	110	174	1995	2050	2126	1997	1974	1964	1990	2093	1975	2017	2050	2009
304998	62	126	14	78	142	30	94	158	46	110	174	2025	2016	2130	2022	2013	1978	2029	2067	1983	2019	2026	2007
304998	62	126	14	78	142	30	94	158	46	110	174	2047	1984	2144	2051	2040	1985	2049	2038	1994	2016	1997	2016
304998	62	126	14	78	142	30	94	158	46	110	174	2054	1993	2143	2055	2038	1986	2057	2037	2001	2019	1993	2019
304998	62	126	14	78	142	30	94	158	46	110	174	2031	2020	2143	2031	2011	1969	2042	2071	1989	2018	2013	2010
304998	62	126	14	78	142	30	94	158	46	110	174	2002	2046	2137	2001	1980	1956	2005	2092	1977	2017	2048	2011
304998	62	126	14	78	142	30	94	158	46	110	174	1993	2048	2135	1988	1968	1960	1990	2104	1968	2017	2065	2008
304998	62	126	14	78	142	30	94	158	46	110	174	2007	2027	2133	2003	1985	1963	2001	2079	1988	2017	2042	2017
304998	62	126	14	78	142	30	94	158	46	110	174	2038	2001	2139	2037	2023	1978	2031	2049	1996	2019	2008	2018
304998	62	126	14	78	142	30	94	158	46	110	174	2057	1994	2144	2065	2040	1988	2049	2030	2003	2020	1987	2012
304998	62	126	14	78	142	30	94	158	46	110	174	2048	2008	2132	2050	2028	1983	2047	2044	1992	2020	2005	2011
304998	62	126	14	78	142	30	94	158	46	110	174	2026	2028	2127	2017	1994	1963	2016	2074	1984	2018	2037	2009
304998	62	126	14	78	142	30	94	158	46	110	174	1999	2044	2132	1994	1959	1957	2004	2104	1970	2018	2059	2016
304998	62	126	14	78	142	30	94	158	46	110	174	1982	2040	2142	1990	1975	1953	1986	2093	1975	2017	2053	2011
304998	62	126	14	78	142	30	94	158	46	110	174	2023	2023	2140	2017	2001	1977	2022	2068	1984	2017	2021	2010
304998	62	126	14	78	142	30	94	158	46	110	174	2046	2000	2139	2049	2034	1985	2042	2033	2003	2017	2005	2012
304998	62	126	14	78	142	30	94	158	46	110	174	2062	1996	2129	2060	2039	1986	2057	2041	2003	2020	1996	2016
304998	62	126	14	78	142	30	94	158	46	110	174	2042	2011	2137	2044	2006	1978	2035	2059	1987	2016	2015	2019
304998	62	126	14	78	142	30	94	158	46	110	174	2005	2040	2136	2006	1987	1956	2005	2089	1974	2020	2041	2009
304998	62	126	14	78	142	30	94	158	46	110	174	1995	2046	2144	1987	1966	1953	1992	2099	1969	2019	2058	2003
304998	62	126	14	78	142	30	94	158	46	110	174	1999	2039	2145	2002	1985	1967	1993	2082	1983	2020	2047	2012
304998	62	126	14	78	142	30	94	158	46	110	174	2038	2014	2131	2030	2017	1983	2026	2059	1995	2018	2012	2019
304998	62	126	14	78	142	30	94	158	46	110	174	2061	1993	2128	2059	2035	1986	2058	2038	2000	2022	1990	2019
304998	62	126	14	78	142	30	94	158	46	110	174	2052	1994	2131	2059	2031	1976	2048	2040	1992	2020	1998	2013
304998	62	126	14	78	142	30	94	158	46	110	174	2022	2024	2143	2022	2002	1970	2021	2066	1987	2016	2031	2005
304998	62	126	14	78	142	30	94	158	46	110	174	1993	2049	2150	1995	1974	1955	1986	2098	1975	2022	2061	2016
304998	62	126	14	78	142	30	94	158	46	110	174	1992	2054	2134	1990	1970	1957	1988	2100	1974	2017	2059	2017
304998	62	126	14	78	142	30	94	158	46	110	174	2019	2027	2129	2018	1996	1975	2005	2068	1980	2021	2027	2018
304998	62	126	14	78	142	30	94	158	46	110	174	2045	1994	2133	2047	2032	1986	2040	2034	2003	2020	1994	2006
304998	62	126	14	78	142	30	94	158	46	110	174	2057	1983	2142	2055	2041	1989	2055	2035	2006	2020	1997	2010
