304998	62	126	14	78	142	30	94	158	46	110	174	2023	2023	2140	2017	2001	1977	2022	2068	1984	2017	2021	2010
304998	62	126	14	78	142	30	94	158	46	110	174	2046	2000	2139	2049	2034	1985	2042	2033	2003	2017	2005	2012
304998	62	126	14	78	142	30	94	158	46	110	174	2062	1996	2129	2060	2039	1986	2057	2041	2003	2020	1996	2016
304998	62	126	14	78	142	30	94	158	46	110	174	2042	2011	2137	2044	2006	1978	2035	2059	1987	2016	2015	2019
304998	62	126	14	78	142	30	94	158	46	110	174	2005	2040	2136	2006	1987	1956	2005	2089	1974	2020	2041	2009
304998	62	126	14	78	142	30	94	158	46	110	174	1995	2046	2144	1987	1966	1953	1992	2099	1969	2019	2058	2003
304998	62	126	14	78	142	30	94	158	46	110	174	1999	2039	2145	2002	1985	1967	1993	2082	1983	2020	2047	2012
304998	62	126	14	78	142	30	94	158	46	110	174	2038	2014	2131	2030	2017	1983	2026	2059	1995	2018	2012	2019
304998	62	126	14	78	142	30	94	158	46	110	174	2061	1993	2128	2059	2035	1986	2058	2038	2000	2022	1990	2019
304998	62	126	14	78	142	30	94	158	46	110	174	2052	1994	2131	2059	2031	1976	2048	2040	1992	2020	1998	2013
304998	62	126	14	78	142	30	94	158	46	110	174	2022	2024	2143	2022	2002	1970	2021	2066	1987	2016	2031	2005
304998	62	126	14	78	142	30	94	158	46	110	174	1993	2049	2150	1995	1974	1955	1986	2098	1975	2022	2061	2016
304998	62	126	14	78	142	30	94	158	46	110	174	1992	2054	2134	1990	1970	1957	1988	2100	1974	2017	2059	2017
304998	62	126	14	78	142	30	94	158	46	110	174	2019	2027	2129	2018	1996	1975	2005	2068	1980	2021	2027	2018
304998	62	126	14	78	142	30	94	158	46	110	174	2045	1994	2133	2047	2032	1986	2040	2034	2003	2020	1994	2006
304998	62	126	14	78	142	30	94	158	46	110	174	2057	1983	2142	2055	2041	1989	2055	2035	2006	2020	1997	2010
304998	62	126	14	78	142	30	94	158	46	110	174	2043	2009	2141	2040	2019	1985	2045	2053	1989	2021	2014	2020
304998	62	126	14	78	142	30	94	158	46	110	174	2008	2044	2134	2008	1985	1960	2011	2087	1966	2017	2042	2015
304998	62	126	14	78	142	30	94	158	46	110	174	1992	2055	2128	1988	1969	1952	1993	2105	1968	2017	2051	2010
304998	62	126	14	78	142	30	94	158	46	110	174	2001	2034	2144	1998	1984	1961	1985	2084	1986	2018	2047	2006
304998	62	126	14	78	142	30	94	158	46	110	174	2020	2003	2147	2027	2016	1978	2020	2064	1995	2020	2020	2018
304998	62	126	14	78	142	30	94	158	46	110	174	2057	1994	2139	2054	2039	1988	2069	2042	2001	2016	1996	2019
304998	62	126	14	78	142	30	94	158	46	110	174	2056	2003	2135	2058	2033	1981	2062	2045	1992	2022	1995	2019
304998	62	126	14	78	142	30	94	158	46	110	174	2033	2026	2134	2027	2004	1966	2027	2068	1985	2019	2020	2004
304998	62	126	14	78	142	30	94	158	46	110	174	1994	2042	2140	1997	1976	1952	1985	2099	1975	2017	2059	2008
304998	62	126	14	78	142	30	94	158	46	110	174	1984	2043	2151	1985	1971	1951	1982	2102	1967	2018	2058	2018
304998	62	126	14	78	142	30	94	158	46	110	174	2010	2027	2140	2009	1999	1968	2012	2081	1977	2020	2031	2021
304998	62	126	14	78	142	30	94	158	46	110	174	2042	2004	2147	2038	2027	1984	2036	2046	1998	2020	2000	2008
304998	62	126	14	78	142	30	94	158	46	110	174	2063	2000	2133	2059	2042	1983	2050	2039	2003	2016	1996	2010
304998	62	126	14	78	142	30	94	158	46	110	174	2047	2011	2126	2044	2025	1977	2041	2052	1996	2020	2013	2020
304998	62	126	14	78	142	30	94	158	46	110	174	2015	2033	2133	2009	1988	1966	2005	2081	1976	2021	2036	2017
304998	62	126	14	78	142	30	94	158	46	110	174	1993	2051	2138	1985	1970	1952	1986	2103	1967	2018	2058	2008
304998	62	126	14	78	142	30	94	158	46	110	174	1994	2046	2143	1990	1976	1963	1989	2101	1982	2019	2043	2006
304998	62	126	14	78	142	30	94	158	46	110	174	2023	2019	2139	2025	2013	1971	2020	2065	1992	2019	2023	2016
304998	62	126	14	78	142	30	94	158	46	110	174	2049	1998	2134	2053	2035	1985	2047	2035	2001	2020	1997	2023
304998	62	126	14	78	142	30	94	158	46	110	174	2054	1995	2136	2054	2040	1987	2049	2038	1996	2017	1995	2015
304998	62	126	14	78	142	30	94	158	46	110	174	2025	2012	2144	2024	2006	1973	2019	2059	1994	2018	2017	2007
304998	62	126	14	78	142	30	94	158	46	110	174	1994	2043	2145	1997	1975	1958	1991	2098	1975	2021	2052	2011
304998	62	126	14	78	142	30	94	158	46	110	174	1982	2052	2146	1983	1974	1954	1982	2104	1974	2016	2064	2018
304998	62	126	14	78	142	30	94	158	46	110	174	2011	2035	2128	2004	1994	1969	2005	2083	1979	2020	2040	2016
304998	62	126	14	78	142	30	94	158	46	110	174	2045	2004	2131	2034	2025	1985	2037	2049	2003	2018	2001	2011
304998	62	126	14	78	142	30	94	158	46	110	174	2057	1998	2134	2054	2041	1987	2052	2041	2007	2022	1996	2010
304998	62	126	14	78	142	30	94	158	46	110	174	2038	2006	2147	2046	2024	1985	2044	2052	1992	2022	2009	2018
304998	62	126	14	78	142	30	94	158	46	110	174	2009	2041	2139	2015	1992	1964	2009	2084	1975	2017	2037	2021
304998	62	126	14	78	142	30	94	158	46	110	174	1991	2050	2131	1984	1969	1954	1983	2101	1973	2020	2057	2014
304998	62	126	14	78	142	30	94	158	46	110	174	1993	2041	2132	1985	1979	1963	1984	2095	1981	2020	2050	2006
304998	62	126	14	78	142	30	94	158	46	110	174	2018	2021	2136	2012	2008	1976	2015	2071	1984	2020	2027	2010
304998	62	126	14	78	142	30	94	158	46	110	174	2049	1999	2141	2047	2034	1987	2058	2041	2002	2017	1997	2023
304998	62	126	14	78	142	30	94	158	46	110	174	2048	2000	2139	2055	2038	1981	2051	2033	1996	2020	1995	2014
304998	62	126	14	78	142	30	94	158	46	110	174	2034	2021	2126	2033	2014	1966	2027	2061	1993	2021	2016	2013
304998	62	126	14	78	142	30	94	158	46	110	174	2007	2043	2138	1996	1979	1957	2006	2099	1980	2022	2051	2012
304998	62	126	14	78	142	30	94	158	46	110	174	1989	2050	2140	1979	1972	1955	1983	2103	1973	2020	2065	2017
304998	62	126	14	78	142	30	94	158	46	110	174	2001	2039	2139	1993	1989	1972	2008	2091	1971	2017	2040	2017
304998	62	126	14	78	142	30	94	158	46	110	174	2020	2007	2144	2028	2018	1978	2029	2049	1996	2021	2006	2009
304998	62	126	14	78	142	30	94	158	46	110	174	2057	2000	2126	2050	2045	1982	2060	2041	2008	2020	1998	2011
304998	62	126	14	78	142	30	94	158	46	110	174	2049	1996	2138	2049	2023	1978	2039	2049	1996	2017	2007	2016
304998	62	126	14	78	142	30	94	158	46	110	174	2020	2028	2133	2017	1997	1971	2014	2080	1978	2018	2029	2018
304998	62	126	14	78	142	30	94	158	46	110	174	1987	2046	2150	1982	1970	1960	1993	2107	1977	2021	2054	2013
304998	62	126	14	78	142	30	94	158	46	110	174	1979	2048	2142	1983	1968	1962	1980	2096	1985	2017	2059	2011
304998	62	126	14	78	142	30	94	158	46	110	174	2012	2026	2138	2008	1998	1974	2003	2072	1990	2021	2032	2021
304998	62	126	14	78	142	30	94	158	46	110	174	2044	1998	2133	2043	2033	1978	2038	2043	1998	2020	2001	2026
304998	62	126	14	78	142	30	94	158	46	110	174	2051	1994	2142	2054	2040	1983	2050	2035	1994	2017	1994	2014
304998	62	126	14	78	142	30	94	158	46	110	174	2036	2019	2141	2031	2015	1979	2033	2058	1984	2021	2019	2007
304998	62	126	14	78	142	30	94	158	46	110	174	2006	2051	2139	1995	1979	1967	2010	2088	1986	2020	2048	2014
304998	62	126	14	78	142	30	94	158	46	110	174	1990	2059	2124	1981	1965	1961	1973	2113	1972	2017	2059	2016
304998	62	126	14	78	142	30	94	158	46	110	174	2002	2039	2128	1995	1979	1971	1993	2093	1979	2018	2041	2009
304998	62	126	14	78	142	30	94	158	46	110	174	2023	2010	2149	2027	2011	1978	2021	2054	1988	2017	2016	2004
304998	62	126	14	78	142	30	94	158	46	110	174	2051	1998	2144	2050	2036	1990	2047	2037	2006	2020	2000	2021
304998	62	126	14	78	142	30	94	158	46	110	174	2046	2008	2140	2045	2033	1983	2043	2045	2002	2020	2002	2021
304998	62	126	14	78	142	30	94	158	46	110	174	2021	2033	2128	2016	1996	1971	2014	2077	1984	2017	2028	2012
304998	62	126	14	78	142	30	94	158	46	110	174	1994	2048	2135	1988	1965	1960	1980	2102	1973	2022	2055	2009
304998	62	126	14	78	142	30	94	158	46	110	174	1990	2051	2135	1980	1966	1959	1983	2102	1975	2022	2065	2021
304998	62	126	14	78	142	30	94	158	46	110	174	2005	2028	2140	2005	1992	1976	1999	2077	1992	2019	2037	2021
304998	62	126	14	78	142	30	94	158	46	110	174	2041	2008	2137	2042	2029	1987	2035	2051	2002	2022	2002	2017
304998	62	126	14	78	142	30	94	158	46	110	174	2055	1999	2124	2059	2025	1995	2055	2040	1998	2021	1997	2006
304998	62	126	14	78	142	30	94	158	46	110	174	2042	2017	2128	2041	2004	1984	2033	2056	1986	2018	2022	2014
304998	62	126	14	78	142	30	94	158	46	110	174	2001	2036	2137	2003	1983	1962	2000	2086	1982	2017	2045	2020
304998	62	126	14	78	142	30	94	158	46	110	174	1985	2055	2150	1983	1963	1961	1982	2105	1987	2021	2060	2011
304998	62	126	14	78	142	30	94	158	46	110	174	1991	2047	2130	1989	1979	1970	1985	2094	1984	2018	2047	2005
304998	62	126	14	78	142	30	94	158	46	110	174	2028	2019	2126	2024	2015	1986	2030	2068	1987	2019	2026	2014
304998	62	126	14	78	142	30	94	158	46	110	174	2037	1984	2149	2053	2025	1993	2044	2035	2002	2021	1999	2020
304998	62	126	14	78	142	30	94	158	46	110	174	2045	1994	2142	2051	2030	1984	2046	2041	2003	2020	1999	2018
304998	62	126	14	78	142	30	94	158	46	110	174	2027	2026	2140	2028	1995	1971	2016	2074	1991	2019	2025	2012
304998	62	126	14	78	142	30	94	158	46	110	174	1994	2052	2131	1994	1972	1964	1986	2101	1978	2017	2064	2011
304998	62	126	14	78	142	30	94	158	46	110	174	1991	2056	2125	1985	1961	1969	1976	2106	1974	2019	2064	2018
304998	62	126	14	78	142	30	94	158	46	110	174	2003	2031	2139	1999	1982	1973	2002	2075	1984	2018	2033	2018
304998	62	126	14	78	142	30	94	158	46	110	174	2029	2006	2139	2034	2020	1985	2028	2049	2003	2019	2006	2010
304998	62	126	14	78	142	30	94	158	46	110	174	2051	1996	2139	2050	2039	1981	2054	2043	2003	2020	2001	2014
304998	62	126	14	78	142	30	94	158	46	110	174	2044	2015	2129	2040	2018	1980	2049	2056	1991	2019	2020	2022
304998	62	126	14	78	142	30	94	158	46	110	174	2014	2038	2128	2006	1989	1962	2004	2089	1978	2020	2045	2025
304998	62	126	14	78	142	30	94	158	46	110	174	1984	2044	2140	1984	1961	1967	1980	2099	1972	2022	2059	2010
304998	62	126	14	78	142	30	94	158	46	110	174	1986	2044	2138	1992	1967	1966	1975	2096	1983	2017	2058	2008
304998	62	126	14	78	142	30	94	158	46	110	174	2019	2018	2141	2022	1999	1979	2010	2067	1995	2022	2028	2016
304998	62	126	14	78	142	30	94	158	46	110	174	2049	2006	2127	2049	2032	1985	2043	2041	1997	2022	1998	2021
304998	62	126	14	78	142	30	94	158	46	110	174	2049	1999	2126	2050	2031	1984	2049	2041	1996	2019	1994	2014
304998	62	126	14	78	142	30	94	158	46	110	174	2033	2016	2134	2025	2002	1981	2029	2064	1988	2019	2023	2011
304998	62	126	14	78	142	30	94	158	46	110	174	1999	2042	2146	1995	1961	1968	1983	2093	1986	2019	2061	2018
304998	62	126	14	78	142	30	94	158	46	110	174	1985	2053	2139	1994	1952	1969	1975	2102	1976	2016	2064	2021
304998	62	126	14	78	142	30	94	158	46	110	174	2001	2037	2129	2002	1987	1967	1997	2087	1980	2017	2038	2013
304998	62	126	14	78	142	30	94	158	46	110	174	2026	2005	2127	2035	2016	1988	2027	2048	1997	2022	2009	2008
304998	62	126	14	78	142	30	94	158	46	110	174	2050	1990	2139	2063	2032	1989	2049	2036	2008	2017	2003	2015
304998	62	126	14	78	142	30	94	158	46	110	174	2041	2005	2140	2045	2011	1984	2036	2052	2000	2019	2011	2019
304998	62	126	14	78	142	30	94	158	46	110	174	2010	2036	2143	2019	1982	1968	2006	2080	1979	2020	2035	2014
304998	62	126	14	78	142	30	94	158	46	110	174	1989	2054	2129	1993	1966	1957	1980	2099	1971	2017	2054	2008
304998	62	126	14	78	142	30	94	158	46	110	174	1991	2046	2129	1989	1969	1970	1972	2088	1979	2020	2061	2011
304998	62	126	14	78	142	30	94	158	46	110	174	2017	2019	2135	2021	1993	1980	2009	2070	1996	2019	2030	2026
304998	62	126	14	78	142	30	94	158	46	110	174	2045	2000	2138	2043	2030	1986	2047	2049	2001	2017	2004	2020
304998	62	126	14	78	142	30	94	158	46	110	174	2045	1998	2147	2059	2026	1992	2051	2040	2001	2019	1996	2008
304998	62	126	14	78	142	30	94	158	46	110	174	2037	2023	2126	2032	2008	1968	2031	2061	1983	2020	2023	2013
304998	62	126	14	78	142	30	94	158	46	110	174	2004	2040	2141	1998	1977	1969	2000	2083	1984	2017	2051	2018
304998	62	126	14	78	142	30	94	158	46	110	174	1982	2042	2141	1988	1958	1970	1968	2100	1982	2022	2065	2021
304998	62	126	14	78	142	30	94	158	46	110	174	1996	2038	2144	1997	1979	1972	1993	2089	1980	2019	2044	2013
304998	62	126	14	78	142	30	94	158	46	110	174	2019	2013	2145	2034	1999	1988	2022	2057	1996	2018	2013	2008
304998	62	126	14	78	142	30	94	158	46	110	174	2048	1997	2127	2051	2032	1984	2050	2039	2002	2021	1999	2016
304998	62	126	14	78	142	30	94	158	46	110	174	2048	2001	2128	2046	2016	1982	2055	2042	2003	2021	2011	2023
304998	62	126	14	78	142	30	94	158	46	110	174	2018	2023	2134	2020	1993	1978	2009	2077	1988	2019	2032	2018
304998	62	126	14	78	142	30	94	158	46	110	174	1995	2049	2143	1991	1968	1960	2003	2105	1971	2022	2055	2005
304998	62	126	14	78	142	30	94	158	46	110	174	1989	2048	2143	1998	1950	1968	1979	2104	1974	2020	2063	2006
304998	62	126	14	78	142	30	94	158	46	110	174	2007	2025	2125	2015	1997	1969	2001	2073	1989	2017	2038	2022
304998	62	126	14	78	142	30	94	158	46	110	174	2039	1999	2131	2043	2015	1997	2031	2042	2007	2019	2004	2019
304998	62	126	14	78	142	30	94	158	46	110	174	2045	1989	2144	2054	2029	1992	2045	2043	2007	2022	1992	2014
304998	62	126	14	78	142	30	94	158	46	110	174	2037	2015	2140	2036	2015	1977	2042	2063	1988	2020	2020	2009
304998	62	126	14	78	142	30	94	158	46	110	174	1994	2036	2148	2013	1966	1965	1994	2082	1974	2018	2052	2014
304998	62	126	14	78	142	30	94	158	46	110	174	1984	2052	2128	1987	1968	1955	1972	2099	1969	2021	2066	2018
304998	62	126	14	78	142	30	94	158	46	110	174	1995	2035	2131	2002	1960	1976	1983	2085	1989	2022	2047	2013
304998	62	126	14	78	142	30	94	158	46	110	174	2023	2009	2143	2023	2013	1985	2018	2060	1992	2022	2019	2009
304998	62	126	14	78	142	30	94	158	46	110	174	2051	1997	2140	2050	2034	1987	2059	2051	2004	2017	2001	2019
304998	62	126	14	78	142	30	94	158	46	110	174	2042	2001	2137	2054	2026	1981	2043	2042	1996	2018	2006	2020
304998	62	126	14	78	142	30	94	158	46	110	174	2019	2022	2130	2022	1984	1974	2011	2063	1989	2018	2031	2017
304998	62	126	14	78	142	30	94	158	46	110	174	1995	2039	2133	1997	1961	1966	1979	2095	1982	2018	2056	2004
304998	62	126	14	78	142	30	94	158	46	110	174	1985	2040	2144	1988	1965	1963	1971	2094	1973	2018	2066	2007
304998	62	126	14	78	142	30	94	158	46	110	174	2007	2031	2147	2009	1989	1973	2018	2075	1987	2020	2039	2018
304998	62	126	14	78	142	30	94	158	46	110	174	2032	2008	2130	2048	2025	1986	2031	2041	1994	2017	2007	2027
304998	62	126	14	78	142	30	94	158	46	110	174	2054	1997	2124	2054	2034	1985	2056	2035	2009	2017	1995	2020
304998	62	126	14	78	142	30	94	158	46	110	174	2040	2003	2135	2046	1999	1985	2030	2055	1996	2016	2016	2011
304998	62	126	14	78	142	30	94	158	46	110	174	2004	2031	2140	2011	1980	1967	2007	2086	1980	2017	2049	2015
304998	62	126	14	78	142	30	94	158	46	110	174	1986	2051	2144	1996	1949	1968	1985	2101	1968	2019	2067	2020
304998	62	126	14	78	142	30	94	158	46	110	174	1994	2043	2138	1999	1978	1959	1987	2086	1979	2021	2051	2014
304998	62	126	14	78	142	30	94	158	46	110	174	2022	2016	2124	2027	2005	1981	2022	2058	1999	2020	2019	2009
304998	62	126	14	78	142	30	94	158	46	110	174	2045	1988	2139	2050	2026	1995	2036	2040	2005	2018	2003	2016
304998	62	126	14	78	142	30	94	158	46	110	174	2046	1998	2137	2050	2032	1986	2056	2044	1999	2017	2004	2018
304998	62	126	14	78	142	30	94	158	46	110	174	2022	2019	2145	2031	1997	1971	2029	2065	1982	2018	2029	2015
304998	62	126	14	78	142	30	94	158	46	110	174	1998	2044	2137	2001	1975	1958	1998	2092	1976	2018	2054	2014
304998	62	126	14	78	142	30	94	158	46	110	174	1983	2041	2133	1996	1963	1960	1973	2098	1978	2022	2065	2004
304998	62	126	14	78	142	30	94	158	46	110	174	2001	2024	2138	2011	1982	1972	1993	2078	1982	2021	2043	2014
304998	62	126	14	78	142	30	94	158	46	110	174	2038	2002	2135	2034	2020	1992	2046	2051	1998	2018	2013	2023
304998	62	126	14	78	142	30	94	158	46	110	174	2049	1995	2142	2058	2031	1988	2046	2035	2001	2020	1996	2020
304998	62	126	14	78	142	30	94	158	46	110	174	2043	2008	2127	2044	2021	1977	2046	2045	2000	2020	2010	2006
304998	62	126	14	78	142	30	94	158	46	110	174	2013	2027	2136	2016	1991	1966	1995	2081	1979	2020	2044	2006
304998	62	126	14	78	142	30	94	158	46	110	174	1985	2042	2142	1997	1959	1954	1977	2095	1968	2022	2066	2014
304998	62	126	14	78	142	30	94	158	46	110	174	1994	2036	2146	1999	1972	1963	1986	2089	1977	2020	2053	2015
304998	62	126	14	78	142	30	94	158	46	110	174	2013	2017	2142	2024	1999	1975	2009	2058	1988	2016	2024	2018
304998	62	126	14	78	142	30	94	158	46	110	174	2046	2002	2125	2047	2029	1983	2053	2041	2009	2018	2003	2011
304998	62	126	14	78	142	30	94	158	46	110	174	2051	1996	2124	2051	2034	1987	2045	2040	2006	2020	2005	2018
304998	62	126	14	78	142	30	94	158	46	110	174	2034	2016	2138	2033	2001	1972	2039	2063	1986	2020	2025	2019
304998	62	126	14	78	142	30	94	158	46	110	174	1996	2036	2150	2005	1974	1954	1986	2085	1976	2018	2051	2015
304998	62	126	14	78	142	30	94	158	46	110	174	1987	2049	2141	1997	1961	1953	1987	2097	1974	2016	2061	2001
304998	62	126	14	78	142	30	94	158	46	110	174	2004	2031	2128	2006	1987	1970	1990	2077	1988	2019	2047	2013
304998	62	126	14	78	142	30	94	158	46	110	174	2033	2003	2124	2034	2019	1985	2024	2054	1996	2022	2018	2024
304998	62	126	14	78	142	30	94	158	46	110	174	2055	1987	2138	2053	2030	1992	2067	2036	2001	2018	1996	2021
