304998	62	126	14	78	142	30	94	158	46	110	174	2045	1989	2144	2054	2029	1992	2045	2043	2007	2022	1992	2014
304998	62	126	14	78	142	30	94	158	46	110	174	2037	2015	2140	2036	2015	1977	2042	2063	1988	2020	2020	2009
304998	62	126	14	78	142	30	94	158	46	110	174	1994	2036	2148	2013	1966	1965	1994	2082	1974	2018	2052	2014
304998	62	126	14	78	142	30	94	158	46	110	174	1984	2052	2128	1987	1968	1955	1972	2099	1969	2021	2066	2018
304998	62	126	14	78	142	30	94	158	46	110	174	1995	2035	2131	2002	1960	1976	1983	2085	1989	2022	2047	2013
304998	62	126	14	78	142	30	94	158	46	110	174	2023	2009	2143	2023	2013	1985	2018	2060	1992	2022	2019	2009
304998	62	126	14	78	142	30	94	158	46	110	174	2051	1997	2140	2050	2034	1987	2059	2051	2004	2017	2001	2019
304998	62	126	14	78	142	30	94	158	46	110	174	2042	2001	2137	2054	2026	1981	2043	2042	1996	2018	2006	2020
304998	62	126	14	78	142	30	94	158	46	110	174	2019	2022	2130	2022	1984	1974	2011	2063	1989	2018	2031	2017
304998	62	126	14	78	142	30	94	158	46	110	174	1995	2039	2133	1997	1961	1966	1979	2095	1982	2018	2056	2004
304998	62	126	14	78	142	30	94	158	46	110	174	1985	2040	2144	1988	1965	1963	1971	2094	1973	2018	2066	2007
304998	62	126	14	78	142	30	94	158	46	110	174	2007	2031	2147	2009	1989	1973	2018	2075	1987	2020	2039	2018
304998	62	126	14	78	142	30	94	158	46	110	174	2032	2008	2130	2048	2025	1986	2031	2041	1994	2017	2007	2027
304998	62	126	14	78	142	30	94	158	46	110	174	2054	1997	2124	2054	2034	1985	2056	2035	2009	2017	1995	2020
304998	62	126	14	78	142	30	94	158	46	110	174	2040	2003	2135	2046	1999	1985	2030	2055	1996	2016	2016	2011
304998	62	126	14	78	142	30	94	158	46	110	174	2004	2031	2140	2011	1980	1967	2007	2086	1980	2017	2049	2015
304998	62	126	14	78	142	30	94	158	46	110	174	1986	2051	2144	1996	1949	1968	1985	2101	1968	2019	2067	2020
304998	62	126	14	78	142	30	94	158	46	110	174	1994	2043	2138	1999	1978	1959	1987	2086	1979	2021	2051	2014
304998	62	126	14	78	142	30	94	158	46	110	174	2022	2016	2124	2027	2005	1981	2022	2058	1999	2020	2019	2009
304998	62	126	14	78	142	30	94	158	46	110	174	2045	1988	2139	2050	2026	1995	2036	2040	2005	2018	2003	2016
304998	62	126	14	78	142	30	94	158	46	110	174	2046	1998	2137	2050	2032	1986	2056	2044	1999	2017	2004	2018
304998	62	126	14	78	142	30	94	158	46	110	174	2022	2019	2145	2031	1997	1971	2029	2065	1982	2018	2029	2015
304998	62	126	14	78	142	30	94	158	46	110	174	1998	2044	2137	2001	1975	1958	1998	2092	1976	2018	2054	2014
304998	62	126	14	78	142	30	94	158	46	110	174	1983	2041	2133	1996	1963	1960	1973	2098	1978	2022	2065	2004
304998	62	126	14	78	142	30	94	158	46	110	174	2001	2024	2138	2011	1982	1972	1993	2078	1982	2021	2043	2014
304998	62	126	14	78	142	30	94	158	46	110	174	2038	2002	2135	2034	2020	1992	2046	2051	1998	2018	2013	2023
304998	62	126	14	78	142	30	94	158	46	110	174	2049	1995	2142	2058	2031	1988	2046	2035	2001	2020	1996	2020
304998	62	126	14	78	142	30	94	158	46	110	174	2043	2008	2127	2044	2021	1977	2046	2045	2000	2020	2010	2006
304998	62	126	14	78	142	30	94	158	46	110	174	2013	2027	2136	2016	1991	1966	1995	2081	1979	2020	2044	2006
304998	62	126	14	78	142	30	94	158	46	110	174	1985	2042	2142	1997	1959	1954	1977	2095	1968	2022	2066	2014
304998	62	126	14	78	142	30	94	158	46	110	174	1994	2036	2146	1999	1972	1963	1986	2089	1977	2020	2053	2015
304998	62	126	14	78	142	30	94	158	46	110	174	2013	2017	2142	2024	1999	1975	2009	2058	1988	2016	2024	2018
304998	62	126	14	78	142	30	94	158	46	110	174	2046	2002	2125	2047	2029	1983	2053	2041	2009	2018	2003	2011
304998	62	126	14	78	142	30	94	158	46	110	174	2051	1996	2124	2051	2034	1987	2045	2040	2006	2020	2005	2018
304998	62	126	14	78	142	30	94	158	46	110	174	2034	2016	2138	2033	2001	1972	2039	2063	1986	2020	2025	2019
304998	62	126	14	78	142	30	94	158	46	110	174	1996	2036	2150	2005	1974	1954	1986	2085	1976	2018	2051	2015
304998	62	126	14	78	142	30	94	158	46	110	174	1987	2049	2141	1997	1961	1953	1987	2097	1974	2016	2061	2001
304998	62	126	14	78	142	30	94	158	46	110	174	2004	2031	2128	2006	1987	1970	1990	2077	1988	2019	2047	2013
304998	62	126	14	78	142	30	94	158	46	110	174	2033	2003	2124	2034	2019	1985	2024	2054	1996	2022	2018	2024
304998	62	126	14	78	142	30	94	158	46	110	174	2055	1987	2138	2053	2030	1992	2067	2036	2001	2018	1996	2021
304998	62	126	14	78	142	30	94	158	46	110	174	2040	2001	2139	2050	2020	1981	2043	2045	1995	2020	2006	2017
304998	62	126	14	78	142	30	94	158	46	110	174	2013	2034	2136	2019	1989	1969	2028	2071	1982	2021	2040	2007
304998	62	126	14	78	142	30	94	158	46	110	174	1986	2043	2141	1995	1968	1954	1975	2098	1972	2018	2064	2012
304998	62	126	14	78	142	30	94	158	46	110	174	1994	2043	2132	1995	1973	1965	1990	2099	1973	2017	2061	2016
304998	62	126	14	78	142	30	94	158	46	110	174	2017	2014	2141	2019	1999	1969	2018	2070	1987	2018	2025	2022
304998	62	126	14	78	142	30	94	158	46	110	174	2041	1992	2142	2045	2030	1987	2036	2042	2003	2017	2002	2018
304998	62	126	14	78	142	30	94	158	46	110	174	2048	1996	2137	2055	2026	1992	2060	2041	2007	2017	1998	2015
304998	62	126	14	78	142	30	94	158	46	110	174	2033	2015	2126	2035	2008	1977	2026	2059	1995	2022	2022	2020
304998	62	126	14	78	142	30	94	158	46	110	174	2008	2037	2135	2005	1976	1965	2009	2092	1975	2020	2044	2013
304998	62	126	14	78	142	30	94	158	46	110	174	1983	2039	2147	1993	1966	1953	1975	2098	1967	2018	2056	2008
304998	62	126	14	78	142	30	94	158	46	110	174	2001	2035	2142	2003	1985	1960	1994	2083	1982	2020	2050	2010
304998	62	126	14	78	142	30	94	158	46	110	174	2022	2008	2143	2031	2010	1984	2019	2053	2005	2017	2018	2020
304998	62	126	14	78	142	30	94	158	46	110	174	2046	1995	2123	2055	2030	1996	2042	2036	2001	2017	1995	2025
304998	62	126	14	78	142	30	94	158	46	110	174	2048	1999	2130	2050	2020	1987	2055	2048	1996	2019	2004	2020
304998	62	126	14	78	142	30	94	158	46	110	174	2020	2019	2142	2024	1994	1963	2018	2067	1982	2021	2032	2002
304998	62	126	14	78	142	30	94	158	46	110	174	1993	2043	2144	1997	1971	1953	1991	2101	1974	2019	2058	2012
304998	62	126	14	78	142	30	94	158	46	110	174	1987	2046	2142	1998	1962	1961	1985	2101	1973	2018	2059	2015
304998	62	126	14	78	142	30	94	158	46	110	174	2013	2025	2128	2014	1995	1985	2006	2072	1984	2017	2029	2018
304998	62	126	14	78	142	30	94	158	46	110	174	2042	2001	2126	2046	2014	1988	2039	2045	1999	2018	2003	2013
304998	62	126	14	78	142	30	94	158	46	110	174	2048	1993	2140	2051	2040	1984	2049	2037	2003	2017	1998	2019
304998	62	126	14	78	142	30	94	158	46	110	174	2040	2010	2140	2043	2013	1978	2037	2061	1996	2021	2019	2020
304998	62	126	14	78	142	30	94	158	46	110	174	2003	2040	2138	2012	1977	1963	2000	2086	1975	2016	2044	2018
304998	62	126	14	78	142	30	94	158	46	110	174	1991	2049	2127	1994	1968	1959	1998	2102	1968	2021	2057	2004
304998	62	126	14	78	142	30	94	158	46	110	174	1995	2032	2137	2001	1971	1968	1990	2083	1978	2019	2048	2005
304998	62	126	14	78	142	30	94	158	46	110	174	2022	2011	2140	2027	2015	1976	2027	2057	2003	2018	2021	2020
304998	62	126	14	78	142	30	94	158	46	110	174	2046	1997	2135	2055	2023	1994	2050	2043	2005	2021	1997	2024
304998	62	126	14	78	142	30	94	158	46	110	174	2048	2003	2130	2058	2030	1983	2045	2049	1996	2021	2000	2019
304998	62	126	14	78	142	30	94	158	46	110	174	2027	2027	2127	2023	1996	1970	2027	2075	1980	2019	2023	2009
304998	62	126	14	78	142	30	94	158	46	110	174	1990	2040	2141	2000	1973	1953	1988	2087	1971	2018	2063	2009
304998	62	126	14	78	142	30	94	158	46	110	174	1981	2039	2149	1995	1967	1953	1973	2098	1977	2019	2063	2013
304998	62	126	14	78	142	30	94	158	46	110	174	2009	2029	2139	2013	1993	1971	2014	2080	1985	2020	2033	2014
304998	62	126	14	78	142	30	94	158	46	110	174	2036	2008	2131	2038	2024	1990	2042	2049	1997	2017	2003	2016
304998	62	126	14	78	142	30	94	158	46	110	174	2052	1997	2123	2053	2034	1996	2050	2039	2002	2022	1999	2018
304998	62	126	14	78	142	30	94	158	46	110	174	2042	2009	2130	2041	2015	1981	2039	2052	1996	2016	2017	2019
304998	62	126	14	78	142	30	94	158	46	110	174	2009	2028	2144	2013	1984	1963	2009	2083	1985	2017	2042	2016
304998	62	126	14	78	142	30	94	158	46	110	174	1984	2047	2148	1992	1965	1956	1984	2102	1968	2022	2055	2006
304998	62	126	14	78	142	30	94	158	46	110	174	1987	2042	2144	1999	1975	1968	1991	2090	1975	2020	2051	2007
304998	62	126	14	78	142	30	94	158	46	110	174	2025	2018	2126	2023	2002	1979	2022	2059	1992	2021	2028	2015
304998	62	126	14	78	142	30	94	158	46	110	174	2042	1995	2134	2048	2027	1994	2036	2040	2008	2021	1998	2024
304998	62	126	14	78	142	30	94	158	46	110	174	2048	1994	2137	2051	2035	1984	2054	2046	2003	2018	1994	2023
304998	62	126	14	78	142	30	94	158	46	110	174	2024	2019	2145	2028	2002	1977	2032	2068	1985	2019	2022	2004
304998	62	126	14	78	142	30	94	158	46	110	174	1998	2046	2140	1996	1981	1956	1994	2094	1967	2019	2058	2004
304998	62	126	14	78	142	30	94	158	46	110	174	1994	2048	2132	1990	1972	1955	1991	2097	1978	2019	2063	2012
304998	62	126	14	78	142	30	94	158	46	110	174	2006	2024	2135	2011	1984	1965	2007	2079	1988	2021	2037	2016
304998	62	126	14	78	142	30	94	158	46	110	174	2031	2002	2134	2034	2015	1988	2030	2053	1997	2021	2004	2019
304998	62	126	14	78	142	30	94	158	46	110	174	2048	1993	2145	2057	2034	1991	2048	2041	2001	2016	1995	2016
304998	62	126	14	78	142	30	94	158	46	110	174	2047	2010	2127	2042	2024	1984	2051	2050	1999	2020	2013	2019
304998	62	126	14	78	142	30	94	158	46	110	174	2014	2031	2135	2022	1976	1968	2006	2077	1981	2018	2036	2014
304998	62	126	14	78	142	30	94	158	46	110	174	1987	2038	2136	1992	1967	1951	1980	2096	1968	2016	2056	2004
304998	62	126	14	78	142	30	94	158	46	110	174	1992	2039	2148	1999	1967	1965	1998	2091	1973	2021	2051	1999
304998	62	126	14	78	142	30	94	158	46	110	174	2014	2021	2144	2019	2001	1980	2018	2066	1987	2017	2033	2017
304998	62	126	14	78	142	30	94	158	46	110	174	2048	2004	2127	2047	2027	1995	2056	2047	2006	2017	1999	2034
304998	62	126	14	78	142	30	94	158	46	110	174	2048	1994	2124	2050	2023	1988	2042	2046	2007	2018	1996	2019
304998	62	126	14	78	142	30	94	158	46	110	174	2031	2013	2136	2039	2001	1973	2033	2065	1986	2018	2017	2006
304998	62	126	14	78	142	30	94	158	46	110	174	2002	2037	2150	2004	1982	1961	2005	2091	1971	2022	2054	2002
304998	62	126	14	78	142	30	94	158	46	110	174	1987	2048	2147	1997	1967	1956	1984	2096	1973	2017	2065	2011
304998	62	126	14	78	142	30	94	158	46	110	174	2005	2039	2137	2006	1988	1970	2010	2094	1984	2017	2041	2013
304998	62	126	14	78	142	30	94	158	46	110	174	2038	2008	2127	2040	2007	1985	2033	2054	1996	2017	2010	2015
304998	62	126	14	78	142	30	94	158	46	110	174	2050	1991	2128	2054	2033	1991	2053	2039	2002	2019	1997	2018
304998	62	126	14	78	142	30	94	158	46	110	174	2045	1998	2142	2047	2014	1994	2040	2046	1998	2018	2008	2020
304998	62	126	14	78	142	30	94	158	46	110	174	2010	2025	2148	2022	1988	1975	2011	2076	1989	2020	2034	2015
304998	62	126	14	78	142	30	94	158	46	110	174	1997	2051	2142	1993	1969	1953	2005	2098	1971	2017	2050	2008
304998	62	126	14	78	142	30	94	158	46	110	174	1995	2042	2135	1999	1966	1958	1994	2094	1969	2018	2051	1999
304998	62	126	14	78	142	30	94	158	46	110	174	2021	2019	2130	2016	2000	1973	2019	2071	1979	2021	2031	2009
304998	62	126	14	78	142	30	94	158	46	110	174	2045	1997	2132	2047	2020	1992	2043	2044	2008	2020	2004	2028
304998	62	126	14	78	142	30	94	158	46	110	174	2052	1996	2136	2051	2032	1995	2061	2046	2005	2016	1998	2026
304998	62	126	14	78	142	30	94	158	46	110	174	2039	2022	2129	2034	2011	1978	2053	2062	1991	2020	2013	2010
304998	62	126	14	78	142	30	94	158	46	110	174	2007	2036	2138	2011	1984	1953	2012	2084	1971	2017	2049	2002
304998	62	126	14	78	142	30	94	158	46	110	174	1993	2046	2135	1995	1965	1954	1991	2096	1973	2018	2062	2012
304998	62	126	14	78	142	30	94	158	46	110	174	1998	2033	2145	2006	1981	1970	1996	2089	1983	2017	2044	2018
304998	62	126	14	78	142	30	94	158	46	110	174	2031	2018	2133	2028	2014	1983	2035	2068	1992	2019	2012	2017
304998	62	126	14	78	142	30	94	158	46	110	174	2053	2001	2126	2049	2024	1990	2058	2044	2002	2021	1994	2019
304998	62	126	14	78	142	30	94	158	46	110	174	2052	2004	2124	2045	2025	1984	2054	2049	2002	2019	2008	2016
304998	62	126	14	78	142	30	94	158	46	110	174	2025	2017	2139	2028	1991	1974	2019	2069	1984	2022	2029	2015
304998	62	126	14	78	142	30	94	158	46	110	174	1998	2039	2152	1999	1978	1952	1997	2094	1971	2018	2050	2016
304998	62	126	14	78	142	30	94	158	46	110	174	1990	2046	2150	1995	1966	1961	1998	2094	1964	2020	2050	2001
304998	62	126	14	78	142	30	94	158	46	110	174	2011	2029	2130	2014	1995	1972	2011	2074	1980	2021	2032	2002
304998	62	126	14	78	142	30	94	158	46	110	174	2046	2002	2122	2043	2024	1991	2040	2052	2006	2018	2007	2023
304998	62	126	14	78	142	30	94	158	46	110	174	2057	1994	2127	2052	2038	1989	2054	2045	2001	2019	1997	2029
304998	62	126	14	78	142	30	94	158	46	110	174	2044	2005	2139	2036	2015	1984	2043	2059	1983	2018	2006	2013
304998	62	126	14	78	142	30	94	158	46	110	174	2006	2031	2148	2013	1976	1963	2007	2084	1976	2021	2042	1998
304998	62	126	14	78	142	30	94	158	46	110	174	1995	2052	2144	1996	1972	1950	1999	2095	1974	2019	2062	2005
304998	62	126	14	78	142	30	94	158	46	110	174	2001	2041	2136	2002	1974	1966	2009	2091	1975	2020	2050	2013
304998	62	126	14	78	142	30	94	158	46	110	174	2031	2012	2127	2024	2011	1983	2034	2065	1993	2016	2015	2020
304998	62	126	14	78	142	30	94	158	46	110	174	2051	1989	2129	2050	2034	1996	2056	2039	2004	2020	1993	2020
304998	62	126	14	78	142	30	94	158	46	110	174	2051	1999	2139	2052	2018	1989	2060	2047	2005	2019	2000	2012
304998	62	126	14	78	142	30	94	158	46	110	174	2026	2024	2135	2029	2005	1967	2027	2074	1980	2021	2031	2018
304998	62	126	14	78	142	30	94	158	46	110	174	2003	2048	2134	2005	1970	1955	2001	2098	1957	2021	2048	2009
304998	62	126	14	78	142	30	94	158	46	110	174	1993	2043	2137	2000	1966	1959	1986	2098	1968	2021	2050	2003
304998	62	126	14	78	142	30	94	158	46	110	174	2017	2025	2140	2011	1997	1967	2013	2077	1985	2018	2026	2003
304998	62	126	14	78	142	30	94	158	46	110	174	2035	2001	2140	2042	2015	1988	2034	2049	2002	2018	2014	2021
304998	62	126	14	78	142	30	94	158	46	110	174	2057	2004	2127	2053	2038	1985	2048	2047	2000	2021	1995	2029
304998	62	126	14	78	142	30	94	158	46	110	174	2039	2004	2132	2042	2014	1986	2035	2050	1996	2020	2008	2019
304998	62	126	14	78	142	30	94	158	46	110	174	2015	2027	2137	2018	1984	1971	2017	2077	1984	2022	2031	2005
304998	62	126	14	78	142	30	94	158	46	110	174	1994	2040	2149	1995	1974	1950	2000	2100	1970	2020	2058	1999
304998	62	126	14	78	142	30	94	158	46	110	174	1994	2037	2146	1999	1976	1957	1997	2093	1969	2017	2050	2010
304998	62	126	14	78	142	30	94	158	46	110	174	2018	2019	2139	2023	2008	1977	2026	2065	1987	2020	2018	2025
304998	62	126	14	78	142	30	94	158	46	110	174	2049	2003	2125	2041	2034	1987	2051	2044	2009	2020	1995	2026
304998	62	126	14	78	142	30	94	158	46	110	174	2057	2001	2127	2053	2021	1990	2062	2048	2006	2016	1997	2014
304998	62	126	14	78	142	30	94	158	46	110	174	2029	2013	2137	2027	2003	1972	2028	2064	1981	2020	2026	2014
304998	62	126	14	78	142	30	94	158	46	110	174	2000	2038	2151	2005	1978	1956	2007	2088	1966	2022	2048	2011
304998	62	126	14	78	142	30	94	158	46	110	174	1988	2047	2149	1998	1972	1958	1994	2094	1971	2018	2053	2008
304998	62	126	14	78	142	30	94	158	46	110	174	2005	2038	2138	2006	1996	1970	2003	2087	1981	2020	2030	2010
304998	62	126	14	78	142	30	94	158	46	110	174	2044	2007	2123	2035	2020	1985	2040	2056	1994	2019	2010	2014
304998	62	126	14	78	142	30	94	158	46	110	174	2056	1995	2127	2051	2040	1991	2052	2045	2002	2021	1997	2029
304998	62	126	14	78	142	30	94	158	46	110	174	2051	2006	2132	2045	2024	1977	2043	2048	1993	2021	2004	2024
304998	62	126	14	78	142	30	94	158	46	110	174	2013	2026	2154	2016	1995	1964	2008	2081	1987	2019	2029	2008
304998	62	126	14	78	142	30	94	158	46	110	174	1995	2051	2145	1993	1981	1955	1995	2098	1961	2021	2050	1995
304998	62	126	14	78	142	30	94	158	46	110	174	1999	2039	2145	1996	1967	1963	1994	2092	1969	2022	2057	2005
304998	62	126	14	78	142	30	94	158	46	110	174	2023	2019	2136	2025	2011	1972	2014	2070	1991	2019	2028	2019
304998	62	126	14	78	142	30	94	158	46	110	174	2042	1993	2133	2048	2024	1993	2042	2048	2006	2017	1997	2026
304998	62	126	14	78	142	30	94	158	46	110	174	2046	1994	2137	2051	2028	1997	2045	2041	2003	2019	1994	2020
304998	62	126	14	78	142	30	94	158	46	110	174	2035	2022	2139	2029	2010	1972	2039	2066	1982	2017	2022	2005
304998	62	126	14	78	142	30	94	158	46	110	174	2009	2042	2139	2011	1973	1960	1996	2080	1976	2020	2051	2009
304998	62	126	14	78	142	30	94	158	46	110	174	1996	2046	2139	1994	1979	1946	1993	2099	1972	2019	2055	2009
304998	62	126	14	78	142	30	94	158	46	110	174	2002	2033	2144	2006	1985	1964	2003	2087	1980	2017	2037	2008
304998	62	126	14	78	142	30	94	158	46	110	174	2032	2012	2135	2032	2015	1989	2039	2059	1994	2021	2009	2010
304998	62	126	14	78	142	30	94	158	46	110	174	2048	1999	2128	2051	2029	1997	2055	2039	2009	2021	2002	2026
304998	62	126	14	78	142	30	94	158	46	110	174	2048	2006	2126	2046	2021	1985	2047	2048	2003	2018	2005	2020
304998	62	126	14	78	142	30	94	158	46	110	174	2024	2023	2132	2020	2000	1960	2025	2078	1979	2020	2026	2015
