304998	62	126	14	78	142	30	94	158	46	110	174	2026	2017	2121	2021	2010	1981	2022	2074	2001	2022	2023	2017
304998	62	126	14	78	142	30	94	158	46	110	174	2047	1996	2120	2042	2032	1996	2043	2043	2010	2021	2007	2028
304998	62	126	14	78	142	30	94	158	46	110	174	2046	2008	2127	2039	2021	1993	2040	2048	2000	2017	2006	2030
304998	62	126	14	78	142	30	94	158	46	110	174	2020	2029	2136	2020	1994	1973	2013	2069	1996	2018	2033	2019
304998	62	126	14	78	142	30	94	158	46	110	174	1996	2052	2145	1992	1972	1954	1984	2100	1975	2016	2054	1995
304998	62	126	14	78	142	30	94	158	46	110	174	1990	2057	2138	1986	1974	1955	1987	2102	1971	2020	2062	1999
304998	62	126	14	78	142	30	94	158	46	110	174	2005	2027	2130	2008	1991	1968	1997	2080	1987	2022	2042	2016
304998	62	126	14	78	142	30	94	158	46	110	174	2038	2008	2125	2030	2020	1995	2033	2053	2006	2017	2009	2031
304998	62	126	14	78	142	30	94	158	46	110	174	2044	1998	2130	2046	2025	1996	2036	2046	2016	2022	1997	2026
304998	62	126	14	78	142	30	94	158	46	110	174	2033	2020	2129	2033	2015	1978	2025	2060	1994	2019	2016	2008
304998	62	126	14	78	142	30	94	158	46	110	174	2013	2045	2135	2009	1988	1965	2013	2085	1979	2018	2049	2010
304998	62	126	14	78	142	30	94	158	46	110	174	1982	2048	2139	1993	1968	1952	1982	2099	1967	2020	2064	2008
304998	62	126	14	78	142	30	94	158	46	110	174	1995	2040	2142	1992	1978	1963	1987	2087	1982	2019	2051	2013
304998	62	126	14	78	142	30	94	158	46	110	174	2015	2019	2135	2017	1992	1986	2012	2069	1999	2017	2023	2019
304998	62	126	14	78	142	30	94	158	46	110	174	2045	2005	2125	2041	2027	1991	2037	2047	2007	2022	2000	2017
304998	62	126	14	78	142	30	94	158	46	110	174	2046	2010	2118	2044	2024	1991	2044	2048	2003	2021	2009	2025
304998	62	126	14	78	142	30	94	158	46	110	174	2028	2026	2123	2025	2000	1972	2025	2069	1989	2021	2030	2019
304998	62	126	14	78	142	30	94	158	46	110	174	1998	2044	2144	1996	1977	1953	1982	2094	1978	2017	2054	2008
304998	62	126	14	78	142	30	94	158	46	110	174	1985	2049	2147	1985	1963	1954	1994	2104	1972	2022	2055	1998
304998	62	126	14	78	142	30	94	158	46	110	174	2003	2039	2139	2003	1987	1967	1996	2086	1983	2020	2044	2009
304998	62	126	14	78	142	30	94	158	46	110	174	2036	2017	2123	2029	2018	1985	2026	2059	2002	2020	2022	2025
304998	62	126	14	78	142	30	94	158	46	110	174	2051	2001	2111	2048	2026	1995	2046	2038	2014	2023	2001	2034
304998	62	126	14	78	142	30	94	158	46	110	174	2042	2004	2126	2036	2019	1986	2025	2060	2006	2018	2011	2022
304998	62	126	14	78	142	30	94	158	46	110	174	2013	2037	2139	2008	1991	1966	2013	2083	1986	2022	2037	2005
304998	62	126	14	78	142	30	94	158	46	110	174	1985	2052	2152	1993	1970	1955	1987	2099	1964	2019	2064	2002
304998	62	126	14	78	142	30	94	158	46	110	174	1994	2052	2140	1989	1975	1956	1987	2091	1973	2021	2061	2011
304998	62	126	14	78	142	30	94	158	46	110	174	2013	2023	2132	2016	1994	1979	2006	2073	2002	2018	2026	2022
304998	62	126	14	78	142	30	94	158	46	110	174	2039	1998	2121	2040	2018	2000	2030	2052	2009	2018	1999	2021
304998	62	126	14	78	142	30	94	158	46	110	174	2049	1996	2129	2042	2023	1995	2046	2052	2007	2017	1999	2021
304998	62	126	14	78	142	30	94	158	46	110	174	2023	2022	2144	2027	2005	1973	2022	2070	1987	2020	2030	2016
304998	62	126	14	78	142	30	94	158	46	110	174	2002	2050	2139	2000	1981	1954	1999	2092	1972	2018	2054	2014
304998	62	126	14	78	142	30	94	158	46	110	174	1987	2058	2142	1988	1967	1954	1979	2103	1972	2019	2062	2008
304998	62	126	14	78	142	30	94	158	46	110	174	2001	2034	2129	1998	1983	1970	1996	2089	1982	2019	2041	2009
304998	62	126	14	78	142	30	94	158	46	110	174	2029	2008	2138	2025	2015	1989	2030	2063	2000	2020	2016	2016
304998	62	126	14	78	142	30	94	158	46	110	174	2047	2000	2128	2045	2022	1997	2038	2041	2007	2019	2005	2027
304998	62	126	14	78	142	30	94	158	46	110	174	2044	2011	2130	2039	2020	1983	2039	2056	2005	2020	2014	2025
304998	62	126	14	78	142	30	94	158	46	110	174	2005	2033	2143	2013	1997	1965	2004	2081	1988	2018	2034	2017
304998	62	126	14	78	142	30	94	158	46	110	174	1995	2052	2140	1994	1965	1954	1989	2102	1967	2018	2058	1999
304998	62	126	14	78	142	30	94	158	46	110	174	1994	2046	2132	1993	1970	1961	1993	2100	1969	2020	2061	2004
304998	62	126	14	78	142	30	94	158	46	110	174	2016	2024	2136	2018	1976	1995	2012	2074	1993	2017	2039	2013
304998	62	126	14	78	142	30	94	158	46	110	174	2042	2008	2127	2051	1997	2009	2040	2060	2011	2017	2008	2032
304998	62	126	14	78	142	30	94	158	46	110	174	2044	2005	2124	2041	2033	1995	2039	2048	2005	2022	1997	2026
304998	62	126	14	78	142	30	94	158	46	110	174	2034	2020	2125	2028	2006	1986	2029	2063	1992	2016	2018	2012
304998	62	126	14	78	142	30	94	158	46	110	174	2001	2035	2144	2001	1979	1962	1993	2087	1973	2021	2048	2002
304998	62	126	14	78	142	30	94	158	46	110	174	1981	2044	2154	1984	1967	1952	1973	2099	1975	2021	2070	2007
304998	62	126	14	78	142	30	94	158	46	110	174	1993	2040	2148	2001	1971	1967	1987	2094	1982	2020	2051	2014
304998	62	126	14	78	142	30	94	158	46	110	174	2017	2018	2134	2023	2011	1983	2019	2065	1996	2016	2016	2024
304998	62	126	14	78	142	30	94	158	46	110	174	2044	2003	2116	2042	2023	2002	2043	2048	2006	2018	1998	2021
304998	62	126	14	78	142	30	94	158	46	110	174	2042	2001	2126	2040	2023	1987	2045	2050	2003	2018	2013	2025
304998	62	126	14	78	142	30	94	158	46	110	174	2009	2025	2141	2018	1995	1968	2007	2073	1994	2018	2034	2014
304998	62	126	14	78	142	30	94	158	46	110	174	1991	2050	2148	1999	1969	1954	1999	2102	1970	2016	2063	2012
304998	62	126	14	78	142	30	94	158	46	110	174	1981	2048	2151	1987	1971	1955	1979	2102	1969	2022	2060	2003
304998	62	126	14	78	142	30	94	158	46	110	174	2001	2035	2126	2006	1992	1975	2001	2079	1983	2016	2031	2010
304998	62	126	14	78	142	30	94	158	46	110	174	2038	2008	2121	2030	2018	1993	2042	2052	2009	2017	2018	2019
304998	62	126	14	78	142	30	94	158	46	110	174	2042	1993	2136	2048	2024	1999	2038	2045	2015	2019	2005	2031
304998	62	126	14	78	142	30	94	158	46	110	174	2035	2017	2133	2034	2007	1977	2035	2066	1994	2023	2018	2021
304998	62	126	14	78	142	30	94	158	46	110	174	2004	2040	2152	2004	1979	1966	2012	2089	1974	2016	2042	2010
304998	62	126	14	78	142	30	94	158	46	110	174	1985	2059	2140	1986	1969	1955	1987	2105	1969	2017	2062	1997
304998	62	126	14	78	142	30	94	158	46	110	174	1995	2041	2132	1993	1975	1972	2006	2092	1986	2019	2060	2010
304998	62	126	14	78	142	30	94	158	46	110	174	2019	2011	2129	2021	2002	1979	2013	2073	2001	2017	2028	2024
304998	62	126	14	78	142	30	94	158	46	110	174	2042	2001	2128	2041	2030	1990	2054	2052	2010	2020	1998	2031
304998	62	126	14	78	142	30	94	158	46	110	174	2043	2006	2136	2042	2020	1987	2041	2052	2001	2023	2002	2019
304998	62	126	14	78	142	30	94	158	46	110	174	2023	2034	2133	2016	2000	1971	2015	2074	1985	2017	2029	2006
304998	62	126	14	78	142	30	94	158	46	110	174	1992	2049	2132	1995	1966	1969	1995	2097	1982	2021	2060	2007
304998	62	126	14	78	142	30	94	158	46	110	174	1980	2043	2145	1986	1963	1953	1972	2105	1972	2018	2060	2011
304998	62	126	14	78	142	30	94	158	46	110	174	2001	2035	2146	2000	1983	1970	1998	2082	1985	2022	2040	2016
304998	62	126	14	78	142	30	94	158	46	110	174	2028	2013	2134	2034	2016	1993	2031	2056	2003	2022	2008	2017
304998	62	126	14	78	142	30	94	158	46	110	174	2044	2005	2120	2044	2031	1996	2041	2044	2009	2021	2002	2028
304998	62	126	14	78	142	30	94	158	46	110	174	2035	2012	2122	2036	2009	1993	2033	2064	2001	2017	2019	2021
304998	62	126	14	78	142	30	94	158	46	110	174	2007	2034	2142	2009	1983	1965	2008	2087	1979	2017	2042	2016
304998	62	126	14	78	142	30	94	158	46	110	174	1985	2049	2152	1983	1962	1951	1981	2103	1967	2021	2061	2007
304998	62	126	14	78	142	30	94	158	46	110	174	1985	2048	2150	1996	1973	1965	1992	2097	1979	2017	2059	2002
304998	62	126	14	78	142	30	94	158	46	110	174	2010	2022	2130	2016	2002	1981	2008	2069	1998	2017	2031	2022
304998	62	126	14	78	142	30	94	158	46	110	174	2041	2002	2122	2044	2023	2000	2033	2052	2011	2022	2008	2034
304998	62	126	14	78	142	30	94	158	46	110	174	2046	2000	2129	2042	2025	1990	2052	2050	2006	2020	2005	2027
304998	62	126	14	78	142	30	94	158	46	110	174	2027	2021	2137	2021	1995	1972	2022	2075	1982	2020	2025	2015
304998	62	126	14	78	142	30	94	158	46	110	174	1992	2050	2146	1997	1972	1955	1993	2096	1975	2017	2062	2001
304998	62	126	14	78	142	30	94	158	46	110	174	1981	2058	2138	1985	1972	1953	1981	2108	1982	2022	2068	2006
304998	62	126	14	78	142	30	94	158	46	110	174	2002	2034	2133	2008	1979	1973	2005	2090	1986	2016	2041	2021
304998	62	126	14	78	142	30	94	158	46	110	174	2029	2008	2136	2026	2011	1990	2027	2056	2002	2020	2013	2022
304998	62	126	14	78	142	30	94	158	46	110	174	2039	2000	2139	2047	2030	1995	2049	2044	2004	2020	1999	2016
304998	62	126	14	78	142	30	94	158	46	110	174	2034	2015	2132	2041	2017	1984	2039	2059	2005	2020	2018	2020
304998	62	126	14	78	142	30	94	158	46	110	174	2009	2036	2132	2009	1991	1967	2006	2086	1982	2018	2044	2017
304998	62	126	14	78	142	30	94	158	46	110	174	1987	2046	2142	1993	1964	1957	1996	2102	1969	2022	2061	2006
304998	62	126	14	78	142	30	94	158	46	110	174	1986	2039	2154	1989	1966	1961	1987	2097	1972	2018	2054	2002
304998	62	126	14	78	142	30	94	158	46	110	174	2009	2025	2140	2012	1997	1982	2005	2069	1997	2018	2037	2016
304998	62	126	14	78	142	30	94	158	46	110	174	2031	2008	2135	2038	2023	1996	2033	2049	2011	2022	2011	2029
304998	62	126	14	78	142	30	94	158	46	110	174	2039	1999	2121	2046	2020	1997	2033	2047	2005	2021	2004	2029
304998	62	126	14	78	142	30	94	158	46	110	174	2028	2016	2136	2024	2001	1983	2028	2070	1986	2021	2022	2022
304998	62	126	14	78	142	30	94	158	46	110	174	1999	2039	2142	1996	1969	1967	2004	2092	1979	2019	2053	2002
304998	62	126	14	78	142	30	94	158	46	110	174	1977	2052	2148	1987	1959	1958	1987	2104	1980	2020	2069	2007
304998	62	126	14	78	142	30	94	158	46	110	174	1996	2044	2134	1995	1980	1968	1988	2094	1981	2020	2048	2020
304998	62	126	14	78	142	30	94	158	46	110	174	2023	2013	2126	2021	2011	1988	2029	2064	2003	2022	2019	2024
304998	62	126	14	78	142	30	94	158	46	110	174	2041	1997	2128	2044	2031	1993	2046	2046	2005	2022	2000	2018
304998	62	126	14	78	142	30	94	158	46	110	174	2041	2008	2136	2040	2018	1986	2041	2052	2001	2018	2014	2022
304998	62	126	14	78	142	30	94	158	46	110	174	2006	2034	2144	2023	1984	1973	2006	2084	1988	2017	2043	2019
304998	62	126	14	78	142	30	94	158	46	110	174	1991	2059	2135	1987	1968	1955	2003	2108	1974	2022	2062	2013
304998	62	126	14	78	142	30	94	158	46	110	174	1985	2044	2140	1987	1962	1967	1983	2102	1974	2019	2054	2006
304998	62	126	14	78	142	30	94	158	46	110	174	2005	2030	2132	2010	1994	1977	2008	2076	1990	2016	2036	2014
304998	62	126	14	78	142	30	94	158	46	110	174	2028	2007	2133	2036	2010	1994	2028	2052	2012	2022	2018	2026
304998	62	126	14	78	142	30	94	158	46	110	174	2043	2004	2129	2051	2017	1997	2049	2051	2010	2020	2002	2035
304998	62	126	14	78	142	30	94	158	46	110	174	2028	2019	2126	2032	2009	1983	2028	2064	1995	2022	2019	2018
304998	62	126	14	78	142	30	94	158	46	110	174	1999	2034	2143	2002	1979	1967	1993	2089	1974	2017	2050	2002
304998	62	126	14	78	142	30	94	158	46	110	174	1987	2051	2147	1986	1968	1955	1992	2103	1978	2022	2067	2006
304998	62	126	14	78	142	30	94	158	46	110	174	1984	2043	2146	1994	1968	1968	1985	2093	1984	2020	2050	2018
304998	62	126	14	78	142	30	94	158	46	110	174	2022	2024	2122	2021	2004	1982	2017	2069	1998	2020	2020	2025
304998	62	126	14	78	142	30	94	158	46	110	174	2047	2002	2121	2043	2021	1995	2058	2048	2008	2019	1997	2019
304998	62	126	14	78	142	30	94	158	46	110	174	2045	2001	2129	2039	2025	1991	2040	2048	2006	2016	2013	2022
304998	62	126	14	78	142	30	94	158	46	110	174	2019	2031	2140	2014	1998	1974	2019	2080	1987	2020	2035	2022
304998	62	126	14	78	142	30	94	158	46	110	174	1985	2048	2147	1995	1961	1965	1981	2103	1967	2021	2054	2011
304998	62	126	14	78	142	30	94	158	46	110	174	1989	2054	2137	1987	1967	1954	1991	2102	1973	2020	2054	2001
304998	62	126	14	78	142	30	94	158	46	110	174	2006	2026	2133	2005	1990	1975	2016	2075	1986	2019	2042	2008
304998	62	126	14	78	142	30	94	158	46	110	174	2032	2008	2129	2033	2021	1991	2029	2057	2008	2017	2016	2029
304998	62	126	14	78	142	30	94	158	46	110	174	2044	2004	2126	2046	2027	1997	2046	2052	2008	2019	2001	2030
304998	62	126	14	78	142	30	94	158	46	110	174	2026	2016	2135	2038	1999	1983	2033	2063	1997	2022	2015	2020
304998	62	126	14	78	142	30	94	158	46	110	174	2006	2041	2129	2008	1979	1965	2009	2090	1973	2016	2043	2004
304998	62	126	14	78	142	30	94	158	46	110	174	1987	2049	2146	1993	1960	1961	1985	2098	1972	2020	2064	2005
304998	62	126	14	78	142	30	94	158	46	110	174	1996	2040	2142	1990	1981	1963	1987	2094	1981	2018	2052	2019
304998	62	126	14	78	142	30	94	158	46	110	174	2018	2025	2129	2018	1995	1989	2015	2070	1996	2017	2025	2022
304998	62	126	14	78	142	30	94	158	46	110	174	2038	2002	2124	2043	2018	1992	2037	2046	2006	2022	1999	2018
304998	62	126	14	78	142	30	94	158	46	110	174	2046	2005	2119	2044	2019	1992	2043	2051	2004	2019	2012	2020
304998	62	126	14	78	142	30	94	158	46	110	174	2019	2019	2140	2021	1997	1974	2015	2074	1992	2021	2031	2020
304998	62	126	14	78	142	30	94	158	46	110	174	1998	2046	2147	1993	1978	1963	1998	2107	1973	2020	2057	2012
304998	62	126	14	78	142	30	94	158	46	110	174	1988	2056	2146	1985	1962	1960	2003	2107	1970	2020	2055	2006
304998	62	126	14	78	142	30	94	158	46	110	174	1996	2043	2126	2004	1987	1968	2002	2079	1986	2017	2041	2011
304998	62	126	14	78	142	30	94	158	46	110	174	2034	2013	2125	2030	2014	1993	2033	2057	2009	2018	2017	2029
304998	62	126	14	78	142	30	94	158	46	110	174	2044	1997	2132	2045	2029	1997	2038	2051	2006	2020	2000	2031
304998	62	126	14	78	142	30	94	158	46	110	174	2041	2017	2130	2036	2015	1987	2045	2070	1996	2020	2010	2022
304998	62	126	14	78	142	30	94	158	46	110	174	2013	2043	2145	2015	1976	1965	2019	2087	1979	2016	2041	2001
304998	62	126	14	78	142	30	94	158	46	110	174	1989	2056	2130	1987	1965	1954	1990	2099	1977	2020	2065	2008
304998	62	126	14	78	142	30	94	158	46	110	174	1986	2044	2144	1995	1973	1967	1990	2102	1981	2016	2055	2016
304998	62	126	14	78	142	30	94	158	46	110	174	2020	2025	2134	2014	2006	1982	2015	2075	1993	2019	2025	2022
304998	62	126	14	78	142	30	94	158	46	110	174	2039	2005	2133	2043	2016	2007	2039	2056	2003	2017	2001	2017
304998	62	126	14	78	142	30	94	158	46	110	174	2046	2006	2123	2042	2024	1988	2044	2049	2006	2016	2008	2023
304998	62	126	14	78	142	30	94	158	46	110	174	2028	2027	2125	2025	1999	1974	2031	2074	1997	2022	2033	2022
304998	62	126	14	78	142	30	94	158	46	110	174	2000	2042	2142	1998	1979	1956	2003	2097	1972	2019	2048	2013
304998	62	126	14	78	142	30	94	158	46	110	174	1987	2051	2148	1985	1968	1959	1992	2100	1968	2022	2059	2002
304998	62	126	14	78	142	30	94	158	46	110	174	1997	2037	2145	2001	1977	1977	2001	2083	1984	2022	2045	2005
304998	62	126	14	78	142	30	94	158	46	110	174	2026	2020	2127	2029	2011	1984	2026	2060	2006	2020	2019	2023
304998	62	126	14	78	142	30	94	158	46	110	174	2050	2003	2118	2047	2025	1997	2045	2054	2005	2017	2000	2032
304998	62	126	14	78	142	30	94	158	46	110	174	2037	2006	2136	2044	2011	1988	2040	2060	1994	2020	2009	2019
304998	62	126	14	78	142	30	94	158	46	110	174	2012	2031	2149	2015	1991	1968	2014	2077	1981	2019	2040	2000
304998	62	126	14	78	142	30	94	158	46	110	174	1994	2059	2147	1997	1963	1957	2005	2105	1973	2016	2060	2004
304998	62	126	14	78	142	30	94	158	46	110	174	1993	2052	2139	1992	1978	1953	1987	2100	1976	2022	2055	2013
304998	62	126	14	78	142	30	94	158	46	110	174	2017	2026	2128	2014	1993	1977	2016	2079	1990	2020	2029	2019
304998	62	126	14	78	142	30	94	158	46	110	174	2028	1999	2139	2038	2020	1997	2028	2046	2005	2021	2004	2018
304998	62	126	14	78	142	30	94	158	46	110	174	2046	2005	2127	2046	2030	1997	2042	2047	2011	2020	2005	2016
304998	62	126	14	78	142	30	94	158	46	110	174	2033	2025	2136	2034	1997	1980	2029	2075	1996	2022	2025	2021
304998	62	126	14	78	142	30	94	158	46	110	174	2008	2049	2135	2003	1983	1954	2007	2095	1970	2019	2044	2017
304998	62	126	14	78	142	30	94	158	46	110	174	1987	2044	2148	1992	1966	1955	1987	2103	1969	2016	2054	1999
304998	62	126	14	78	142	30	94	158	46	110	174	1999	2036	2145	1995	1985	1966	1995	2084	1990	2021	2047	2005
304998	62	126	14	78	142	30	94	158	46	110	174	2024	2018	2139	2020	2006	1993	2031	2070	1998	2021	2022	2022
304998	62	126	14	78	142	30	94	158	46	110	174	2049	2003	2122	2046	2023	1991	2043	2050	2005	2020	2003	2033
304998	62	126	14	78	142	30	94	158	46	110	174	2042	2008	2123	2040	2019	1985	2040	2054	1997	2022	2006	2020
304998	62	126	14	78	142	30	94	158	46	110	174	2018	2025	2136	2019	1992	1968	2016	2074	1985	2021	2029	2003
304998	62	126	14	78	142	30	94	158	46	110	174	1993	2043	2152	1995	1975	1955	1991	2102	1972	2020	2061	2005
304998	62	126	14	78	142	30	94	158	46	110	174	1986	2052	2147	1996	1966	1962	1987	2102	1972	2021	2057	2013
304998	62	126	14	78	142	30	94	158	46	110	174	2007	2034	2137	2012	2000	1973	2014	2077	1983	2022	2031	2017
304998	62	126	14	78	142	30	94	158	46	110	174	2039	2010	2120	2034	2018	1994	2043	2049	2006	2018	2004	2017
304998	62	126	14	78	142	30	94	158	46	110	174	2048	1999	2125	2050	2020	1994	2048	2047	2007	2019	2003	2023
