304998	62	126	14	78	142	30	94	158	46	110	174	2004	2041	2142	1998	1981	1956	1996	2092	1979	2017	2045	2007
304998	62	126	14	78	142	30	94	158	46	110	174	1993	2046	2148	1986	1971	1956	1995	2104	1967	2017	2050	1996
304998	62	126	14	78	142	30	94	158	46	110	174	2006	2036	2147	2002	1993	1967	2011	2083	1985	2019	2041	2010
304998	62	126	14	78	142	30	94	158	46	110	174	2034	2013	2128	2034	2020	1980	2027	2057	1995	2022	2015	2028
304998	62	126	14	78	142	30	94	158	46	110	174	2052	2000	2118	2045	2031	1994	2041	2043	2008	2018	1998	2029
304998	62	126	14	78	142	30	94	158	46	110	174	2042	2003	2131	2043	2018	1987	2029	2053	2000	2021	2009	2012
304998	62	126	14	78	142	30	94	158	46	110	174	2017	2028	2142	2015	1995	1964	2032	2085	1976	2021	2033	2007
304998	62	126	14	78	142	30	94	158	46	110	174	1993	2049	2151	1995	1974	1953	1998	2098	1968	2018	2059	2007
304998	62	126	14	78	142	30	94	158	46	110	174	1996	2051	2138	1995	1979	1953	1991	2093	1976	2016	2050	2015
304998	62	126	14	78	142	30	94	158	46	110	174	2022	2025	2124	2016	2005	1974	2016	2072	1996	2019	2022	2017
304998	62	126	14	78	142	30	94	158	46	110	174	2042	1996	2128	2042	2021	1990	2040	2047	2006	2019	1998	2016
304998	62	126	14	78	142	30	94	158	46	110	174	2051	2002	2132	2047	2033	1993	2049	2046	2001	2021	2002	2022
304998	62	126	14	78	142	30	94	158	46	110	174	2030	2015	2144	2032	2004	1977	2027	2058	1987	2020	2022	2020
304998	62	126	14	78	142	30	94	158	46	110	174	2008	2048	2140	2003	1985	1957	2010	2094	1982	2017	2044	2007
304998	62	126	14	78	142	30	94	158	46	110	174	1993	2048	2140	1992	1971	1956	1984	2100	1973	2021	2050	1998
304998	62	126	14	78	142	30	94	158	46	110	174	2006	2032	2140	2004	1986	1965	2000	2087	1973	2018	2041	2009
304998	62	126	14	78	142	30	94	158	46	110	174	2027	2008	2135	2028	2012	1983	2028	2061	1997	2016	2023	2020
304998	62	126	14	78	142	30	94	158	46	110	174	2044	2001	2130	2047	2026	1990	2049	2042	2012	2022	1996	2026
304998	62	126	14	78	142	30	94	158	46	110	174	2046	2010	2124	2044	2026	1979	2046	2055	1997	2019	2003	2019
304998	62	126	14	78	142	30	94	158	46	110	174	2022	2029	2127	2022	1999	1967	2018	2080	1979	2021	2031	2005
304998	62	126	14	78	142	30	94	158	46	110	174	1997	2041	2144	1992	1978	1953	1996	2096	1969	2022	2057	2004
304998	62	126	14	78	142	30	94	158	46	110	174	1996	2044	2147	1987	1976	1956	1996	2094	1973	2019	2051	2011
304998	62	126	14	78	142	30	94	158	46	110	174	2011	2026	2143	2016	1995	1976	2008	2075	1993	2017	2025	2013
304998	62	126	14	78	142	30	94	158	46	110	174	2045	2010	2122	2039	2029	1985	2044	2057	1995	2016	2004	2016
304998	62	126	14	78	142	30	94	158	46	110	174	2052	1997	2125	2048	2028	1992	2048	2047	2003	2020	2001	2017
304998	62	126	14	78	142	30	94	158	46	110	174	2037	2009	2139	2036	2006	1983	2030	2057	1988	2017	2017	2019
304998	62	126	14	78	142	30	94	158	46	110	174	2006	2034	2148	2008	1980	1961	1998	2085	1979	2018	2038	2015
304998	62	126	14	78	142	30	94	158	46	110	174	1986	2049	2151	1997	1964	1957	1982	2101	1974	2019	2050	2001
304998	62	126	14	78	142	30	94	158	46	110	174	2003	2043	2131	1998	1986	1958	2011	2094	1981	2017	2042	2002
304998	62	126	14	78	142	30	94	158	46	110	174	2028	2015	2124	2029	2009	1986	2019	2055	1991	2018	2020	2022
304998	62	126	14	78	142	30	94	158	46	110	174	2052	1996	2125	2044	2033	1994	2037	2040	2007	2018	1998	2030
304998	62	126	14	78	142	30	94	158	46	110	174	2043	2003	2142	2045	2020	1989	2036	2049	2004	2021	1999	2018
304998	62	126	14	78	142	30	94	158	46	110	174	2026	2025	2144	2024	1992	1971	2019	2075	1978	2020	2026	2003
304998	62	126	14	78	142	30	94	158	46	110	174	1999	2048	2143	1995	1977	1957	2006	2098	1964	2018	2057	2007
304998	62	126	14	78	142	30	94	158	46	110	174	1996	2049	2134	1990	1971	1956	1991	2095	1969	2019	2058	2010
304998	62	126	14	78	142	30	94	158	46	110	174	2015	2024	2131	2014	1994	1976	2016	2076	1993	2017	2026	2016
304998	62	126	14	78	142	30	94	158	46	110	174	2038	2003	2135	2036	2020	1987	2042	2052	2000	2020	2001	2016
304998	62	126	14	78	142	30	94	158	46	110	174	2048	2002	2132	2050	2026	1989	2054	2046	2003	2020	1997	2013
304998	62	126	14	78	142	30	94	158	46	110	174	2040	2017	2129	2034	2016	1976	2038	2058	1991	2021	2020	2020
304998	62	126	14	78	142	30	94	158	46	110	174	2016	2034	2136	2008	1991	1963	2016	2079	1983	2021	2043	2017
304998	62	126	14	78	142	30	94	158	46	110	174	2000	2044	2144	1992	1977	1957	1996	2103	1967	2022	2051	2004
304998	62	126	14	78	142	30	94	158	46	110	174	2001	2039	2143	1999	1978	1961	1995	2092	1971	2021	2043	2002
304998	62	126	14	78	142	30	94	158	46	110	174	2020	2018	2140	2022	2010	1975	2019	2065	1991	2018	2020	2017
304998	62	126	14	78	142	30	94	158	46	110	174	2046	2005	2126	2044	2032	1995	2046	2042	2009	2021	2004	2025
304998	62	126	14	78	142	30	94	158	46	110	174	2046	2002	2128	2050	2023	1991	2042	2041	2007	2020	1999	2020
304998	62	126	14	78	142	30	94	158	46	110	174	2034	2020	2130	2028	2007	1971	2025	2068	1983	2022	2025	2013
304998	62	126	14	78	142	30	94	158	46	110	174	2003	2039	2153	2003	1976	1953	1998	2091	1967	2022	2049	1997
304998	62	126	14	78	142	30	94	158	46	110	174	1995	2049	2148	1994	1978	1955	1997	2095	1970	2018	2055	2004
304998	62	126	14	78	142	30	94	158	46	110	174	2010	2034	2133	2008	1994	1974	2002	2075	1987	2021	2034	2017
304998	62	126	14	78	142	30	94	158	46	110	174	2042	2010	2120	2035	2020	1990	2029	2062	1997	2017	2003	2017
304998	62	126	14	78	142	30	94	158	46	110	174	2046	1989	2130	2048	2031	1994	2042	2042	2007	2016	1995	2016
304998	62	126	14	78	142	30	94	158	46	110	174	2042	2006	2140	2040	2020	1977	2044	2052	1992	2019	2013	2016
304998	62	126	14	78	142	30	94	158	46	110	174	2017	2032	2156	2022	1988	1959	2024	2078	1985	2018	2037	2009
304998	62	126	14	78	142	30	94	158	46	110	174	1998	2053	2139	1992	1980	1956	1988	2100	1970	2016	2048	2011
304998	62	126	14	78	142	30	94	158	46	110	174	2001	2046	2132	2002	1975	1964	2008	2093	1976	2020	2041	2002
304998	62	126	14	78	142	30	94	158	46	110	174	2011	2006	2146	2017	2007	1978	2016	2067	1989	2018	2019	2009
304998	62	126	14	78	142	30	94	158	46	110	174	2047	1996	2128	2042	2029	1990	2046	2042	2001	2017	2001	2023
304998	62	126	14	78	142	30	94	158	46	110	174	2048	1999	2146	2054	2024	1987	2048	2041	2009	2017	2000	2028
304998	62	126	14	78	142	30	94	158	46	110	174	2032	2028	2129	2031	2010	1969	2034	2077	1991	2022	2014	2014
304998	62	126	14	78	142	30	94	158	46	110	174	2010	2042	2132	2006	1979	1968	2013	2091	1971	2017	2044	1997
304998	62	126	14	78	142	30	94	158	46	110	174	1985	2036	2148	1994	1972	1953	1990	2094	1969	2019	2055	2001
304998	62	126	14	78	142	30	94	158	46	110	174	2009	2034	2144	2001	1995	1969	2002	2078	1987	2021	2038	2015
304998	62	126	14	78	142	30	94	158	46	110	174	2034	2009	2142	2035	2018	1981	2026	2058	2001	2020	2009	2023
304998	62	126	14	78	142	30	94	158	46	110	174	2052	2003	2123	2047	2036	1991	2055	2043	2004	2016	1993	2020
304998	62	126	14	78	142	30	94	158	46	110	174	2049	2008	2124	2044	2023	1984	2040	2049	1996	2021	2008	2013
304998	62	126	14	78	142	30	94	158	46	110	174	2020	2026	2132	2017	1991	1964	2014	2073	1978	2019	2038	2012
304998	62	126	14	78	142	30	94	158	46	110	174	2002	2045	2146	1995	1974	1949	2008	2100	1971	2022	2051	2009
304998	62	126	14	78	142	30	94	158	46	110	174	1999	2042	2148	1995	1976	1961	1998	2092	1973	2017	2043	2010
304998	62	126	14	78	142	30	94	158	46	110	174	2017	2027	2139	2017	2009	1974	2013	2071	1986	2021	2023	2009
304998	62	126	14	78	142	30	94	158	46	110	174	2044	2003	2122	2045	2024	1992	2045	2046	2000	2017	2002	2015
304998	62	126	14	78	142	30	94	158	46	110	174	2048	1994	2126	2053	2026	1985	2040	2038	2011	2023	2002	2028
304998	62	126	14	78	142	30	94	158	46	110	174	2034	2013	2138	2036	2008	1975	2026	2065	1990	2020	2018	2020
304998	62	126	14	78	142	30	94	158	46	110	174	2004	2037	2150	2010	1980	1961	2000	2087	1972	2016	2042	2001
304998	62	126	14	78	142	30	94	158	46	110	174	1994	2049	2147	1991	1976	1955	1995	2097	1962	2018	2056	2002
304998	62	126	14	78	142	30	94	158	46	110	174	2009	2040	2137	2003	1986	1971	2014	2083	1984	2017	2047	2011
304998	62	126	14	78	142	30	94	158	46	110	174	2031	2004	2123	2034	2015	1983	2020	2061	1999	2018	2013	2025
304998	62	126	14	78	142	30	94	158	46	110	174	2052	1993	2129	2049	2031	1993	2046	2044	2002	2022	1993	2025
304998	62	126	14	78	142	30	94	158	46	110	174	2042	2001	2142	2048	2015	1990	2042	2048	1996	2022	1999	2011
304998	62	126	14	78	142	30	94	158	46	110	174	2027	2028	2137	2020	2006	1968	2022	2073	1986	2020	2035	2008
304998	62	126	14	78	142	30	94	158	46	110	174	2001	2046	2141	1999	1968	1957	1994	2094	1975	2021	2050	2005
304998	62	126	14	78	142	30	94	158	46	110	174	1998	2042	2142	1993	1981	1958	1995	2099	1976	2017	2048	2006
304998	62	126	14	78	142	30	94	158	46	110	174	2020	2021	2138	2014	1992	1969	2019	2073	1987	2020	2024	2011
304998	62	126	14	78	142	30	94	158	46	110	174	2038	2001	2139	2042	2023	1988	2039	2044	1999	2022	2004	2014
304998	62	126	14	78	142	30	94	158	46	110	174	2052	2001	2127	2051	2032	1991	2043	2038	2006	2023	2003	2017
304998	62	126	14	78	142	30	94	158	46	110	174	2044	2017	2130	2041	2008	1979	2034	2064	1995	2021	2016	2024
304998	62	126	14	78	142	30	94	158	46	110	174	2013	2031	2135	2014	1988	1958	2007	2083	1973	2017	2037	2011
304998	62	126	14	78	142	30	94	158	46	110	174	1997	2042	2143	1990	1974	1950	1986	2098	1966	2021	2049	2000
304998	62	126	14	78	142	30	94	158	46	110	174	1998	2036	2150	2004	1984	1967	1998	2079	1983	2021	2043	2007
304998	62	126	14	78	142	30	94	158	46	110	174	2028	2016	2132	2022	2009	1981	2030	2062	1999	2016	2019	2020
304998	62	126	14	78	142	30	94	158	46	110	174	2051	1998	2129	2046	2024	1994	2049	2045	2003	2019	1996	2028
304998	62	126	14	78	142	30	94	158	46	110	174	2048	1997	2129	2047	2025	1982	2045	2046	1994	2021	1999	2023
304998	62	126	14	78	142	30	94	158	46	110	174	2025	2021	2138	2028	2009	1963	2036	2070	1984	2018	2021	2003
304998	62	126	14	78	142	30	94	158	46	110	174	2000	2039	2151	2004	1978	1956	1996	2087	1972	2017	2050	2004
304998	62	126	14	78	142	30	94	158	46	110	174	1999	2046	2145	1996	1977	1954	1987	2101	1976	2019	2054	2011
304998	62	126	14	78	142	30	94	158	46	110	174	2008	2028	2136	2009	1983	1976	2003	2071	1986	2021	2030	2017
304998	62	126	14	78	142	30	94	158	46	110	174	2041	2005	2128	2035	2022	1980	2042	2046	1997	2017	2005	2018
304998	62	126	14	78	142	30	94	158	46	110	174	2049	1990	2133	2050	2035	1987	2042	2038	2007	2022	1995	2017
304998	62	126	14	78	142	30	94	158	46	110	174	2042	2009	2136	2039	2016	1979	2035	2053	1999	2019	2014	2024
304998	62	126	14	78	142	30	94	158	46	110	174	2013	2036	2149	2015	1994	1963	2022	2081	1975	2019	2039	2016
304998	62	126	14	78	142	30	94	158	46	110	174	1993	2051	2136	1993	1963	1955	1988	2096	1963	2016	2048	2005
304998	62	126	14	78	142	30	94	158	46	110	174	2005	2041	2133	1999	1983	1958	2001	2087	1970	2019	2045	2002
304998	62	126	14	78	142	30	94	158	46	110	174	2015	2012	2134	2023	2012	1977	2014	2064	1996	2017	2024	2015
304998	62	126	14	78	142	30	94	158	46	110	174	2046	1997	2129	2044	2029	1991	2050	2047	1999	2022	2000	2022
304998	62	126	14	78	142	30	94	158	46	110	174	2048	2001	2143	2047	2032	1985	2047	2046	2002	2021	1999	2027
304998	62	126	14	78	142	30	94	158	46	110	174	2034	2025	2134	2028	2009	1970	2041	2069	1983	2021	2018	2011
304998	62	126	14	78	142	30	94	158	46	110	174	2009	2039	2132	2006	1981	1955	2001	2086	1977	2020	2050	2002
304998	62	126	14	78	142	30	94	158	46	110	174	1995	2039	2143	1992	1979	1956	1984	2096	1969	2017	2060	2005
304998	62	126	14	78	142	30	94	158	46	110	174	2007	2025	2142	2008	1991	1969	2007	2079	1984	2022	2036	2015
304998	62	126	14	78	142	30	94	158	46	110	174	2034	2006	2146	2033	2021	1984	2028	2049	1995	2016	2009	2022
304998	62	126	14	78	142	30	94	158	46	110	174	2054	2000	2128	2048	2029	1990	2045	2038	2001	2018	1993	2015
304998	62	126	14	78	142	30	94	158	46	110	174	2044	2004	2125	2045	2022	1979	2036	2047	2002	2020	2011	2015
304998	62	126	14	78	142	30	94	158	46	110	174	2019	2025	2137	2017	1997	1963	2011	2077	1982	2016	2037	2014
304998	62	126	14	78	142	30	94	158	46	110	174	1999	2047	2147	1995	1974	1955	1994	2093	1967	2017	2051	2008
304998	62	126	14	78	142	30	94	158	46	110	174	1998	2043	2147	1996	1981	1963	1986	2087	1977	2017	2046	2007
304998	62	126	14	78	142	30	94	158	46	110	174	2021	2026	2129	2019	2007	1970	2017	2063	1994	2022	2024	2009
304998	62	126	14	78	142	30	94	158	46	110	174	2048	2002	2123	2046	2029	1986	2039	2043	2006	2017	2002	2019
304998	62	126	14	78	142	30	94	158	46	110	174	2052	1992	2128	2050	2033	1981	2047	2041	1995	2019	2000	2029
304998	62	126	14	78	142	30	94	158	46	110	174	2033	2010	2140	2033	2008	1974	2028	2062	1986	2021	2016	2013
304998	62	126	14	78	142	30	94	158	46	110	174	2003	2039	2148	2004	1980	1959	1999	2085	1975	2017	2042	2000
304998	62	126	14	78	142	30	94	158	46	110	174	1991	2049	2142	1989	1972	1954	1982	2093	1974	2017	2054	2001
304998	62	126	14	78	142	30	94	158	46	110	174	2009	2033	2131	2008	1990	1966	2005	2085	1985	2018	2044	2014
304998	62	126	14	78	142	30	94	158	46	110	174	2035	2008	2128	2031	2023	1984	2028	2055	1998	2020	2011	2022
304998	62	126	14	78	142	30	94	158	46	110	174	2054	2000	2129	2053	2026	1990	2058	2041	2002	2021	1995	2017
304998	62	126	14	78	142	30	94	158	46	110	174	2043	2006	2141	2045	2023	1985	2035	2045	2001	2018	2004	2014
304998	62	126	14	78	142	30	94	158	46	110	174	2019	2034	2133	2018	1995	1963	2015	2074	1988	2018	2037	2007
304998	62	126	14	78	142	30	94	158	46	110	174	2002	2047	2135	1998	1972	1955	2012	2095	1969	2017	2058	2012
304998	62	126	14	78	142	30	94	158	46	110	174	1997	2037	2142	1993	1985	1957	1984	2093	1969	2020	2047	2012
304998	62	126	14	78	142	30	94	158	46	110	174	2019	2021	2134	2016	1997	1977	2025	2072	1987	2022	2023	2010
304998	62	126	14	78	142	30	94	158	46	110	174	2037	1998	2143	2041	2025	1989	2037	2040	2008	2020	2002	2015
304998	62	126	14	78	142	30	94	158	46	110	174	2049	2003	2130	2050	2029	1987	2044	2041	2003	2018	2002	2017
304998	62	126	14	78	142	30	94	158	46	110	174	2039	2016	2129	2033	2013	1970	2039	2059	1984	2020	2016	2019
304998	62	126	14	78	142	30	94	158	46	110	174	2005	2035	2136	2008	1988	1954	2002	2082	1976	2017	2038	2011
304998	62	126	14	78	142	30	94	158	46	110	174	1998	2047	2145	1993	1971	1954	1992	2091	1972	2019	2048	2002
304998	62	126	14	78	142	30	94	158	46	110	174	1998	2035	2148	2001	1985	1966	1993	2086	1984	2021	2043	2007
304998	62	126	14	78	142	30	94	158	46	110	174	2026	2015	2133	2026	2014	1977	2018	2060	1995	2021	2018	2018
304998	62	126	14	78	142	30	94	158	46	110	174	2049	2002	2129	2051	2032	1985	2049	2040	1998	2018	1997	2029
304998	62	126	14	78	142	30	94	158	46	110	174	2040	1996	2138	2050	2029	1982	2040	2045	1998	2020	2001	2015
304998	62	126	14	78	142	30	94	158	46	110	174	2024	2019	2136	2020	2000	1972	2023	2075	1988	2020	2025	2005
304998	62	126	14	78	142	30	94	158	46	110	174	1996	2046	2148	1994	1976	1959	1997	2098	1973	2018	2057	2002
304998	62	126	14	78	142	30	94	158	46	110	174	1993	2049	2137	1990	1976	1954	1996	2098	1968	2018	2057	2016
304998	62	126	14	78	142	30	94	158	46	110	174	2019	2033	2128	2012	1999	1972	2021	2073	1987	2021	2029	2018
304998	62	126	14	78	142	30	94	158	46	110	174	2046	2004	2127	2042	2024	1984	2034	2040	1996	2022	2002	2011
304998	62	126	14	78	142	30	94	158	46	110	174	2055	1996	2133	2051	2039	1987	2045	2038	2011	2021	1998	2014
304998	62	126	14	78	142	30	94	158	46	110	174	2041	2010	2139	2040	2013	1980	2039	2057	1991	2021	2014	2016
304998	62	126	14	78	142	30	94	158	46	110	174	2014	2038	2146	2010	1985	1963	2003	2084	1974	2022	2043	2017
304998	62	126	14	78	142	30	94	158	46	110	174	1992	2052	2132	1989	1976	1955	1991	2097	1969	2020	2054	2011
304998	62	126	14	78	142	30	94	158	46	110	174	2003	2040	2130	1998	1985	1961	1998	2084	1982	2017	2043	2007
304998	62	126	14	78	142	30	94	158	46	110	174	2027	2010	2132	2022	2017	1980	2020	2063	1996	2018	2020	2015
304998	62	126	14	78	142	30	94	158	46	110	174	2050	1998	2135	2047	2034	1989	2053	2046	2003	2017	2001	2020
304998	62	126	14	78	142	30	94	158	46	110	174	2046	2003	2143	2048	2027	1980	2045	2045	1996	2020	2000	2026
304998	62	126	14	78	142	30	94	158	46	110	174	2027	2024	2143	2025	2006	1969	2024	2063	1982	2021	2020	2015
304998	62	126	14	78	142	30	94	158	46	110	174	2004	2049	2129	2001	1978	1955	2005	2092	1975	2016	2048	1995
304998	62	126	14	78	142	30	94	158	46	110	174	1992	2037	2144	1989	1977	1960	1985	2099	1972	2018	2058	2008
304998	62	126	14	78	142	30	94	158	46	110	174	2011	2031	2141	2009	1991	1979	2004	2079	1987	2020	2035	2014
304998	62	126	14	78	142	30	94	158	46	110	174	2039	2011	2133	2036	2014	1991	2038	2052	1993	2017	2004	2020
304998	62	126	14	78	142	30	94	158	46	110	174	2053	2001	2128	2051	2033	1985	2048	2035	2004	2017	1996	2018
304998	62	126	14	78	142	30	94	158	46	110	174	2045	2007	2127	2039	2019	1979	2039	2053	1994	2021	2014	2009
304998	62	126	14	78	142	30	94	158	46	110	174	2018	2034	2132	2016	1990	1964	2005	2086	1975	2019	2038	2015
304998	62	126	14	78	142	30	94	158	46	110	174	1996	2046	2142	1994	1972	1958	2007	2100	1974	2022	2057	2015
304998	62	126	14	78	142	30	94	158	46	110	174	1993	2039	2148	1995	1980	1967	1988	2087	1976	2023	2046	2009
