304998	62	126	14	78	142	30	94	158	46	110	174	2040	1999	2157	2064	2023	1966	2057	2040	1967	2020	2008	1997
304998	62	126	14	78	142	30	94	158	46	110	174	2031	2004	2157	2051	2011	1967	2036	2048	1973	2020	2014	2000
304998	62	126	14	78	142	30	94	158	46	110	174	2018	2035	2122	2011	1984	1976	2004	2079	2001	2018	2034	2023
304998	62	126	14	78	142	30	94	158	46	110	174	1997	2043	2123	1991	1967	1987	1972	2103	2008	2020	2058	2035
304998	62	126	14	78	142	30	94	158	46	110	174	1986	2025	2139	1993	1979	1987	1981	2096	2001	2018	2046	2034
304998	62	126	14	78	142	30	94	158	46	110	174	2018	2015	2150	2021	2003	1966	2015	2063	1980	2022	2026	2012
304998	62	126	14	78	142	30	94	158	46	110	174	2036	2001	2163	2054	2032	1956	2044	2027	1971	2020	2007	1994
304998	62	126	14	78	142	30	94	158	46	110	174	2037	2006	2151	2063	2031	1961	2047	2028	1982	2016	2013	1989
304998	62	126	14	78	142	30	94	158	46	110	174	2024	2018	2126	2036	2001	1971	2021	2068	1989	2020	2034	2018
304998	62	126	14	78	142	30	94	158	46	110	174	2002	2033	2120	2000	1967	1986	1993	2093	2002	2017	2048	2036
304998	62	126	14	78	142	30	94	158	46	110	174	1998	2042	2120	1983	1969	1985	1981	2104	2000	2017	2048	2039
304998	62	126	14	78	142	30	94	158	46	110	174	2008	2030	2133	2006	1980	1983	2007	2084	1994	2019	2037	2013
304998	62	126	14	78	142	30	94	158	46	110	174	2023	2015	2150	2041	2019	1962	2025	2049	1984	2016	2022	1995
304998	62	126	14	78	142	30	94	158	46	110	174	2046	2000	2145	2065	2030	1959	2047	2041	1964	2021	2009	1999
304998	62	126	14	78	142	30	94	158	46	110	174	2038	2000	2141	2057	2019	1962	2042	2043	1975	2020	2014	2012
304998	62	126	14	78	142	30	94	158	46	110	174	2015	2025	2137	2015	1995	1976	2008	2078	1992	2018	2031	2022
304998	62	126	14	78	142	30	94	158	46	110	174	2001	2045	2124	1988	1957	1996	2002	2108	2012	2017	2054	2029
304998	62	126	14	78	142	30	94	158	46	110	174	1995	2041	2135	1988	1971	1985	1973	2102	2003	2021	2053	2036
304998	62	126	14	78	142	30	94	158	46	110	174	2021	2023	2130	2018	2001	1974	2009	2069	1981	2020	2029	2015
304998	62	126	14	78	142	30	94	158	46	110	174	2037	1996	2148	2061	2020	1961	2038	2037	1971	2018	2008	1993
304998	62	126	14	78	142	30	94	158	46	110	174	2042	1994	2153	2061	2032	1956	2045	2027	1969	2016	2007	1991
304998	62	126	14	78	142	30	94	158	46	110	174	2029	2012	2146	2036	2013	1973	2036	2055	1993	2022	2029	2007
304998	62	126	14	78	142	30	94	158	46	110	174	2004	2037	2127	2003	1979	1985	1996	2093	2003	2018	2044	2032
304998	62	126	14	78	142	30	94	158	46	110	174	1999	2048	2108	1981	1964	1988	1978	2108	2002	2018	2050	2036
304998	62	126	14	78	142	30	94	158	46	110	174	2008	2033	2120	1999	1975	1981	1992	2085	1996	2017	2037	2015
304998	62	126	14	78	142	30	94	158	46	110	174	2026	2008	2145	2038	2016	1962	2022	2046	1981	2022	2020	1997
304998	62	126	14	78	142	30	94	158	46	110	174	2044	1996	2156	2058	2038	1970	2048	2033	1972	2016	2012	1992
304998	62	126	14	78	142	30	94	158	46	110	174	2037	2005	2149	2057	2028	1965	2048	2040	1977	2018	2013	2011
304998	62	126	14	78	142	30	94	158	46	110	174	2020	2031	2125	2019	1997	1977	2011	2072	1989	2022	2030	2023
304998	62	126	14	78	142	30	94	158	46	110	174	2005	2045	2104	1996	1958	1996	1989	2103	2004	2022	2047	2025
304998	62	126	14	78	142	30	94	158	46	110	174	2003	2040	2120	1986	1972	1981	1984	2103	2006	2018	2054	2027
304998	62	126	14	78	142	30	94	158	46	110	174	2017	2026	2138	2013	1997	1972	2003	2079	1988	2017	2034	2020
304998	62	126	14	78	142	30	94	158	46	110	174	2039	2004	2155	2049	2029	1965	2055	2037	1973	2021	2014	2002
304998	62	126	14	78	142	30	94	158	46	110	174	2037	2003	2158	2059	2031	1956	2046	2026	1968	2022	2005	1999
304998	62	126	14	78	142	30	94	158	46	110	174	2033	2018	2133	2041	2013	1969	2037	2050	1983	2016	2020	1995
304998	62	126	14	78	142	30	94	158	46	110	174	2014	2030	2126	2004	1982	1980	1996	2084	2006	2018	2050	2028
304998	62	126	14	78	142	30	94	158	46	110	174	1999	2042	2115	1986	1969	1989	1973	2114	2003	2020	2058	2042
304998	62	126	14	78	142	30	94	158	46	110	174	2003	2033	2129	1997	1971	1983	2001	2089	1996	2021	2040	2026
304998	62	126	14	78	142	30	94	158	46	110	174	2014	2015	2146	2030	2011	1966	2017	2051	1976	2018	2018	2000
304998	62	126	14	78	142	30	94	158	46	110	174	2042	2002	2152	2061	2034	1959	2057	2030	1976	2021	2011	1984
304998	62	126	14	78	142	30	94	158	46	110	174	2042	2001	2147	2061	2027	1955	2041	2033	1975	2017	2018	2004
304998	62	126	14	78	142	30	94	158	46	110	174	2026	2020	2129	2024	2001	1972	2017	2075	1987	2022	2034	2023
304998	62	126	14	78	142	30	94	158	46	110	174	2002	2042	2121	1996	1960	1994	1985	2099	2002	2020	2047	2032
304998	62	126	14	78	142	30	94	158	46	110	174	1997	2046	2121	1983	1969	1986	1984	2102	1998	2021	2050	2029
304998	62	126	14	78	142	30	94	158	46	110	174	2015	2028	2126	2011	1989	1981	2000	2076	1996	2021	2038	2010
304998	62	126	14	78	142	30	94	158	46	110	174	2036	2004	2142	2049	2021	1955	2035	2049	1975	2022	2014	2005
304998	62	126	14	78	142	30	94	158	46	110	174	2040	1990	2159	2067	2040	1958	2045	2026	1972	2018	2008	1998
304998	62	126	14	78	142	30	94	158	46	110	174	2035	2010	2147	2050	2014	1965	2043	2052	1981	2020	2014	2005
304998	62	126	14	78	142	30	94	158	46	110	174	2014	2035	2133	2014	1983	1984	2016	2083	2002	2021	2043	2018
304998	62	126	14	78	142	30	94	158	46	110	174	1996	2048	2108	1982	1966	1988	1969	2109	2007	2016	2054	2034
304998	62	126	14	78	142	30	94	158	46	110	174	2006	2035	2115	1999	1969	1986	2005	2097	1997	2022	2046	2034
304998	62	126	14	78	142	30	94	158	46	110	174	2015	2002	2149	2023	2014	1968	2011	2057	1982	2020	2021	2011
304998	62	126	14	78	142	30	94	158	46	110	174	2045	1994	2155	2058	2037	1960	2047	2033	1967	2021	2002	1993
304998	62	126	14	78	142	30	94	158	46	110	174	2044	2000	2163	2069	2032	1963	2055	2031	1980	2017	2014	1997
304998	62	126	14	78	142	30	94	158	46	110	174	2020	2020	2132	2029	2001	1973	2018	2065	1989	2022	2031	2018
304998	62	126	14	78	142	30	94	158	46	110	174	2008	2045	2111	1995	1964	1986	1998	2098	2003	2021	2048	2039
304998	62	126	14	78	142	30	94	158	46	110	174	1994	2039	2119	1985	1968	1984	1975	2104	2000	2021	2051	2030
304998	62	126	14	78	142	30	94	158	46	110	174	2011	2023	2127	2003	1990	1973	1994	2074	1995	2020	2031	2014
304998	62	126	14	78	142	30	94	158	46	110	174	2029	2005	2154	2039	2022	1966	2041	2049	1984	2018	2019	1995
304998	62	126	14	78	142	30	94	158	46	110	174	2046	1999	2155	2064	2040	1956	2052	2028	1970	2018	2008	2000
304998	62	126	14	78	142	30	94	158	46	110	174	2037	2010	2140	2053	2016	1964	2037	2047	1975	2017	2017	2010
304998	62	126	14	78	142	30	94	158	46	110	174	2016	2032	2121	2019	1984	1981	2015	2082	1996	2022	2031	2018
304998	62	126	14	78	142	30	94	158	46	110	174	1998	2039	2118	1987	1970	1982	1977	2102	2007	2018	2051	2027
304998	62	126	14	78	142	30	94	158	46	110	174	2000	2036	2127	1986	1964	1991	1985	2102	2002	2017	2050	2028
304998	62	126	14	78	142	30	94	158	46	110	174	2022	2019	2142	2023	1998	1973	2030	2066	1981	2017	2026	2013
304998	62	126	14	78	142	30	94	158	46	110	174	2039	2005	2151	2051	2032	1956	2041	2030	1970	2019	2008	1999
304998	62	126	14	78	142	30	94	158	46	110	174	2044	2000	2145	2064	2032	1958	2069	2033	1976	2020	2005	1988
304998	62	126	14	78	142	30	94	158	46	110	174	2030	2015	2139	2038	2009	1974	2030	2063	1993	2020	2030	2012
304998	62	126	14	78	142	30	94	158	46	110	174	2012	2034	2118	2001	1970	1990	1996	2105	1993	2017	2047	2030
304998	62	126	14	78	142	30	94	158	46	110	174	1994	2041	2126	1981	1966	1991	1985	2107	1999	2018	2051	2038
304998	62	126	14	78	142	30	94	158	46	110	174	1992	2026	2132	1998	1983	1980	1993	2079	1993	2018	2033	2020
304998	62	126	14	78	142	30	94	158	46	110	174	2032	2013	2141	2040	2016	1967	2028	2046	1982	2022	2016	1994
304998	62	126	14	78	142	30	94	158	46	110	174	2046	1993	2159	2064	2035	1953	2042	2028	1972	2023	2011	1991
304998	62	126	14	78	142	30	94	158	46	110	174	2042	2001	2144	2054	2027	1966	2049	2046	1976	2022	2018	2008
304998	62	126	14	78	142	30	94	158	46	110	174	2011	2023	2142	2021	1988	1984	2008	2076	1993	2020	2037	2025
304998	62	126	14	78	142	30	94	158	46	110	174	1996	2042	2121	1986	1967	1986	1977	2096	2006	2017	2048	2029
304998	62	126	14	78	142	30	94	158	46	110	174	2000	2043	2116	1986	1967	1984	1984	2100	2005	2021	2048	2020
304998	62	126	14	78	142	30	94	158	46	110	174	2015	2019	2130	2019	1999	1970	2007	2072	1987	2022	2032	2015
304998	62	126	14	78	142	30	94	158	46	110	174	2040	1998	2153	2054	2031	1960	2045	2040	1972	2017	2013	2002
304998	62	126	14	78	142	30	94	158	46	110	174	2044	1995	2154	2064	2029	1969	2050	2029	1968	2021	2006	1996
304998	62	126	14	78	142	30	94	158	46	110	174	2027	2018	2148	2043	2008	1969	2032	2057	1994	2020	2019	2005
304998	62	126	14	78	142	30	94	158	46	110	174	2006	2040	2118	2003	1979	1984	1993	2092	2003	2022	2047	2027
304998	62	126	14	78	142	30	94	158	46	110	174	2000	2047	2109	1987	1956	1993	1986	2110	2002	2017	2058	2039
304998	62	126	14	78	142	30	94	158	46	110	174	2000	2025	2134	1996	1983	1977	1989	2084	1993	2017	2042	2026
304998	62	126	14	78	142	30	94	158	46	110	174	2028	2010	2148	2032	2018	1968	2043	2048	1981	2020	2015	2003
304998	62	126	14	78	142	30	94	158	46	110	174	2041	1998	2169	2064	2029	1963	2056	2030	1976	2021	2009	1985
304998	62	126	14	78	142	30	94	158	46	110	174	2035	2004	2146	2058	2030	1960	2040	2041	1975	2018	2018	2003
304998	62	126	14	78	142	30	94	158	46	110	174	2026	2025	2121	2026	1989	1975	2014	2077	1986	2019	2031	2029
304998	62	126	14	78	142	30	94	158	46	110	174	1991	2031	2125	1989	1969	1985	1982	2098	1998	2021	2047	2032
304998	62	126	14	78	142	30	94	158	46	110	174	1998	2038	2122	1985	1967	1986	1976	2096	2008	2020	2045	2023
304998	62	126	14	78	142	30	94	158	46	110	174	2013	2021	2155	2012	1996	1974	2010	2074	1991	2021	2034	2009
304998	62	126	14	78	142	30	94	158	46	110	174	2027	2002	2154	2049	2022	1963	2033	2040	1970	2022	2015	2001
304998	62	126	14	78	142	30	94	158	46	110	174	2046	2004	2147	2067	2035	1953	2052	2030	1970	2019	2008	2004
304998	62	126	14	78	142	30	94	158	46	110	174	2026	2004	2134	2048	2018	1964	2028	2046	1986	2018	2018	2009
304998	62	126	14	78	142	30	94	158	46	110	174	2012	2028	2121	2005	1983	1985	2001	2089	2003	2017	2042	2018
304998	62	126	14	78	142	30	94	158	46	110	174	1996	2043	2125	1988	1962	1993	1981	2104	2005	2016	2054	2028
304998	62	126	14	78	142	30	94	158	46	110	174	1996	2034	2129	1996	1975	1981	1989	2088	1998	2018	2047	2023
304998	62	126	14	78	142	30	94	158	46	110	174	2022	2019	2136	2032	2009	1968	2020	2051	1977	2016	2020	2012
304998	62	126	14	78	142	30	94	158	46	110	174	2040	1994	2152	2068	2027	1962	2043	2026	1977	2017	2004	1991
304998	62	126	14	78	142	30	94	158	46	110	174	2036	1996	2153	2056	2028	1963	2040	2044	1977	2022	2014	1994
304998	62	126	14	78	142	30	94	158	46	110	174	2020	2019	2138	2032	1993	1984	2017	2069	1987	2016	2034	2019
304998	62	126	14	78	142	30	94	158	46	110	174	1994	2042	2132	1994	1968	1986	1981	2100	2001	2019	2049	2036
304998	62	126	14	78	142	30	94	158	46	110	174	1994	2049	2116	1983	1968	1986	1984	2102	2002	2019	2048	2039
304998	62	126	14	78	142	30	94	158	46	110	174	2016	2026	2130	2009	1989	1973	2004	2077	1997	2016	2029	2010
304998	62	126	14	78	142	30	94	158	46	110	174	2035	2003	2147	2041	2026	1965	2033	2047	1972	2019	2020	1997
304998	62	126	14	78	142	30	94	158	46	110	174	2041	1994	2154	2063	2030	1968	2053	2035	1968	2017	2010	1996
304998	62	126	14	78	142	30	94	158	46	110	174	2029	2009	2150	2053	2008	1971	2039	2048	1982	2016	2020	2008
304998	62	126	14	78	142	30	94	158	46	110	174	2014	2035	2124	2011	1988	1979	2013	2079	1996	2021	2032	2024
304998	62	126	14	78	142	30	94	158	46	110	174	1999	2042	2123	1985	1964	1986	1982	2106	2009	2017	2051	2027
304998	62	126	14	78	142	30	94	158	46	110	174	2002	2036	2121	1992	1981	1986	1987	2099	1994	2017	2048	2023
304998	62	126	14	78	142	30	94	158	46	110	174	2019	2016	2146	2025	2003	1975	2020	2063	1978	2018	2026	2016
304998	62	126	14	78	142	30	94	158	46	110	174	2029	1992	2160	2057	2030	1962	2038	2033	1975	2022	2010	1998
304998	62	126	14	78	142	30	94	158	46	110	174	2048	2004	2147	2058	2032	1959	2050	2033	1985	2020	2008	1993
304998	62	126	14	78	142	30	94	158	46	110	174	2024	2009	2134	2035	2006	1967	2017	2065	1987	2017	2033	2014
304998	62	126	14	78	142	30	94	158	46	110	174	2004	2033	2118	1994	1974	1984	1990	2097	1998	2020	2050	2035
304998	62	126	14	78	142	30	94	158	46	110	174	1996	2039	2122	1983	1967	1988	1981	2106	2002	2020	2051	2037
304998	62	126	14	78	142	30	94	158	46	110	174	2002	2028	2138	2005	1982	1979	1993	2078	1995	2022	2033	2017
304998	62	126	14	78	142	30	94	158	46	110	174	2025	2015	2140	2038	2021	1963	2024	2047	1980	2020	2018	1995
304998	62	126	14	78	142	30	94	158	46	110	174	2040	1997	2147	2064	2031	1958	2055	2034	1972	2017	2015	1996
304998	62	126	14	78	142	30	94	158	46	110	174	2028	2000	2147	2058	2015	1969	2038	2046	1976	2017	2017	2011
304998	62	126	14	78	142	30	94	158	46	110	174	2017	2024	2131	2014	1995	1979	2017	2080	1994	2016	2035	2025
304998	62	126	14	78	142	30	94	158	46	110	174	1998	2045	2124	1988	1959	1991	1992	2103	2012	2022	2047	2020
304998	62	126	14	78	142	30	94	158	46	110	174	1996	2045	2120	1989	1971	1981	1979	2104	2002	2020	2050	2029
304998	62	126	14	78	142	30	94	158	46	110	174	2021	2019	2129	2018	1994	1971	2017	2064	1983	2019	2029	2015
304998	62	126	14	78	142	30	94	158	46	110	174	2032	1992	2156	2056	2032	1960	2038	2037	1969	2022	2011	2001
304998	62	126	14	78	142	30	94	158	46	110	174	2045	1999	2154	2062	2035	1963	2051	2028	1977	2018	2006	1996
304998	62	126	14	78	142	30	94	158	46	110	174	2028	2015	2153	2037	2003	1971	2046	2060	1994	2022	2025	2007
304998	62	126	14	78	142	30	94	158	46	110	174	2004	2043	2118	1995	1979	1982	1994	2095	1996	2017	2049	2026
304998	62	126	14	78	142	30	94	158	46	110	174	1996	2044	2110	1983	1960	1987	1985	2109	2000	2019	2050	2038
304998	62	126	14	78	142	30	94	158	46	110	174	1996	2020	2130	1997	1985	1980	1988	2082	1993	2020	2037	2022
304998	62	126	14	78	142	30	94	158	46	110	174	2026	2011	2149	2032	2016	1968	2030	2053	1982	2020	2018	1996
304998	62	126	14	78	142	30	94	158	46	110	174	2042	1998	2171	2063	2030	1964	2057	2036	1971	2020	2013	1995
304998	62	126	14	78	142	30	94	158	46	110	174	2034	2005	2146	2051	2023	1965	2038	2042	1976	2017	2018	2009
304998	62	126	14	78	142	30	94	158	46	110	174	2017	2026	2124	2016	1993	1975	2009	2072	1987	2020	2031	2024
304998	62	126	14	78	142	30	94	158	46	110	174	1992	2030	2119	1986	1966	1986	1982	2098	2006	2022	2047	2029
304998	62	126	14	78	142	30	94	158	46	110	174	2000	2037	2128	1987	1973	1985	1986	2102	2004	2020	2049	2022
304998	62	126	14	78	142	30	94	158	46	110	174	2015	2024	2139	2014	1995	1977	2003	2070	1985	2022	2039	2016
304998	62	126	14	78	142	30	94	158	46	110	174	2038	2008	2145	2051	2028	1964	2043	2040	1975	2019	2011	2001
304998	62	126	14	78	142	30	94	158	46	110	174	2042	2001	2147	2062	2030	1960	2048	2030	1968	2020	2004	1996
304998	62	126	14	78	142	30	94	158	46	110	174	2033	2010	2132	2042	2009	1963	2036	2060	1993	2021	2020	2004
304998	62	126	14	78	142	30	94	158	46	110	174	2011	2038	2126	2004	1976	1985	1996	2096	1998	2017	2048	2027
304998	62	126	14	78	142	30	94	158	46	110	174	1997	2045	2122	1983	1967	1989	1989	2114	1998	2017	2051	2040
304998	62	126	14	78	142	30	94	158	46	110	174	1996	2033	2133	1993	1978	1980	1987	2086	1993	2022	2044	2028
304998	62	126	14	78	142	30	94	158	46	110	174	2026	2015	2132	2031	2003	1968	2037	2052	1983	2021	2019	1997
304998	62	126	14	78	142	30	94	158	46	110	174	2041	1997	2159	2061	2035	1955	2049	2033	1981	2020	2011	1989
304998	62	126	14	78	142	30	94	158	46	110	174	2042	2006	2148	2054	2026	1968	2044	2047	1979	2022	2015	2004
304998	62	126	14	78	142	30	94	158	46	110	174	2021	2029	2134	2029	1985	1983	2032	2075	1991	2016	2033	2022
304998	62	126	14	78	142	30	94	158	46	110	174	1987	2041	2123	1989	1971	1985	1984	2099	2002	2019	2047	2034
304998	62	126	14	78	142	30	94	158	46	110	174	2000	2046	2112	1985	1966	1986	1984	2103	2005	2016	2048	2023
304998	62	126	14	78	142	30	94	158	46	110	174	2011	2020	2143	2011	1996	1970	2004	2078	1991	2021	2033	2014
304998	62	126	14	78	142	30	94	158	46	110	174	2035	2006	2151	2047	2020	1966	2039	2046	1971	2021	2017	2007
304998	62	126	14	78	142	30	94	158	46	110	174	2041	2000	2154	2061	2032	1969	2046	2029	1969	2017	2005	2001
304998	62	126	14	78	142	30	94	158	46	110	174	2034	2017	2142	2040	2013	1972	2034	2048	1986	2022	2019	2003
304998	62	126	14	78	142	30	94	158	46	110	174	2012	2033	2124	2004	1983	1976	2009	2089	1999	2018	2043	2021
304998	62	126	14	78	142	30	94	158	46	110	174	1998	2043	2117	1982	1970	1984	1981	2109	2000	2017	2053	2040
304998	62	126	14	78	142	30	94	158	46	110	174	2003	2036	2127	1993	1976	1980	1996	2094	1995	2020	2042	2031
304998	62	126	14	78	142	30	94	158	46	110	174	2019	2015	2148	2028	2005	1972	2014	2059	1982	2017	2019	2003
304998	62	126	14	78	142	30	94	158	46	110	174	2045	2008	2151	2057	2034	1964	2056	2040	1980	2017	2008	1991
304998	62	126	14	78	142	30	94	158	46	110	174	2043	2003	2143	2061	2025	1967	2044	2042	1981	2016	2014	2005
304998	62	126	14	78	142	30	94	158	46	110	174	2028	2021	2133	2026	2001	1972	2028	2072	1988	2017	2031	2025
