304998	62	126	14	78	142	30	94	158	46	110	174	2038	2023	2129	2035	2004	1974	2030	2064	1986	2018	2021	2015
304998	62	126	14	78	142	30	94	158	46	110	174	2000	2030	2146	2009	1981	1961	1998	2086	1974	2021	2042	2015
304998	62	126	14	78	142	30	94	158	46	110	174	1993	2048	2143	1989	1971	1953	1988	2093	1977	2017	2048	2000
304998	62	126	14	78	142	30	94	158	46	110	174	2003	2035	2145	1999	1988	1972	1996	2084	1986	2021	2042	2006
304998	62	126	14	78	142	30	94	158	46	110	174	2026	2015	2142	2027	2009	1979	2023	2058	1998	2017	2017	2019
304998	62	126	14	78	142	30	94	158	46	110	174	2052	2003	2125	2051	2030	1985	2056	2043	1997	2018	1994	2020
304998	62	126	14	78	142	30	94	158	46	110	174	2048	2005	2125	2047	2024	1981	2050	2043	1995	2019	2001	2011
304998	62	126	14	78	142	30	94	158	46	110	174	2016	2022	2140	2020	1993	1969	2013	2075	1989	2017	2030	2008
304998	62	126	14	78	142	30	94	158	46	110	174	1995	2045	2142	1992	1973	1967	1992	2103	1975	2021	2055	2010
304998	62	126	14	78	142	30	94	158	46	110	174	1995	2042	2153	1991	1969	1960	1995	2098	1973	2016	2053	2011
304998	62	126	14	78	142	30	94	158	46	110	174	2019	2030	2132	2014	1997	1973	2010	2072	1981	2020	2024	2017
304998	62	126	14	78	142	30	94	158	46	110	174	2049	2003	2124	2044	2024	1984	2044	2046	2006	2021	2001	2011
304998	62	126	14	78	142	30	94	158	46	110	174	2048	1991	2134	2052	2037	1985	2046	2041	2003	2017	2002	2014
304998	62	126	14	78	142	30	94	158	46	110	174	2041	2015	2143	2031	2008	1981	2038	2062	1987	2021	2024	2019
304998	62	126	14	78	142	30	94	158	46	110	174	2002	2034	2152	2004	1984	1966	2002	2085	1975	2022	2042	2018
304998	62	126	14	78	142	30	94	158	46	110	174	1996	2055	2134	1991	1975	1959	1998	2095	1977	2017	2049	2004
304998	62	126	14	78	142	30	94	158	46	110	174	2007	2040	2127	2003	1978	1963	2005	2090	1984	2019	2042	2003
304998	62	126	14	78	142	30	94	158	46	110	174	2024	2009	2130	2029	2017	1979	2016	2059	1993	2022	2022	2014
304998	62	126	14	78	142	30	94	158	46	110	174	2049	1998	2136	2047	2030	1994	2063	2047	2000	2017	1996	2022
304998	62	126	14	78	142	30	94	158	46	110	174	2039	2003	2148	2046	2023	1983	2042	2041	1996	2017	1999	2016
304998	62	126	14	78	142	30	94	158	46	110	174	2026	2028	2133	2020	2005	1973	2023	2072	1982	2016	2024	2008
304998	62	126	14	78	142	30	94	158	46	110	174	2003	2045	2132	1997	1980	1956	2005	2103	1974	2022	2055	2000
304998	62	126	14	78	142	30	94	158	46	110	174	1998	2042	2136	1989	1979	1961	1983	2099	1973	2020	2052	2016
304998	62	126	14	78	142	30	94	158	46	110	174	2010	2026	2144	2009	1992	1978	2010	2076	1983	2019	2028	2016
304998	62	126	14	78	142	30	94	158	46	110	174	2037	2008	2142	2044	2022	1986	2037	2042	1999	2018	2000	2013
304998	62	126	14	78	142	30	94	158	46	110	174	2055	2004	2127	2050	2036	1985	2052	2045	2008	2018	1999	2015
304998	62	126	14	78	142	30	94	158	46	110	174	2044	2010	2127	2043	2019	1979	2040	2059	1988	2020	2017	2016
304998	62	126	14	78	142	30	94	158	46	110	174	2014	2031	2142	2010	1992	1964	2008	2085	1978	2020	2041	2017
304998	62	126	14	78	142	30	94	158	46	110	174	1996	2051	2140	1989	1968	1962	2003	2101	1972	2017	2048	2013
304998	62	126	14	78	142	30	94	158	46	110	174	1998	2039	2147	2001	1966	1973	1999	2089	1985	2021	2041	2004
304998	62	126	14	78	142	30	94	158	46	110	174	2022	2019	2129	2021	2013	1978	2018	2070	1993	2021	2024	2009
304998	62	126	14	78	142	30	94	158	46	110	174	2051	2001	2129	2050	2029	1989	2058	2044	2002	2021	1999	2022
304998	62	126	14	78	142	30	94	158	46	110	174	2046	1996	2139	2047	2032	1985	2046	2041	1995	2016	2000	2024
304998	62	126	14	78	142	30	94	158	46	110	174	2030	2020	2141	2022	2005	1973	2037	2070	1990	2022	2018	2008
304998	62	126	14	78	142	30	94	158	46	110	174	2002	2046	2140	1999	1977	1958	1997	2102	1974	2017	2049	2002
304998	62	126	14	78	142	30	94	158	46	110	174	1989	2048	2137	1992	1973	1956	1985	2094	1973	2020	2054	2010
304998	62	126	14	78	142	30	94	158	46	110	174	2013	2024	2135	2007	1985	1973	2005	2078	1982	2020	2035	2018
304998	62	126	14	78	142	30	94	158	46	110	174	2038	2000	2140	2034	2026	1984	2029	2046	1996	2017	2005	2012
304998	62	126	14	78	142	30	94	158	46	110	174	2052	1997	2134	2050	2033	1991	2051	2044	2007	2017	1993	2013
304998	62	126	14	78	142	30	94	158	46	110	174	2040	2007	2140	2045	2007	1983	2039	2054	1996	2018	2015	2017
304998	62	126	14	78	142	30	94	158	46	110	174	2019	2038	2137	2014	1993	1962	2020	2081	1978	2022	2036	2016
304998	62	126	14	78	142	30	94	158	46	110	174	1996	2044	2140	1994	1966	1955	1983	2098	1967	2020	2050	2012
304998	62	126	14	78	142	30	94	158	46	110	174	1996	2041	2135	1997	1978	1964	1988	2087	1985	2020	2042	2006
304998	62	126	14	78	142	30	94	158	46	110	174	2021	2019	2143	2017	2005	1975	2021	2072	1994	2017	2023	2010
304998	62	126	14	78	142	30	94	158	46	110	174	2041	2002	2137	2047	2020	1987	2035	2045	1997	2018	1999	2018
304998	62	126	14	78	142	30	94	158	46	110	174	2051	2006	2128	2051	2032	1979	2046	2043	1993	2020	1997	2025
304998	62	126	14	78	142	30	94	158	46	110	174	2034	2017	2138	2035	2001	1975	2026	2059	1994	2017	2018	2016
304998	62	126	14	78	142	30	94	158	46	110	174	2002	2036	2141	1999	1982	1960	1996	2090	1981	2021	2047	2007
304998	62	126	14	78	142	30	94	158	46	110	174	1996	2046	2145	1983	1975	1963	1989	2102	1967	2020	2057	2009
304998	62	126	14	78	142	30	94	158	46	110	174	2008	2035	2143	2004	1985	1968	2007	2085	1982	2020	2040	2019
304998	62	126	14	78	142	30	94	158	46	110	174	2030	2010	2136	2032	2018	1978	2033	2049	1991	2017	2006	2021
304998	62	126	14	78	142	30	94	158	46	110	174	2056	2000	2127	2057	2023	1991	2057	2036	2006	2022	1993	2007
304998	62	126	14	78	142	30	94	158	46	110	174	2043	2001	2138	2041	2021	1979	2036	2051	1995	2018	2007	2012
304998	62	126	14	78	142	30	94	158	46	110	174	2019	2028	2140	2014	2001	1967	2036	2084	1983	2021	2036	2020
304998	62	126	14	78	142	30	94	158	46	110	174	1998	2049	2150	1996	1974	1953	2009	2097	1974	2020	2051	2014
304998	62	126	14	78	142	30	94	158	46	110	174	2001	2048	2137	1991	1978	1955	1989	2094	1977	2022	2044	2010
304998	62	126	14	78	142	30	94	158	46	110	174	2018	2021	2135	2020	1994	1981	2005	2072	1992	2021	2026	2008
304998	62	126	14	78	142	30	94	158	46	110	174	2041	1994	2130	2044	2029	1987	2036	2046	1999	2017	2009	2017
304998	62	126	14	78	142	30	94	158	46	110	174	2052	1999	2142	2050	2030	1993	2061	2040	1993	2017	1999	2019
304998	62	126	14	78	142	30	94	158	46	110	174	2034	2016	2140	2034	2009	1971	2027	2059	1987	2018	2014	2020
304998	62	126	14	78	142	30	94	158	46	110	174	2008	2047	2133	2007	1984	1960	2014	2094	1979	2020	2042	2011
304998	62	126	14	78	142	30	94	158	46	110	174	1997	2046	2134	1988	1974	1959	1984	2102	1972	2021	2058	2008
304998	62	126	14	78	142	30	94	158	46	110	174	2003	2031	2141	2004	1985	1967	2000	2087	1977	2021	2041	2018
304998	62	126	14	78	142	30	94	158	46	110	174	2031	2008	2144	2030	2012	1981	2029	2058	1993	2020	2011	2016
304998	62	126	14	78	142	30	94	158	46	110	174	2051	2002	2143	2053	2032	1987	2048	2038	2007	2018	1994	2014
304998	62	126	14	78	142	30	94	158	46	110	174	2048	2012	2126	2048	2027	1977	2049	2052	1996	2022	2008	2012
304998	62	126	14	78	142	30	94	158	46	110	174	2024	2027	2131	2023	1996	1972	2013	2074	1981	2019	2033	2011
304998	62	126	14	78	142	30	94	158	46	110	174	1994	2045	2141	1996	1976	1959	1991	2093	1970	2018	2051	2016
304998	62	126	14	78	142	30	94	158	46	110	174	1993	2042	2142	1988	1972	1966	1992	2091	1982	2019	2047	2008
304998	62	126	14	78	142	30	94	158	46	110	174	2010	2030	2145	2014	1995	1971	2011	2071	1992	2020	2029	2002
304998	62	126	14	78	142	30	94	158	46	110	174	2048	2009	2126	2042	2026	1983	2044	2060	1995	2022	2009	2020
304998	62	126	14	78	142	30	94	158	46	110	174	2053	1996	2129	2054	2032	1989	2063	2045	1996	2017	1999	2025
304998	62	126	14	78	142	30	94	158	46	110	174	2035	2010	2138	2038	2020	1974	2038	2056	1990	2021	2014	2017
304998	62	126	14	78	142	30	94	158	46	110	174	2015	2036	2141	2006	1978	1973	2011	2084	1984	2022	2035	2004
304998	62	126	14	78	142	30	94	158	46	110	174	1985	2048	2150	1994	1966	1959	1982	2102	1977	2017	2054	2008
304998	62	126	14	78	142	30	94	158	46	110	174	2006	2043	2127	2000	1983	1963	2006	2092	1983	2023	2046	2019
304998	62	126	14	78	142	30	94	158	46	110	174	2032	2016	2133	2034	2010	1981	2020	2060	1991	2017	2013	2017
304998	62	126	14	78	142	30	94	158	46	110	174	2049	1996	2130	2046	2040	1985	2045	2035	2001	2019	1995	2013
304998	62	126	14	78	142	30	94	158	46	110	174	2051	2001	2139	2047	2020	1987	2044	2052	1996	2019	2001	2010
304998	62	126	14	78	142	30	94	158	46	110	174	2019	2025	2142	2023	1999	1974	2019	2072	1979	2020	2029	2011
304998	62	126	14	78	142	30	94	158	46	110	174	2004	2048	2131	1996	1978	1957	2020	2100	1971	2016	2049	2013
304998	62	126	14	78	142	30	94	158	46	110	174	1997	2046	2136	1988	1974	1963	1984	2089	1972	2020	2047	2016
304998	62	126	14	78	142	30	94	158	46	110	174	2016	2031	2138	2005	1998	1970	2008	2081	1990	2019	2031	2010
304998	62	126	14	78	142	30	94	158	46	110	174	2041	2004	2143	2033	2024	1981	2038	2051	1994	2017	2008	2012
304998	62	126	14	78	142	30	94	158	46	110	174	2048	1997	2143	2054	2035	1987	2050	2042	1996	2022	1998	2018
304998	62	126	14	78	142	30	94	158	46	110	174	2042	2013	2131	2040	2020	1975	2039	2052	1989	2020	2009	2021
304998	62	126	14	78	142	30	94	158	46	110	174	2013	2034	2136	2013	1991	1964	2005	2081	1989	2020	2033	2008
304998	62	126	14	78	142	30	94	158	46	110	174	1992	2044	2144	1990	1972	1965	1984	2101	1976	2017	2055	2003
304998	62	126	14	78	142	30	94	158	46	110	174	2001	2045	2143	1995	1982	1968	1998	2095	1973	2018	2047	2013
304998	62	126	14	78	142	30	94	158	46	110	174	2020	2023	2141	2023	2005	1976	2017	2068	1984	2018	2020	2015
304998	62	126	14	78	142	30	94	158	46	110	174	2050	2007	2128	2048	2034	1979	2049	2040	2000	2018	1992	2022
304998	62	126	14	78	142	30	94	158	46	110	174	2051	2003	2128	2048	2031	1984	2052	2047	1997	2022	2000	2006
304998	62	126	14	78	142	30	94	158	46	110	174	2033	2018	2135	2025	2006	1973	2027	2074	1986	2022	2030	2015
304998	62	126	14	78	142	30	94	158	46	110	174	2004	2044	2141	1997	1982	1962	2009	2096	1969	2018	2051	2020
304998	62	126	14	78	142	30	94	158	46	110	174	1985	2050	2142	1987	1971	1957	1987	2096	1974	2020	2050	2013
304998	62	126	14	78	142	30	94	158	46	110	174	2011	2042	2128	2002	1991	1968	2000	2080	1985	2018	2028	2003
304998	62	126	14	78	142	30	94	158	46	110	174	2030	2003	2135	2034	2022	1984	2030	2055	1997	2017	2015	2011
304998	62	126	14	78	142	30	94	158	46	110	174	2054	1992	2134	2051	2032	1988	2054	2042	2001	2018	1999	2021
304998	62	126	14	78	142	30	94	158	46	110	174	2043	2007	2144	2041	2023	1982	2049	2049	1991	2020	2008	2016
304998	62	126	14	78	142	30	94	158	46	110	174	2016	2038	2140	2016	1987	1965	2005	2075	1985	2020	2030	2012
304998	62	126	14	78	142	30	94	158	46	110	174	1999	2052	2131	1992	1976	1959	1992	2105	1978	2017	2053	2011
304998	62	126	14	78	142	30	94	158	46	110	174	2002	2042	2127	1996	1979	1966	1994	2096	1979	2018	2050	2013
304998	62	126	14	78	142	30	94	158	46	110	174	2025	2021	2139	2018	2000	1975	2025	2073	1985	2021	2024	2018
304998	62	126	14	78	142	30	94	158	46	110	174	2046	1999	2142	2041	2033	1983	2041	2040	1994	2017	1995	2015
304998	62	126	14	78	142	30	94	158	46	110	174	2049	1999	2138	2059	2029	1982	2048	2045	2007	2022	1996	2007
304998	62	126	14	78	142	30	94	158	46	110	174	2033	2019	2137	2032	2013	1968	2031	2065	1988	2017	2024	2014
304998	62	126	14	78	142	30	94	158	46	110	174	2005	2039	2129	2003	1982	1966	2002	2091	1975	2017	2047	2017
304998	62	126	14	78	142	30	94	158	46	110	174	1991	2043	2139	1992	1973	1958	1985	2094	1971	2019	2053	2018
304998	62	126	14	78	142	30	94	158	46	110	174	2008	2037	2143	1999	1991	1971	2010	2081	1984	2020	2032	2007
304998	62	126	14	78	142	30	94	158	46	110	174	2030	2014	2139	2032	2017	1979	2031	2058	1996	2016	2014	2010
304998	62	126	14	78	142	30	94	158	46	110	174	2052	2005	2131	2050	2040	1982	2061	2046	1997	2018	2000	2016
304998	62	126	14	78	142	30	94	158	46	110	174	2046	2004	2131	2048	2018	1981	2041	2047	1991	2016	2003	2021
304998	62	126	14	78	142	30	94	158	46	110	174	2020	2025	2132	2017	2000	1971	2016	2075	1986	2021	2030	2015
304998	62	126	14	78	142	30	94	158	46	110	174	1998	2045	2151	1989	1969	1963	2004	2097	1982	2020	2053	2005
304998	62	126	14	78	142	30	94	158	46	110	174	1993	2044	2146	1993	1974	1962	1987	2097	1974	2019	2053	2008
304998	62	126	14	78	142	30	94	158	46	110	174	2017	2031	2130	2015	2009	1967	2015	2076	1982	2017	2028	2016
304998	62	126	14	78	142	30	94	158	46	110	174	2043	1998	2129	2044	2028	1984	2039	2043	1996	2022	1999	2017
304998	62	126	14	78	142	30	94	158	46	110	174	2057	1997	2130	2054	2035	1984	2051	2038	2003	2022	1997	2009
304998	62	126	14	78	142	30	94	158	46	110	174	2033	2011	2141	2032	2009	1979	2031	2061	1988	2019	2021	2011
304998	62	126	14	78	142	30	94	158	46	110	174	2013	2039	2143	2012	1980	1971	2003	2098	1978	2017	2044	2015
304998	62	126	14	78	142	30	94	158	46	110	174	1995	2057	2132	1988	1975	1955	1991	2099	1972	2020	2051	2020
304998	62	126	14	78	142	30	94	158	46	110	174	2003	2040	2129	1995	1990	1969	1995	2082	1984	2018	2041	2008
304998	62	126	14	78	142	30	94	158	46	110	174	2031	2008	2137	2026	2016	1980	2025	2065	1996	2021	2016	2008
304998	62	126	14	78	142	30	94	158	46	110	174	2048	2003	2137	2047	2033	1988	2048	2045	1997	2020	2000	2016
304998	62	126	14	78	142	30	94	158	46	110	174	2046	2006	2142	2054	2015	1986	2058	2048	1993	2016	2003	2018
304998	62	126	14	78	142	30	94	158	46	110	174	2019	2032	2140	2019	2003	1969	2024	2072	1984	2020	2028	2016
304998	62	126	14	78	142	30	94	158	46	110	174	2000	2046	2128	1992	1974	1960	1994	2104	1978	2022	2049	2001
304998	62	126	14	78	142	30	94	158	46	110	174	1996	2044	2132	1987	1975	1963	1990	2102	1978	2020	2054	2013
304998	62	126	14	78	142	30	94	158	46	110	174	2013	2025	2142	2011	1994	1972	2011	2074	1988	2016	2029	2019
304998	62	126	14	78	142	30	94	158	46	110	174	2029	2000	2147	2041	2020	1982	2038	2046	1995	2020	2000	2018
304998	62	126	14	78	142	30	94	158	46	110	174	2054	2006	2135	2054	2040	1979	2051	2044	2003	2022	1991	2008
304998	62	126	14	78	142	30	94	158	46	110	174	2034	2015	2133	2038	2020	1979	2031	2056	1996	2018	2017	2009
304998	62	126	14	78	142	30	94	158	46	110	174	2014	2037	2130	2008	1989	1966	2024	2087	1979	2020	2042	2019
304998	62	126	14	78	142	30	94	158	46	110	174	1989	2041	2147	1987	1970	1963	1986	2097	1973	2018	2052	2018
304998	62	126	14	78	142	30	94	158	46	110	174	2003	2039	2141	1999	1976	1963	1993	2086	1985	2022	2038	2011
304998	62	126	14	78	142	30	94	158	46	110	174	2027	2021	2145	2027	2013	1971	2030	2061	1996	2020	2017	2005
304998	62	126	14	78	142	30	94	158	46	110	174	2049	2007	2127	2048	2034	1985	2049	2046	1998	2020	2003	2016
304998	62	126	14	78	142	30	94	158	46	110	174	2052	2001	2129	2054	2024	1985	2052	2043	1994	2021	2002	2020
304998	62	126	14	78	142	30	94	158	46	110	174	2018	2014	2152	2021	2003	1972	2018	2066	1982	2020	2020	2010
304998	62	126	14	78	142	30	94	158	46	110	174	2001	2043	2143	2006	1968	1966	2006	2098	1984	2017	2048	2007
304998	62	126	14	78	142	30	94	158	46	110	174	1993	2049	2144	1992	1975	1959	1991	2104	1973	2022	2056	2012
304998	62	126	14	78	142	30	94	158	46	110	174	2013	2035	2127	2007	1995	1969	2002	2079	1985	2020	2032	2017
304998	62	126	14	78	142	30	94	158	46	110	174	2039	2002	2134	2037	2021	1981	2029	2044	1998	2016	2006	2013
304998	62	126	14	78	142	30	94	158	46	110	174	2052	1996	2137	2052	2037	1985	2052	2039	2003	2018	1992	2012
304998	62	126	14	78	142	30	94	158	46	110	174	2042	2009	2144	2044	2016	1974	2040	2056	1992	2017	2016	2013
304998	62	126	14	78	142	30	94	158	46	110	174	2013	2040	2137	2009	1992	1964	2008	2085	1980	2020	2042	2016
304998	62	126	14	78	142	30	94	158	46	110	174	1996	2050	2133	1993	1974	1958	1983	2098	1974	2016	2054	2014
304998	62	126	14	78	142	30	94	158	46	110	174	1999	2039	2135	1997	1976	1970	1994	2091	1982	2017	2045	2011
304998	62	126	14	78	142	30	94	158	46	110	174	2023	2018	2143	2020	2009	1975	2013	2062	1998	2016	2021	2007
304998	62	126	14	78	142	30	94	158	46	110	174	2044	2000	2142	2050	2031	1986	2037	2045	1997	2021	2002	2017
304998	62	126	14	78	142	30	94	158	46	110	174	2051	2001	2142	2053	2034	1982	2051	2041	1996	2020	2000	2016
304998	62	126	14	78	142	30	94	158	46	110	174	2033	2022	2130	2027	2011	1971	2020	2062	1982	2020	2022	2017
304998	62	126	14	78	142	30	94	158	46	110	174	2006	2039	2129	2001	1963	1973	2005	2095	1980	2019	2042	2008
304998	62	126	14	78	142	30	94	158	46	110	174	1986	2042	2136	1987	1969	1962	1985	2102	1982	2017	2060	2010
304998	62	126	14	78	142	30	94	158	46	110	174	2006	2035	2139	2004	1983	1975	2006	2083	1984	2017	2040	2018
304998	62	126	14	78	142	30	94	158	46	110	174	2026	2008	2147	2035	2021	1976	2030	2048	1993	2019	2009	2020
304998	62	126	14	78	142	30	94	158	46	110	174	2052	2001	2126	2053	2040	1984	2052	2038	2000	2017	1995	2009
304998	62	126	14	78	142	30	94	158	46	110	174	2051	2004	2137	2051	2004	1983	2049	2053	1996	2021	2009	2006
304998	62	126	14	78	142	30	94	158	46	110	174	2013	2028	2136	2012	1988	1968	2005	2081	1979	2022	2037	2016
304998	62	126	14	78	142	30	94	158	46	110	174	1994	2046	2140	1991	1967	1965	1989	2101	1975	2017	2054	2020
