304998	62	126	14	78	142	30	94	158	46	110	174	1995	2057	2132	1988	1975	1955	1991	2099	1972	2020	2051	2020
304998	62	126	14	78	142	30	94	158	46	110	174	2003	2040	2129	1995	1990	1969	1995	2082	1984	2018	2041	2008
304998	62	126	14	78	142	30	94	158	46	110	174	2031	2008	2137	2026	2016	1980	2025	2065	1996	2021	2016	2008
304998	62	126	14	78	142	30	94	158	46	110	174	2048	2003	2137	2047	2033	1988	2048	2045	1997	2020	2000	2016
304998	62	126	14	78	142	30	94	158	46	110	174	2046	2006	2142	2054	2015	1986	2058	2048	1993	2016	2003	2018
304998	62	126	14	78	142	30	94	158	46	110	174	2019	2032	2140	2019	2003	1969	2024	2072	1984	2020	2028	2016
304998	62	126	14	78	142	30	94	158	46	110	174	2000	2046	2128	1992	1974	1960	1994	2104	1978	2022	2049	2001
304998	62	126	14	78	142	30	94	158	46	110	174	1996	2044	2132	1987	1975	1963	1990	2102	1978	2020	2054	2013
304998	62	126	14	78	142	30	94	158	46	110	174	2013	2025	2142	2011	1994	1972	2011	2074	1988	2016	2029	2019
304998	62	126	14	78	142	30	94	158	46	110	174	2029	2000	2147	2041	2020	1982	2038	2046	1995	2020	2000	2018
304998	62	126	14	78	142	30	94	158	46	110	174	2054	2006	2135	2054	2040	1979	2051	2044	2003	2022	1991	2008
304998	62	126	14	78	142	30	94	158	46	110	174	2034	2015	2133	2038	2020	1979	2031	2056	1996	2018	2017	2009
304998	62	126	14	78	142	30	94	158	46	110	174	2014	2037	2130	2008	1989	1966	2024	2087	1979	2020	2042	2019
304998	62	126	14	78	142	30	94	158	46	110	174	1989	2041	2147	1987	1970	1963	1986	2097	1973	2018	2052	2018
304998	62	126	14	78	142	30	94	158	46	110	174	2003	2039	2141	1999	1976	1963	1993	2086	1985	2022	2038	2011
304998	62	126	14	78	142	30	94	158	46	110	174	2027	2021	2145	2027	2013	1971	2030	2061	1996	2020	2017	2005
304998	62	126	14	78	142	30	94	158	46	110	174	2049	2007	2127	2048	2034	1985	2049	2046	1998	2020	2003	2016
304998	62	126	14	78	142	30	94	158	46	110	174	2052	2001	2129	2054	2024	1985	2052	2043	1994	2021	2002	2020
304998	62	126	14	78	142	30	94	158	46	110	174	2018	2014	2152	2021	2003	1972	2018	2066	1982	2020	2020	2010
304998	62	126	14	78	142	30	94	158	46	110	174	2001	2043	2143	2006	1968	1966	2006	2098	1984	2017	2048	2007
304998	62	126	14	78	142	30	94	158	46	110	174	1993	2049	2144	1992	1975	1959	1991	2104	1973	2022	2056	2012
304998	62	126	14	78	142	30	94	158	46	110	174	2013	2035	2127	2007	1995	1969	2002	2079	1985	2020	2032	2017
304998	62	126	14	78	142	30	94	158	46	110	174	2039	2002	2134	2037	2021	1981	2029	2044	1998	2016	2006	2013
304998	62	126	14	78	142	30	94	158	46	110	174	2052	1996	2137	2052	2037	1985	2052	2039	2003	2018	1992	2012
304998	62	126	14	78	142	30	94	158	46	110	174	2042	2009	2144	2044	2016	1974	2040	2056	1992	2017	2016	2013
304998	62	126	14	78	142	30	94	158	46	110	174	2013	2040	2137	2009	1992	1964	2008	2085	1980	2020	2042	2016
304998	62	126	14	78	142	30	94	158	46	110	174	1996	2050	2133	1993	1974	1958	1983	2098	1974	2016	2054	2014
304998	62	126	14	78	142	30	94	158	46	110	174	1999	2039	2135	1997	1976	1970	1994	2091	1982	2017	2045	2011
304998	62	126	14	78	142	30	94	158	46	110	174	2023	2018	2143	2020	2009	1975	2013	2062	1998	2016	2021	2007
304998	62	126	14	78	142	30	94	158	46	110	174	2044	2000	2142	2050	2031	1986	2037	2045	1997	2021	2002	2017
304998	62	126	14	78	142	30	94	158	46	110	174	2051	2001	2142	2053	2034	1982	2051	2041	1996	2020	2000	2016
304998	62	126	14	78	142	30	94	158	46	110	174	2033	2022	2130	2027	2011	1971	2020	2062	1982	2020	2022	2017
304998	62	126	14	78	142	30	94	158	46	110	174	2006	2039	2129	2001	1963	1973	2005	2095	1980	2019	2042	2008
304998	62	126	14	78	142	30	94	158	46	110	174	1986	2042	2136	1987	1969	1962	1985	2102	1982	2017	2060	2010
304998	62	126	14	78	142	30	94	158	46	110	174	2006	2035	2139	2004	1983	1975	2006	2083	1984	2017	2040	2018
304998	62	126	14	78	142	30	94	158	46	110	174	2026	2008	2147	2035	2021	1976	2030	2048	1993	2019	2009	2020
304998	62	126	14	78	142	30	94	158	46	110	174	2052	2001	2126	2053	2040	1984	2052	2038	2000	2017	1995	2009
304998	62	126	14	78	142	30	94	158	46	110	174	2051	2004	2137	2051	2004	1983	2049	2053	1996	2021	2009	2006
304998	62	126	14	78	142	30	94	158	46	110	174	2013	2028	2136	2012	1988	1968	2005	2081	1979	2022	2037	2016
304998	62	126	14	78	142	30	94	158	46	110	174	1994	2046	2140	1991	1967	1965	1989	2101	1975	2017	2054	2020
304998	62	126	14	78	142	30	94	158	46	110	174	1990	2045	2144	1990	1977	1958	1987	2091	1979	2019	2048	2013
304998	62	126	14	78	142	30	94	158	46	110	174	2022	2031	2129	2013	2009	1978	2019	2071	1998	2018	2023	2006
304998	62	126	14	78	142	30	94	158	46	110	174	2044	1996	2131	2048	2025	1982	2035	2043	1997	2020	2002	2011
304998	62	126	14	78	142	30	94	158	46	110	174	2052	1994	2137	2051	2029	1986	2054	2041	1995	2017	2000	2026
304998	62	126	14	78	142	30	94	158	46	110	174	2028	2016	2148	2032	2007	1975	2031	2059	1983	2019	2016	2018
304998	62	126	14	78	142	30	94	158	46	110	174	2008	2043	2141	1999	1982	1959	2007	2089	1978	2020	2038	2009
304998	62	126	14	78	142	30	94	158	46	110	174	1994	2048	2131	1985	1972	1965	1982	2102	1988	2017	2056	2011
304998	62	126	14	78	142	30	94	158	46	110	174	2008	2037	2132	2006	1988	1969	2002	2085	1986	2019	2044	2017
304998	62	126	14	78	142	30	94	158	46	110	174	2030	2004	2146	2033	2018	1979	2019	2056	1992	2022	2014	2017
304998	62	126	14	78	142	30	94	158	46	110	174	2048	1998	2140	2053	2030	1983	2048	2036	1992	2018	1994	2011
304998	62	126	14	78	142	30	94	158	46	110	174	2048	2011	2137	2049	2025	1974	2062	2052	2003	2018	2002	2009
304998	62	126	14	78	142	30	94	158	46	110	174	2016	2032	2127	2019	2001	1968	2007	2079	1980	2020	2036	2013
304998	62	126	14	78	142	30	94	158	46	110	174	1998	2045	2134	1995	1969	1970	1997	2102	1975	2020	2050	2018
304998	62	126	14	78	142	30	94	158	46	110	174	1989	2038	2147	1990	1976	1966	1983	2091	1975	2020	2045	2018
304998	62	126	14	78	142	30	94	158	46	110	174	2012	2025	2141	2015	1992	1975	2025	2070	1995	2021	2022	2009
304998	62	126	14	78	142	30	94	158	46	110	174	2041	2008	2140	2044	2024	1977	2036	2046	1999	2020	2007	2007
304998	62	126	14	78	142	30	94	158	46	110	174	2046	2001	2128	2054	2036	1985	2045	2035	1996	2022	2002	2018
304998	62	126	14	78	142	30	94	158	46	110	174	2038	2010	2137	2040	2011	1981	2036	2060	1987	2021	2018	2018
304998	62	126	14	78	142	30	94	158	46	110	174	2006	2032	2139	2002	1983	1967	2003	2079	1981	2016	2042	2011
304998	62	126	14	78	142	30	94	158	46	110	174	1991	2049	2143	1991	1967	1965	1986	2103	1979	2017	2057	2008
304998	62	126	14	78	142	30	94	158	46	110	174	1996	2040	2140	1999	1984	1967	1990	2091	1984	2021	2045	2020
304998	62	126	14	78	142	30	94	158	46	110	174	2031	2018	2128	2027	2014	1979	2033	2056	1985	2018	2017	2019
304998	62	126	14	78	142	30	94	158	46	110	174	2048	1993	2138	2051	2031	1988	2048	2038	1994	2017	1990	2016
304998	62	126	14	78	142	30	94	158	46	110	174	2050	2001	2134	2048	2024	1977	2046	2043	2000	2018	1999	2008
304998	62	126	14	78	142	30	94	158	46	110	174	2020	2020	2144	2022	2000	1969	2013	2073	1990	2020	2032	2014
304998	62	126	14	78	142	30	94	158	46	110	174	2001	2050	2136	1995	1971	1963	1999	2095	1975	2018	2050	2016
304998	62	126	14	78	142	30	94	158	46	110	174	1996	2048	2131	1990	1968	1964	1981	2096	1979	2019	2051	2019
304998	62	126	14	78	142	30	94	158	46	110	174	2016	2026	2127	2008	1992	1975	2026	2074	1991	2021	2027	2011
304998	62	126	14	78	142	30	94	158	46	110	174	2031	2000	2146	2040	2026	1981	2031	2049	1995	2019	2008	2007
304998	62	126	14	78	142	30	94	158	46	110	174	2051	2000	2144	2052	2032	1982	2049	2040	1994	2017	2000	2015
304998	62	126	14	78	142	30	94	158	46	110	174	2039	2012	2147	2044	2013	1970	2054	2052	1986	2017	2014	2022
304998	62	126	14	78	142	30	94	158	46	110	174	2015	2040	2129	2010	1990	1966	2008	2081	1975	2016	2037	2016
304998	62	126	14	78	142	30	94	158	46	110	174	1999	2046	2126	1996	1957	1971	1990	2102	1981	2019	2050	2007
304998	62	126	14	78	142	30	94	158	46	110	174	1994	2034	2142	1994	1980	1968	1984	2089	1987	2018	2050	2015
304998	62	126	14	78	142	30	94	158	46	110	174	2025	2017	2140	2021	2012	1979	2029	2061	1989	2021	2021	2017
304998	62	126	14	78	142	30	94	158	46	110	174	2051	2002	2149	2048	2033	1986	2042	2041	1992	2021	1999	2012
304998	62	126	14	78	142	30	94	158	46	110	174	2050	2004	2129	2051	2036	1982	2049	2041	2001	2016	1998	2011
304998	62	126	14	78	142	30	94	158	46	110	174	2030	2023	2136	2030	1998	1982	2020	2065	1992	2020	2028	2011
304998	62	126	14	78	142	30	94	158	46	110	174	1998	2043	2134	1993	1978	1965	1989	2091	1979	2018	2053	2015
304998	62	126	14	78	142	30	94	158	46	110	174	1998	2046	2148	1987	1970	1965	1991	2100	1971	2017	2057	2020
304998	62	126	14	78	142	30	94	158	46	110	174	2009	2035	2143	2009	1994	1964	2007	2078	1986	2020	2032	2017
304998	62	126	14	78	142	30	94	158	46	110	174	2041	2013	2130	2035	2024	1981	2041	2048	1994	2020	2011	2003
304998	62	126	14	78	142	30	94	158	46	110	174	2051	1992	2142	2058	2036	1991	2045	2041	1996	2022	2002	2013
304998	62	126	14	78	142	30	94	158	46	110	174	2040	2004	2138	2041	2017	1978	2049	2052	1990	2017	2013	2020
304998	62	126	14	78	142	30	94	158	46	110	174	2013	2031	2147	2015	1984	1971	2007	2078	1979	2018	2034	2015
304998	62	126	14	78	142	30	94	158	46	110	174	1994	2049	2133	1991	1974	1959	1987	2101	1984	2020	2050	2008
304998	62	126	14	78	142	30	94	158	46	110	174	1995	2043	2129	1996	1978	1964	1985	2093	1986	2018	2053	2015
304998	62	126	14	78	142	30	94	158	46	110	174	2028	2021	2131	2019	2002	1973	2022	2066	1988	2021	2025	2016
304998	62	126	14	78	142	30	94	158	46	110	174	2046	1997	2145	2048	2031	1981	2051	2042	1995	2020	2001	2015
304998	62	126	14	78	142	30	94	158	46	110	174	2048	2001	2146	2051	2024	1981	2060	2038	1996	2021	1996	2008
304998	62	126	14	78	142	30	94	158	46	110	174	2031	2020	2136	2031	2008	1969	2033	2065	1992	2016	2024	2010
304998	62	126	14	78	142	30	94	158	46	110	174	1997	2039	2133	2003	1983	1963	1991	2093	1983	2017	2053	2014
304998	62	126	14	78	142	30	94	158	46	110	174	1996	2047	2126	1986	1969	1968	2008	2107	1973	2016	2054	2020
304998	62	126	14	78	142	30	94	158	46	110	174	2004	2026	2144	2003	1989	1971	2008	2079	1987	2022	2032	2022
304998	62	126	14	78	142	30	94	158	46	110	174	2036	2009	2146	2034	2007	1982	2032	2055	1996	2017	2008	2008
304998	62	126	14	78	142	30	94	158	46	110	174	2049	1999	2146	2059	2031	1980	2048	2038	2004	2022	1998	2008
304998	62	126	14	78	142	30	94	158	46	110	174	2037	2007	2128	2050	2027	1975	2038	2046	1993	2022	2013	2018
304998	62	126	14	78	142	30	94	158	46	110	174	2019	2031	2137	2018	1996	1967	2011	2078	1980	2020	2031	2016
304998	62	126	14	78	142	30	94	158	46	110	174	1996	2045	2139	1986	1966	1963	1982	2093	1976	2019	2048	2009
304998	62	126	14	78	142	30	94	158	46	110	174	1993	2039	2138	1994	1965	1967	1995	2093	1985	2021	2051	2008
304998	62	126	14	78	142	30	94	158	46	110	174	2011	2023	2143	2015	1999	1971	2008	2073	1988	2022	2032	2015
304998	62	126	14	78	142	30	94	158	46	110	174	2042	2007	2131	2047	2032	1983	2044	2043	1994	2020	2002	2016
304998	62	126	14	78	142	30	94	158	46	110	174	2054	1994	2133	2057	2037	1985	2054	2037	1995	2018	1993	2016
304998	62	126	14	78	142	30	94	158	46	110	174	2038	2010	2136	2032	2010	1974	2033	2058	1991	2018	2019	2005
304998	62	126	14	78	142	30	94	158	46	110	174	2003	2034	2144	2005	1977	1963	1994	2089	1983	2018	2051	2012
304998	62	126	14	78	142	30	94	158	46	110	174	1997	2051	2135	1985	1966	1957	1995	2103	1977	2021	2058	2019
304998	62	126	14	78	142	30	94	158	46	110	174	2001	2039	2130	2002	1987	1969	1996	2085	1985	2021	2038	2020
304998	62	126	14	78	142	30	94	158	46	110	174	2037	2011	2130	2029	2015	1980	2024	2054	1991	2021	2011	2008
304998	62	126	14	78	142	30	94	158	46	110	174	2043	1988	2147	2051	2036	1984	2046	2032	2003	2022	1995	2005
304998	62	126	14	78	142	30	94	158	46	110	174	2048	2002	2140	2048	2028	1978	2046	2047	1992	2021	2011	2018
304998	62	126	14	78	142	30	94	158	46	110	174	2022	2031	2145	2024	1995	1965	2026	2085	1984	2020	2029	2018
304998	62	126	14	78	142	30	94	158	46	110	174	1986	2049	2128	1994	1976	1963	1985	2098	1973	2017	2048	2015
304998	62	126	14	78	142	30	94	158	46	110	174	1997	2045	2129	1987	1965	1966	1993	2100	1983	2018	2050	2008
304998	62	126	14	78	142	30	94	158	46	110	174	2005	2015	2149	2011	1993	1977	2000	2074	1996	2018	2035	2014
304998	62	126	14	78	142	30	94	158	46	110	174	2041	2002	2142	2041	2028	1982	2050	2046	1998	2019	2010	2015
304998	62	126	14	78	142	30	94	158	46	110	174	2052	1997	2149	2060	2035	1979	2062	2042	1995	2019	1996	2016
304998	62	126	14	78	142	30	94	158	46	110	174	2036	2018	2128	2037	2020	1973	2029	2052	1990	2020	2013	2015
304998	62	126	14	78	142	30	94	158	46	110	174	2014	2036	2126	2012	1971	1977	2000	2083	1987	2020	2042	2011
304998	62	126	14	78	142	30	94	158	46	110	174	1988	2044	2142	1986	1965	1966	1977	2106	1980	2019	2060	2015
304998	62	126	14	78	142	30	94	158	46	110	174	1999	2041	2141	1997	1984	1966	1996	2089	1983	2021	2045	2018
304998	62	126	14	78	142	30	94	158	46	110	174	2025	2017	2148	2026	2011	1971	2017	2059	1989	2019	2017	2013
304998	62	126	14	78	142	30	94	158	46	110	174	2048	2001	2134	2051	2042	1980	2049	2035	2000	2020	1994	2002
304998	62	126	14	78	142	30	94	158	46	110	174	2048	1998	2137	2057	2021	1983	2039	2043	1999	2022	2008	2014
304998	62	126	14	78	142	30	94	158	46	110	174	2030	2019	2132	2023	2006	1968	2031	2072	1982	2020	2033	2025
304998	62	126	14	78	142	30	94	158	46	110	174	1997	2040	2143	1992	1969	1970	1991	2099	1974	2021	2051	2018
304998	62	126	14	78	142	30	94	158	46	110	174	1992	2051	2138	1984	1969	1962	1982	2099	1977	2019	2050	2011
304998	62	126	14	78	142	30	94	158	46	110	174	2010	2035	2130	2012	1995	1968	1996	2071	1996	2017	2034	2012
304998	62	126	14	78	142	30	94	158	46	110	174	2039	2006	2129	2041	2018	1985	2030	2048	1996	2018	2009	2014
304998	62	126	14	78	142	30	94	158	46	110	174	2054	1994	2137	2055	2043	1982	2055	2043	1998	2020	1996	2017
304998	62	126	14	78	142	30	94	158	46	110	174	2033	2007	2142	2037	2017	1977	2036	2052	1987	2021	2008	2015
304998	62	126	14	78	142	30	94	158	46	110	174	2014	2038	2135	2011	1985	1963	2010	2083	1982	2017	2044	2010
304998	62	126	14	78	142	30	94	158	46	110	174	1989	2049	2138	1985	1967	1960	1975	2104	1984	2016	2064	2014
304998	62	126	14	78	142	30	94	158	46	110	174	2002	2038	2125	1996	1977	1970	2006	2096	1982	2022	2047	2019
304998	62	126	14	78	142	30	94	158	46	110	174	2026	2014	2139	2022	2013	1977	2020	2064	1985	2021	2018	2017
304998	62	126	14	78	142	30	94	158	46	110	174	2043	1998	2144	2050	2029	1980	2044	2034	1998	2017	1994	2008
304998	62	126	14	78	142	30	94	158	46	110	174	2048	2002	2142	2053	2033	1976	2052	2043	1998	2018	2004	2010
304998	62	126	14	78	142	30	94	158	46	110	174	2023	2026	2140	2032	2005	1968	2020	2064	1987	2021	2030	2022
304998	62	126	14	78	142	30	94	158	46	110	174	2002	2045	2127	1993	1980	1970	2005	2097	1979	2017	2051	2020
304998	62	126	14	78	142	30	94	158	46	110	174	1994	2047	2134	1986	1970	1965	1987	2102	1970	2019	2051	2013
304998	62	126	14	78	142	30	94	158	46	110	174	2006	2028	2141	2004	1989	1970	1998	2077	1989	2021	2036	2010
304998	62	126	14	78	142	30	94	158	46	110	174	2033	2009	2145	2035	2016	1978	2034	2048	1998	2017	2015	2012
304998	62	126	14	78	142	30	94	158	46	110	174	2049	2000	2138	2058	2040	1980	2054	2038	1996	2018	1998	2012
304998	62	126	14	78	142	30	94	158	46	110	174	2045	2009	2130	2048	2020	1977	2047	2053	1985	2022	2006	2013
304998	62	126	14	78	142	30	94	158	46	110	174	2017	2031	2129	2013	1994	1970	2011	2080	1985	2020	2036	2006
304998	62	126	14	78	142	30	94	158	46	110	174	1996	2048	2134	1988	1969	1967	1982	2100	1982	2020	2059	2014
304998	62	126	14	78	142	30	94	158	46	110	174	1994	2045	2142	1998	1957	1974	1987	2100	1986	2019	2054	2021
304998	62	126	14	78	142	30	94	158	46	110	174	2022	2027	2132	2015	2006	1967	2022	2069	1989	2017	2024	2022
304998	62	126	14	78	142	30	94	158	46	110	174	2043	2002	2129	2046	2032	1984	2038	2042	1991	2020	1998	2010
304998	62	126	14	78	142	30	94	158	46	110	174	2052	1995	2135	2054	2032	1979	2059	2036	1997	2016	1998	2006
304998	62	126	14	78	142	30	94	158	46	110	174	2028	2015	2141	2028	2005	1972	2030	2061	1992	2018	2023	2018
304998	62	126	14	78	142	30	94	158	46	110	174	2002	2044	2138	2001	1968	1967	2000	2104	1979	2021	2046	2020
304998	62	126	14	78	142	30	94	158	46	110	174	1993	2058	2135	1985	1965	1960	1986	2104	1981	2020	2054	2017
304998	62	126	14	78	142	30	94	158	46	110	174	2007	2035	2124	2001	1984	1971	1994	2087	1983	2020	2040	2010
304998	62	126	14	78	142	30	94	158	46	110	174	2038	2006	2130	2032	2020	1982	2028	2049	2001	2018	2015	2010
304998	62	126	14	78	142	30	94	158	46	110	174	2048	1991	2150	2050	2035	1983	2045	2038	1999	2018	1997	2013
304998	62	126	14	78	142	30	94	158	46	110	174	2045	2005	2145	2048	2022	1979	2046	2049	1987	2020	2005	2014
304998	62	126	14	78	142	30	94	158	46	110	174	2018	2034	2140	2016	1993	1966	2015	2079	1981	2017	2029	2012
304998	62	126	14	78	142	30	94	158	46	110	174	1994	2048	2126	1988	1970	1967	1991	2098	1980	2020	2058	2011
304998	62	126	14	78	142	30	94	158	46	110	174	1995	2041	2126	1987	1971	1966	1981	2100	1987	2018	2055	2017
304998	62	126	14	78	142	30	94	158	46	110	174	2017	2018	2134	2015	2003	1973	2014	2074	1991	2020	2028	2020
