304998	62	126	14	78	142	30	94	158	46	110	174	1997	2045	2129	1987	1965	1966	1993	2100	1983	2018	2050	2008
304998	62	126	14	78	142	30	94	158	46	110	174	2005	2015	2149	2011	1993	1977	2000	2074	1996	2018	2035	2014
304998	62	126	14	78	142	30	94	158	46	110	174	2041	2002	2142	2041	2028	1982	2050	2046	1998	2019	2010	2015
304998	62	126	14	78	142	30	94	158	46	110	174	2052	1997	2149	2060	2035	1979	2062	2042	1995	2019	1996	2016
304998	62	126	14	78	142	30	94	158	46	110	174	2036	2018	2128	2037	2020	1973	2029	2052	1990	2020	2013	2015
304998	62	126	14	78	142	30	94	158	46	110	174	2014	2036	2126	2012	1971	1977	2000	2083	1987	2020	2042	2011
304998	62	126	14	78	142	30	94	158	46	110	174	1988	2044	2142	1986	1965	1966	1977	2106	1980	2019	2060	2015
304998	62	126	14	78	142	30	94	158	46	110	174	1999	2041	2141	1997	1984	1966	1996	2089	1983	2021	2045	2018
304998	62	126	14	78	142	30	94	158	46	110	174	2025	2017	2148	2026	2011	1971	2017	2059	1989	2019	2017	2013
304998	62	126	14	78	142	30	94	158	46	110	174	2048	2001	2134	2051	2042	1980	2049	2035	2000	2020	1994	2002
304998	62	126	14	78	142	30	94	158	46	110	174	2048	1998	2137	2057	2021	1983	2039	2043	1999	2022	2008	2014
304998	62	126	14	78	142	30	94	158	46	110	174	2030	2019	2132	2023	2006	1968	2031	2072	1982	2020	2033	2025
304998	62	126	14	78	142	30	94	158	46	110	174	1997	2040	2143	1992	1969	1970	1991	2099	1974	2021	2051	2018
304998	62	126	14	78	142	30	94	158	46	110	174	1992	2051	2138	1984	1969	1962	1982	2099	1977	2019	2050	2011
304998	62	126	14	78	142	30	94	158	46	110	174	2010	2035	2130	2012	1995	1968	1996	2071	1996	2017	2034	2012
304998	62	126	14	78	142	30	94	158	46	110	174	2039	2006	2129	2041	2018	1985	2030	2048	1996	2018	2009	2014
304998	62	126	14	78	142	30	94	158	46	110	174	2054	1994	2137	2055	2043	1982	2055	2043	1998	2020	1996	2017
304998	62	126	14	78	142	30	94	158	46	110	174	2033	2007	2142	2037	2017	1977	2036	2052	1987	2021	2008	2015
304998	62	126	14	78	142	30	94	158	46	110	174	2014	2038	2135	2011	1985	1963	2010	2083	1982	2017	2044	2010
304998	62	126	14	78	142	30	94	158	46	110	174	1989	2049	2138	1985	1967	1960	1975	2104	1984	2016	2064	2014
304998	62	126	14	78	142	30	94	158	46	110	174	2002	2038	2125	1996	1977	1970	2006	2096	1982	2022	2047	2019
304998	62	126	14	78	142	30	94	158	46	110	174	2026	2014	2139	2022	2013	1977	2020	2064	1985	2021	2018	2017
304998	62	126	14	78	142	30	94	158	46	110	174	2043	1998	2144	2050	2029	1980	2044	2034	1998	2017	1994	2008
304998	62	126	14	78	142	30	94	158	46	110	174	2048	2002	2142	2053	2033	1976	2052	2043	1998	2018	2004	2010
304998	62	126	14	78	142	30	94	158	46	110	174	2023	2026	2140	2032	2005	1968	2020	2064	1987	2021	2030	2022
304998	62	126	14	78	142	30	94	158	46	110	174	2002	2045	2127	1993	1980	1970	2005	2097	1979	2017	2051	2020
304998	62	126	14	78	142	30	94	158	46	110	174	1994	2047	2134	1986	1970	1965	1987	2102	1970	2019	2051	2013
304998	62	126	14	78	142	30	94	158	46	110	174	2006	2028	2141	2004	1989	1970	1998	2077	1989	2021	2036	2010
304998	62	126	14	78	142	30	94	158	46	110	174	2033	2009	2145	2035	2016	1978	2034	2048	1998	2017	2015	2012
304998	62	126	14	78	142	30	94	158	46	110	174	2049	2000	2138	2058	2040	1980	2054	2038	1996	2018	1998	2012
304998	62	126	14	78	142	30	94	158	46	110	174	2045	2009	2130	2048	2020	1977	2047	2053	1985	2022	2006	2013
304998	62	126	14	78	142	30	94	158	46	110	174	2017	2031	2129	2013	1994	1970	2011	2080	1985	2020	2036	2006
304998	62	126	14	78	142	30	94	158	46	110	174	1996	2048	2134	1988	1969	1967	1982	2100	1982	2020	2059	2014
304998	62	126	14	78	142	30	94	158	46	110	174	1994	2045	2142	1998	1957	1974	1987	2100	1986	2019	2054	2021
304998	62	126	14	78	142	30	94	158	46	110	174	2022	2027	2132	2015	2006	1967	2022	2069	1989	2017	2024	2022
304998	62	126	14	78	142	30	94	158	46	110	174	2043	2002	2129	2046	2032	1984	2038	2042	1991	2020	1998	2010
304998	62	126	14	78	142	30	94	158	46	110	174	2052	1995	2135	2054	2032	1979	2059	2036	1997	2016	1998	2006
304998	62	126	14	78	142	30	94	158	46	110	174	2028	2015	2141	2028	2005	1972	2030	2061	1992	2018	2023	2018
304998	62	126	14	78	142	30	94	158	46	110	174	2002	2044	2138	2001	1968	1967	2000	2104	1979	2021	2046	2020
304998	62	126	14	78	142	30	94	158	46	110	174	1993	2058	2135	1985	1965	1960	1986	2104	1981	2020	2054	2017
304998	62	126	14	78	142	30	94	158	46	110	174	2007	2035	2124	2001	1984	1971	1994	2087	1983	2020	2040	2010
304998	62	126	14	78	142	30	94	158	46	110	174	2038	2006	2130	2032	2020	1982	2028	2049	2001	2018	2015	2010
304998	62	126	14	78	142	30	94	158	46	110	174	2048	1991	2150	2050	2035	1983	2045	2038	1999	2018	1997	2013
304998	62	126	14	78	142	30	94	158	46	110	174	2045	2005	2145	2048	2022	1979	2046	2049	1987	2020	2005	2014
304998	62	126	14	78	142	30	94	158	46	110	174	2018	2034	2140	2016	1993	1966	2015	2079	1981	2017	2029	2012
304998	62	126	14	78	142	30	94	158	46	110	174	1994	2048	2126	1988	1970	1967	1991	2098	1980	2020	2058	2011
304998	62	126	14	78	142	30	94	158	46	110	174	1995	2041	2126	1987	1971	1966	1981	2100	1987	2018	2055	2017
304998	62	126	14	78	142	30	94	158	46	110	174	2017	2018	2134	2015	2003	1973	2014	2074	1991	2020	2028	2020
304998	62	126	14	78	142	30	94	158	46	110	174	2043	1999	2144	2051	2019	1987	2048	2045	1994	2017	1995	2010
304998	62	126	14	78	142	30	94	158	46	110	174	2049	1996	2144	2053	2032	1978	2051	2039	1993	2021	1997	2001
304998	62	126	14	78	142	30	94	158	46	110	174	2035	2020	2130	2034	2015	1973	2036	2055	1995	2020	2022	2014
304998	62	126	14	78	142	30	94	158	46	110	174	2007	2039	2126	2009	1970	1975	1995	2089	1986	2020	2047	2021
304998	62	126	14	78	142	30	94	158	46	110	174	1986	2042	2136	1986	1965	1968	1979	2105	1978	2020	2053	2016
304998	62	126	14	78	142	30	94	158	46	110	174	1998	2034	2139	1999	1984	1970	1996	2087	1983	2017	2038	2011
304998	62	126	14	78	142	30	94	158	46	110	174	2025	2018	2146	2025	2016	1971	2026	2053	1992	2020	2017	2010
304998	62	126	14	78	142	30	94	158	46	110	174	2048	2004	2138	2055	2039	1981	2049	2037	2003	2018	2001	2015
304998	62	126	14	78	142	30	94	158	46	110	174	2049	2002	2129	2052	2023	1982	2058	2049	1992	2021	2005	2015
304998	62	126	14	78	142	30	94	158	46	110	174	2026	2023	2138	2019	1997	1974	2015	2074	1980	2019	2026	2016
304998	62	126	14	78	142	30	94	158	46	110	174	1991	2042	2134	1993	1966	1970	1990	2097	1976	2021	2053	2008
304998	62	126	14	78	142	30	94	158	46	110	174	1990	2048	2135	1993	1966	1968	1990	2098	1984	2021	2060	2015
304998	62	126	14	78	142	30	94	158	46	110	174	2017	2033	2136	2012	1989	1972	2005	2081	1991	2018	2029	2019
304998	62	126	14	78	142	30	94	158	46	110	174	2044	2003	2133	2044	2021	1983	2046	2048	1994	2022	2003	2014
304998	62	126	14	78	142	30	94	158	46	110	174	2057	1991	2139	2056	2040	1980	2067	2042	1994	2022	1996	2007
304998	62	126	14	78	142	30	94	158	46	110	174	2035	2008	2144	2040	2016	1976	2035	2053	1988	2020	2016	2011
304998	62	126	14	78	142	30	94	158	46	110	174	2009	2035	2143	2007	1985	1963	2010	2086	1985	2016	2044	2023
304998	62	126	14	78	142	30	94	158	46	110	174	1985	2050	2137	1985	1966	1958	1973	2105	1982	2020	2054	2020
304998	62	126	14	78	142	30	94	158	46	110	174	1993	2042	2129	1997	1981	1969	1987	2089	1981	2017	2040	2015
304998	62	126	14	78	142	30	94	158	46	110	174	2025	2011	2142	2028	2016	1978	2027	2057	1987	2017	2019	2011
304998	62	126	14	78	142	30	94	158	46	110	174	2047	1994	2145	2054	2029	1981	2049	2035	1997	2021	2004	2010
304998	62	126	14	78	142	30	94	158	46	110	174	2049	2002	2143	2057	2019	1980	2046	2044	1999	2019	2000	2017
304998	62	126	14	78	142	30	94	158	46	110	174	2020	2018	2134	2028	2006	1966	2019	2069	1990	2021	2022	2019
304998	62	126	14	78	142	30	94	158	46	110	174	2002	2045	2124	1997	1972	1967	1993	2102	1975	2019	2050	2010
304998	62	126	14	78	142	30	94	158	46	110	174	1992	2040	2132	1982	1974	1968	1983	2099	1982	2019	2061	2013
304998	62	126	14	78	142	30	94	158	46	110	174	2006	2027	2146	2005	1990	1968	2003	2078	1995	2021	2038	2019
304998	62	126	14	78	142	30	94	158	46	110	174	2035	2006	2143	2042	2016	1985	2035	2049	1992	2017	2010	2016
304998	62	126	14	78	142	30	94	158	46	110	174	2051	1998	2135	2060	2040	1981	2061	2038	1991	2017	1995	2011
304998	62	126	14	78	142	30	94	158	46	110	174	2042	2008	2137	2044	2018	1974	2040	2050	1989	2021	2013	2005
304998	62	126	14	78	142	30	94	158	46	110	174	2012	2028	2130	2008	1991	1970	2009	2081	1987	2017	2042	2019
304998	62	126	14	78	142	30	94	158	46	110	174	1989	2045	2134	1985	1962	1966	1979	2105	1986	2018	2056	2024
304998	62	126	14	78	142	30	94	158	46	110	174	1992	2041	2143	1997	1970	1968	1992	2094	1982	2017	2045	2015
304998	62	126	14	78	142	30	94	158	46	110	174	2020	2022	2141	2022	2011	1975	2028	2071	1984	2017	2021	2007
304998	62	126	14	78	142	30	94	158	46	110	174	2047	1999	2130	2048	2030	1982	2046	2037	1994	2020	2003	2009
304998	62	126	14	78	142	30	94	158	46	110	174	2055	2001	2134	2058	2033	1981	2056	2042	1996	2020	1999	2015
304998	62	126	14	78	142	30	94	158	46	110	174	2021	2019	2145	2029	2006	1972	2021	2067	1990	2019	2016	2017
304998	62	126	14	78	142	30	94	158	46	110	174	2000	2043	2137	1996	1965	1968	2011	2098	1983	2020	2047	2015
304998	62	126	14	78	142	30	94	158	46	110	174	1991	2058	2138	1987	1969	1961	1987	2104	1976	2019	2061	2014
304998	62	126	14	78	142	30	94	158	46	110	174	2009	2034	2129	2002	1991	1968	1999	2077	1984	2022	2039	2016
304998	62	126	14	78	142	30	94	158	46	110	174	2038	2005	2133	2039	2022	1986	2031	2048	1997	2021	2008	2016
304998	62	126	14	78	142	30	94	158	46	110	174	2046	1993	2144	2059	2036	1981	2050	2035	1995	2021	1994	2015
304998	62	126	14	78	142	30	94	158	46	110	174	2042	2008	2145	2050	2015	1980	2044	2051	1984	2021	2007	2003
304998	62	126	14	78	142	30	94	158	46	110	174	2015	2035	2133	2012	1994	1965	2005	2078	1980	2020	2040	2013
304998	62	126	14	78	142	30	94	158	46	110	174	1997	2053	2122	1988	1967	1965	1986	2100	1986	2021	2058	2020
304998	62	126	14	78	142	30	94	158	46	110	174	1991	2039	2138	1989	1971	1969	1980	2100	1980	2017	2049	2018
304998	62	126	14	78	142	30	94	158	46	110	174	2015	2018	2140	2018	2003	1975	2020	2073	1984	2021	2019	2002
304998	62	126	14	78	142	30	94	158	46	110	174	2040	2000	2147	2051	2026	1981	2047	2042	1991	2017	2006	2005
304998	62	126	14	78	142	30	94	158	46	110	174	2052	2002	2139	2060	2037	1976	2049	2039	1994	2018	2000	2018
304998	62	126	14	78	142	30	94	158	46	110	174	2034	2018	2133	2040	2009	1972	2028	2059	1993	2018	2017	2014
304998	62	126	14	78	142	30	94	158	46	110	174	2008	2038	2127	2002	1973	1973	1996	2094	1981	2017	2041	2014
304998	62	126	14	78	142	30	94	158	46	110	174	1993	2046	2134	1983	1969	1964	1981	2106	1977	2020	2052	2013
304998	62	126	14	78	142	30	94	158	46	110	174	1998	2033	2140	1999	1986	1971	1993	2080	1986	2021	2046	2015
304998	62	126	14	78	142	30	94	158	46	110	174	2032	2014	2138	2033	2023	1972	2029	2052	1996	2022	2011	2012
304998	62	126	14	78	142	30	94	158	46	110	174	2052	1996	2137	2057	2042	1978	2045	2036	1997	2017	1996	2012
304998	62	126	14	78	142	30	94	158	46	110	174	2049	2002	2130	2053	2023	1980	2063	2050	1989	2022	2002	2004
304998	62	126	14	78	142	30	94	158	46	110	174	2019	2023	2138	2017	1998	1973	2012	2074	1985	2022	2035	2012
304998	62	126	14	78	142	30	94	158	46	110	174	1997	2049	2139	1988	1954	1973	1988	2097	1986	2017	2058	2020
304998	62	126	14	78	142	30	94	158	46	110	174	1994	2048	2141	1984	1967	1963	1984	2102	1986	2016	2049	2023
304998	62	126	14	78	142	30	94	158	46	110	174	2019	2025	2129	2016	2002	1967	2009	2076	1984	2016	2023	2011
304998	62	126	14	78	142	30	94	158	46	110	174	2046	2001	2141	2050	2027	1983	2052	2049	1991	2020	2006	2002
304998	62	126	14	78	142	30	94	158	46	110	174	2050	1993	2141	2055	2043	1981	2052	2037	1991	2020	2002	2016
304998	62	126	14	78	142	30	94	158	46	110	174	2034	2014	2141	2040	2006	1979	2037	2057	1996	2016	2016	2018
304998	62	126	14	78	142	30	94	158	46	110	174	1998	2040	2143	2005	1984	1964	2000	2092	1982	2022	2041	2017
304998	62	126	14	78	142	30	94	158	46	110	174	1994	2058	2127	1984	1968	1962	1991	2105	1970	2019	2058	2016
304998	62	126	14	78	142	30	94	158	46	110	174	2001	2034	2136	1995	1977	1974	1986	2091	1981	2018	2045	2012
304998	62	126	14	78	142	30	94	158	46	110	174	2029	2007	2135	2030	2015	1975	2023	2058	1993	2019	2016	2016
304998	62	126	14	78	142	30	94	158	46	110	174	2048	1993	2146	2057	2034	1983	2050	2035	1999	2020	1995	2016
304998	62	126	14	78	142	30	94	158	46	110	174	2046	2006	2146	2054	2025	1978	2045	2041	1990	2017	1999	2009
304998	62	126	14	78	142	30	94	158	46	110	174	2025	2027	2131	2022	2003	1967	2031	2071	1988	2020	2028	2007
304998	62	126	14	78	142	30	94	158	46	110	174	1993	2045	2122	1992	1965	1966	1984	2098	1976	2016	2059	2022
304998	62	126	14	78	142	30	94	158	46	110	174	1996	2040	2130	1984	1970	1970	1979	2100	1986	2016	2057	2024
304998	62	126	14	78	142	30	94	158	46	110	174	2004	2023	2149	2013	1982	1982	2002	2077	1988	2016	2026	2015
304998	62	126	14	78	142	30	94	158	46	110	174	2040	2007	2143	2047	2019	1980	2049	2048	1991	2020	2001	2008
304998	62	126	14	78	142	30	94	158	46	110	174	2051	1999	2147	2058	2036	1977	2050	2032	1989	2016	2004	2008
304998	62	126	14	78	142	30	94	158	46	110	174	2041	2010	2126	2044	2012	1979	2036	2051	1994	2017	2012	2016
304998	62	126	14	78	142	30	94	158	46	110	174	2009	2027	2136	2010	1987	1967	2003	2087	1987	2020	2039	2025
304998	62	126	14	78	142	30	94	158	46	110	174	1992	2051	2134	1984	1967	1968	1984	2113	1979	2016	2053	2014
304998	62	126	14	78	142	30	94	158	46	110	174	1999	2041	2139	1996	1965	1961	2005	2098	1986	2021	2048	2008
304998	62	126	14	78	142	30	94	158	46	110	174	2023	2021	2129	2022	2013	1974	2023	2059	1988	2020	2024	2016
304998	62	126	14	78	142	30	94	158	46	110	174	2045	1992	2136	2057	2034	1981	2046	2037	1996	2021	1996	2013
304998	62	126	14	78	142	30	94	158	46	110	174	2045	1991	2146	2059	2033	1981	2049	2036	1995	2016	1997	2011
304998	62	126	14	78	142	30	94	158	46	110	174	2027	2017	2139	2026	2001	1971	2029	2072	1981	2019	2022	2010
304998	62	126	14	78	142	30	94	158	46	110	174	1991	2044	2139	1998	1964	1969	1986	2094	1977	2020	2057	2014
304998	62	126	14	78	142	30	94	158	46	110	174	1991	2055	2126	1984	1970	1962	1973	2097	1986	2021	2056	2020
304998	62	126	14	78	142	30	94	158	46	110	174	2004	2027	2138	2010	1987	1974	1998	2078	1993	2016	2034	2018
304998	62	126	14	78	142	30	94	158	46	110	174	2039	2002	2137	2038	2025	1984	2029	2051	1992	2017	2002	2005
304998	62	126	14	78	142	30	94	158	46	110	174	2055	1993	2146	2058	2042	1986	2061	2035	1996	2016	1997	1999
304998	62	126	14	78	142	30	94	158	46	110	174	2033	2006	2148	2048	2015	1976	2040	2043	1989	2019	2017	2012
304998	62	126	14	78	142	30	94	158	46	110	174	2014	2041	2128	2014	1991	1968	2007	2082	1987	2023	2044	2022
304998	62	126	14	78	142	30	94	158	46	110	174	1990	2050	2126	1988	1957	1967	1977	2104	1987	2018	2051	2018
304998	62	126	14	78	142	30	94	158	46	110	174	2001	2041	2127	1990	1972	1968	1993	2097	1982	2017	2048	2013
304998	62	126	14	78	142	30	94	158	46	110	174	2020	2017	2142	2025	2006	1980	2013	2061	1983	2021	2029	2013
304998	62	126	14	78	142	30	94	158	46	110	174	2046	2000	2145	2058	2026	1981	2045	2031	1997	2021	2001	2011
304998	62	126	14	78	142	30	94	158	46	110	174	2048	2000	2142	2058	2032	1973	2050	2035	1999	2017	1995	2019
304998	62	126	14	78	142	30	94	158	46	110	174	2033	2022	2126	2038	2001	1975	2025	2068	1987	2017	2017	2008
304998	62	126	14	78	142	30	94	158	46	110	174	2007	2044	2125	2002	1971	1968	2005	2100	1982	2022	2049	2011
304998	62	126	14	78	142	30	94	158	46	110	174	1996	2046	2132	1986	1969	1966	1982	2103	1972	2018	2060	2022
304998	62	126	14	78	142	30	94	158	46	110	174	2004	2031	2141	2004	1983	1970	1999	2085	1991	2020	2042	2018
304998	62	126	14	78	142	30	94	158	46	110	174	2037	2012	2142	2035	2021	1974	2047	2058	1996	2018	2008	2016
304998	62	126	14	78	142	30	94	158	46	110	174	2054	1993	2133	2061	2035	1981	2060	2035	1992	2018	1993	2002
304998	62	126	14	78	142	30	94	158	46	110	174	2043	1994	2134	2048	2023	1975	2043	2044	1982	2022	2011	2008
304998	62	126	14	78	142	30	94	158	46	110	174	2017	2026	2138	2015	1994	1971	2015	2074	1986	2022	2036	2022
304998	62	126	14	78	142	30	94	158	46	110	174	1987	2043	2146	1991	1958	1967	1977	2102	1983	2017	2052	2021
304998	62	126	14	78	142	30	94	158	46	110	174	1994	2045	2130	1989	1973	1962	1984	2103	1980	2017	2047	2015
304998	62	126	14	78	142	30	94	158	46	110	174	2020	2025	2130	2018	2004	1970	2009	2070	1983	2016	2028	2005
304998	62	126	14	78	142	30	94	158	46	110	174	2039	1995	2132	2053	2030	1981	2038	2034	1992	2019	2009	2012
304998	62	126	14	78	142	30	94	158	46	110	174	2057	1996	2140	2055	2043	1983	2049	2033	1998	2020	1996	2016
304998	62	126	14	78	142	30	94	158	46	110	174	2030	2013	2150	2041	2001	1981	2031	2059	1992	2021	2015	2016
304998	62	126	14	78	142	30	94	158	46	110	174	2003	2046	2139	2002	1975	1966	2006	2093	1983	2019	2044	2008
304998	62	126	14	78	142	30	94	158	46	110	174	1988	2052	2126	1984	1965	1963	1979	2108	1975	2016	2063	2016
304998	62	126	14	78	142	30	94	158	46	110	174	2002	2035	2127	1998	1983	1971	1992	2083	1989	2021	2045	2022
304998	62	126	14	78	142	30	94	158	46	110	174	2031	2006	2147	2031	2021	1978	2026	2051	2000	2017	2015	2011
