304998	62	126	14	78	142	30	94	158	46	110	174	2009	2035	2143	2007	1985	1963	2010	2086	1985	2016	2044	2023
304998	62	126	14	78	142	30	94	158	46	110	174	1985	2050	2137	1985	1966	1958	1973	2105	1982	2020	2054	2020
304998	62	126	14	78	142	30	94	158	46	110	174	1993	2042	2129	1997	1981	1969	1987	2089	1981	2017	2040	2015
304998	62	126	14	78	142	30	94	158	46	110	174	2025	2011	2142	2028	2016	1978	2027	2057	1987	2017	2019	2011
304998	62	126	14	78	142	30	94	158	46	110	174	2047	1994	2145	2054	2029	1981	2049	2035	1997	2021	2004	2010
304998	62	126	14	78	142	30	94	158	46	110	174	2049	2002	2143	2057	2019	1980	2046	2044	1999	2019	2000	2017
304998	62	126	14	78	142	30	94	158	46	110	174	2020	2018	2134	2028	2006	1966	2019	2069	1990	2021	2022	2019
304998	62	126	14	78	142	30	94	158	46	110	174	2002	2045	2124	1997	1972	1967	1993	2102	1975	2019	2050	2010
304998	62	126	14	78	142	30	94	158	46	110	174	1992	2040	2132	1982	1974	1968	1983	2099	1982	2019	2061	2013
304998	62	126	14	78	142	30	94	158	46	110	174	2006	2027	2146	2005	1990	1968	2003	2078	1995	2021	2038	2019
304998	62	126	14	78	142	30	94	158	46	110	174	2035	2006	2143	2042	2016	1985	2035	2049	1992	2017	2010	2016
304998	62	126	14	78	142	30	94	158	46	110	174	2051	1998	2135	2060	2040	1981	2061	2038	1991	2017	1995	2011
304998	62	126	14	78	142	30	94	158	46	110	174	2042	2008	2137	2044	2018	1974	2040	2050	1989	2021	2013	2005
304998	62	126	14	78	142	30	94	158	46	110	174	2012	2028	2130	2008	1991	1970	2009	2081	1987	2017	2042	2019
304998	62	126	14	78	142	30	94	158	46	110	174	1989	2045	2134	1985	1962	1966	1979	2105	1986	2018	2056	2024
304998	62	126	14	78	142	30	94	158	46	110	174	1992	2041	2143	1997	1970	1968	1992	2094	1982	2017	2045	2015
304998	62	126	14	78	142	30	94	158	46	110	174	2020	2022	2141	2022	2011	1975	2028	2071	1984	2017	2021	2007
304998	62	126	14	78	142	30	94	158	46	110	174	2047	1999	2130	2048	2030	1982	2046	2037	1994	2020	2003	2009
304998	62	126	14	78	142	30	94	158	46	110	174	2055	2001	2134	2058	2033	1981	2056	2042	1996	2020	1999	2015
304998	62	126	14	78	142	30	94	158	46	110	174	2021	2019	2145	2029	2006	1972	2021	2067	1990	2019	2016	2017
304998	62	126	14	78	142	30	94	158	46	110	174	2000	2043	2137	1996	1965	1968	2011	2098	1983	2020	2047	2015
304998	62	126	14	78	142	30	94	158	46	110	174	1991	2058	2138	1987	1969	1961	1987	2104	1976	2019	2061	2014
304998	62	126	14	78	142	30	94	158	46	110	174	2009	2034	2129	2002	1991	1968	1999	2077	1984	2022	2039	2016
304998	62	126	14	78	142	30	94	158	46	110	174	2038	2005	2133	2039	2022	1986	2031	2048	1997	2021	2008	2016
304998	62	126	14	78	142	30	94	158	46	110	174	2046	1993	2144	2059	2036	1981	2050	2035	1995	2021	1994	2015
304998	62	126	14	78	142	30	94	158	46	110	174	2042	2008	2145	2050	2015	1980	2044	2051	1984	2021	2007	2003
304998	62	126	14	78	142	30	94	158	46	110	174	2015	2035	2133	2012	1994	1965	2005	2078	1980	2020	2040	2013
304998	62	126	14	78	142	30	94	158	46	110	174	1997	2053	2122	1988	1967	1965	1986	2100	1986	2021	2058	2020
304998	62	126	14	78	142	30	94	158	46	110	174	1991	2039	2138	1989	1971	1969	1980	2100	1980	2017	2049	2018
304998	62	126	14	78	142	30	94	158	46	110	174	2015	2018	2140	2018	2003	1975	2020	2073	1984	2021	2019	2002
304998	62	126	14	78	142	30	94	158	46	110	174	2040	2000	2147	2051	2026	1981	2047	2042	1991	2017	2006	2005
304998	62	126	14	78	142	30	94	158	46	110	174	2052	2002	2139	2060	2037	1976	2049	2039	1994	2018	2000	2018
304998	62	126	14	78	142	30	94	158	46	110	174	2034	2018	2133	2040	2009	1972	2028	2059	1993	2018	2017	2014
304998	62	126	14	78	142	30	94	158	46	110	174	2008	2038	2127	2002	1973	1973	1996	2094	1981	2017	2041	2014
304998	62	126	14	78	142	30	94	158	46	110	174	1993	2046	2134	1983	1969	1964	1981	2106	1977	2020	2052	2013
304998	62	126	14	78	142	30	94	158	46	110	174	1998	2033	2140	1999	1986	1971	1993	2080	1986	2021	2046	2015
304998	62	126	14	78	142	30	94	158	46	110	174	2032	2014	2138	2033	2023	1972	2029	2052	1996	2022	2011	2012
304998	62	126	14	78	142	30	94	158	46	110	174	2052	1996	2137	2057	2042	1978	2045	2036	1997	2017	1996	2012
304998	62	126	14	78	142	30	94	158	46	110	174	2049	2002	2130	2053	2023	1980	2063	2050	1989	2022	2002	2004
304998	62	126	14	78	142	30	94	158	46	110	174	2019	2023	2138	2017	1998	1973	2012	2074	1985	2022	2035	2012
304998	62	126	14	78	142	30	94	158	46	110	174	1997	2049	2139	1988	1954	1973	1988	2097	1986	2017	2058	2020
304998	62	126	14	78	142	30	94	158	46	110	174	1994	2048	2141	1984	1967	1963	1984	2102	1986	2016	2049	2023
304998	62	126	14	78	142	30	94	158	46	110	174	2019	2025	2129	2016	2002	1967	2009	2076	1984	2016	2023	2011
304998	62	126	14	78	142	30	94	158	46	110	174	2046	2001	2141	2050	2027	1983	2052	2049	1991	2020	2006	2002
304998	62	126	14	78	142	30	94	158	46	110	174	2050	1993	2141	2055	2043	1981	2052	2037	1991	2020	2002	2016
304998	62	126	14	78	142	30	94	158	46	110	174	2034	2014	2141	2040	2006	1979	2037	2057	1996	2016	2016	2018
304998	62	126	14	78	142	30	94	158	46	110	174	1998	2040	2143	2005	1984	1964	2000	2092	1982	2022	2041	2017
304998	62	126	14	78	142	30	94	158	46	110	174	1994	2058	2127	1984	1968	1962	1991	2105	1970	2019	2058	2016
304998	62	126	14	78	142	30	94	158	46	110	174	2001	2034	2136	1995	1977	1974	1986	2091	1981	2018	2045	2012
304998	62	126	14	78	142	30	94	158	46	110	174	2029	2007	2135	2030	2015	1975	2023	2058	1993	2019	2016	2016
304998	62	126	14	78	142	30	94	158	46	110	174	2048	1993	2146	2057	2034	1983	2050	2035	1999	2020	1995	2016
304998	62	126	14	78	142	30	94	158	46	110	174	2046	2006	2146	2054	2025	1978	2045	2041	1990	2017	1999	2009
304998	62	126	14	78	142	30	94	158	46	110	174	2025	2027	2131	2022	2003	1967	2031	2071	1988	2020	2028	2007
304998	62	126	14	78	142	30	94	158	46	110	174	1993	2045	2122	1992	1965	1966	1984	2098	1976	2016	2059	2022
304998	62	126	14	78	142	30	94	158	46	110	174	1996	2040	2130	1984	1970	1970	1979	2100	1986	2016	2057	2024
304998	62	126	14	78	142	30	94	158	46	110	174	2004	2023	2149	2013	1982	1982	2002	2077	1988	2016	2026	2015
304998	62	126	14	78	142	30	94	158	46	110	174	2040	2007	2143	2047	2019	1980	2049	2048	1991	2020	2001	2008
304998	62	126	14	78	142	30	94	158	46	110	174	2051	1999	2147	2058	2036	1977	2050	2032	1989	2016	2004	2008
304998	62	126	14	78	142	30	94	158	46	110	174	2041	2010	2126	2044	2012	1979	2036	2051	1994	2017	2012	2016
304998	62	126	14	78	142	30	94	158	46	110	174	2009	2027	2136	2010	1987	1967	2003	2087	1987	2020	2039	2025
304998	62	126	14	78	142	30	94	158	46	110	174	1992	2051	2134	1984	1967	1968	1984	2113	1979	2016	2053	2014
304998	62	126	14	78	142	30	94	158	46	110	174	1999	2041	2139	1996	1965	1961	2005	2098	1986	2021	2048	2008
304998	62	126	14	78	142	30	94	158	46	110	174	2023	2021	2129	2022	2013	1974	2023	2059	1988	2020	2024	2016
304998	62	126	14	78	142	30	94	158	46	110	174	2045	1992	2136	2057	2034	1981	2046	2037	1996	2021	1996	2013
304998	62	126	14	78	142	30	94	158	46	110	174	2045	1991	2146	2059	2033	1981	2049	2036	1995	2016	1997	2011
304998	62	126	14	78	142	30	94	158	46	110	174	2027	2017	2139	2026	2001	1971	2029	2072	1981	2019	2022	2010
304998	62	126	14	78	142	30	94	158	46	110	174	1991	2044	2139	1998	1964	1969	1986	2094	1977	2020	2057	2014
304998	62	126	14	78	142	30	94	158	46	110	174	1991	2055	2126	1984	1970	1962	1973	2097	1986	2021	2056	2020
304998	62	126	14	78	142	30	94	158	46	110	174	2004	2027	2138	2010	1987	1974	1998	2078	1993	2016	2034	2018
304998	62	126	14	78	142	30	94	158	46	110	174	2039	2002	2137	2038	2025	1984	2029	2051	1992	2017	2002	2005
304998	62	126	14	78	142	30	94	158	46	110	174	2055	1993	2146	2058	2042	1986	2061	2035	1996	2016	1997	1999
304998	62	126	14	78	142	30	94	158	46	110	174	2033	2006	2148	2048	2015	1976	2040	2043	1989	2019	2017	2012
304998	62	126	14	78	142	30	94	158	46	110	174	2014	2041	2128	2014	1991	1968	2007	2082	1987	2023	2044	2022
304998	62	126	14	78	142	30	94	158	46	110	174	1990	2050	2126	1988	1957	1967	1977	2104	1987	2018	2051	2018
304998	62	126	14	78	142	30	94	158	46	110	174	2001	2041	2127	1990	1972	1968	1993	2097	1982	2017	2048	2013
304998	62	126	14	78	142	30	94	158	46	110	174	2020	2017	2142	2025	2006	1980	2013	2061	1983	2021	2029	2013
304998	62	126	14	78	142	30	94	158	46	110	174	2046	2000	2145	2058	2026	1981	2045	2031	1997	2021	2001	2011
304998	62	126	14	78	142	30	94	158	46	110	174	2048	2000	2142	2058	2032	1973	2050	2035	1999	2017	1995	2019
304998	62	126	14	78	142	30	94	158	46	110	174	2033	2022	2126	2038	2001	1975	2025	2068	1987	2017	2017	2008
304998	62	126	14	78	142	30	94	158	46	110	174	2007	2044	2125	2002	1971	1968	2005	2100	1982	2022	2049	2011
304998	62	126	14	78	142	30	94	158	46	110	174	1996	2046	2132	1986	1969	1966	1982	2103	1972	2018	2060	2022
304998	62	126	14	78	142	30	94	158	46	110	174	2004	2031	2141	2004	1983	1970	1999	2085	1991	2020	2042	2018
304998	62	126	14	78	142	30	94	158	46	110	174	2037	2012	2142	2035	2021	1974	2047	2058	1996	2018	2008	2016
304998	62	126	14	78	142	30	94	158	46	110	174	2054	1993	2133	2061	2035	1981	2060	2035	1992	2018	1993	2002
304998	62	126	14	78	142	30	94	158	46	110	174	2043	1994	2134	2048	2023	1975	2043	2044	1982	2022	2011	2008
304998	62	126	14	78	142	30	94	158	46	110	174	2017	2026	2138	2015	1994	1971	2015	2074	1986	2022	2036	2022
304998	62	126	14	78	142	30	94	158	46	110	174	1987	2043	2146	1991	1958	1967	1977	2102	1983	2017	2052	2021
304998	62	126	14	78	142	30	94	158	46	110	174	1994	2045	2130	1989	1973	1962	1984	2103	1980	2017	2047	2015
304998	62	126	14	78	142	30	94	158	46	110	174	2020	2025	2130	2018	2004	1970	2009	2070	1983	2016	2028	2005
304998	62	126	14	78	142	30	94	158	46	110	174	2039	1995	2132	2053	2030	1981	2038	2034	1992	2019	2009	2012
304998	62	126	14	78	142	30	94	158	46	110	174	2057	1996	2140	2055	2043	1983	2049	2033	1998	2020	1996	2016
304998	62	126	14	78	142	30	94	158	46	110	174	2030	2013	2150	2041	2001	1981	2031	2059	1992	2021	2015	2016
304998	62	126	14	78	142	30	94	158	46	110	174	2003	2046	2139	2002	1975	1966	2006	2093	1983	2019	2044	2008
304998	62	126	14	78	142	30	94	158	46	110	174	1988	2052	2126	1984	1965	1963	1979	2108	1975	2016	2063	2016
304998	62	126	14	78	142	30	94	158	46	110	174	2002	2035	2127	1998	1983	1971	1992	2083	1989	2021	2045	2022
304998	62	126	14	78	142	30	94	158	46	110	174	2031	2006	2147	2031	2021	1978	2026	2051	2000	2017	2015	2011
304998	62	126	14	78	142	30	94	158	46	110	174	2049	1996	2148	2062	2031	1986	2053	2035	1994	2020	1993	2004
304998	62	126	14	78	142	30	94	158	46	110	174	2048	2006	2143	2056	2023	1981	2048	2043	1991	2019	2008	1999
304998	62	126	14	78	142	30	94	158	46	110	174	2018	2027	2127	2020	1999	1963	2018	2074	1986	2021	2034	2009
304998	62	126	14	78	142	30	94	158	46	110	174	1998	2043	2126	1990	1963	1970	1982	2098	1987	2019	2058	2027
304998	62	126	14	78	142	30	94	158	46	110	174	1993	2046	2133	1983	1974	1973	1984	2107	1980	2016	2049	2022
304998	62	126	14	78	142	30	94	158	46	110	174	2011	2023	2142	2011	1990	1980	2019	2072	1983	2022	2025	2007
304998	62	126	14	78	142	30	94	158	46	110	174	2034	2002	2146	2048	2033	1976	2038	2039	1987	2020	2009	2006
304998	62	126	14	78	142	30	94	158	46	110	174	2055	2003	2143	2058	2037	1986	2060	2028	1994	2020	1998	2013
304998	62	126	14	78	142	30	94	158	46	110	174	2031	2004	2140	2041	2017	1974	2036	2055	1995	2018	2013	2017
304998	62	126	14	78	142	30	94	158	46	110	174	2001	2029	2141	2004	1984	1966	2002	2093	1982	2022	2040	2020
304998	62	126	14	78	142	30	94	158	46	110	174	1988	2045	2139	1981	1955	1968	1982	2106	1977	2016	2052	2011
304998	62	126	14	78	142	30	94	158	46	110	174	1994	2041	2133	1997	1979	1968	1986	2085	1986	2018	2048	2017
304998	62	126	14	78	142	30	94	158	46	110	174	2029	2019	2134	2031	2013	1974	2028	2052	1996	2017	2018	2020
304998	62	126	14	78	142	30	94	158	46	110	174	2051	1991	2137	2052	2038	1981	2045	2033	1991	2021	1996	2011
304998	62	126	14	78	142	30	94	158	46	110	174	2052	1996	2139	2056	2033	1978	2061	2045	1988	2020	1996	2007
304998	62	126	14	78	142	30	94	158	46	110	174	2022	2018	2146	2022	1997	1970	2016	2068	1980	2020	2035	2013
304998	62	126	14	78	142	30	94	158	46	110	174	1990	2051	2137	1995	1968	1959	1983	2099	1985	2018	2060	2024
304998	62	126	14	78	142	30	94	158	46	110	174	1990	2048	2130	1987	1968	1963	1986	2105	1987	2016	2053	2025
304998	62	126	14	78	142	30	94	158	46	110	174	2017	2026	2125	2008	1993	1971	2007	2077	1983	2020	2029	2015
304998	62	126	14	78	142	30	94	158	46	110	174	2042	1999	2142	2045	2029	1978	2045	2046	1984	2021	2004	1998
304998	62	126	14	78	142	30	94	158	46	110	174	2049	1992	2146	2061	2040	1984	2053	2029	1994	2020	2002	2003
304998	62	126	14	78	142	30	94	158	46	110	174	2039	2010	2143	2047	2018	1971	2044	2048	1995	2017	2015	2016
304998	62	126	14	78	142	30	94	158	46	110	174	2013	2039	2126	2010	1989	1968	2002	2089	1984	2021	2035	2018
304998	62	126	14	78	142	30	94	158	46	110	174	1995	2048	2123	1988	1960	1973	1989	2105	1983	2016	2051	2014
304998	62	126	14	78	142	30	94	158	46	110	174	1996	2038	2130	1990	1981	1972	1983	2092	1984	2018	2050	2014
304998	62	126	14	78	142	30	94	158	46	110	174	2020	2012	2143	2022	2004	1983	2020	2059	1992	2016	2024	2011
304998	62	126	14	78	142	30	94	158	46	110	174	2043	1999	2147	2057	2033	1977	2051	2036	1998	2021	1999	2018
304998	62	126	14	78	142	30	94	158	46	110	174	2052	2003	2132	2059	2038	1971	2070	2046	1987	2019	1997	2010
304998	62	126	14	78	142	30	94	158	46	110	174	2031	2019	2129	2035	2001	1975	2021	2067	1980	2019	2023	2007
304998	62	126	14	78	142	30	94	158	46	110	174	1996	2039	2129	1994	1974	1963	1991	2094	1986	2020	2052	2018
304998	62	126	14	78	142	30	94	158	46	110	174	1991	2046	2142	1980	1963	1971	1989	2103	1988	2017	2056	2023
304998	62	126	14	78	142	30	94	158	46	110	174	2004	2036	2144	2004	1991	1970	1994	2084	1982	2018	2033	2016
304998	62	126	14	78	142	30	94	158	46	110	174	2038	2012	2140	2043	2026	1976	2059	2055	1988	2019	2004	2008
304998	62	126	14	78	142	30	94	158	46	110	174	2045	1994	2144	2058	2040	1976	2048	2028	1984	2020	1998	2000
304998	62	126	14	78	142	30	94	158	46	110	174	2039	2006	2138	2048	2020	1975	2038	2044	1995	2021	2014	2011
304998	62	126	14	78	142	30	94	158	46	110	174	2013	2025	2142	2010	1983	1976	2002	2081	1989	2020	2037	2022
304998	62	126	14	78	142	30	94	158	46	110	174	1988	2050	2133	1984	1959	1966	1979	2103	1981	2018	2054	2022
304998	62	126	14	78	142	30	94	158	46	110	174	1996	2049	2127	1986	1971	1963	1987	2099	1982	2017	2046	2015
304998	62	126	14	78	142	30	94	158	46	110	174	2017	2018	2129	2019	2008	1972	2011	2062	1986	2021	2029	2013
304998	62	126	14	78	142	30	94	158	46	110	174	2050	1996	2142	2050	2037	1978	2046	2034	1994	2017	2005	2011
304998	62	126	14	78	142	30	94	158	46	110	174	2048	1993	2148	2060	2037	1982	2051	2039	1996	2022	1994	2014
304998	62	126	14	78	142	30	94	158	46	110	174	2033	2021	2143	2036	2005	1977	2040	2063	1989	2022	2017	2009
304998	62	126	14	78	142	30	94	158	46	110	174	2003	2047	2125	1999	1980	1961	1994	2097	1980	2017	2051	2012
304998	62	126	14	78	142	30	94	158	46	110	174	1993	2048	2120	1979	1968	1965	1977	2102	1982	2020	2060	2021
304998	62	126	14	78	142	30	94	158	46	110	174	2006	2034	2136	1998	1986	1972	1992	2085	1994	2018	2040	2021
304998	62	126	14	78	142	30	94	158	46	110	174	2035	2004	2143	2032	2022	1976	2031	2053	1986	2020	2006	2010
304998	62	126	14	78	142	30	94	158	46	110	174	2049	1994	2147	2057	2032	1985	2056	2031	1991	2016	1995	2000
304998	62	126	14	78	142	30	94	158	46	110	174	2043	2008	2138	2051	2026	1973	2041	2038	1988	2021	2011	2006
304998	62	126	14	78	142	30	94	158	46	110	174	2021	2030	2126	2017	1993	1969	2016	2072	1993	2018	2038	2017
304998	62	126	14	78	142	30	94	158	46	110	174	1995	2042	2128	1986	1968	1969	1982	2106	1982	2018	2053	2031
304998	62	126	14	78	142	30	94	158	46	110	174	1995	2042	2131	1983	1971	1972	1994	2105	1981	2018	2051	2014
304998	62	126	14	78	142	30	94	158	46	110	174	2009	2023	2151	2016	1993	1972	2007	2068	1985	2023	2027	2006
304998	62	126	14	78	142	30	94	158	46	110	174	2042	2004	2137	2050	2031	1976	2041	2035	1994	2017	2004	2009
304998	62	126	14	78	142	30	94	158	46	110	174	2055	1994	2137	2061	2032	1976	2048	2029	1997	2020	1996	2011
304998	62	126	14	78	142	30	94	158	46	110	174	2037	2010	2137	2036	2016	1971	2034	2066	1986	2016	2017	2014
304998	62	126	14	78	142	30	94	158	46	110	174	2006	2037	2129	2002	1979	1965	2019	2094	1984	2020	2042	2009
304998	62	126	14	78	142	30	94	158	46	110	174	1989	2049	2134	1981	1959	1966	1974	2107	1980	2019	2056	2015
304998	62	126	14	78	142	30	94	158	46	110	174	1999	2042	2130	1995	1979	1969	1988	2085	1994	2020	2050	2022
304998	62	126	14	78	142	30	94	158	46	110	174	2027	2014	2137	2030	2016	1975	2018	2056	1996	2022	2011	2013
304998	62	126	14	78	142	30	94	158	46	110	174	2056	1993	2139	2057	2040	1976	2047	2029	1995	2020	1996	2004
304998	62	126	14	78	142	30	94	158	46	110	174	2048	2000	2138	2053	2033	1980	2053	2042	1988	2022	2003	2006
304998	62	126	14	78	142	30	94	158	46	110	174	2022	2028	2138	2020	1998	1978	2018	2065	1985	2019	2033	2014
304998	62	126	14	78	142	30	94	158	46	110	174	1995	2052	2131	1993	1968	1966	1987	2100	1984	2016	2054	2027
304998	62	126	14	78	142	30	94	158	46	110	174	1994	2052	2123	1984	1965	1967	1986	2101	1985	2017	2055	2021
