304998	62	126	14	78	142	30	94	158	46	110	174	2025	2022	2130	2022	2001	1972	2020	2066	1986	2017	2024	2016
304998	62	126	14	78	142	30	94	158	46	110	174	1996	2043	2128	1987	1966	1971	1981	2103	1992	2021	2053	2021
304998	62	126	14	78	142	30	94	158	46	110	174	1986	2051	2130	1983	1963	1968	1981	2111	1989	2022	2058	2022
304998	62	126	14	78	142	30	94	158	46	110	174	2008	2031	2137	2008	1991	1974	1999	2073	1986	2016	2038	2019
304998	62	126	14	78	142	30	94	158	46	110	174	2042	2005	2142	2046	2032	1972	2036	2036	1981	2019	2005	2010
304998	62	126	14	78	142	30	94	158	46	110	174	2055	1983	2147	2067	2040	1971	2057	2026	1997	2018	1989	1996
304998	62	126	14	78	142	30	94	158	46	110	174	2043	2004	2143	2048	2021	1970	2036	2050	1993	2018	2015	2005
304998	62	126	14	78	142	30	94	158	46	110	174	2007	2035	2137	2009	1976	1972	2012	2095	1986	2018	2048	2021
304998	62	126	14	78	142	30	94	158	46	110	174	1980	2050	2125	1980	1956	1970	1972	2106	1985	2017	2056	2031
304998	62	126	14	78	142	30	94	158	46	110	174	1994	2043	2121	1993	1967	1978	1980	2095	1986	2018	2047	2024
304998	62	126	14	78	142	30	94	158	46	110	174	2025	2009	2140	2028	2010	1971	2013	2053	1996	2018	2014	2001
304998	62	126	14	78	142	30	94	158	46	110	174	2052	1993	2152	2064	2044	1973	2054	2030	1990	2020	1998	2002
304998	62	126	14	78	142	30	94	158	46	110	174	2051	2000	2149	2072	2026	1981	2069	2035	1988	2019	2002	2004
304998	62	126	14	78	142	30	94	158	46	110	174	2023	2021	2143	2028	2001	1971	2016	2066	1984	2018	2024	2023
304998	62	126	14	78	142	30	94	158	46	110	174	2001	2052	2122	1989	1956	1974	1987	2100	1986	2021	2049	2025
304998	62	126	14	78	142	30	94	158	46	110	174	1986	2045	2121	1978	1959	1965	1968	2108	1995	2016	2055	2018
304998	62	126	14	78	142	30	94	158	46	110	174	2004	2018	2134	2002	1989	1966	1995	2080	1988	2020	2040	2018
304998	62	126	14	78	142	30	94	158	46	110	174	2038	2000	2150	2047	2017	1977	2049	2043	1983	2017	2011	2008
304998	62	126	14	78	142	30	94	158	46	110	174	2048	1992	2157	2060	2044	1975	2062	2022	1987	2021	1993	2006
304998	62	126	14	78	142	30	94	158	46	110	174	2040	2013	2142	2051	2020	1971	2047	2046	1992	2017	2005	2006
304998	62	126	14	78	142	30	94	158	46	110	174	2009	2034	2125	2010	1982	1966	1994	2082	1993	2018	2038	2016
304998	62	126	14	78	142	30	94	158	46	110	174	1995	2049	2121	1984	1960	1969	1972	2106	1982	2016	2064	2032
304998	62	126	14	78	142	30	94	158	46	110	174	1994	2037	2133	1988	1967	1975	1981	2105	1981	2020	2053	2027
304998	62	126	14	78	142	30	94	158	46	110	174	2020	2018	2141	2020	2005	1977	2018	2059	1989	2018	2022	2014
304998	62	126	14	78	142	30	94	158	46	110	174	2048	2001	2147	2055	2045	1972	2049	2027	1991	2017	1994	1993
304998	62	126	14	78	142	30	94	158	46	110	174	2051	1996	2142	2067	2038	1971	2060	2032	1991	2018	2002	1997
304998	62	126	14	78	142	30	94	158	46	110	174	2031	2014	2134	2040	2004	1968	2027	2066	1984	2020	2028	2016
304998	62	126	14	78	142	30	94	158	46	110	174	1998	2039	2123	1996	1969	1971	1986	2101	1982	2021	2048	2025
304998	62	126	14	78	142	30	94	158	46	110	174	1987	2051	2126	1981	1956	1974	1981	2106	1986	2021	2055	2027
304998	62	126	14	78	142	30	94	158	46	110	174	1993	2031	2146	1997	1984	1972	1984	2084	1994	2017	2039	2008
304998	62	126	14	78	142	30	94	158	46	110	174	2038	2007	2135	2041	2021	1970	2051	2049	1985	2021	2013	2008
304998	62	126	14	78	142	30	94	158	46	110	174	2057	1995	2147	2069	2042	1967	2066	2025	1982	2018	1998	2005
304998	62	126	14	78	142	30	94	158	46	110	174	2042	1999	2142	2058	2028	1969	2045	2041	1982	2016	2004	2009
304998	62	126	14	78	142	30	94	158	46	110	174	2017	2025	2135	2021	1979	1981	2018	2077	1987	2018	2029	2014
304998	62	126	14	78	142	30	94	158	46	110	174	1975	2037	2139	1983	1962	1971	1971	2106	1994	2021	2056	2020
304998	62	126	14	78	142	30	94	158	46	110	174	1992	2048	2122	1984	1966	1972	1985	2104	1982	2018	2056	2029
304998	62	126	14	78	142	30	94	158	46	110	174	2019	2021	2147	2020	1995	1968	2007	2064	1984	2017	2027	2017
304998	62	126	14	78	142	30	94	158	46	110	174	2048	1992	2150	2058	2042	1970	2050	2030	1989	2021	1999	2001
304998	62	126	14	78	142	30	94	158	46	110	174	2054	1991	2151	2068	2034	1980	2061	2026	1995	2022	1995	1995
304998	62	126	14	78	142	30	94	158	46	110	174	2025	2013	2148	2040	2009	1975	2024	2060	1990	2022	2024	2006
304998	62	126	14	78	142	30	94	158	46	110	174	2005	2045	2123	1999	1972	1972	2015	2099	1984	2021	2049	2031
304998	62	126	14	78	142	30	94	158	46	110	174	1987	2046	2124	1981	1954	1970	1972	2106	1982	2019	2059	2034
304998	62	126	14	78	142	30	94	158	46	110	174	2003	2032	2125	1993	1984	1971	1996	2085	1986	2021	2043	2017
304998	62	126	14	78	142	30	94	158	46	110	174	2025	2003	2153	2039	2016	1981	2024	2050	1997	2017	2015	1996
304998	62	126	14	78	142	30	94	158	46	110	174	2048	1994	2153	2064	2045	1978	2055	2031	1988	2018	2001	2007
304998	62	126	14	78	142	30	94	158	46	110	174	2049	2006	2145	2059	2031	1975	2060	2038	1987	2023	2005	2008
304998	62	126	14	78	142	30	94	158	46	110	174	2020	2026	2123	2024	1993	1968	2017	2075	1982	2018	2031	2021
304998	62	126	14	78	142	30	94	158	46	110	174	1990	2042	2130	1988	1966	1972	1975	2103	1996	2021	2057	2024
304998	62	126	14	78	142	30	94	158	46	110	174	1987	2044	2136	1984	1966	1976	1972	2106	1990	2017	2061	2022
304998	62	126	14	78	142	30	94	158	46	110	174	2014	2026	2143	2014	1998	1980	2012	2077	1989	2017	2031	2017
304998	62	126	14	78	142	30	94	158	46	110	174	2031	2004	2145	2050	2035	1971	2044	2038	1984	2017	2005	2009
304998	62	126	14	78	142	30	94	158	46	110	174	2055	1993	2140	2068	2038	1981	2079	2028	1987	2020	1991	1999
304998	62	126	14	78	142	30	94	158	46	110	174	2025	2001	2150	2047	2016	1969	2030	2049	1995	2021	2016	2003
304998	62	126	14	78	142	30	94	158	46	110	174	2009	2036	2129	2003	1977	1971	2016	2101	1984	2022	2047	2032
304998	62	126	14	78	142	30	94	158	46	110	174	1989	2051	2139	1982	1958	1973	1990	2112	1986	2019	2061	2031
304998	62	126	14	78	142	30	94	158	46	110	174	1993	2044	2125	1992	1975	1970	1984	2091	1979	2018	2046	2015
304998	62	126	14	78	142	30	94	158	46	110	174	2034	2011	2132	2034	2005	1980	2030	2052	1991	2022	2014	2005
304998	62	126	14	78	142	30	94	158	46	110	174	2040	1977	2166	2061	2042	1974	2051	2028	1991	2017	2003	1999
304998	62	126	14	78	142	30	94	158	46	110	174	2048	1996	2152	2061	2038	1973	2058	2039	1984	2020	2002	2008
304998	62	126	14	78	142	30	94	158	46	110	174	2027	2019	2154	2033	1996	1973	2017	2067	1982	2018	2030	2018
304998	62	126	14	78	142	30	94	158	46	110	174	1998	2051	2120	1989	1963	1967	1985	2099	1984	2022	2050	2023
304998	62	126	14	78	142	30	94	158	46	110	174	1989	2051	2117	1982	1953	1970	1967	2104	1993	2021	2063	2019
304998	62	126	14	78	142	30	94	158	46	110	174	2006	2021	2131	2008	1996	1969	1998	2077	1982	2022	2042	2018
304998	62	126	14	78	142	30	94	158	46	110	174	2042	2000	2151	2046	2032	1977	2056	2043	1982	2018	2007	2009
304998	62	126	14	78	142	30	94	158	46	110	174	2051	1994	2153	2065	2048	1974	2061	2027	1982	2021	1991	2001
304998	62	126	14	78	142	30	94	158	46	110	174	2042	2015	2139	2046	2020	1977	2045	2043	1997	2021	2008	2001
304998	62	126	14	78	142	30	94	158	46	110	174	2008	2031	2123	2013	1976	1973	1999	2088	1991	2021	2048	2018
304998	62	126	14	78	142	30	94	158	46	110	174	1992	2046	2120	1984	1956	1966	1972	2114	1987	2017	2061	2033
304998	62	126	14	78	142	30	94	158	46	110	174	1995	2037	2131	1985	1969	1977	1981	2096	1986	2018	2047	2024
304998	62	126	14	78	142	30	94	158	46	110	174	2018	2018	2144	2023	2012	1974	2022	2061	1988	2018	2016	2006
304998	62	126	14	78	142	30	94	158	46	110	174	2045	1999	2150	2058	2042	1973	2045	2027	1998	2018	2003	1999
304998	62	126	14	78	142	30	94	158	46	110	174	2057	1999	2137	2064	2032	1976	2069	2039	1987	2016	2005	2006
304998	62	126	14	78	142	30	94	158	46	110	174	2033	2012	2133	2031	2000	1972	2028	2066	1989	2017	2025	2016
304998	62	126	14	78	142	30	94	158	46	110	174	1999	2045	2126	1995	1965	1973	1985	2102	1986	2017	2048	2026
304998	62	126	14	78	142	30	94	158	46	110	174	1986	2051	2125	1980	1960	1979	1987	2106	1990	2018	2063	2020
304998	62	126	14	78	142	30	94	158	46	110	174	2003	2034	2141	1999	1983	1975	1988	2083	1994	2016	2041	2018
304998	62	126	14	78	142	30	94	158	46	110	174	2042	2005	2133	2045	2017	1975	2045	2050	1985	2022	2012	2009
304998	62	126	14	78	142	30	94	158	46	110	174	2052	1985	2154	2067	2043	1967	2060	2021	1982	2021	1995	2006
304998	62	126	14	78	142	30	94	158	46	110	174	2042	2002	2147	2054	2021	1975	2045	2040	1987	2017	2002	1998
304998	62	126	14	78	142	30	94	158	46	110	174	2012	2031	2133	2015	1990	1971	2001	2081	1993	2019	2044	2014
304998	62	126	14	78	142	30	94	158	46	110	174	1987	2052	2118	1981	1958	1974	1968	2111	1987	2020	2062	2032
304998	62	126	14	78	142	30	94	158	46	110	174	1994	2044	2121	1986	1964	1967	1985	2104	1982	2017	2050	2032
304998	62	126	14	78	142	30	94	158	46	110	174	2016	2017	2137	2020	2009	1972	2012	2063	1983	2016	2022	2009
304998	62	126	14	78	142	30	94	158	46	110	174	2046	1994	2151	2056	2038	1976	2059	2028	1995	2022	1997	1995
304998	62	126	14	78	142	30	94	158	46	110	174	2048	1995	2152	2064	2040	1976	2054	2031	1990	2016	2000	2005
304998	62	126	14	78	142	30	94	158	46	110	174	2035	2018	2137	2034	2011	1974	2039	2059	1987	2022	2021	2021
304998	62	126	14	78	142	30	94	158	46	110	174	2003	2039	2119	2000	1963	1972	1984	2094	1981	2020	2047	2023
304998	62	126	14	78	142	30	94	158	46	110	174	1989	2046	2121	1979	1959	1965	1970	2106	1984	2016	2054	2023
304998	62	126	14	78	142	30	94	158	46	110	174	2004	2036	2136	1997	1981	1972	1984	2084	1999	2020	2046	2019
304998	62	126	14	78	142	30	94	158	46	110	174	2034	2012	2152	2040	2014	1982	2039	2052	1989	2020	2015	2010
304998	62	126	14	78	142	30	94	158	46	110	174	2048	1999	2153	2064	2048	1975	2060	2026	1985	2020	1991	1997
304998	62	126	14	78	142	30	94	158	46	110	174	2049	2004	2135	2053	2028	1972	2051	2043	1982	2022	2003	2001
304998	62	126	14	78	142	30	94	158	46	110	174	2016	2020	2133	2017	1996	1969	2009	2074	1994	2020	2039	2016
304998	62	126	14	78	142	30	94	158	46	110	174	1994	2046	2127	1981	1968	1972	1972	2109	1992	2021	2058	2029
304998	62	126	14	78	142	30	94	158	46	110	174	1987	2050	2128	1984	1960	1974	1989	2106	1990	2020	2054	2029
304998	62	126	14	78	142	30	94	158	46	110	174	2013	2023	2138	2014	1998	1976	2005	2073	1987	2020	2024	2015
304998	62	126	14	78	142	30	94	158	46	110	174	2049	1999	2142	2054	2031	1972	2046	2031	1983	2019	2001	1995
304998	62	126	14	78	142	30	94	158	46	110	174	2056	1991	2146	2066	2045	1973	2057	2021	1996	2021	1999	2000
304998	62	126	14	78	142	30	94	158	46	110	174	2039	2010	2144	2037	2019	1966	2036	2059	1987	2017	2019	2018
304998	62	126	14	78	142	30	94	158	46	110	174	2006	2041	2130	2002	1975	1967	1998	2095	1987	2017	2045	2031
304998	62	126	14	78	142	30	94	158	46	110	174	1989	2055	2120	1976	1955	1974	1982	2110	1982	2016	2058	2019
304998	62	126	14	78	142	30	94	158	46	110	174	1999	2036	2128	1994	1971	1975	1985	2087	1990	2020	2048	2019
304998	62	126	14	78	142	30	94	158	46	110	174	2033	2004	2143	2034	2018	1967	2025	2054	1991	2016	2017	2017
304998	62	126	14	78	142	30	94	158	46	110	174	2048	1989	2155	2064	2041	1975	2060	2025	1990	2018	1996	2009
304998	62	126	14	78	142	30	94	158	46	110	174	2047	1996	2149	2064	2032	1972	2052	2037	1987	2017	1998	2000
304998	62	126	14	78	142	30	94	158	46	110	174	2020	2032	2134	2019	1999	1971	2023	2075	1987	2016	2034	2012
304998	62	126	14	78	142	30	94	158	46	110	174	1998	2051	2113	1989	1947	1979	1987	2104	1994	2023	2061	2026
304998	62	126	14	78	142	30	94	158	46	110	174	1991	2045	2123	1985	1962	1967	1974	2111	1988	2020	2059	2034
304998	62	126	14	78	142	30	94	158	46	110	174	2009	2020	2139	2011	1999	1968	2006	2076	1990	2020	2028	2012
304998	62	126	14	78	142	30	94	158	46	110	174	2043	1999	2153	2055	2034	1975	2049	2039	1980	2017	2003	1995
304998	62	126	14	78	142	30	94	158	46	110	174	2051	1996	2153	2064	2046	1979	2056	2019	1993	2020	1999	1998
304998	62	126	14	78	142	30	94	158	46	110	174	2041	2014	2128	2045	2012	1975	2043	2051	1997	2022	2014	2013
304998	62	126	14	78	142	30	94	158	46	110	174	2013	2036	2123	2007	1982	1974	2006	2089	1982	2022	2045	2022
304998	62	126	14	78	142	30	94	158	46	110	174	1985	2045	2126	1979	1959	1967	1968	2108	1985	2022	2057	2025
304998	62	126	14	78	142	30	94	158	46	110	174	1994	2039	2139	1991	1974	1975	1993	2093	1987	2018	2051	2020
304998	62	126	14	78	142	30	94	158	46	110	174	2021	2016	2151	2027	2015	1975	2019	2054	1996	2021	2022	2013
304998	62	126	14	78	142	30	94	158	46	110	174	2048	1998	2148	2061	2039	1972	2052	2030	1991	2019	1997	2003
304998	62	126	14	78	142	30	94	158	46	110	174	2048	1992	2144	2062	2035	1973	2059	2033	1989	2017	1992	1998
304998	62	126	14	78	142	30	94	158	46	110	174	2024	2017	2139	2029	2004	1972	2024	2067	1985	2017	2030	2013
304998	62	126	14	78	142	30	94	158	46	110	174	1999	2049	2126	1997	1950	1984	1987	2103	1992	2017	2057	2028
304998	62	126	14	78	142	30	94	158	46	110	174	1986	2048	2127	1977	1963	1971	1971	2106	1993	2017	2058	2030
304998	62	126	14	78	142	30	94	158	46	110	174	2008	2033	2135	2004	1988	1971	1998	2079	1987	2017	2031	2016
304998	62	126	14	78	142	30	94	158	46	110	174	2043	2002	2144	2050	2025	1972	2043	2039	1982	2020	2003	1995
304998	62	126	14	78	142	30	94	158	46	110	174	2054	1987	2155	2064	2047	1966	2065	2022	1987	2020	1999	1995
304998	62	126	14	78	142	30	94	158	46	110	174	2043	2008	2146	2050	2019	1974	2041	2044	1993	2021	2015	2013
304998	62	126	14	78	142	30	94	158	46	110	174	2010	2036	2130	2006	1986	1972	2002	2089	1991	2021	2039	2027
304998	62	126	14	78	142	30	94	158	46	110	174	1992	2053	2113	1977	1953	1970	1982	2110	1982	2016	2059	2021
304998	62	126	14	78	142	30	94	158	46	110	174	1992	2039	2125	1983	1969	1967	1980	2100	1983	2022	2050	2018
304998	62	126	14	78	142	30	94	158	46	110	174	2019	2014	2144	2024	2008	1972	2022	2062	1991	2018	2029	2009
304998	62	126	14	78	142	30	94	158	46	110	174	2046	1994	2159	2061	2035	1976	2052	2031	1996	2022	1995	2007
304998	62	126	14	78	142	30	94	158	46	110	174	2048	1996	2155	2060	2037	1977	2055	2030	1987	2022	1997	2004
304998	62	126	14	78	142	30	94	158	46	110	174	2031	2021	2129	2032	2001	1979	2023	2058	1983	2018	2022	2004
304998	62	126	14	78	142	30	94	158	46	110	174	2001	2045	2116	1997	1966	1968	1983	2099	1985	2019	2058	2023
304998	62	126	14	78	142	30	94	158	46	110	174	1986	2047	2127	1982	1958	1966	1967	2106	1991	2020	2062	2037
304998	62	126	14	78	142	30	94	158	46	110	174	2005	2032	2137	2004	1977	1979	1996	2087	1992	2017	2034	2016
304998	62	126	14	78	142	30	94	158	46	110	174	2038	2010	2146	2044	2020	1972	2035	2046	1984	2021	2005	1997
304998	62	126	14	78	142	30	94	158	46	110	174	2048	1994	2148	2064	2043	1974	2061	2028	1987	2018	1997	1995
304998	62	126	14	78	142	30	94	158	46	110	174	2043	2001	2142	2059	2025	1968	2046	2039	1993	2020	2011	2011
304998	62	126	14	78	142	30	94	158	46	110	174	2018	2027	2126	2020	1985	1970	2016	2085	1983	2022	2036	2024
304998	62	126	14	78	142	30	94	158	46	110	174	1984	2040	2132	1981	1966	1973	1969	2107	1987	2017	2052	2028
304998	62	126	14	78	142	30	94	158	46	110	174	1996	2051	2132	1984	1968	1971	1996	2103	1986	2022	2056	2019
304998	62	126	14	78	142	30	94	158	46	110	174	2016	2025	2132	2016	2005	1972	2017	2069	1985	2022	2029	2014
304998	62	126	14	78	142	30	94	158	46	110	174	2052	1994	2140	2057	2028	1978	2057	2030	1995	2021	2001	2002
304998	62	126	14	78	142	30	94	158	46	110	174	2052	1987	2150	2066	2044	1969	2059	2029	1991	2018	1991	2002
304998	62	126	14	78	142	30	94	158	46	110	174	2033	2014	2139	2044	2011	1972	2042	2064	1984	2017	2017	2008
304998	62	126	14	78	142	30	94	158	46	110	174	2002	2042	2129	2000	1969	1973	1995	2101	1986	2018	2053	2019
304998	62	126	14	78	142	30	94	158	46	110	174	1991	2052	2114	1974	1959	1971	1975	2110	1988	2022	2061	2033
304998	62	126	14	78	142	30	94	158	46	110	174	2005	2031	2123	1996	1975	1970	1991	2091	1994	2020	2039	2020
304998	62	126	14	78	142	30	94	158	46	110	174	2035	2006	2140	2032	2020	1969	2050	2057	1991	2022	2008	2005
304998	62	126	14	78	142	30	94	158	46	110	174	2056	1994	2157	2066	2049	1970	2075	2031	1985	2020	1995	1986
304998	62	126	14	78	142	30	94	158	46	110	174	2046	2001	2147	2060	2025	1976	2048	2034	1981	2017	2008	2007
304998	62	126	14	78	142	30	94	158	46	110	174	2027	2034	2124	2017	1997	1973	2017	2077	1995	2016	2035	2030
304998	62	126	14	78	142	30	94	158	46	110	174	1994	2048	2116	1988	1955	1970	1970	2105	1988	2020	2053	2024
304998	62	126	14	78	142	30	94	158	46	110	174	1995	2047	2121	1981	1967	1970	1983	2112	1981	2017	2052	2016
304998	62	126	14	78	142	30	94	158	46	110	174	2016	2022	2143	2008	2000	1974	2016	2074	1982	2018	2034	2009
304998	62	126	14	78	142	30	94	158	46	110	174	2041	2002	2151	2051	2034	1979	2046	2029	1991	2017	2001	2009
304998	62	126	14	78	142	30	94	158	46	110	174	2052	1998	2145	2063	2047	1975	2061	2032	1993	2017	1991	2003
304998	62	126	14	78	142	30	94	158	46	110	174	2046	2007	2135	2041	2017	1972	2042	2059	1985	2018	2012	1999
304998	62	126	14	78	142	30	94	158	46	110	174	2011	2037	2126	2006	1970	1967	2008	2093	1984	2017	2051	2022
304998	62	126	14	78	142	30	94	158	46	110	174	1986	2048	2125	1978	1957	1972	1980	2109	1984	2019	2069	2034
