304998	62	126	14	78	142	30	94	158	46	110	174	2004	2036	2136	1997	1981	1972	1984	2084	1999	2020	2046	2019
304998	62	126	14	78	142	30	94	158	46	110	174	2034	2012	2152	2040	2014	1982	2039	2052	1989	2020	2015	2010
304998	62	126	14	78	142	30	94	158	46	110	174	2048	1999	2153	2064	2048	1975	2060	2026	1985	2020	1991	1997
304998	62	126	14	78	142	30	94	158	46	110	174	2049	2004	2135	2053	2028	1972	2051	2043	1982	2022	2003	2001
304998	62	126	14	78	142	30	94	158	46	110	174	2016	2020	2133	2017	1996	1969	2009	2074	1994	2020	2039	2016
304998	62	126	14	78	142	30	94	158	46	110	174	1994	2046	2127	1981	1968	1972	1972	2109	1992	2021	2058	2029
304998	62	126	14	78	142	30	94	158	46	110	174	1987	2050	2128	1984	1960	1974	1989	2106	1990	2020	2054	2029
304998	62	126	14	78	142	30	94	158	46	110	174	2013	2023	2138	2014	1998	1976	2005	2073	1987	2020	2024	2015
304998	62	126	14	78	142	30	94	158	46	110	174	2049	1999	2142	2054	2031	1972	2046	2031	1983	2019	2001	1995
304998	62	126	14	78	142	30	94	158	46	110	174	2056	1991	2146	2066	2045	1973	2057	2021	1996	2021	1999	2000
304998	62	126	14	78	142	30	94	158	46	110	174	2039	2010	2144	2037	2019	1966	2036	2059	1987	2017	2019	2018
304998	62	126	14	78	142	30	94	158	46	110	174	2006	2041	2130	2002	1975	1967	1998	2095	1987	2017	2045	2031
304998	62	126	14	78	142	30	94	158	46	110	174	1989	2055	2120	1976	1955	1974	1982	2110	1982	2016	2058	2019
304998	62	126	14	78	142	30	94	158	46	110	174	1999	2036	2128	1994	1971	1975	1985	2087	1990	2020	2048	2019
304998	62	126	14	78	142	30	94	158	46	110	174	2033	2004	2143	2034	2018	1967	2025	2054	1991	2016	2017	2017
304998	62	126	14	78	142	30	94	158	46	110	174	2048	1989	2155	2064	2041	1975	2060	2025	1990	2018	1996	2009
304998	62	126	14	78	142	30	94	158	46	110	174	2047	1996	2149	2064	2032	1972	2052	2037	1987	2017	1998	2000
304998	62	126	14	78	142	30	94	158	46	110	174	2020	2032	2134	2019	1999	1971	2023	2075	1987	2016	2034	2012
304998	62	126	14	78	142	30	94	158	46	110	174	1998	2051	2113	1989	1947	1979	1987	2104	1994	2023	2061	2026
304998	62	126	14	78	142	30	94	158	46	110	174	1991	2045	2123	1985	1962	1967	1974	2111	1988	2020	2059	2034
304998	62	126	14	78	142	30	94	158	46	110	174	2009	2020	2139	2011	1999	1968	2006	2076	1990	2020	2028	2012
304998	62	126	14	78	142	30	94	158	46	110	174	2043	1999	2153	2055	2034	1975	2049	2039	1980	2017	2003	1995
304998	62	126	14	78	142	30	94	158	46	110	174	2051	1996	2153	2064	2046	1979	2056	2019	1993	2020	1999	1998
304998	62	126	14	78	142	30	94	158	46	110	174	2041	2014	2128	2045	2012	1975	2043	2051	1997	2022	2014	2013
304998	62	126	14	78	142	30	94	158	46	110	174	2013	2036	2123	2007	1982	1974	2006	2089	1982	2022	2045	2022
304998	62	126	14	78	142	30	94	158	46	110	174	1985	2045	2126	1979	1959	1967	1968	2108	1985	2022	2057	2025
304998	62	126	14	78	142	30	94	158	46	110	174	1994	2039	2139	1991	1974	1975	1993	2093	1987	2018	2051	2020
304998	62	126	14	78	142	30	94	158	46	110	174	2021	2016	2151	2027	2015	1975	2019	2054	1996	2021	2022	2013
304998	62	126	14	78	142	30	94	158	46	110	174	2048	1998	2148	2061	2039	1972	2052	2030	1991	2019	1997	2003
304998	62	126	14	78	142	30	94	158	46	110	174	2048	1992	2144	2062	2035	1973	2059	2033	1989	2017	1992	1998
304998	62	126	14	78	142	30	94	158	46	110	174	2024	2017	2139	2029	2004	1972	2024	2067	1985	2017	2030	2013
304998	62	126	14	78	142	30	94	158	46	110	174	1999	2049	2126	1997	1950	1984	1987	2103	1992	2017	2057	2028
304998	62	126	14	78	142	30	94	158	46	110	174	1986	2048	2127	1977	1963	1971	1971	2106	1993	2017	2058	2030
304998	62	126	14	78	142	30	94	158	46	110	174	2008	2033	2135	2004	1988	1971	1998	2079	1987	2017	2031	2016
304998	62	126	14	78	142	30	94	158	46	110	174	2043	2002	2144	2050	2025	1972	2043	2039	1982	2020	2003	1995
304998	62	126	14	78	142	30	94	158	46	110	174	2054	1987	2155	2064	2047	1966	2065	2022	1987	2020	1999	1995
304998	62	126	14	78	142	30	94	158	46	110	174	2043	2008	2146	2050	2019	1974	2041	2044	1993	2021	2015	2013
304998	62	126	14	78	142	30	94	158	46	110	174	2010	2036	2130	2006	1986	1972	2002	2089	1991	2021	2039	2027
304998	62	126	14	78	142	30	94	158	46	110	174	1992	2053	2113	1977	1953	1970	1982	2110	1982	2016	2059	2021
304998	62	126	14	78	142	30	94	158	46	110	174	1992	2039	2125	1983	1969	1967	1980	2100	1983	2022	2050	2018
304998	62	126	14	78	142	30	94	158	46	110	174	2019	2014	2144	2024	2008	1972	2022	2062	1991	2018	2029	2009
304998	62	126	14	78	142	30	94	158	46	110	174	2046	1994	2159	2061	2035	1976	2052	2031	1996	2022	1995	2007
304998	62	126	14	78	142	30	94	158	46	110	174	2048	1996	2155	2060	2037	1977	2055	2030	1987	2022	1997	2004
304998	62	126	14	78	142	30	94	158	46	110	174	2031	2021	2129	2032	2001	1979	2023	2058	1983	2018	2022	2004
304998	62	126	14	78	142	30	94	158	46	110	174	2001	2045	2116	1997	1966	1968	1983	2099	1985	2019	2058	2023
304998	62	126	14	78	142	30	94	158	46	110	174	1986	2047	2127	1982	1958	1966	1967	2106	1991	2020	2062	2037
304998	62	126	14	78	142	30	94	158	46	110	174	2005	2032	2137	2004	1977	1979	1996	2087	1992	2017	2034	2016
304998	62	126	14	78	142	30	94	158	46	110	174	2038	2010	2146	2044	2020	1972	2035	2046	1984	2021	2005	1997
304998	62	126	14	78	142	30	94	158	46	110	174	2048	1994	2148	2064	2043	1974	2061	2028	1987	2018	1997	1995
304998	62	126	14	78	142	30	94	158	46	110	174	2043	2001	2142	2059	2025	1968	2046	2039	1993	2020	2011	2011
304998	62	126	14	78	142	30	94	158	46	110	174	2018	2027	2126	2020	1985	1970	2016	2085	1983	2022	2036	2024
304998	62	126	14	78	142	30	94	158	46	110	174	1984	2040	2132	1981	1966	1973	1969	2107	1987	2017	2052	2028
304998	62	126	14	78	142	30	94	158	46	110	174	1996	2051	2132	1984	1968	1971	1996	2103	1986	2022	2056	2019
304998	62	126	14	78	142	30	94	158	46	110	174	2016	2025	2132	2016	2005	1972	2017	2069	1985	2022	2029	2014
304998	62	126	14	78	142	30	94	158	46	110	174	2052	1994	2140	2057	2028	1978	2057	2030	1995	2021	2001	2002
304998	62	126	14	78	142	30	94	158	46	110	174	2052	1987	2150	2066	2044	1969	2059	2029	1991	2018	1991	2002
304998	62	126	14	78	142	30	94	158	46	110	174	2033	2014	2139	2044	2011	1972	2042	2064	1984	2017	2017	2008
304998	62	126	14	78	142	30	94	158	46	110	174	2002	2042	2129	2000	1969	1973	1995	2101	1986	2018	2053	2019
304998	62	126	14	78	142	30	94	158	46	110	174	1991	2052	2114	1974	1959	1971	1975	2110	1988	2022	2061	2033
304998	62	126	14	78	142	30	94	158	46	110	174	2005	2031	2123	1996	1975	1970	1991	2091	1994	2020	2039	2020
304998	62	126	14	78	142	30	94	158	46	110	174	2035	2006	2140	2032	2020	1969	2050	2057	1991	2022	2008	2005
304998	62	126	14	78	142	30	94	158	46	110	174	2056	1994	2157	2066	2049	1970	2075	2031	1985	2020	1995	1986
304998	62	126	14	78	142	30	94	158	46	110	174	2046	2001	2147	2060	2025	1976	2048	2034	1981	2017	2008	2007
304998	62	126	14	78	142	30	94	158	46	110	174	2027	2034	2124	2017	1997	1973	2017	2077	1995	2016	2035	2030
304998	62	126	14	78	142	30	94	158	46	110	174	1994	2048	2116	1988	1955	1970	1970	2105	1988	2020	2053	2024
304998	62	126	14	78	142	30	94	158	46	110	174	1995	2047	2121	1981	1967	1970	1983	2112	1981	2017	2052	2016
304998	62	126	14	78	142	30	94	158	46	110	174	2016	2022	2143	2008	2000	1974	2016	2074	1982	2018	2034	2009
304998	62	126	14	78	142	30	94	158	46	110	174	2041	2002	2151	2051	2034	1979	2046	2029	1991	2017	2001	2009
304998	62	126	14	78	142	30	94	158	46	110	174	2052	1998	2145	2063	2047	1975	2061	2032	1993	2017	1991	2003
304998	62	126	14	78	142	30	94	158	46	110	174	2046	2007	2135	2041	2017	1972	2042	2059	1985	2018	2012	1999
304998	62	126	14	78	142	30	94	158	46	110	174	2011	2037	2126	2006	1970	1967	2008	2093	1984	2017	2051	2022
304998	62	126	14	78	142	30	94	158	46	110	174	1986	2048	2125	1978	1957	1972	1980	2109	1984	2019	2069	2034
304998	62	126	14	78	142	30	94	158	46	110	174	1992	2039	2136	1991	1976	1972	1985	2090	1993	2017	2047	2024
304998	62	126	14	78	142	30	94	158	46	110	174	2024	2014	2145	2032	2015	1975	2024	2057	1987	2020	2011	2002
304998	62	126	14	78	142	30	94	158	46	110	174	2058	1996	2140	2061	2044	1971	2078	2030	1985	2020	1996	1993
304998	62	126	14	78	142	30	94	158	46	110	174	2048	1998	2143	2060	2041	1969	2070	2038	1988	2017	2005	2006
304998	62	126	14	78	142	30	94	158	46	110	174	2023	2021	2140	2023	1994	1968	2021	2066	1985	2019	2031	2021
304998	62	126	14	78	142	30	94	158	46	110	174	1993	2042	2130	1989	1964	1974	1974	2107	1991	2021	2051	2022
304998	62	126	14	78	142	30	94	158	46	110	174	1984	2048	2126	1982	1959	1973	1966	2105	1986	2022	2057	2019
304998	62	126	14	78	142	30	94	158	46	110	174	2002	2020	2141	2016	1978	1977	1997	2075	1985	2020	2039	2015
304998	62	126	14	78	142	30	94	158	46	110	174	2037	1993	2149	2050	2028	1974	2035	2037	1990	2020	2007	2008
304998	62	126	14	78	142	30	94	158	46	110	174	2061	1988	2153	2068	2047	1972	2059	2025	1998	2016	1993	2002
304998	62	126	14	78	142	30	94	158	46	110	174	2040	2007	2147	2050	2015	1978	2044	2051	1984	2022	2008	2004
304998	62	126	14	78	142	30	94	158	46	110	174	2010	2039	2123	2003	1985	1971	2006	2089	1983	2017	2047	2019
304998	62	126	14	78	142	30	94	158	46	110	174	1993	2048	2120	1977	1956	1974	1983	2116	1983	2017	2065	2033
304998	62	126	14	78	142	30	94	158	46	110	174	1999	2039	2123	1992	1971	1970	1977	2095	1991	2022	2049	2024
304998	62	126	14	78	142	30	94	158	46	110	174	2025	2012	2150	2026	2016	1967	2021	2058	1991	2017	2015	2012
304998	62	126	14	78	142	30	94	158	46	110	174	2048	1991	2155	2067	2030	1982	2052	2029	1989	2021	1993	1993
304998	62	126	14	78	142	30	94	158	46	110	174	2056	2002	2146	2062	2044	1973	2066	2033	1986	2019	1999	2003
304998	62	126	14	78	142	30	94	158	46	110	174	2032	2019	2126	2027	2004	1974	2030	2060	1984	2021	2023	2020
304998	62	126	14	78	142	30	94	158	46	110	174	1998	2039	2124	1992	1966	1968	1983	2100	1991	2021	2050	2031
304998	62	126	14	78	142	30	94	158	46	110	174	1989	2046	2127	1979	1961	1969	1981	2113	1987	2019	2055	2022
304998	62	126	14	78	142	30	94	158	46	110	174	2008	2037	2139	2003	1993	1969	2009	2083	1984	2020	2039	2012
304998	62	126	14	78	142	30	94	158	46	110	174	2037	2008	2142	2041	2033	1974	2038	2039	1983	2021	2008	2008
304998	62	126	14	78	142	30	94	158	46	110	174	2059	1996	2147	2067	2045	1977	2066	2023	1995	2017	1992	2005
304998	62	126	14	78	142	30	94	158	46	110	174	2041	1998	2148	2055	2023	1971	2041	2045	1989	2021	2006	2002
304998	62	126	14	78	142	30	94	158	46	110	174	2011	2028	2142	2014	1984	1970	2003	2080	1984	2018	2041	2016
304998	62	126	14	78	142	30	94	158	46	110	174	1987	2050	2129	1983	1963	1974	1968	2104	1981	2022	2065	2029
304998	62	126	14	78	142	30	94	158	46	110	174	1984	2047	2123	1985	1969	1970	1974	2093	1989	2022	2053	2032
304998	62	126	14	78	142	30	94	158	46	110	174	2022	2019	2139	2020	2001	1975	2009	2060	1992	2018	2020	2008
304998	62	126	14	78	142	30	94	158	46	110	174	2045	1983	2155	2063	2032	1983	2049	2027	1990	2017	1996	1992
304998	62	126	14	78	142	30	94	158	46	110	174	2057	1993	2150	2066	2046	1970	2064	2029	1984	2022	2002	2006
304998	62	126	14	78	142	30	94	158	46	110	174	2030	2014	2149	2037	1998	1980	2026	2058	1990	2016	2023	2022
304998	62	126	14	78	142	30	94	158	46	110	174	1996	2044	2119	1995	1972	1970	1986	2096	1993	2020	2050	2026
304998	62	126	14	78	142	30	94	158	46	110	174	1990	2049	2118	1982	1954	1971	1968	2114	1987	2018	2054	2023
304998	62	126	14	78	142	30	94	158	46	110	174	2005	2028	2127	2003	1974	1980	1995	2085	1982	2020	2041	2014
304998	62	126	14	78	142	30	94	158	46	110	174	2028	2000	2152	2038	2025	1971	2032	2045	1986	2020	2015	2010
304998	62	126	14	78	142	30	94	158	46	110	174	2053	1993	2159	2067	2045	1974	2070	2022	1993	2018	1995	2002
304998	62	126	14	78	142	30	94	158	46	110	174	2040	2005	2148	2058	2032	1972	2052	2037	1995	2016	2002	2008
304998	62	126	14	78	142	30	94	158	46	110	174	2020	2027	2119	2015	1985	1974	2009	2082	1982	2016	2036	2013
304998	62	126	14	78	142	30	94	158	46	110	174	1994	2044	2119	1983	1959	1970	1981	2107	1979	2021	2065	2025
304998	62	126	14	78	142	30	94	158	46	110	174	1991	2043	2128	1979	1967	1963	1978	2100	1988	2018	2056	2031
304998	62	126	14	78	142	30	94	158	46	110	174	2016	2016	2159	2017	1999	1971	2007	2063	1994	2021	2024	2013
304998	62	126	14	78	142	30	94	158	46	110	174	2036	1996	2157	2059	2032	1985	2044	2036	1986	2021	1998	1990
304998	62	126	14	78	142	30	94	158	46	110	174	2049	1993	2150	2072	2033	1979	2060	2025	1986	2019	1995	1998
304998	62	126	14	78	142	30	94	158	46	110	174	2033	2008	2143	2043	2008	1977	2034	2051	1987	2016	2019	2011
304998	62	126	14	78	142	30	94	158	46	110	174	2000	2036	2131	2003	1968	1971	1994	2092	1987	2019	2050	2027
304998	62	126	14	78	142	30	94	158	46	110	174	1985	2049	2126	1976	1955	1973	1971	2113	1993	2018	2057	2029
304998	62	126	14	78	142	30	94	158	46	110	174	2001	2042	2130	1997	1976	1975	1985	2094	1987	2016	2046	2011
304998	62	126	14	78	142	30	94	158	46	110	174	2038	2008	2140	2037	2021	1968	2040	2052	1983	2021	2015	2007
304998	62	126	14	78	142	30	94	158	46	110	174	2050	1981	2150	2067	2043	1974	2057	2020	1986	2020	1994	2005
304998	62	126	14	78	142	30	94	158	46	110	174	2045	2000	2150	2060	2037	1966	2059	2034	1992	2016	2001	2006
304998	62	126	14	78	142	30	94	158	46	110	174	2020	2026	2140	2028	1988	1974	2017	2076	1991	2016	2030	2013
304998	62	126	14	78	142	30	94	158	46	110	174	1992	2054	2117	1988	1965	1969	1983	2108	1987	2021	2056	2028
304998	62	126	14	78	142	30	94	158	46	110	174	1994	2050	2113	1978	1961	1975	1980	2106	1986	2017	2061	2028
304998	62	126	14	78	142	30	94	158	46	110	174	2010	2018	2136	2014	1996	1969	2002	2071	1986	2017	2029	2016
304998	62	126	14	78	142	30	94	158	46	110	174	2046	1999	2149	2051	2040	1969	2044	2038	1993	2020	1998	2007
304998	62	126	14	78	142	30	94	158	46	110	174	2055	1994	2151	2068	2042	1978	2061	2026	1989	2019	1996	1990
304998	62	126	14	78	142	30	94	158	46	110	174	2037	2017	2139	2044	2018	1971	2042	2049	1987	2019	2018	2006
304998	62	126	14	78	142	30	94	158	46	110	174	2011	2043	2121	1999	1981	1973	2016	2094	1987	2020	2047	2033
304998	62	126	14	78	142	30	94	158	46	110	174	1987	2049	2122	1977	1959	1969	1969	2106	1989	2021	2060	2033
304998	62	126	14	78	142	30	94	158	46	110	174	1995	2039	2130	1992	1973	1965	1988	2102	1990	2017	2041	2013
304998	62	126	14	78	142	30	94	158	46	110	174	2023	2009	2150	2031	2013	1974	2022	2057	1987	2018	2018	2001
304998	62	126	14	78	142	30	94	158	46	110	174	2052	1998	2148	2063	2047	1975	2061	2024	1985	2018	1999	2005
304998	62	126	14	78	142	30	94	158	46	110	174	2058	1999	2146	2056	2033	1975	2058	2030	1987	2020	2001	2003
304998	62	126	14	78	142	30	94	158	46	110	174	2019	2014	2134	2027	2000	1971	2014	2069	1992	2022	2024	2009
304998	62	126	14	78	142	30	94	158	46	110	174	1998	2045	2127	1988	1967	1969	1983	2111	1987	2016	2057	2024
304998	62	126	14	78	142	30	94	158	46	110	174	1985	2049	2130	1982	1956	1974	1965	2106	1987	2021	2062	2030
304998	62	126	14	78	142	30	94	158	46	110	174	2009	2034	2133	2004	1997	1969	2004	2077	1986	2016	2037	2018
304998	62	126	14	78	142	30	94	158	46	110	174	2042	2001	2147	2044	2029	1975	2046	2035	1988	2020	2003	2004
304998	62	126	14	78	142	30	94	158	46	110	174	2053	1985	2155	2073	2040	1977	2059	2025	1991	2020	1990	1991
304998	62	126	14	78	142	30	94	158	46	110	174	2040	2008	2146	2048	2028	1968	2068	2052	1983	2022	2015	2005
304998	62	126	14	78	142	30	94	158	46	110	174	2009	2038	2135	2011	1977	1977	2003	2087	1985	2017	2044	2029
304998	62	126	14	78	142	30	94	158	46	110	174	1986	2056	2112	1981	1954	1970	1972	2106	1982	2020	2059	2038
304998	62	126	14	78	142	30	94	158	46	110	174	1998	2046	2122	1985	1963	1978	1999	2094	1995	2021	2043	2020
304998	62	126	14	78	142	30	94	158	46	110	174	2021	2012	2145	2031	1996	1981	2014	2063	1984	2020	2023	2001
304998	62	126	14	78	142	30	94	158	46	110	174	2049	1994	2154	2058	2047	1969	2062	2031	1987	2018	2003	2009
304998	62	126	14	78	142	30	94	158	46	110	174	2055	2000	2151	2065	2040	1973	2063	2025	1981	2018	1997	2006
304998	62	126	14	78	142	30	94	158	46	110	174	2028	2022	2126	2032	2008	1970	2023	2062	1985	2017	2020	2012
304998	62	126	14	78	142	30	94	158	46	110	174	2003	2044	2113	1990	1960	1974	1990	2105	1991	2022	2048	2022
304998	62	126	14	78	142	30	94	158	46	110	174	1984	2046	2129	1979	1954	1970	1969	2112	1987	2019	2062	2023
304998	62	126	14	78	142	30	94	158	46	110	174	2005	2034	2139	2001	1988	1966	2010	2087	1986	2016	2040	2017
304998	62	126	14	78	142	30	94	158	46	110	174	2036	2006	2153	2043	2028	1973	2051	2046	1988	2016	2008	2007
304998	62	126	14	78	142	30	94	158	46	110	174	2051	1997	2144	2069	2050	1972	2056	2024	1996	2017	1991	1997
304998	62	126	14	78	142	30	94	158	46	110	174	2051	2006	2132	2052	2027	1973	2058	2052	1982	2017	2014	2000
304998	62	126	14	78	142	30	94	158	46	110	174	2015	2027	2132	2015	1990	1973	2008	2085	1982	2022	2043	2023
304998	62	126	14	78	142	30	94	158	46	110	174	1995	2048	2125	1977	1961	1969	1979	2113	1985	2020	2061	2040
304998	62	126	14	78	142	30	94	158	46	110	174	1992	2045	2137	1982	1966	1969	1978	2096	1992	2019	2048	2023
304998	62	126	14	78	142	30	94	158	46	110	174	2019	2024	2141	2019	2007	1974	2007	2067	1985	2021	2022	2001
304998	62	126	14	78	142	30	94	158	46	110	174	2051	1997	2142	2056	2041	1974	2057	2037	1986	2017	2002	1999
