304998	62	126	14	78	142	30	94	158	46	110	174	2036	2006	2153	2043	2028	1973	2051	2046	1988	2016	2008	2007
304998	62	126	14	78	142	30	94	158	46	110	174	2051	1997	2144	2069	2050	1972	2056	2024	1996	2017	1991	1997
304998	62	126	14	78	142	30	94	158	46	110	174	2051	2006	2132	2052	2027	1973	2058	2052	1982	2017	2014	2000
304998	62	126	14	78	142	30	94	158	46	110	174	2015	2027	2132	2015	1990	1973	2008	2085	1982	2022	2043	2023
304998	62	126	14	78	142	30	94	158	46	110	174	1995	2048	2125	1977	1961	1969	1979	2113	1985	2020	2061	2040
304998	62	126	14	78	142	30	94	158	46	110	174	1992	2045	2137	1982	1966	1969	1978	2096	1992	2019	2048	2023
304998	62	126	14	78	142	30	94	158	46	110	174	2019	2024	2141	2019	2007	1974	2007	2067	1985	2021	2022	2001
304998	62	126	14	78	142	30	94	158	46	110	174	2051	1997	2142	2056	2041	1974	2057	2037	1986	2017	2002	1999
304998	62	126	14	78	142	30	94	158	46	110	174	2052	1985	2156	2066	2038	1974	2064	2031	1981	2018	1996	2004
304998	62	126	14	78	142	30	94	158	46	110	174	2031	2012	2140	2037	2013	1965	2034	2055	1987	2020	2019	2014
304998	62	126	14	78	142	30	94	158	46	110	174	2002	2041	2128	1995	1971	1971	1998	2106	1993	2019	2044	2020
304998	62	126	14	78	142	30	94	158	46	110	174	1983	2056	2119	1977	1963	1972	1983	2120	1984	2018	2064	2028
304998	62	126	14	78	142	30	94	158	46	110	174	2006	2036	2124	1996	1986	1970	2014	2094	1983	2018	2047	2021
304998	62	126	14	78	142	30	94	158	46	110	174	2029	1998	2151	2039	2021	1974	2029	2044	1988	2016	2010	2007
304998	62	126	14	78	142	30	94	158	46	110	174	2049	1992	2154	2069	2048	1969	2058	2016	1991	2017	1988	1997
304998	62	126	14	78	142	30	94	158	46	110	174	2045	1999	2154	2060	2032	1971	2049	2041	1986	2022	2004	1996
304998	62	126	14	78	142	30	94	158	46	110	174	2013	2029	2140	2019	1985	1970	2011	2083	1983	2022	2037	2016
304998	62	126	14	78	142	30	94	158	46	110	174	1998	2049	2112	1986	1962	1969	1979	2112	1982	2020	2060	2036
304998	62	126	14	78	142	30	94	158	46	110	174	1993	2042	2126	1979	1960	1969	1971	2102	1986	2020	2050	2030
304998	62	126	14	78	142	30	94	158	46	110	174	2017	2021	2140	2013	1998	1971	2011	2068	1993	2016	2024	2001
304998	62	126	14	78	142	30	94	158	46	110	174	2045	1998	2156	2058	2043	1968	2053	2040	1985	2018	2006	2000
304998	62	126	14	78	142	30	94	158	46	110	174	2054	1995	2153	2069	2048	1967	2065	2027	1983	2021	1995	2006
304998	62	126	14	78	142	30	94	158	46	110	174	2042	2013	2129	2041	2020	1972	2054	2056	1986	2022	2012	2014
304998	62	126	14	78	142	30	94	158	46	110	174	2008	2039	2125	1996	1972	1975	2007	2100	1990	2017	2041	2023
304998	62	126	14	78	142	30	94	158	46	110	174	1989	2052	2123	1973	1954	1971	1968	2118	1985	2020	2059	2026
304998	62	126	14	78	142	30	94	158	46	110	174	2003	2045	2131	1995	1976	1971	1992	2097	1984	2020	2048	2021
304998	62	126	14	78	142	30	94	158	46	110	174	2028	2012	2149	2032	2019	1974	2026	2048	1986	2022	2014	2008
304998	62	126	14	78	142	30	94	158	46	110	174	2061	1994	2144	2062	2050	1973	2059	2021	1988	2017	1988	2003
304998	62	126	14	78	142	30	94	158	46	110	174	2058	1996	2145	2063	2032	1977	2056	2042	1991	2016	1997	1997
304998	62	126	14	78	142	30	94	158	46	110	174	2021	2021	2137	2020	1995	1970	2031	2078	1987	2021	2031	2016
304998	62	126	14	78	142	30	94	158	46	110	174	1992	2051	2125	1984	1954	1970	1993	2112	1985	2017	2059	2032
304998	62	126	14	78	142	30	94	158	46	110	174	1990	2058	2121	1978	1963	1965	1972	2105	1984	2016	2055	2036
304998	62	126	14	78	142	30	94	158	46	110	174	2018	2030	2126	2007	1998	1978	2009	2081	1993	2017	2027	2013
304998	62	126	14	78	142	30	94	158	46	110	174	2047	1997	2148	2048	2036	1973	2052	2042	1984	2020	2005	1993
304998	62	126	14	78	142	30	94	158	46	110	174	2062	1991	2156	2071	2047	1971	2068	2022	1980	2021	1995	2003
304998	62	126	14	78	142	30	94	158	46	110	174	2039	2015	2146	2051	2016	1974	2045	2046	1982	2018	2013	2014
304998	62	126	14	78	142	30	94	158	46	110	174	2011	2044	2121	2003	1975	1968	1999	2089	1994	2020	2042	2021
304998	62	126	14	78	142	30	94	158	46	110	174	1993	2058	2115	1972	1962	1970	1971	2115	1986	2022	2057	2022
304998	62	126	14	78	142	30	94	158	46	110	174	2001	2037	2125	1986	1974	1973	1986	2100	1987	2021	2054	2021
304998	62	126	14	78	142	30	94	158	46	110	174	2026	2012	2144	2021	2016	1970	2022	2059	1985	2021	2017	2015
304998	62	126	14	78	142	30	94	158	46	110	174	2053	1994	2157	2061	2048	1971	2060	2018	1989	2022	1991	1999
304998	62	126	14	78	142	30	94	158	46	110	174	2054	2001	2151	2067	2038	1970	2073	2038	1988	2020	1994	1998
304998	62	126	14	78	142	30	94	158	46	110	174	2027	2023	2132	2027	2005	1969	2022	2075	1986	2016	2028	2013
304998	62	126	14	78	142	30	94	158	46	110	174	2002	2045	2116	1991	1959	1974	1987	2107	1981	2020	2061	2032
304998	62	126	14	78	142	30	94	158	46	110	174	1989	2048	2126	1970	1960	1973	1979	2113	1988	2019	2055	2029
304998	62	126	14	78	142	30	94	158	46	110	174	2007	2031	2137	2000	1993	1968	1996	2077	1990	2018	2028	2014
304998	62	126	14	78	142	30	94	158	46	110	174	2040	2004	2155	2050	2028	1970	2044	2045	1987	2016	2006	1995
304998	62	126	14	78	142	30	94	158	46	110	174	2054	1992	2150	2071	2051	1969	2060	2020	1986	2021	1997	1997
304998	62	126	14	78	142	30	94	158	46	110	174	2047	2005	2139	2057	2017	1979	2051	2041	1985	2017	2007	2013
304998	62	126	14	78	142	30	94	158	46	110	174	2011	2027	2128	2007	1985	1971	2005	2081	1985	2017	2035	2026
304998	62	126	14	78	142	30	94	158	46	110	174	1987	2049	2127	1975	1953	1968	1973	2112	1991	2021	2058	2022
304998	62	126	14	78	142	30	94	158	46	110	174	1993	2049	2130	1984	1972	1966	1982	2105	1990	2022	2058	2020
304998	62	126	14	78	142	30	94	158	46	110	174	2028	2021	2133	2019	2012	1969	2021	2064	1982	2022	2022	2016
304998	62	126	14	78	142	30	94	158	46	110	174	2057	1992	2144	2066	2037	1977	2055	2025	1982	2020	1990	2001
304998	62	126	14	78	142	30	94	158	46	110	174	2056	1991	2150	2069	2043	1974	2065	2025	1994	2020	1995	1999
304998	62	126	14	78	142	30	94	158	46	110	174	2033	2017	2139	2031	2003	1973	2025	2063	1986	2016	2021	2007
304998	62	126	14	78	142	30	94	158	46	110	174	2002	2046	2124	1994	1960	1973	1984	2103	1987	2017	2054	2028
304998	62	126	14	78	142	30	94	158	46	110	174	1988	2057	2118	1972	1954	1963	1978	2114	1981	2021	2058	2041
304998	62	126	14	78	142	30	94	158	46	110	174	2006	2034	2129	1997	1985	1970	1994	2085	1993	2016	2032	2018
304998	62	126	14	78	142	30	94	158	46	110	174	2042	2003	2149	2044	2026	1972	2046	2046	1989	2017	2010	1995
304998	62	126	14	78	142	30	94	158	46	110	174	2053	1987	2158	2071	2043	1976	2056	2022	1987	2020	1997	1997
304998	62	126	14	78	142	30	94	158	46	110	174	2045	2006	2151	2067	2012	1979	2053	2036	1987	2018	2005	2011
304998	62	126	14	78	142	30	94	158	46	110	174	2011	2038	2126	2018	1989	1968	2016	2076	1985	2016	2032	2023
304998	62	126	14	78	142	30	94	158	46	110	174	1993	2053	2112	1979	1960	1971	1973	2112	1987	2022	2057	2019
304998	62	126	14	78	142	30	94	158	46	110	174	1994	2046	2120	1984	1964	1969	1973	2111	1987	2017	2060	2024
304998	62	126	14	78	142	30	94	158	46	110	174	2021	2020	2140	2016	2008	1971	2023	2070	1986	2022	2026	2019
304998	62	126	14	78	142	30	94	158	46	110	174	2046	1994	2155	2062	2027	1981	2057	2025	1982	2021	1993	2007
304998	62	126	14	78	142	30	94	158	46	110	174	2054	1997	2148	2069	2044	1974	2068	2024	1994	2016	1989	1997
304998	62	126	14	78	142	30	94	158	46	110	174	2037	2016	2133	2037	2016	1967	2048	2066	1994	2019	2017	2007
304998	62	126	14	78	142	30	94	158	46	110	174	2004	2041	2121	1996	1970	1969	1993	2098	1981	2023	2053	2028
304998	62	126	14	78	142	30	94	158	46	110	174	1986	2050	2125	1971	1955	1972	1975	2115	1985	2021	2056	2034
304998	62	126	14	78	142	30	94	158	46	110	174	1994	2035	2143	1991	1978	1971	1984	2084	1990	2022	2036	2018
304998	62	126	14	78	142	30	94	158	46	110	174	2037	2014	2148	2038	2017	1971	2035	2048	1995	2021	2009	1996
304998	62	126	14	78	142	30	94	158	46	110	174	2057	1997	2147	2071	2051	1972	2065	2023	1988	2019	1997	1996
304998	62	126	14	78	142	30	94	158	46	110	174	2051	1999	2138	2061	2026	1987	2055	2032	1986	2018	2002	2009
304998	62	126	14	78	142	30	94	158	46	110	174	2012	2016	2143	2018	1995	1971	2015	2074	1989	2020	2031	2022
304998	62	126	14	78	142	30	94	158	46	110	174	1993	2049	2129	1982	1958	1966	1980	2108	1997	2017	2051	2025
304998	62	126	14	78	142	30	94	158	46	110	174	1983	2051	2127	1977	1961	1966	1981	2113	1984	2019	2063	2022
304998	62	126	14	78	142	30	94	158	46	110	174	2017	2027	2132	2010	2001	1970	2012	2076	1979	2017	2031	2016
304998	62	126	14	78	142	30	94	158	46	110	174	2051	1997	2140	2059	2032	1980	2052	2034	1982	2018	1999	2006
304998	62	126	14	78	142	30	94	158	46	110	174	2055	1985	2150	2065	2051	1975	2073	2016	1994	2022	1988	2000
304998	62	126	14	78	142	30	94	158	46	110	174	2035	2008	2151	2044	2016	1972	2044	2052	1986	2021	2016	2002
304998	62	126	14	78	142	30	94	158	46	110	174	2001	2039	2129	2002	1969	1972	1993	2091	1983	2021	2050	2025
304998	62	126	14	78	142	30	94	158	46	110	174	1984	2057	2119	1975	1961	1967	1971	2115	1983	2019	2063	2038
304998	62	126	14	78	142	30	94	158	46	110	174	1998	2045	2121	1995	1969	1972	1983	2090	1992	2019	2044	2025
304998	62	126	14	78	142	30	94	158	46	110	174	2031	2004	2143	2036	2014	1976	2022	2049	1996	2018	2012	2000
304998	62	126	14	78	142	30	94	158	46	110	174	2048	1982	2158	2067	2050	1978	2057	2023	1989	2022	1995	1994
304998	62	126	14	78	142	30	94	158	46	110	174	2050	1996	2150	2064	2035	1981	2056	2031	1983	2017	2004	2004
304998	62	126	14	78	142	30	94	158	46	110	174	2024	2024	2140	2031	2002	1965	2018	2067	1988	2021	2028	2022
304998	62	126	14	78	142	30	94	158	46	110	174	1993	2045	2119	1981	1966	1968	1977	2106	1994	2019	2054	2032
304998	62	126	14	78	142	30	94	158	46	110	174	1988	2046	2120	1979	1952	1972	1965	2116	1988	2020	2056	2019
304998	62	126	14	78	142	30	94	158	46	110	174	2007	2025	2142	2000	1993	1972	2004	2079	1988	2020	2040	2016
304998	62	126	14	78	142	30	94	158	46	110	174	2040	1998	2155	2048	2025	1979	2049	2036	1984	2021	2004	2009
304998	62	126	14	78	142	30	94	158	46	110	174	2059	1996	2153	2072	2048	1972	2064	2017	1991	2017	1990	2002
304998	62	126	14	78	142	30	94	158	46	110	174	2043	2008	2137	2054	2024	1967	2048	2047	1992	2016	2003	1997
304998	62	126	14	78	142	30	94	158	46	110	174	2015	2038	2121	2009	1975	1972	2009	2089	1984	2018	2047	2017
304998	62	126	14	78	142	30	94	158	46	110	174	1991	2049	2125	1971	1951	1973	1971	2113	1985	2022	2062	2036
304998	62	126	14	78	142	30	94	158	46	110	174	1998	2043	2132	1984	1957	1970	1975	2094	1989	2021	2048	2024
304998	62	126	14	78	142	30	94	158	46	110	174	2019	2018	2144	2027	2018	1967	2020	2051	1999	2022	2014	2009
304998	62	126	14	78	142	30	94	158	46	110	174	2052	1995	2147	2066	2050	1979	2053	2028	1987	2016	1998	1992
304998	62	126	14	78	142	30	94	158	46	110	174	2054	1992	2145	2071	2043	1977	2064	2030	1987	2019	2001	1999
304998	62	126	14	78	142	30	94	158	46	110	174	2031	2016	2139	2032	2007	1973	2040	2065	1984	2020	2022	2023
304998	62	126	14	78	142	30	94	158	46	110	174	1993	2044	2136	1991	1966	1965	1981	2100	1990	2021	2050	2031
304998	62	126	14	78	142	30	94	158	46	110	174	1986	2057	2124	1974	1948	1972	1975	2120	1991	2021	2056	2022
304998	62	126	14	78	142	30	94	158	46	110	174	2002	2034	2129	1997	1993	1968	1995	2082	1985	2020	2040	2014
304998	62	126	14	78	142	30	94	158	46	110	174	2038	1997	2145	2044	2033	1979	2039	2040	1984	2021	2008	2008
304998	62	126	14	78	142	30	94	158	46	110	174	2054	1987	2164	2069	2050	1981	2063	2012	1984	2017	1992	2001
304998	62	126	14	78	142	30	94	158	46	110	174	2038	1994	2153	2055	2027	1970	2043	2037	1995	2020	2001	2005
304998	62	126	14	78	142	30	94	158	46	110	174	2009	2038	2130	2016	1983	1969	2009	2087	1987	2022	2043	2020
304998	62	126	14	78	142	30	94	158	46	110	174	1982	2055	2120	1979	1956	1965	1966	2115	1988	2020	2066	2037
304998	62	126	14	78	142	30	94	158	46	110	174	1992	2042	2122	1981	1957	1979	1974	2102	1986	2019	2053	2035
304998	62	126	14	78	142	30	94	158	46	110	174	2023	2014	2142	2018	2006	1975	2011	2056	1988	2020	2021	2011
304998	62	126	14	78	142	30	94	158	46	110	174	2048	1996	2153	2061	2038	1979	2051	2029	1994	2017	1997	1994
304998	62	126	14	78	142	30	94	158	46	110	174	2058	1995	2151	2072	2043	1971	2065	2020	1984	2018	1999	1993
304998	62	126	14	78	142	30	94	158	46	110	174	2032	2020	2129	2040	2008	1966	2028	2058	1982	2017	2022	2017
304998	62	126	14	78	142	30	94	158	46	110	174	2006	2045	2118	1996	1970	1970	1982	2099	1987	2019	2050	2031
304998	62	126	14	78	142	30	94	158	46	110	174	1987	2050	2119	1971	1960	1968	1974	2112	1991	2018	2058	2026
304998	62	126	14	78	142	30	94	158	46	110	174	2000	2030	2140	1995	1980	1971	1982	2089	1992	2022	2044	2011
304998	62	126	14	78	142	30	94	158	46	110	174	2029	2005	2149	2044	2023	1972	2031	2043	1985	2017	2014	2004
304998	62	126	14	78	142	30	94	158	46	110	174	2054	1989	2151	2075	2051	1973	2072	2018	1986	2019	1995	2002
304998	62	126	14	78	142	30	94	158	46	110	174	2046	1994	2142	2056	2030	1976	2048	2030	1996	2019	2002	2001
304998	62	126	14	78	142	30	94	158	46	110	174	2020	2023	2128	2020	1989	1969	2014	2080	1992	2017	2031	2012
304998	62	126	14	78	142	30	94	158	46	110	174	1986	2048	2123	1977	1950	1974	1968	2117	1982	2016	2069	2029
304998	62	126	14	78	142	30	94	158	46	110	174	1982	2048	2135	1978	1959	1969	1972	2110	1987	2020	2058	2030
304998	62	126	14	78	142	30	94	158	46	110	174	2017	2022	2136	2015	2000	1967	2010	2063	1981	2018	2025	2017
304998	62	126	14	78	142	30	94	158	46	110	174	2046	1992	2146	2060	2036	1979	2048	2028	1995	2020	1996	1998
304998	62	126	14	78	142	30	94	158	46	110	174	2055	1985	2155	2072	2047	1978	2067	2025	1990	2020	1995	1993
304998	62	126	14	78	142	30	94	158	46	110	174	2034	2008	2146	2041	2016	1972	2036	2052	1987	2022	2020	2014
304998	62	126	14	78	142	30	94	158	46	110	174	2003	2043	2132	2007	1970	1970	1998	2095	1984	2020	2047	2032
304998	62	126	14	78	142	30	94	158	46	110	174	1990	2057	2113	1967	1954	1970	1977	2115	1987	2018	2057	2027
304998	62	126	14	78	142	30	94	158	46	110	174	2004	2040	2121	1993	1980	1971	1988	2100	1993	2020	2041	2020
304998	62	126	14	78	142	30	94	158	46	110	174	2029	2001	2151	2037	2025	1975	2026	2051	1985	2022	2019	2002
304998	62	126	14	78	142	30	94	158	46	110	174	2045	1989	2159	2072	2048	1977	2063	2019	1983	2022	1997	1996
304998	62	126	14	78	142	30	94	158	46	110	174	2048	1995	2155	2066	2038	1972	2057	2026	1981	2016	1999	2004
304998	62	126	14	78	142	30	94	158	46	110	174	2026	2033	2124	2022	1995	1966	2035	2077	1994	2020	2027	2016
304998	62	126	14	78	142	30	94	158	46	110	174	1994	2049	2114	1983	1962	1966	1985	2118	1986	2021	2062	2024
304998	62	126	14	78	142	30	94	158	46	110	174	1991	2046	2123	1972	1959	1973	1966	2113	1982	2022	2062	2034
304998	62	126	14	78	142	30	94	158	46	110	174	2014	2022	2140	2009	1999	1974	2007	2075	1986	2022	2031	2021
304998	62	126	14	78	142	30	94	158	46	110	174	2046	1994	2152	2051	2034	1975	2052	2024	1987	2018	1995	2000
304998	62	126	14	78	142	30	94	158	46	110	174	2057	1996	2148	2075	2043	1978	2065	2018	1995	2016	1989	1989
304998	62	126	14	78	142	30	94	158	46	110	174	2042	2005	2135	2048	2020	1973	2056	2054	1990	2018	2017	2011
304998	62	126	14	78	142	30	94	158	46	110	174	2012	2038	2123	2004	1976	1972	2000	2093	1981	2022	2048	2031
304998	62	126	14	78	142	30	94	158	46	110	174	1983	2053	2126	1971	1954	1967	1964	2115	1981	2021	2062	2035
304998	62	126	14	78	142	30	94	158	46	110	174	1993	2040	2132	1987	1960	1985	1975	2091	1994	2019	2047	2021
304998	62	126	14	78	142	30	94	158	46	110	174	2020	2012	2142	2036	1999	1979	2018	2056	1993	2019	2018	1999
304998	62	126	14	78	142	30	94	158	46	110	174	2061	1988	2145	2073	2041	1975	2064	2023	1985	2016	1998	1996
304998	62	126	14	78	142	30	94	158	46	110	174	2052	1989	2147	2070	2037	1978	2062	2024	1984	2019	1997	2006
304998	62	126	14	78	142	30	94	158	46	110	174	2026	2023	2135	2026	2005	1968	2023	2068	1987	2018	2025	2012
304998	62	126	14	78	142	30	94	158	46	110	174	1993	2048	2125	1988	1952	1976	1978	2107	1991	2021	2050	2023
304998	62	126	14	78	142	30	94	158	46	110	174	1987	2056	2115	1973	1950	1971	1972	2118	1985	2017	2064	2028
304998	62	126	14	78	142	30	94	158	46	110	174	2009	2032	2124	2002	1987	1970	2022	2085	1981	2022	2037	2017
304998	62	126	14	78	142	30	94	158	46	110	174	2040	1991	2153	2051	2034	1971	2046	2033	1987	2017	2004	2008
304998	62	126	14	78	142	30	94	158	46	110	174	2048	1981	2161	2072	2053	1975	2060	2009	1993	2016	1992	1995
304998	62	126	14	78	142	30	94	158	46	110	174	2041	2006	2145	2063	2002	1986	2049	2048	1991	2020	2014	2002
304998	62	126	14	78	142	30	94	158	46	110	174	1996	2032	2128	2008	1978	1966	1998	2087	1989	2017	2049	2024
304998	62	126	14	78	142	30	94	158	46	110	174	1995	2054	2117	1976	1954	1965	1975	2119	1984	2017	2064	2041
304998	62	126	14	78	142	30	94	158	46	110	174	1982	2037	2133	1983	1968	1965	1972	2098	1987	2019	2047	2025
304998	62	126	14	78	142	30	94	158	46	110	174	2025	2013	2143	2024	2013	1971	2020	2060	1990	2020	2017	2002
304998	62	126	14	78	142	30	94	158	46	110	174	2052	1993	2158	2067	2044	1976	2057	2027	1987	2017	1999	1989
304998	62	126	14	78	142	30	94	158	46	110	174	2055	1996	2145	2070	2040	1976	2070	2022	1987	2021	1997	2002
