304998	62	126	14	78	142	30	94	158	46	110	174	2017	2024	2131	2014	1995	1979	2017	2080	1994	2016	2035	2025
304998	62	126	14	78	142	30	94	158	46	110	174	1998	2045	2124	1988	1959	1991	1992	2103	2012	2022	2047	2020
304998	62	126	14	78	142	30	94	158	46	110	174	1996	2045	2120	1989	1971	1981	1979	2104	2002	2020	2050	2029
304998	62	126	14	78	142	30	94	158	46	110	174	2021	2019	2129	2018	1994	1971	2017	2064	1983	2019	2029	2015
304998	62	126	14	78	142	30	94	158	46	110	174	2032	1992	2156	2056	2032	1960	2038	2037	1969	2022	2011	2001
304998	62	126	14	78	142	30	94	158	46	110	174	2045	1999	2154	2062	2035	1963	2051	2028	1977	2018	2006	1996
304998	62	126	14	78	142	30	94	158	46	110	174	2028	2015	2153	2037	2003	1971	2046	2060	1994	2022	2025	2007
304998	62	126	14	78	142	30	94	158	46	110	174	2004	2043	2118	1995	1979	1982	1994	2095	1996	2017	2049	2026
304998	62	126	14	78	142	30	94	158	46	110	174	1996	2044	2110	1983	1960	1987	1985	2109	2000	2019	2050	2038
304998	62	126	14	78	142	30	94	158	46	110	174	1996	2020	2130	1997	1985	1980	1988	2082	1993	2020	2037	2022
304998	62	126	14	78	142	30	94	158	46	110	174	2026	2011	2149	2032	2016	1968	2030	2053	1982	2020	2018	1996
304998	62	126	14	78	142	30	94	158	46	110	174	2042	1998	2171	2063	2030	1964	2057	2036	1971	2020	2013	1995
304998	62	126	14	78	142	30	94	158	46	110	174	2034	2005	2146	2051	2023	1965	2038	2042	1976	2017	2018	2009
304998	62	126	14	78	142	30	94	158	46	110	174	2017	2026	2124	2016	1993	1975	2009	2072	1987	2020	2031	2024
304998	62	126	14	78	142	30	94	158	46	110	174	1992	2030	2119	1986	1966	1986	1982	2098	2006	2022	2047	2029
304998	62	126	14	78	142	30	94	158	46	110	174	2000	2037	2128	1987	1973	1985	1986	2102	2004	2020	2049	2022
304998	62	126	14	78	142	30	94	158	46	110	174	2015	2024	2139	2014	1995	1977	2003	2070	1985	2022	2039	2016
304998	62	126	14	78	142	30	94	158	46	110	174	2038	2008	2145	2051	2028	1964	2043	2040	1975	2019	2011	2001
304998	62	126	14	78	142	30	94	158	46	110	174	2042	2001	2147	2062	2030	1960	2048	2030	1968	2020	2004	1996
304998	62	126	14	78	142	30	94	158	46	110	174	2033	2010	2132	2042	2009	1963	2036	2060	1993	2021	2020	2004
304998	62	126	14	78	142	30	94	158	46	110	174	2011	2038	2126	2004	1976	1985	1996	2096	1998	2017	2048	2027
304998	62	126	14	78	142	30	94	158	46	110	174	1997	2045	2122	1983	1967	1989	1989	2114	1998	2017	2051	2040
304998	62	126	14	78	142	30	94	158	46	110	174	1996	2033	2133	1993	1978	1980	1987	2086	1993	2022	2044	2028
304998	62	126	14	78	142	30	94	158	46	110	174	2026	2015	2132	2031	2003	1968	2037	2052	1983	2021	2019	1997
304998	62	126	14	78	142	30	94	158	46	110	174	2041	1997	2159	2061	2035	1955	2049	2033	1981	2020	2011	1989
304998	62	126	14	78	142	30	94	158	46	110	174	2042	2006	2148	2054	2026	1968	2044	2047	1979	2022	2015	2004
304998	62	126	14	78	142	30	94	158	46	110	174	2021	2029	2134	2029	1985	1983	2032	2075	1991	2016	2033	2022
304998	62	126	14	78	142	30	94	158	46	110	174	1987	2041	2123	1989	1971	1985	1984	2099	2002	2019	2047	2034
304998	62	126	14	78	142	30	94	158	46	110	174	2000	2046	2112	1985	1966	1986	1984	2103	2005	2016	2048	2023
304998	62	126	14	78	142	30	94	158	46	110	174	2011	2020	2143	2011	1996	1970	2004	2078	1991	2021	2033	2014
304998	62	126	14	78	142	30	94	158	46	110	174	2035	2006	2151	2047	2020	1966	2039	2046	1971	2021	2017	2007
304998	62	126	14	78	142	30	94	158	46	110	174	2041	2000	2154	2061	2032	1969	2046	2029	1969	2017	2005	2001
304998	62	126	14	78	142	30	94	158	46	110	174	2034	2017	2142	2040	2013	1972	2034	2048	1986	2022	2019	2003
304998	62	126	14	78	142	30	94	158	46	110	174	2012	2033	2124	2004	1983	1976	2009	2089	1999	2018	2043	2021
304998	62	126	14	78	142	30	94	158	46	110	174	1998	2043	2117	1982	1970	1984	1981	2109	2000	2017	2053	2040
304998	62	126	14	78	142	30	94	158	46	110	174	2003	2036	2127	1993	1976	1980	1996	2094	1995	2020	2042	2031
304998	62	126	14	78	142	30	94	158	46	110	174	2019	2015	2148	2028	2005	1972	2014	2059	1982	2017	2019	2003
304998	62	126	14	78	142	30	94	158	46	110	174	2045	2008	2151	2057	2034	1964	2056	2040	1980	2017	2008	1991
304998	62	126	14	78	142	30	94	158	46	110	174	2043	2003	2143	2061	2025	1967	2044	2042	1981	2016	2014	2005
304998	62	126	14	78	142	30	94	158	46	110	174	2028	2021	2133	2026	2001	1972	2028	2072	1988	2017	2031	2025
304998	62	126	14	78	142	30	94	158	46	110	174	2002	2042	2125	1990	1971	1988	1988	2098	1996	2020	2043	2032
304998	62	126	14	78	142	30	94	158	46	110	174	1996	2046	2123	1989	1964	1984	1997	2105	2004	2016	2046	2018
304998	62	126	14	78	142	30	94	158	46	110	174	2007	2037	2131	2005	1992	1981	2004	2084	1994	2017	2039	2015
304998	62	126	14	78	142	30	94	158	46	110	174	2038	2010	2139	2041	2018	1969	2029	2051	1969	2021	2016	2005
304998	62	126	14	78	142	30	94	158	46	110	174	2040	1995	2154	2060	2035	1960	2046	2029	1972	2020	2004	1995
304998	62	126	14	78	142	30	94	158	46	110	174	2040	2007	2149	2046	2019	1967	2045	2045	1979	2021	2014	1997
304998	62	126	14	78	142	30	94	158	46	110	174	2014	2035	2127	2008	1991	1978	2008	2083	1997	2021	2038	2019
304998	62	126	14	78	142	30	94	158	46	110	174	2002	2049	2112	1983	1971	1984	1984	2113	2002	2017	2058	2041
304998	62	126	14	78	142	30	94	158	46	110	174	2005	2043	2119	1993	1971	1983	1996	2096	1992	2021	2046	2027
304998	62	126	14	78	142	30	94	158	46	110	174	2018	2016	2139	2019	2008	1970	2021	2067	1977	2021	2022	2008
304998	62	126	14	78	142	30	94	158	46	110	174	2039	2001	2155	2057	2034	1958	2048	2039	1974	2021	2008	1992
304998	62	126	14	78	142	30	94	158	46	110	174	2040	2001	2154	2060	2029	1965	2046	2039	1980	2019	2012	2003
304998	62	126	14	78	142	30	94	158	46	110	174	2031	2026	2131	2028	2008	1972	2026	2070	1990	2020	2026	2019
304998	62	126	14	78	142	30	94	158	46	110	174	2007	2039	2117	2000	1961	1988	1993	2091	1996	2022	2045	2030
304998	62	126	14	78	142	30	94	158	46	110	174	2000	2044	2116	1984	1968	1983	1982	2102	2002	2020	2051	2021
304998	62	126	14	78	142	30	94	158	46	110	174	2007	2033	2134	2003	1990	1973	2007	2084	1997	2020	2043	2019
304998	62	126	14	78	142	30	94	158	46	110	174	2029	2012	2150	2045	2017	1967	2027	2051	1979	2021	2023	2010
304998	62	126	14	78	142	30	94	158	46	110	174	2045	2006	2149	2059	2038	1964	2050	2037	1972	2021	2001	1997
304998	62	126	14	78	142	30	94	158	46	110	174	2041	2009	2132	2051	2008	1979	2044	2046	1977	2023	2011	1995
304998	62	126	14	78	142	30	94	158	46	110	174	2021	2026	2122	2020	1983	1980	2018	2072	1998	2021	2037	2019
304998	62	126	14	78	142	30	94	158	46	110	174	2000	2046	2121	1989	1975	1982	1984	2105	2004	2020	2053	2034
304998	62	126	14	78	142	30	94	158	46	110	174	2003	2044	2130	1992	1969	1985	1990	2103	1990	2020	2047	2029
304998	62	126	14	78	142	30	94	158	46	110	174	2018	2030	2134	2012	2006	1969	2024	2070	1987	2019	2022	2010
304998	62	126	14	78	142	30	94	158	46	110	174	2041	2008	2140	2051	2028	1963	2051	2036	1973	2020	2008	1991
304998	62	126	14	78	142	30	94	158	46	110	174	2046	2002	2144	2063	2029	1959	2049	2037	1977	2018	2010	1997
304998	62	126	14	78	142	30	94	158	46	110	174	2035	2015	2141	2038	2014	1964	2042	2068	1988	2016	2021	2018
304998	62	126	14	78	142	30	94	158	46	110	174	2009	2036	2128	2001	1981	1983	2003	2090	1992	2017	2041	2025
304998	62	126	14	78	142	30	94	158	46	110	174	1992	2051	2122	1981	1969	1984	1981	2105	1996	2016	2049	2019
304998	62	126	14	78	142	30	94	158	46	110	174	2008	2038	2127	1996	1985	1980	1995	2084	1992	2021	2042	2022
304998	62	126	14	78	142	30	94	158	46	110	174	2024	2008	2137	2038	2012	1967	2024	2055	1982	2019	2025	2016
304998	62	126	14	78	142	30	94	158	46	110	174	2046	1997	2151	2059	2037	1957	2063	2037	1974	2021	1999	1997
304998	62	126	14	78	142	30	94	158	46	110	174	2043	2006	2149	2057	2016	1972	2048	2044	1977	2021	2008	1992
304998	62	126	14	78	142	30	94	158	46	110	174	2022	2031	2137	2019	2000	1978	2017	2080	1991	2018	2031	2017
304998	62	126	14	78	142	30	94	158	46	110	174	2004	2051	2113	1990	1973	1984	1997	2105	2002	2017	2050	2037
304998	62	126	14	78	142	30	94	158	46	110	174	2002	2040	2118	1982	1970	1983	2000	2105	1996	2017	2048	2033
304998	62	126	14	78	142	30	94	158	46	110	174	2017	2020	2136	2014	2000	1972	2007	2070	1981	2017	2028	2007
304998	62	126	14	78	142	30	94	158	46	110	174	2042	2002	2153	2046	2032	1965	2041	2041	1978	2020	2008	1992
304998	62	126	14	78	142	30	94	158	46	110	174	2045	2002	2157	2060	2031	1966	2055	2035	1982	2017	2006	1998
304998	62	126	14	78	142	30	94	158	46	110	174	2037	2023	2133	2038	2014	1974	2045	2061	1982	2021	2018	2019
304998	62	126	14	78	142	30	94	158	46	110	174	2013	2036	2118	2002	1978	1977	2016	2092	1993	2020	2037	2023
304998	62	126	14	78	142	30	94	158	46	110	174	2003	2042	2117	1983	1968	1974	1983	2104	1998	2020	2050	2016
304998	62	126	14	78	142	30	94	158	46	110	174	2006	2033	2136	1999	1984	1977	1992	2086	1996	2021	2044	2020
304998	62	126	14	78	142	30	94	158	46	110	174	2023	2012	2148	2036	1997	1965	2018	2060	1985	2021	2022	2015
304998	62	126	14	78	142	30	94	158	46	110	174	2045	2003	2153	2054	2039	1963	2059	2036	1974	2021	1998	1998
304998	62	126	14	78	142	30	94	158	46	110	174	2046	2005	2141	2060	2019	1966	2045	2044	1973	2017	2001	1990
304998	62	126	14	78	142	30	94	158	46	110	174	2032	2023	2124	2023	2006	1967	2020	2073	1990	2021	2030	2015
304998	62	126	14	78	142	30	94	158	46	110	174	2001	2036	2123	1990	1980	1979	1981	2099	2003	2017	2047	2035
304998	62	126	14	78	142	30	94	158	46	110	174	1997	2040	2127	1983	1973	1984	2003	2107	1996	2021	2050	2033
304998	62	126	14	78	142	30	94	158	46	110	174	2015	2028	2147	2010	1996	1973	2026	2074	1981	2022	2029	2013
304998	62	126	14	78	142	30	94	158	46	110	174	2042	2011	2140	2044	2023	1966	2041	2042	1973	2018	2010	1998
304998	62	126	14	78	142	30	94	158	46	110	174	2048	2002	2142	2063	2029	1962	2050	2033	1982	2019	2006	2002
304998	62	126	14	78	142	30	94	158	46	110	174	2033	2004	2143	2043	2024	1965	2034	2049	1986	2019	2018	2009
304998	62	126	14	78	142	30	94	158	46	110	174	2013	2032	2131	2005	1985	1983	2022	2090	1988	2022	2032	2020
304998	62	126	14	78	142	30	94	158	46	110	174	2001	2046	2127	1984	1968	1983	1989	2105	1996	2021	2047	2022
304998	62	126	14	78	142	30	94	158	46	110	174	2004	2042	2124	1988	1981	1973	1991	2094	1996	2018	2048	2023
304998	62	126	14	78	142	30	94	158	46	110	174	2025	2017	2133	2031	1999	1974	2022	2061	1982	2017	2022	2015
304998	62	126	14	78	142	30	94	158	46	110	174	2042	1993	2147	2060	2034	1960	2046	2033	1972	2016	2005	1997
304998	62	126	14	78	142	30	94	158	46	110	174	2046	2002	2148	2054	2031	1965	2049	2035	1972	2018	1998	1995
304998	62	126	14	78	142	30	94	158	46	110	174	2026	2021	2137	2030	2004	1978	2027	2063	1985	2017	2027	2012
304998	62	126	14	78	142	30	94	158	46	110	174	2004	2041	2129	1992	1976	1982	1987	2097	1996	2022	2048	2028
304998	62	126	14	78	142	30	94	158	46	110	174	2003	2050	2113	1985	1970	1975	2003	2110	1994	2021	2050	2032
304998	62	126	14	78	142	30	94	158	46	110	174	2017	2028	2132	2009	1990	1974	2024	2084	1985	2022	2029	2015
304998	62	126	14	78	142	30	94	158	46	110	174	2033	2004	2148	2037	2027	1965	2030	2045	1977	2020	2013	1994
304998	62	126	14	78	142	30	94	158	46	110	174	2048	2000	2156	2063	2029	1967	2049	2028	1981	2021	2008	1993
304998	62	126	14	78	142	30	94	158	46	110	174	2026	2005	2160	2053	2011	1971	2036	2051	1986	2018	2014	2013
304998	62	126	14	78	142	30	94	158	46	110	174	2017	2035	2122	2011	1996	1971	2025	2088	1991	2019	2029	2025
304998	62	126	14	78	142	30	94	158	46	110	174	2000	2043	2115	1994	1963	1985	1981	2103	1994	2020	2045	2019
304998	62	126	14	78	142	30	94	158	46	110	174	2003	2036	2127	1993	1979	1979	1987	2089	1997	2022	2050	2020
304998	62	126	14	78	142	30	94	158	46	110	174	2023	2019	2148	2020	2003	1973	2012	2064	1988	2020	2026	2015
304998	62	126	14	78	142	30	94	158	46	110	174	2043	2005	2152	2061	2026	1962	2057	2042	1973	2019	2003	2004
304998	62	126	14	78	142	30	94	158	46	110	174	2044	2006	2146	2056	2037	1962	2049	2035	1976	2019	2000	1995
304998	62	126	14	78	142	30	94	158	46	110	174	2037	2021	2127	2038	2009	1966	2034	2063	1987	2022	2021	2007
304998	62	126	14	78	142	30	94	158	46	110	174	2009	2035	2127	2000	1983	1977	1996	2099	1996	2022	2050	2028
304998	62	126	14	78	142	30	94	158	46	110	174	2004	2043	2122	1984	1974	1978	2000	2107	1996	2020	2048	2031
304998	62	126	14	78	142	30	94	158	46	110	174	2009	2032	2136	2005	1983	1972	2010	2088	1982	2017	2029	2020
304998	62	126	14	78	142	30	94	158	46	110	174	2024	2018	2145	2041	2020	1967	2023	2049	1978	2016	2014	2003
304998	62	126	14	78	142	30	94	158	46	110	174	2049	1998	2146	2063	2034	1963	2049	2031	1980	2021	2010	1997
304998	62	126	14	78	142	30	94	158	46	110	174	2036	1999	2146	2057	2019	1968	2034	2045	1982	2020	2012	2007
304998	62	126	14	78	142	30	94	158	46	110	174	2020	2028	2130	2016	1998	1976	2020	2081	1986	2022	2029	2023
304998	62	126	14	78	142	30	94	158	46	110	174	1998	2043	2132	1990	1969	1981	1985	2099	1998	2020	2042	2023
304998	62	126	14	78	142	30	94	158	46	110	174	1998	2044	2129	1995	1975	1973	1981	2099	1999	2021	2050	2016
304998	62	126	14	78	142	30	94	158	46	110	174	2022	2026	2136	2015	2004	1968	2008	2070	1987	2017	2028	2013
304998	62	126	14	78	142	30	94	158	46	110	174	2040	2002	2142	2051	2021	1967	2045	2040	1972	2022	2010	2008
304998	62	126	14	78	142	30	94	158	46	110	174	2043	1993	2149	2059	2038	1967	2048	2031	1978	2017	2002	1996
304998	62	126	14	78	142	30	94	158	46	110	174	2038	2017	2139	2040	2010	1975	2037	2059	1987	2021	2018	2003
304998	62	126	14	78	142	30	94	158	46	110	174	2006	2038	2138	2004	1984	1975	2007	2090	1998	2020	2047	2025
304998	62	126	14	78	142	30	94	158	46	110	174	1999	2048	2115	1986	1975	1978	2006	2111	1995	2016	2054	2029
304998	62	126	14	78	142	30	94	158	46	110	174	2004	2032	2121	1999	1979	1976	1995	2087	1988	2020	2033	2021
304998	62	126	14	78	142	30	94	158	46	110	174	2025	2006	2142	2032	2018	1973	2021	2051	1982	2019	2015	2000
304998	62	126	14	78	142	30	94	158	46	110	174	2046	1993	2157	2055	2030	1968	2067	2031	1985	2022	2008	1996
304998	62	126	14	78	142	30	94	158	46	110	174	2035	2000	2158	2053	2022	1964	2042	2046	1979	2021	2013	2003
304998	62	126	14	78	142	30	94	158	46	110	174	2028	2031	2124	2022	1999	1972	2022	2080	1984	2019	2029	2027
304998	62	126	14	78	142	30	94	158	46	110	174	2000	2037	2124	1992	1971	1979	1983	2099	1994	2020	2042	2028
304998	62	126	14	78	142	30	94	158	46	110	174	1999	2042	2120	1984	1971	1978	1982	2091	2003	2020	2048	2017
304998	62	126	14	78	142	30	94	158	46	110	174	2013	2022	2146	2012	1993	1974	2003	2074	1993	2022	2032	2014
304998	62	126	14	78	142	30	94	158	46	110	174	2035	2003	2158	2047	2014	1965	2038	2042	1978	2022	2011	2005
304998	62	126	14	78	142	30	94	158	46	110	174	2045	2004	2151	2060	2032	1963	2054	2037	1971	2022	2008	2003
304998	62	126	14	78	142	30	94	158	46	110	174	2030	2011	2128	2038	2018	1967	2029	2049	1985	2018	2014	2001
304998	62	126	14	78	142	30	94	158	46	110	174	2016	2028	2125	2006	1986	1984	2006	2088	1996	2016	2045	2022
304998	62	126	14	78	142	30	94	158	46	110	174	2002	2045	2123	1983	1965	1979	1988	2108	1996	2021	2055	2035
304998	62	126	14	78	142	30	94	158	46	110	174	2004	2033	2132	1997	1968	1980	1998	2094	1991	2022	2042	2025
304998	62	126	14	78	142	30	94	158	46	110	174	2017	2018	2152	2031	2015	1966	2017	2056	1978	2021	2016	2007
304998	62	126	14	78	142	30	94	158	46	110	174	2045	2000	2148	2055	2039	1968	2054	2037	1983	2021	2006	1994
304998	62	126	14	78	142	30	94	158	46	110	174	2039	1999	2147	2055	2027	1969	2041	2045	1985	2018	2013	2005
304998	62	126	14	78	142	30	94	158	46	110	174	2025	2019	2138	2024	2002	1976	2027	2077	1987	2020	2031	2017
304998	62	126	14	78	142	30	94	158	46	110	174	1997	2036	2138	1993	1968	1983	1988	2099	1995	2020	2046	2028
304998	62	126	14	78	142	30	94	158	46	110	174	1993	2045	2124	1984	1973	1974	1982	2098	1997	2016	2047	2022
304998	62	126	14	78	142	30	94	158	46	110	174	2016	2028	2134	2008	1995	1974	2010	2076	1996	2020	2042	2013
304998	62	126	14	78	142	30	94	158	46	110	174	2038	2001	2146	2047	2018	1971	2031	2043	1984	2022	2014	2006
304998	62	126	14	78	142	30	94	158	46	110	174	2049	1993	2148	2060	2037	1969	2058	2035	1973	2019	2001	2006
304998	62	126	14	78	142	30	94	158	46	110	174	2028	2005	2153	2048	2014	1969	2037	2046	1984	2017	2013	2003
304998	62	126	14	78	142	30	94	158	46	110	174	2016	2037	2127	2015	1990	1971	2005	2084	1997	2019	2038	2011
304998	62	126	14	78	142	30	94	158	46	110	174	2001	2046	2120	1983	1973	1981	1980	2104	1998	2016	2056	2029
304998	62	126	14	78	142	30	94	158	46	110	174	2008	2042	2122	1999	1971	1983	1996	2096	1991	2018	2046	2033
304998	62	126	14	78	142	30	94	158	46	110	174	2022	2011	2144	2019	2006	1970	2013	2063	1986	2020	2019	2006
304998	62	126	14	78	142	30	94	158	46	110	174	2036	1999	2156	2057	2032	1965	2042	2030	1982	2023	2005	1996
304998	62	126	14	78	142	30	94	158	46	110	174	2042	2006	2150	2065	2032	1964	2051	2035	1984	2016	2013	2002
304998	62	126	14	78	142	30	94	158	46	110	174	2033	2024	2124	2032	2008	1972	2023	2069	1986	2019	2027	2019
304998	62	126	14	78	142	30	94	158	46	110	174	2006	2040	2115	1996	1980	1978	1998	2101	1991	2017	2042	2027
304998	62	126	14	78	142	30	94	158	46	110	174	1994	2039	2123	1980	1968	1983	1984	2102	1995	2021	2047	2021
