304998	62	126	14	78	142	30	94	158	46	110	174	1981	2067	2122	1969	1949	1957	1976	2133	1977	2020	2071	2038
304998	62	126	14	78	142	30	94	158	46	110	174	1983	2067	2121	1960	1957	1959	1976	2124	1975	2021	2064	2038
304998	62	126	14	78	142	30	94	158	46	110	174	2015	2034	2128	2003	1992	1975	1999	2077	1985	2022	2026	2017
304998	62	126	14	78	142	30	94	158	46	110	174	2052	1985	2148	2060	2031	1996	2055	2020	2003	2017	1994	1987
304998	62	126	14	78	142	30	94	158	46	110	174	2057	1967	2159	2085	2053	1989	2064	2009	2002	2018	1992	1995
304998	62	126	14	78	142	30	94	158	46	110	174	2044	2006	2144	2054	2019	1975	2062	2052	1984	2019	2015	2014
304998	62	126	14	78	142	30	94	158	46	110	174	2004	2049	2132	1994	1976	1958	1996	2100	1975	2018	2051	2028
304998	62	126	14	78	142	30	94	158	46	110	174	1984	2074	2111	1956	1950	1953	1968	2137	1975	2022	2064	2038
304998	62	126	14	78	142	30	94	158	46	110	174	1993	2048	2120	1976	1968	1966	1983	2115	1986	2018	2051	2015
304998	62	126	14	78	142	30	94	158	46	110	174	2017	2000	2147	2033	2016	1976	2022	2048	1995	2022	2019	2006
304998	62	126	14	78	142	30	94	158	46	110	174	2058	1978	2160	2075	2047	1992	2078	2014	1996	2017	1989	1996
304998	62	126	14	78	142	30	94	158	46	110	174	2049	1984	2160	2072	2048	1984	2060	2015	1997	2018	1994	2002
304998	62	126	14	78	142	30	94	158	46	110	174	2027	2027	2123	2026	2004	1973	2027	2078	1994	2019	2025	2016
304998	62	126	14	78	142	30	94	158	46	110	174	1994	2059	2112	1979	1947	1960	1972	2127	1977	2019	2065	2027
304998	62	126	14	78	142	30	94	158	46	110	174	1979	2062	2120	1957	1950	1961	1965	2127	1971	2021	2067	2035
304998	62	126	14	78	142	30	94	158	46	110	174	2006	2034	2145	1999	1982	1970	2005	2082	1986	2017	2036	2017
304998	62	126	14	78	142	30	94	158	46	110	174	2045	2002	2148	2054	2042	1983	2045	2026	2004	2018	1999	2001
304998	62	126	14	78	142	30	94	158	46	110	174	2064	1979	2150	2083	2057	1984	2068	2007	2002	2019	1981	1988
304998	62	126	14	78	142	30	94	158	46	110	174	2048	2002	2132	2057	2028	1977	2057	2037	1991	2019	2014	2000
304998	62	126	14	78	142	30	94	158	46	110	174	2008	2042	2133	1995	1978	1965	2004	2096	1974	2019	2050	2030
304998	62	126	14	78	142	30	94	158	46	110	174	1980	2073	2122	1959	1942	1955	1964	2128	1971	2021	2068	2038
304998	62	126	14	78	142	30	94	158	46	110	174	1986	2058	2128	1970	1969	1956	1966	2117	1985	2020	2050	2027
304998	62	126	14	78	142	30	94	158	46	110	174	2029	2016	2130	2022	2015	1973	2026	2062	1993	2018	2021	2003
304998	62	126	14	78	142	30	94	158	46	110	174	2063	1979	2153	2074	2048	1990	2086	2015	1998	2016	1993	1993
304998	62	126	14	78	142	30	94	158	46	110	174	2056	1980	2148	2080	2048	1990	2062	2013	1994	2021	1996	1998
304998	62	126	14	78	142	30	94	158	46	110	174	2031	2018	2141	2033	1995	1976	2022	2065	1993	2020	2022	2019
304998	62	126	14	78	142	30	94	158	46	110	174	1987	2057	2127	1979	1954	1962	1971	2122	1973	2020	2054	2028
304998	62	126	14	78	142	30	94	158	46	110	174	1981	2074	2110	1953	1956	1955	1983	2135	1973	2022	2066	2027
304998	62	126	14	78	142	30	94	158	46	110	174	2002	2040	2127	1990	1986	1970	1985	2086	1983	2017	2047	2018
304998	62	126	14	78	142	30	94	158	46	110	174	2046	1995	2147	2047	2037	1983	2041	2031	1998	2018	2000	2010
304998	62	126	14	78	142	30	94	158	46	110	174	2064	1975	2166	2083	2052	1999	2063	2008	2001	2017	1987	1993
304998	62	126	14	78	142	30	94	158	46	110	174	2049	1997	2149	2066	2023	1980	2054	2034	1992	2018	1998	1997
304998	62	126	14	78	142	30	94	158	46	110	174	2015	2042	2124	2008	1982	1962	2009	2092	1975	2020	2045	2020
304998	62	126	14	78	142	30	94	158	46	110	174	1984	2074	2111	1962	1947	1954	1967	2127	1972	2018	2072	2034
304998	62	126	14	78	142	30	94	158	46	110	174	1984	2054	2124	1968	1964	1960	1967	2119	1981	2016	2057	2036
304998	62	126	14	78	142	30	94	158	46	110	174	2020	2019	2141	2015	2011	1980	2034	2074	1992	2016	2018	2004
304998	62	126	14	78	142	30	94	158	46	110	174	2056	1985	2153	2070	2042	1989	2071	2018	1996	2018	1993	1988
304998	62	126	14	78	142	30	94	158	46	110	174	2063	1987	2148	2081	2051	1984	2067	2008	1999	2017	1996	1992
304998	62	126	14	78	142	30	94	158	46	110	174	2040	2018	2126	2042	2007	1973	2045	2066	1991	2021	2019	2017
304998	62	126	14	78	142	30	94	158	46	110	174	1994	2051	2123	1984	1968	1954	1982	2116	1974	2020	2052	2031
304998	62	126	14	78	142	30	94	158	46	110	174	1980	2064	2124	1957	1955	1955	1981	2134	1972	2022	2062	2032
304998	62	126	14	78	142	30	94	158	46	110	174	1992	2045	2145	1984	1975	1967	1987	2094	1982	2021	2047	2010
304998	62	126	14	78	142	30	94	158	46	110	174	2033	2008	2140	2043	2028	1981	2030	2036	2001	2016	2011	1997
304998	62	126	14	78	142	30	94	158	46	110	174	2071	1978	2148	2080	2055	1989	2070	2010	2000	2020	1986	2001
304998	62	126	14	78	142	30	94	158	46	110	174	2057	1984	2148	2066	2036	1986	2052	2026	1996	2020	1993	2005
304998	62	126	14	78	142	30	94	158	46	110	174	2020	2030	2133	2015	1995	1961	2013	2087	1982	2017	2029	2017
304998	62	126	14	78	142	30	94	158	46	110	174	1983	2072	2125	1964	1950	1956	1981	2123	1971	2017	2067	2028
304998	62	126	14	78	142	30	94	158	46	110	174	1981	2061	2126	1961	1959	1954	1968	2124	1983	2020	2064	2029
304998	62	126	14	78	142	30	94	158	46	110	174	2016	2027	2128	2010	1996	1976	2016	2080	1984	2020	2033	2018
304998	62	126	14	78	142	30	94	158	46	110	174	2054	1984	2149	2067	2044	1985	2060	2018	1997	2020	1990	1997
304998	62	126	14	78	142	30	94	158	46	110	174	2059	1974	2153	2079	2058	1989	2072	2006	2006	2017	1983	1993
304998	62	126	14	78	142	30	94	158	46	110	174	2038	2011	2146	2045	2018	1976	2054	2049	1995	2018	2019	2009
304998	62	126	14	78	142	30	94	158	46	110	174	1994	2052	2129	1988	1970	1961	1985	2106	1979	2017	2054	2034
304998	62	126	14	78	142	30	94	158	46	110	174	1987	2076	2112	1956	1949	1955	1964	2139	1969	2020	2066	2039
304998	62	126	14	78	142	30	94	158	46	110	174	1988	2043	2127	1987	1971	1968	1975	2100	1981	2022	2047	2022
304998	62	126	14	78	142	30	94	158	46	110	174	2034	2002	2147	2034	2024	1979	2031	2042	2003	2020	2011	1995
304998	62	126	14	78	142	30	94	158	46	110	174	2065	1974	2158	2082	2048	1994	2075	2011	2004	2021	1988	1992
304998	62	126	14	78	142	30	94	158	46	110	174	2060	1993	2150	2069	2045	1986	2070	2026	1991	2016	1994	2009
304998	62	126	14	78	142	30	94	158	46	110	174	2020	2028	2126	2020	1993	1964	2013	2075	1988	2021	2029	2024
304998	62	126	14	78	142	30	94	158	46	110	174	1986	2061	2110	1969	1954	1955	1965	2116	1980	2020	2061	2027
304998	62	126	14	78	142	30	94	158	46	110	174	1982	2060	2128	1962	1959	1954	1970	2127	1979	2019	2065	2026
304998	62	126	14	78	142	30	94	158	46	110	174	2011	2031	2136	2000	1988	1976	2008	2084	1984	2021	2041	2014
304998	62	126	14	78	142	30	94	158	46	110	174	2049	1994	2153	2060	2039	1994	2056	2027	1994	2017	1995	2001
304998	62	126	14	78	142	30	94	158	46	110	174	2063	1974	2154	2078	2057	1991	2075	2003	2003	2018	1982	1998
304998	62	126	14	78	142	30	94	158	46	110	174	2048	2005	2130	2058	2013	1987	2059	2047	1994	2018	2004	2002
304998	62	126	14	78	142	30	94	158	46	110	174	2004	2043	2125	1993	1975	1953	1993	2104	1975	2017	2048	2025
304998	62	126	14	78	142	30	94	158	46	110	174	1978	2068	2126	1956	1951	1952	1965	2134	1969	2017	2077	2036
304998	62	126	14	78	142	30	94	158	46	110	174	1987	2054	2130	1976	1969	1965	1976	2104	1978	2021	2054	2026
304998	62	126	14	78	142	30	94	158	46	110	174	2029	2014	2142	2025	2020	1984	2036	2055	2001	2020	2015	2008
304998	62	126	14	78	142	30	94	158	46	110	174	2060	1981	2145	2076	2052	1995	2069	2015	2003	2021	1983	1986
304998	62	126	14	78	142	30	94	158	46	110	174	2067	1981	2145	2076	2047	1983	2074	2019	1990	2020	1994	2006
304998	62	126	14	78	142	30	94	158	46	110	174	2022	2019	2142	2033	2002	1968	2017	2067	1978	2018	2033	2024
304998	62	126	14	78	142	30	94	158	46	110	174	1986	2063	2124	1975	1958	1956	1981	2116	1981	2017	2061	2034
304998	62	126	14	78	142	30	94	158	46	110	174	1971	2070	2118	1959	1953	1954	1967	2130	1975	2019	2057	2027
304998	62	126	14	78	142	30	94	158	46	110	174	2008	2033	2135	1993	1981	1976	2001	2088	1982	2019	2044	2008
304998	62	126	14	78	142	30	94	158	46	110	174	2043	1982	2149	2051	2038	1984	2046	2032	1994	2022	2004	2005
304998	62	126	14	78	142	30	94	158	46	110	174	2069	1973	2156	2082	2057	1990	2085	2009	2004	2022	1985	1999
304998	62	126	14	78	142	30	94	158	46	110	174	2045	1998	2151	2063	2026	1980	2049	2039	1999	2022	1998	2008
304998	62	126	14	78	142	30	94	158	46	110	174	2006	2052	2124	2002	1983	1959	2001	2093	1975	2022	2042	2017
304998	62	126	14	78	142	30	94	158	46	110	174	1977	2066	2119	1963	1944	1961	1960	2128	1965	2020	2070	2028
304998	62	126	14	78	142	30	94	158	46	110	174	1972	2046	2134	1971	1946	1966	1967	2110	1980	2021	2061	2031
304998	62	126	14	78	142	30	94	158	46	110	174	2023	2014	2142	2026	2014	1973	2023	2063	2001	2020	2019	2013
304998	62	126	14	78	142	30	94	158	46	110	174	2053	1981	2158	2071	2045	1992	2062	2016	2004	2020	1983	1997
304998	62	126	14	78	142	30	94	158	46	110	174	2066	1987	2149	2077	2053	1988	2077	2014	1998	2020	1993	1991
304998	62	126	14	78	142	30	94	158	46	110	174	2033	2020	2129	2037	2008	1972	2030	2059	1983	2016	2028	2018
304998	62	126	14	78	142	30	94	158	46	110	174	1994	2058	2118	1979	1949	1960	1978	2116	1986	2016	2061	2035
304998	62	126	14	78	142	30	94	158	46	110	174	1966	2058	2132	1958	1951	1955	1956	2136	1974	2017	2064	2038
304998	62	126	14	78	142	30	94	158	46	110	174	1995	2040	2134	1992	1974	1971	1993	2094	1981	2017	2038	2014
304998	62	126	14	78	142	30	94	158	46	110	174	2040	1997	2156	2047	2036	1983	2035	2035	1994	2018	2005	1990
304998	62	126	14	78	142	30	94	158	46	110	174	2071	1979	2144	2084	2061	1990	2081	2011	2004	2018	1988	1996
304998	62	126	14	78	142	30	94	158	46	110	174	2058	1991	2141	2064	2031	1981	2063	2034	1995	2020	2005	2010
304998	62	126	14	78	142	30	94	158	46	110	174	2004	2032	2129	2010	1981	1964	2006	2088	1982	2022	2036	2022
304998	62	126	14	78	142	30	94	158	46	110	174	1982	2072	2126	1963	1945	1955	1980	2130	1968	2021	2063	2026
304998	62	126	14	78	142	30	94	158	46	110	174	1974	2054	2140	1970	1959	1952	1961	2112	1979	2018	2064	2022
304998	62	126	14	78	142	30	94	158	46	110	174	2019	2026	2128	2014	2008	1980	2019	2074	1996	2021	2030	2014
304998	62	126	14	78	142	30	94	158	46	110	174	2062	1981	2147	2065	2045	1991	2070	2019	1998	2020	1989	1998
304998	62	126	14	78	142	30	94	158	46	110	174	2052	1971	2151	2078	2050	1993	2065	2009	1997	2018	1981	1996
304998	62	126	14	78	142	30	94	158	46	110	174	2035	2015	2146	2042	2013	1971	2040	2053	1981	2021	2018	2005
304998	62	126	14	78	142	30	94	158	46	110	174	1995	2059	2128	1983	1965	1955	1980	2105	1985	2017	2059	2028
304998	62	126	14	78	142	30	94	158	46	110	174	1986	2074	2109	1954	1950	1953	1964	2138	1971	2019	2072	2039
304998	62	126	14	78	142	30	94	158	46	110	174	1999	2040	2125	1979	1978	1966	1985	2100	1980	2022	2043	2025
304998	62	126	14	78	142	30	94	158	46	110	174	2038	1998	2154	2039	2023	1983	2030	2037	1997	2020	2002	1998
304998	62	126	14	78	142	30	94	158	46	110	174	2064	1979	2152	2082	2051	1991	2068	2003	2007	2016	1989	1992
304998	62	126	14	78	142	30	94	158	46	110	174	2054	1996	2147	2066	2040	1979	2052	2028	2002	2021	1997	2007
304998	62	126	14	78	142	30	94	158	46	110	174	2018	2038	2126	2015	1992	1967	2008	2082	1983	2018	2034	2029
304998	62	126	14	78	142	30	94	158	46	110	174	1986	2062	2118	1970	1958	1953	1972	2126	1968	2021	2064	2031
304998	62	126	14	78	142	30	94	158	46	110	174	1983	2058	2128	1958	1955	1962	1964	2122	1975	2022	2060	2025
304998	62	126	14	78	142	30	94	158	46	110	174	2012	2029	2141	2006	1994	1969	2009	2076	1998	2021	2034	2013
304998	62	126	14	78	142	30	94	158	46	110	174	2051	1991	2150	2063	2041	1985	2068	2025	1998	2021	1995	1999
304998	62	126	14	78	142	30	94	158	46	110	174	2071	1981	2144	2083	2056	1989	2076	2014	1996	2016	1985	1999
304998	62	126	14	78	142	30	94	158	46	110	174	2041	2004	2135	2053	2009	1979	2040	2049	1986	2021	2009	2005
304998	62	126	14	78	142	30	94	158	46	110	174	2001	2046	2126	1993	1970	1961	1991	2105	1984	2020	2051	2024
304998	62	126	14	78	142	30	94	158	46	110	174	1973	2072	2129	1953	1942	1953	1953	2132	1972	2018	2072	2036
304998	62	126	14	78	142	30	94	158	46	110	174	1988	2054	2127	1979	1963	1964	1976	2104	1981	2020	2054	2027
304998	62	126	14	78	142	30	94	158	46	110	174	2034	2010	2138	2032	2021	1979	2031	2049	1992	2018	2006	2008
304998	62	126	14	78	142	30	94	158	46	110	174	2068	1976	2148	2078	2057	1993	2074	2009	2006	2016	1981	1987
304998	62	126	14	78	142	30	94	158	46	110	174	2059	1979	2151	2071	2047	1985	2067	2021	2001	2022	1998	1997
304998	62	126	14	78	142	30	94	158	46	110	174	2022	2030	2134	2023	1990	1973	2021	2078	1985	2019	2033	2021
304998	62	126	14	78	142	30	94	158	46	110	174	1988	2073	2123	1971	1950	1955	1983	2132	1965	2018	2060	2039
304998	62	126	14	78	142	30	94	158	46	110	174	1974	2068	2114	1958	1955	1955	1967	2129	1976	2022	2064	2032
304998	62	126	14	78	142	30	94	158	46	110	174	2007	2032	2130	1999	1991	1972	2006	2083	1988	2017	2036	2008
304998	62	126	14	78	142	30	94	158	46	110	174	2044	1987	2158	2059	2043	1986	2046	2028	2002	2018	2001	1994
304998	62	126	14	78	142	30	94	158	46	110	174	2063	1978	2154	2083	2059	1990	2086	2020	2003	2022	1983	2000
304998	62	126	14	78	142	30	94	158	46	110	174	2045	2006	2148	2057	2026	1975	2045	2038	1991	2021	2003	2011
304998	62	126	14	78	142	30	94	158	46	110	174	2008	2049	2115	2000	1976	1956	1993	2101	1983	2019	2041	2016
304998	62	126	14	78	142	30	94	158	46	110	174	1970	2061	2126	1961	1941	1953	1955	2131	1975	2016	2071	2029
304998	62	126	14	78	142	30	94	158	46	110	174	1969	2042	2146	1970	1969	1967	1967	2110	1980	2021	2061	2029
304998	62	126	14	78	142	30	94	158	46	110	174	2023	2015	2149	2024	2016	1983	2044	2061	1992	2021	2017	2011
304998	62	126	14	78	142	30	94	158	46	110	174	2052	1983	2158	2075	2054	1996	2061	2008	2006	2022	1983	1996
304998	62	126	14	78	142	30	94	158	46	110	174	2070	1990	2140	2076	2050	1982	2067	2022	1995	2020	1991	1991
304998	62	126	14	78	142	30	94	158	46	110	174	2029	2020	2128	2029	2003	1966	2027	2067	1985	2018	2027	2013
304998	62	126	14	78	142	30	94	158	46	110	174	1990	2061	2122	1975	1963	1951	1981	2122	1974	2017	2062	2038
304998	62	126	14	78	142	30	94	158	46	110	174	1975	2073	2127	1956	1948	1959	1964	2129	1974	2020	2066	2035
304998	62	126	14	78	142	30	94	158	46	110	174	2003	2043	2136	1992	1985	1971	1985	2090	1991	2020	2038	2012
304998	62	126	14	78	142	30	94	158	46	110	174	2043	1998	2142	2049	2036	1985	2041	2037	1999	2017	2006	1996
304998	62	126	14	78	142	30	94	158	46	110	174	2072	1977	2145	2080	2054	1994	2087	2014	2005	2018	1987	1997
304998	62	126	14	78	142	30	94	158	46	110	174	2048	1995	2148	2063	2032	1978	2057	2033	1994	2022	2000	2011
304998	62	126	14	78	142	30	94	158	46	110	174	2014	2041	2129	2004	1983	1966	2004	2089	1984	2020	2038	2020
304998	62	126	14	78	142	30	94	158	46	110	174	1978	2072	2120	1957	1949	1953	1962	2132	1974	2021	2071	2028
304998	62	126	14	78	142	30	94	158	46	110	174	1979	2059	2126	1964	1963	1962	1965	2117	1977	2017	2061	2023
304998	62	126	14	78	142	30	94	158	46	110	174	2025	2019	2139	2023	1992	1983	2025	2070	1991	2021	2022	2012
304998	62	126	14	78	142	30	94	158	46	110	174	2057	1981	2158	2070	2055	1987	2064	2009	2001	2020	1990	1995
304998	62	126	14	78	142	30	94	158	46	110	174	2068	1985	2153	2078	2048	1989	2072	2012	2003	2016	1982	1988
304998	62	126	14	78	142	30	94	158	46	110	174	2033	2017	2141	2039	2013	1975	2031	2066	1991	2017	2022	2013
304998	62	126	14	78	142	30	94	158	46	110	174	1998	2064	2112	1979	1965	1963	1999	2119	1972	2016	2065	2034
304998	62	126	14	78	142	30	94	158	46	110	174	1979	2071	2113	1954	1939	1958	1958	2130	1970	2020	2068	2039
304998	62	126	14	78	142	30	94	158	46	110	174	1997	2041	2128	1987	1980	1966	1983	2089	1987	2019	2039	2020
304998	62	126	14	78	142	30	94	158	46	110	174	2037	1998	2156	2043	2027	1986	2037	2039	1999	2018	2007	1995
304998	62	126	14	78	142	30	94	158	46	110	174	2070	1983	2153	2080	2062	1989	2086	2012	2004	2021	1993	1988
304998	62	126	14	78	142	30	94	158	46	110	174	2060	1995	2139	2066	2043	1983	2078	2030	1991	2022	1999	2010
304998	62	126	14	78	142	30	94	158	46	110	174	2011	2030	2120	2008	1981	1963	2005	2084	1987	2019	2037	2023
304998	62	126	14	78	142	30	94	158	46	110	174	1981	2070	2115	1961	1946	1950	1961	2131	1975	2019	2060	2026
304998	62	126	14	78	142	30	94	158	46	110	174	1982	2063	2126	1963	1953	1955	1964	2121	1971	2019	2064	2025
304998	62	126	14	78	142	30	94	158	46	110	174	2012	2030	2139	2012	2002	1981	2014	2072	1986	2017	2028	2018
304998	62	126	14	78	142	30	94	158	46	110	174	2057	1989	2147	2066	2049	1988	2062	2019	1998	2018	1988	1995
304998	62	126	14	78	142	30	94	158	46	110	174	2071	1972	2156	2080	2050	1993	2072	2007	2007	2016	1985	1996
304998	62	126	14	78	142	30	94	158	46	110	174	2039	2010	2141	2048	2018	1970	2033	2058	1990	2016	2014	2002
304998	62	126	14	78	142	30	94	158	46	110	174	1994	2055	2125	1990	1963	1955	2003	2116	1971	2019	2056	2027
304998	62	126	14	78	142	30	94	158	46	110	174	1972	2071	2122	1956	1941	1953	1956	2130	1968	2020	2075	2040
304998	62	126	14	78	142	30	94	158	46	110	174	1998	2052	2123	1978	1980	1971	1989	2101	1984	2019	2047	2024
