304998	62	126	14	78	142	30	94	158	46	110	174	1998	2044	2129	1995	1975	1973	1981	2099	1999	2021	2050	2016
304998	62	126	14	78	142	30	94	158	46	110	174	2022	2026	2136	2015	2004	1968	2008	2070	1987	2017	2028	2013
304998	62	126	14	78	142	30	94	158	46	110	174	2040	2002	2142	2051	2021	1967	2045	2040	1972	2022	2010	2008
304998	62	126	14	78	142	30	94	158	46	110	174	2043	1993	2149	2059	2038	1967	2048	2031	1978	2017	2002	1996
304998	62	126	14	78	142	30	94	158	46	110	174	2038	2017	2139	2040	2010	1975	2037	2059	1987	2021	2018	2003
304998	62	126	14	78	142	30	94	158	46	110	174	2006	2038	2138	2004	1984	1975	2007	2090	1998	2020	2047	2025
304998	62	126	14	78	142	30	94	158	46	110	174	1999	2048	2115	1986	1975	1978	2006	2111	1995	2016	2054	2029
304998	62	126	14	78	142	30	94	158	46	110	174	2004	2032	2121	1999	1979	1976	1995	2087	1988	2020	2033	2021
304998	62	126	14	78	142	30	94	158	46	110	174	2025	2006	2142	2032	2018	1973	2021	2051	1982	2019	2015	2000
304998	62	126	14	78	142	30	94	158	46	110	174	2046	1993	2157	2055	2030	1968	2067	2031	1985	2022	2008	1996
304998	62	126	14	78	142	30	94	158	46	110	174	2035	2000	2158	2053	2022	1964	2042	2046	1979	2021	2013	2003
304998	62	126	14	78	142	30	94	158	46	110	174	2028	2031	2124	2022	1999	1972	2022	2080	1984	2019	2029	2027
304998	62	126	14	78	142	30	94	158	46	110	174	2000	2037	2124	1992	1971	1979	1983	2099	1994	2020	2042	2028
304998	62	126	14	78	142	30	94	158	46	110	174	1999	2042	2120	1984	1971	1978	1982	2091	2003	2020	2048	2017
304998	62	126	14	78	142	30	94	158	46	110	174	2013	2022	2146	2012	1993	1974	2003	2074	1993	2022	2032	2014
304998	62	126	14	78	142	30	94	158	46	110	174	2035	2003	2158	2047	2014	1965	2038	2042	1978	2022	2011	2005
304998	62	126	14	78	142	30	94	158	46	110	174	2045	2004	2151	2060	2032	1963	2054	2037	1971	2022	2008	2003
304998	62	126	14	78	142	30	94	158	46	110	174	2030	2011	2128	2038	2018	1967	2029	2049	1985	2018	2014	2001
304998	62	126	14	78	142	30	94	158	46	110	174	2016	2028	2125	2006	1986	1984	2006	2088	1996	2016	2045	2022
304998	62	126	14	78	142	30	94	158	46	110	174	2002	2045	2123	1983	1965	1979	1988	2108	1996	2021	2055	2035
304998	62	126	14	78	142	30	94	158	46	110	174	2004	2033	2132	1997	1968	1980	1998	2094	1991	2022	2042	2025
304998	62	126	14	78	142	30	94	158	46	110	174	2017	2018	2152	2031	2015	1966	2017	2056	1978	2021	2016	2007
304998	62	126	14	78	142	30	94	158	46	110	174	2045	2000	2148	2055	2039	1968	2054	2037	1983	2021	2006	1994
304998	62	126	14	78	142	30	94	158	46	110	174	2039	1999	2147	2055	2027	1969	2041	2045	1985	2018	2013	2005
304998	62	126	14	78	142	30	94	158	46	110	174	2025	2019	2138	2024	2002	1976	2027	2077	1987	2020	2031	2017
304998	62	126	14	78	142	30	94	158	46	110	174	1997	2036	2138	1993	1968	1983	1988	2099	1995	2020	2046	2028
304998	62	126	14	78	142	30	94	158	46	110	174	1993	2045	2124	1984	1973	1974	1982	2098	1997	2016	2047	2022
304998	62	126	14	78	142	30	94	158	46	110	174	2016	2028	2134	2008	1995	1974	2010	2076	1996	2020	2042	2013
304998	62	126	14	78	142	30	94	158	46	110	174	2038	2001	2146	2047	2018	1971	2031	2043	1984	2022	2014	2006
304998	62	126	14	78	142	30	94	158	46	110	174	2049	1993	2148	2060	2037	1969	2058	2035	1973	2019	2001	2006
304998	62	126	14	78	142	30	94	158	46	110	174	2028	2005	2153	2048	2014	1969	2037	2046	1984	2017	2013	2003
304998	62	126	14	78	142	30	94	158	46	110	174	2016	2037	2127	2015	1990	1971	2005	2084	1997	2019	2038	2011
304998	62	126	14	78	142	30	94	158	46	110	174	2001	2046	2120	1983	1973	1981	1980	2104	1998	2016	2056	2029
304998	62	126	14	78	142	30	94	158	46	110	174	2008	2042	2122	1999	1971	1983	1996	2096	1991	2018	2046	2033
304998	62	126	14	78	142	30	94	158	46	110	174	2022	2011	2144	2019	2006	1970	2013	2063	1986	2020	2019	2006
304998	62	126	14	78	142	30	94	158	46	110	174	2036	1999	2156	2057	2032	1965	2042	2030	1982	2023	2005	1996
304998	62	126	14	78	142	30	94	158	46	110	174	2042	2006	2150	2065	2032	1964	2051	2035	1984	2016	2013	2002
304998	62	126	14	78	142	30	94	158	46	110	174	2033	2024	2124	2032	2008	1972	2023	2069	1986	2019	2027	2019
304998	62	126	14	78	142	30	94	158	46	110	174	2006	2040	2115	1996	1980	1978	1998	2101	1991	2017	2042	2027
304998	62	126	14	78	142	30	94	158	46	110	174	1994	2039	2123	1980	1968	1983	1984	2102	1995	2021	2047	2021
304998	62	126	14	78	142	30	94	158	46	110	174	2005	2029	2142	2006	1993	1971	2001	2085	1995	2021	2042	2014
304998	62	126	14	78	142	30	94	158	46	110	174	2028	2008	2150	2040	2022	1961	2027	2049	1985	2022	2018	2003
304998	62	126	14	78	142	30	94	158	46	110	174	2046	2003	2143	2061	2040	1963	2050	2036	1974	2018	2004	2010
304998	62	126	14	78	142	30	94	158	46	110	174	2038	2003	2147	2048	2017	1968	2037	2047	1982	2020	2013	2011
304998	62	126	14	78	142	30	94	158	46	110	174	2007	2023	2128	2015	1989	1974	2007	2076	1993	2022	2038	2013
304998	62	126	14	78	142	30	94	158	46	110	174	2000	2041	2130	1984	1969	1981	1982	2102	2003	2018	2054	2026
304998	62	126	14	78	142	30	94	158	46	110	174	1995	2042	2129	1993	1972	1981	1983	2101	1996	2017	2047	2029
304998	62	126	14	78	142	30	94	158	46	110	174	2018	2025	2137	2017	2006	1970	2018	2068	1984	2016	2023	2016
304998	62	126	14	78	142	30	94	158	46	110	174	2037	1996	2151	2054	2019	1966	2037	2036	1973	2019	2000	1997
304998	62	126	14	78	142	30	94	158	46	110	174	2043	1999	2148	2059	2036	1967	2048	2036	1983	2018	2009	1999
304998	62	126	14	78	142	30	94	158	46	110	174	2031	2016	2147	2032	2001	1980	2027	2063	1991	2020	2031	2017
304998	62	126	14	78	142	30	94	158	46	110	174	2006	2042	2127	2001	1974	1977	1998	2099	1996	2020	2044	2029
304998	62	126	14	78	142	30	94	158	46	110	174	1997	2049	2116	1981	1971	1982	1984	2103	1995	2020	2047	2026
304998	62	126	14	78	142	30	94	158	46	110	174	2008	2032	2126	1998	1986	1980	1990	2079	1993	2021	2039	2015
304998	62	126	14	78	142	30	94	158	46	110	174	2027	2006	2141	2033	2021	1970	2024	2049	1991	2022	2024	2011
304998	62	126	14	78	142	30	94	158	46	110	174	2043	2000	2157	2058	2031	1965	2052	2038	1977	2019	2008	2006
304998	62	126	14	78	142	30	94	158	46	110	174	2034	2007	2149	2050	2023	1963	2042	2048	1979	2018	2008	2010
304998	62	126	14	78	142	30	94	158	46	110	174	2018	2037	2122	2016	1992	1974	2031	2081	1985	2018	2029	2016
304998	62	126	14	78	142	30	94	158	46	110	174	1999	2041	2117	1990	1972	1982	1985	2099	2002	2016	2058	2026
304998	62	126	14	78	142	30	94	158	46	110	174	1998	2039	2122	1987	1972	1982	1987	2102	1997	2020	2050	2025
304998	62	126	14	78	142	30	94	158	46	110	174	2015	2023	2147	2013	1999	1974	2009	2072	1986	2017	2028	2019
304998	62	126	14	78	142	30	94	158	46	110	174	2030	2003	2156	2050	2015	1970	2033	2039	1977	2020	2008	1999
304998	62	126	14	78	142	30	94	158	46	110	174	2040	2005	2143	2053	2034	1963	2048	2031	1977	2017	2011	1993
304998	62	126	14	78	142	30	94	158	46	110	174	2035	2017	2136	2036	2013	1968	2034	2057	1992	2020	2025	2014
304998	62	126	14	78	142	30	94	158	46	110	174	2008	2034	2125	2001	1983	1979	2000	2094	1996	2022	2042	2034
304998	62	126	14	78	142	30	94	158	46	110	174	1995	2048	2127	1981	1968	1988	2000	2109	1995	2020	2048	2030
304998	62	126	14	78	142	30	94	158	46	110	174	2001	2038	2138	1994	1969	1977	1991	2087	1989	2020	2040	2014
304998	62	126	14	78	142	30	94	158	46	110	174	2028	2018	2132	2029	2014	1963	2029	2055	1984	2022	2023	2009
304998	62	126	14	78	142	30	94	158	46	110	174	2048	1999	2145	2055	2029	1963	2060	2036	1987	2021	2007	2003
304998	62	126	14	78	142	30	94	158	46	110	174	2039	2003	2150	2053	2029	1970	2041	2045	1980	2017	2011	2005
304998	62	126	14	78	142	30	94	158	46	110	174	2023	2025	2139	2019	1998	1976	2034	2073	1990	2018	2028	2014
304998	62	126	14	78	142	30	94	158	46	110	174	1992	2045	2129	1994	1967	1982	1982	2099	1991	2020	2051	2024
304998	62	126	14	78	142	30	94	158	46	110	174	1996	2048	2117	1983	1969	1976	1981	2096	2002	2019	2057	2031
304998	62	126	14	78	142	30	94	158	46	110	174	2020	2026	2133	2008	1995	1969	2015	2077	1990	2020	2029	2017
304998	62	126	14	78	142	30	94	158	46	110	174	2033	2001	2149	2043	2024	1963	2036	2049	1977	2018	2008	2001
304998	62	126	14	78	142	30	94	158	46	110	174	2045	2001	2155	2060	2037	1963	2062	2036	1973	2018	2005	1993
304998	62	126	14	78	142	30	94	158	46	110	174	2028	2014	2145	2040	2017	1975	2039	2052	1987	2016	2022	2011
304998	62	126	14	78	142	30	94	158	46	110	174	2012	2041	2118	2009	1983	1975	2001	2090	1991	2021	2040	2030
304998	62	126	14	78	142	30	94	158	46	110	174	2000	2045	2118	1986	1972	1976	1990	2112	1999	2016	2049	2031
304998	62	126	14	78	142	30	94	158	46	110	174	2003	2033	2125	1994	1979	1977	1987	2089	1989	2017	2038	2015
304998	62	126	14	78	142	30	94	158	46	110	174	2025	2015	2145	2022	2011	1975	2018	2058	1981	2017	2023	2001
304998	62	126	14	78	142	30	94	158	46	110	174	2043	2003	2152	2054	2029	1970	2046	2032	1984	2020	2010	2005
304998	62	126	14	78	142	30	94	158	46	110	174	2042	2010	2140	2055	2032	1964	2042	2045	1983	2021	2009	2012
304998	62	126	14	78	142	30	94	158	46	110	174	2027	2023	2126	2030	1995	1975	2020	2073	1987	2016	2023	2011
304998	62	126	14	78	142	30	94	158	46	110	174	2000	2035	2129	1996	1968	1981	1987	2099	1993	2016	2051	2020
304998	62	126	14	78	142	30	94	158	46	110	174	1997	2042	2127	1982	1973	1983	1987	2099	1996	2016	2054	2028
304998	62	126	14	78	142	30	94	158	46	110	174	2011	2033	2137	2005	1994	1972	2006	2084	1991	2018	2034	2021
304998	62	126	14	78	142	30	94	158	46	110	174	2032	2013	2139	2039	2022	1967	2042	2049	1987	2019	2011	2001
304998	62	126	14	78	142	30	94	158	46	110	174	2046	2000	2141	2061	2030	1970	2066	2037	1971	2022	2000	1990
304998	62	126	14	78	142	30	94	158	46	110	174	2037	2006	2147	2043	2018	1970	2037	2049	1986	2022	2022	2006
304998	62	126	14	78	142	30	94	158	46	110	174	2010	2033	2137	2010	1992	1977	2010	2080	1994	2020	2043	2021
304998	62	126	14	78	142	30	94	158	46	110	174	1990	2046	2129	1980	1975	1981	1984	2106	1997	2016	2046	2032
304998	62	126	14	78	142	30	94	158	46	110	174	2004	2047	2122	1985	1978	1975	1998	2101	1984	2021	2041	2022
304998	62	126	14	78	142	30	94	158	46	110	174	2026	2018	2129	2019	2005	1970	2044	2074	1983	2021	2025	2002
304998	62	126	14	78	142	30	94	158	46	110	174	2043	1998	2146	2058	2028	1964	2045	2031	1983	2020	2011	2003
304998	62	126	14	78	142	30	94	158	46	110	174	2048	2002	2153	2061	2029	1969	2044	2038	1987	2017	2006	2008
304998	62	126	14	78	142	30	94	158	46	110	174	2027	2023	2144	2031	2006	1974	2025	2072	1987	2016	2018	2015
304998	62	126	14	78	142	30	94	158	46	110	174	2008	2048	2123	1995	1974	1985	2001	2099	1993	2016	2044	2020
304998	62	126	14	78	142	30	94	158	46	110	174	1997	2046	2119	1983	1968	1980	1981	2104	1997	2018	2056	2029
304998	62	126	14	78	142	30	94	158	46	110	174	2011	2027	2128	2007	1981	1973	1998	2086	1995	2021	2042	2026
304998	62	126	14	78	142	30	94	158	46	110	174	2034	2005	2153	2036	2020	1968	2031	2049	1986	2016	2014	2004
304998	62	126	14	78	142	30	94	158	46	110	174	2045	2000	2156	2061	2031	1974	2067	2036	1973	2020	1999	1994
304998	62	126	14	78	142	30	94	158	46	110	174	2041	2015	2144	2047	2021	1967	2046	2051	1976	2018	2015	2002
304998	62	126	14	78	142	30	94	158	46	110	174	2021	2035	2118	2014	1992	1973	2022	2081	1992	2022	2037	2022
304998	62	126	14	78	142	30	94	158	46	110	174	2004	2044	2110	1985	1970	1976	2007	2108	1997	2021	2051	2029
304998	62	126	14	78	142	30	94	158	46	110	174	2001	2039	2130	1987	1978	1970	1988	2097	1992	2020	2039	2028
304998	62	126	14	78	142	30	94	158	46	110	174	2021	2025	2142	2019	1993	1974	2014	2071	1981	2019	2027	2003
304998	62	126	14	78	142	30	94	158	46	110	174	2035	2005	2151	2047	2031	1972	2040	2036	1982	2020	2013	1999
304998	62	126	14	78	142	30	94	158	46	110	174	2048	2006	2141	2058	2036	1972	2056	2037	1984	2022	2003	2005
304998	62	126	14	78	142	30	94	158	46	110	174	2033	2011	2142	2039	2008	1967	2043	2064	1983	2017	2016	2014
304998	62	126	14	78	142	30	94	158	46	110	174	2013	2034	2126	2003	1981	1975	1999	2092	1986	2016	2042	2020
304998	62	126	14	78	142	30	94	158	46	110	174	2000	2045	2125	1982	1969	1981	1987	2105	1991	2021	2053	2024
304998	62	126	14	78	142	30	94	158	46	110	174	2003	2034	2134	2003	1979	1977	1996	2081	1996	2020	2041	2024
304998	62	126	14	78	142	30	94	158	46	110	174	2030	2018	2142	2029	2017	1973	2035	2055	1985	2018	2014	2011
304998	62	126	14	78	142	30	94	158	46	110	174	2049	1995	2143	2062	2028	1967	2049	2036	1979	2018	1996	1998
304998	62	126	14	78	142	30	94	158	46	110	174	2049	2003	2139	2053	2028	1968	2046	2046	1980	2017	2006	2001
304998	62	126	14	78	142	30	94	158	46	110	174	2018	2025	2140	2016	1996	1970	2015	2069	1990	2019	2033	2017
304998	62	126	14	78	142	30	94	158	46	110	174	1999	2049	2125	1992	1964	1983	1992	2105	1995	2018	2048	2029
304998	62	126	14	78	142	30	94	158	46	110	174	1999	2050	2124	1985	1975	1976	1986	2104	1995	2022	2044	2028
304998	62	126	14	78	142	30	94	158	46	110	174	2022	2026	2128	2017	1993	1975	2018	2077	1987	2018	2020	2006
304998	62	126	14	78	142	30	94	158	46	110	174	2043	1999	2146	2050	2028	1960	2045	2041	1977	2019	2013	1999
304998	62	126	14	78	142	30	94	158	46	110	174	2046	2000	2148	2062	2039	1969	2049	2028	1984	2021	2010	2005
304998	62	126	14	78	142	30	94	158	46	110	174	2035	2016	2141	2043	2005	1973	2042	2064	1985	2019	2017	2015
304998	62	126	14	78	142	30	94	158	46	110	174	2012	2039	2126	2004	1983	1982	2006	2088	1986	2019	2035	2020
304998	62	126	14	78	142	30	94	158	46	110	174	2000	2048	2116	1983	1970	1975	1993	2106	1989	2017	2048	2018
304998	62	126	14	78	142	30	94	158	46	110	174	2003	2030	2128	1996	1980	1971	1987	2084	1996	2017	2045	2017
304998	62	126	14	78	142	30	94	158	46	110	174	2025	2008	2143	2027	2016	1967	2022	2061	1981	2017	2019	2017
304998	62	126	14	78	142	30	94	158	46	110	174	2041	2000	2153	2058	2034	1973	2046	2039	1979	2018	1999	2002
304998	62	126	14	78	142	30	94	158	46	110	174	2042	2007	2149	2055	2028	1967	2049	2039	1979	2018	2000	1997
304998	62	126	14	78	142	30	94	158	46	110	174	2025	2033	2127	2022	1999	1969	2015	2070	1989	2018	2031	2011
304998	62	126	14	78	142	30	94	158	46	110	174	2008	2042	2116	1994	1970	1979	1991	2101	1999	2021	2048	2027
304998	62	126	14	78	142	30	94	158	46	110	174	2002	2043	2129	1986	1972	1974	1993	2108	1996	2016	2049	2029
304998	62	126	14	78	142	30	94	158	46	110	174	2017	2024	2139	2006	1993	1979	2010	2079	1986	2017	2027	2012
304998	62	126	14	78	142	30	94	158	46	110	174	2034	2007	2147	2045	2030	1971	2041	2046	1978	2017	2009	1994
304998	62	126	14	78	142	30	94	158	46	110	174	2041	1995	2150	2059	2039	1968	2050	2027	1987	2016	2008	1999
304998	62	126	14	78	142	30	94	158	46	110	174	2039	2011	2130	2047	2013	1967	2040	2056	1984	2018	2018	2009
304998	62	126	14	78	142	30	94	158	46	110	174	2017	2032	2130	2010	1992	1968	2013	2085	1987	2018	2035	2029
304998	62	126	14	78	142	30	94	158	46	110	174	1996	2044	2128	1983	1973	1976	1982	2103	1987	2020	2049	2018
304998	62	126	14	78	142	30	94	158	46	110	174	2004	2039	2132	1991	1969	1983	2002	2089	1992	2017	2042	2015
304998	62	126	14	78	142	30	94	158	46	110	174	2020	2018	2146	2022	2010	1967	2018	2057	1986	2020	2020	2010
304998	62	126	14	78	142	30	94	158	46	110	174	2046	2004	2138	2057	2033	1972	2051	2043	1976	2018	2002	2007
304998	62	126	14	78	142	30	94	158	46	110	174	2045	1994	2143	2058	2034	1969	2060	2038	1981	2021	2005	2010
304998	62	126	14	78	142	30	94	158	46	110	174	2027	2016	2139	2027	2008	1970	2029	2066	1988	2022	2021	2007
304998	62	126	14	78	142	30	94	158	46	110	174	2008	2044	2128	1998	1973	1978	2003	2097	1998	2022	2050	2020
304998	62	126	14	78	142	30	94	158	46	110	174	1981	2043	2141	1984	1973	1975	1983	2101	1992	2018	2051	2029
304998	62	126	14	78	142	30	94	158	46	110	174	2003	2034	2127	2005	1993	1971	2001	2077	1985	2022	2032	2016
304998	62	126	14	78	142	30	94	158	46	110	174	2035	2004	2143	2041	2022	1969	2032	2043	1980	2018	2007	2003
304998	62	126	14	78	142	30	94	158	46	110	174	2048	1994	2151	2056	2040	1970	2048	2028	1985	2018	2000	1990
304998	62	126	14	78	142	30	94	158	46	110	174	2037	2008	2146	2046	2024	1967	2040	2048	1985	2017	2017	2010
304998	62	126	14	78	142	30	94	158	46	110	174	2017	2036	2133	2015	1991	1975	2022	2086	1984	2018	2038	2024
304998	62	126	14	78	142	30	94	158	46	110	174	1997	2052	2118	1983	1965	1975	1998	2105	1985	2018	2047	2028
304998	62	126	14	78	142	30	94	158	46	110	174	2006	2038	2118	1991	1980	1974	1995	2098	1989	2016	2039	2014
304998	62	126	14	78	142	30	94	158	46	110	174	2018	2015	2140	2020	2008	1969	2011	2064	1993	2020	2025	2001
304998	62	126	14	78	142	30	94	158	46	110	174	2046	1999	2147	2051	2034	1970	2048	2042	1981	2022	2009	2006
304998	62	126	14	78	142	30	94	158	46	110	174	2048	2003	2159	2058	2029	1973	2065	2036	1980	2022	2003	2008
304998	62	126	14	78	142	30	94	158	46	110	174	2026	2018	2133	2031	2010	1968	2026	2057	1984	2020	2018	2020
304998	62	126	14	78	142	30	94	158	46	110	174	2012	2044	2118	2001	1973	1975	2013	2101	1995	2017	2038	2016
304998	62	126	14	78	142	30	94	158	46	110	174	1985	2038	2138	1984	1976	1968	1979	2111	1995	2021	2052	2021
304998	62	126	14	78	142	30	94	158	46	110	174	1995	2023	2132	2000	1996	1976	1998	2085	1986	2019	2038	2019
304998	62	126	14	78	142	30	94	158	46	110	174	2036	2008	2155	2035	2026	1967	2034	2049	1982	2016	2010	2014
