304998	62	126	14	78	142	30	94	158	46	110	174	2014	2037	2126	2012	1985	1963	2010	2087	1980	2022	2045	2024
304998	62	126	14	78	142	30	94	158	46	110	174	1975	2064	2126	1973	1945	1946	1983	2123	1965	2022	2072	2031
304998	62	126	14	78	142	30	94	158	46	110	174	1969	2057	2144	1979	1949	1952	1965	2111	1969	2022	2065	2017
304998	62	126	14	78	142	30	94	158	46	110	174	2018	2024	2137	2019	2005	1974	2020	2074	1989	2022	2027	2002
304998	62	126	14	78	142	30	94	158	46	110	174	2058	1981	2133	2064	2042	2002	2053	2020	2007	2022	1990	2009
304998	62	126	14	78	142	30	94	158	46	110	174	2071	1977	2137	2071	2050	1999	2071	2025	2015	2018	1982	2018
304998	62	126	14	78	142	30	94	158	46	110	174	2035	2008	2144	2037	2006	1979	2034	2061	1991	2018	2014	2016
304998	62	126	14	78	142	30	94	158	46	110	174	1991	2057	2133	1992	1953	1950	1993	2111	1966	2017	2056	2013
304998	62	126	14	78	142	30	94	158	46	110	174	1968	2072	2127	1962	1951	1943	1970	2123	1962	2016	2083	2021
304998	62	126	14	78	142	30	94	158	46	110	174	1993	2042	2127	1991	1974	1967	1990	2098	1987	2016	2053	2020
304998	62	126	14	78	142	30	94	158	46	110	174	2035	1999	2143	2038	2024	1988	2041	2051	2000	2018	2006	2011
304998	62	126	14	78	142	30	94	158	46	110	174	2071	1975	2146	2074	2042	2004	2074	2019	2013	2021	1974	2000
304998	62	126	14	78	142	30	94	158	46	110	174	2052	1986	2143	2064	2034	1985	2054	2028	1996	2017	1998	2008
304998	62	126	14	78	142	30	94	158	46	110	174	2019	2035	2129	2017	1986	1970	2025	2079	1981	2020	2039	2019
304998	62	126	14	78	142	30	94	158	46	110	174	1978	2063	2130	1978	1954	1947	1965	2121	1969	2016	2072	2026
304998	62	126	14	78	142	30	94	158	46	110	174	1979	2059	2125	1972	1960	1951	1975	2118	1958	2016	2064	2016
304998	62	126	14	78	142	30	94	158	46	110	174	2009	2024	2137	2006	1996	1979	2015	2076	1987	2019	2039	2008
304998	62	126	14	78	142	30	94	158	46	110	174	2051	1991	2144	2056	2037	1996	2049	2028	2015	2022	1999	2014
304998	62	126	14	78	142	30	94	158	46	110	174	2072	1981	2143	2075	2047	2002	2077	2023	2013	2020	1980	2005
304998	62	126	14	78	142	30	94	158	46	110	174	2046	2008	2128	2048	2014	1981	2049	2054	1993	2021	2009	2013
304998	62	126	14	78	142	30	94	158	46	110	174	2000	2046	2129	1996	1973	1956	1999	2100	1968	2016	2054	2016
304998	62	126	14	78	142	30	94	158	46	110	174	1965	2068	2137	1968	1946	1949	1963	2117	1968	2020	2077	2023
304998	62	126	14	78	142	30	94	158	46	110	174	1984	2049	2139	1994	1967	1962	1977	2102	1979	2019	2054	2020
304998	62	126	14	78	142	30	94	158	46	110	174	2028	2010	2134	2033	2016	1992	2032	2054	1996	2022	2009	2009
304998	62	126	14	78	142	30	94	158	46	110	174	2065	1972	2143	2070	2046	2006	2066	2018	2013	2019	1980	2006
304998	62	126	14	78	142	30	94	158	46	110	174	2065	1987	2143	2062	2042	1993	2063	2028	2004	2017	1995	2012
304998	62	126	14	78	142	30	94	158	46	110	174	2017	2025	2144	2032	1985	1971	2018	2077	1986	2017	2030	2020
304998	62	126	14	78	142	30	94	158	46	110	174	1984	2067	2129	1976	1959	1943	1976	2119	1957	2018	2066	2022
304998	62	126	14	78	142	30	94	158	46	110	174	1970	2064	2129	1974	1943	1950	1963	2113	1964	2016	2066	2014
304998	62	126	14	78	142	30	94	158	46	110	174	2009	2028	2130	2005	1991	1973	2006	2077	1985	2021	2037	2008
304998	62	126	14	78	142	30	94	158	46	110	174	2048	1992	2144	2051	2035	1994	2063	2037	2015	2017	1998	2014
304998	62	126	14	78	142	30	94	158	46	110	174	2065	1977	2145	2071	2048	1998	2067	2021	2013	2017	1984	2011
304998	62	126	14	78	142	30	94	158	46	110	174	2046	2005	2139	2050	2024	1977	2041	2049	1996	2021	2004	2013
304998	62	126	14	78	142	30	94	158	46	110	174	2010	2049	2126	2001	1979	1956	2005	2094	1969	2021	2050	2010
304998	62	126	14	78	142	30	94	158	46	110	174	1972	2065	2129	1976	1942	1946	1968	2123	1969	2021	2078	2020
304998	62	126	14	78	142	30	94	158	46	110	174	1981	2048	2137	1981	1967	1959	1979	2107	1970	2021	2056	2024
304998	62	126	14	78	142	30	94	158	46	110	174	2024	2007	2148	2025	2005	1982	2026	2060	1995	2021	2015	2015
304998	62	126	14	78	142	30	94	158	46	110	174	2064	1984	2140	2064	2048	1993	2060	2021	2012	2020	1979	2004
304998	62	126	14	78	142	30	94	158	46	110	174	2065	1984	2139	2069	2041	1994	2063	2028	2016	2017	1990	2006
304998	62	126	14	78	142	30	94	158	46	110	174	2024	2013	2135	2028	1994	1974	2021	2071	1982	2019	2028	2018
304998	62	126	14	78	142	30	94	158	46	110	174	1988	2056	2140	1983	1953	1952	1991	2106	1968	2018	2064	2024
304998	62	126	14	78	142	30	94	158	46	110	174	1971	2066	2135	1969	1946	1946	1971	2117	1961	2021	2069	2016
304998	62	126	14	78	142	30	94	158	46	110	174	1997	2040	2135	1997	1989	1966	1988	2084	1985	2017	2043	2010
304998	62	126	14	78	142	30	94	158	46	110	174	2045	1995	2130	2044	2033	1998	2036	2037	2008	2023	2003	2015
304998	62	126	14	78	142	30	94	158	46	110	174	2073	1974	2132	2073	2042	2007	2072	2026	2011	2019	1981	2014
304998	62	126	14	78	142	30	94	158	46	110	174	2052	1996	2136	2052	2031	1981	2059	2048	1996	2020	2000	2012
304998	62	126	14	78	142	30	94	158	46	110	174	2005	2044	2137	2016	1973	1962	2016	2094	1979	2017	2044	2010
304998	62	126	14	78	142	30	94	158	46	110	174	1961	2066	2145	1972	1958	1941	1963	2115	1964	2018	2078	2017
304998	62	126	14	78	142	30	94	158	46	110	174	1985	2063	2127	1977	1966	1954	1991	2111	1970	2020	2064	2019
304998	62	126	14	78	142	30	94	158	46	110	174	2019	2012	2144	2021	2012	1983	2022	2060	1992	2017	2020	2018
304998	62	126	14	78	142	30	94	158	46	110	174	2061	1980	2142	2062	2044	1998	2055	2020	2018	2020	1984	2007
304998	62	126	14	78	142	30	94	158	46	110	174	2064	1982	2144	2072	2036	1996	2061	2023	2013	2017	1989	2000
304998	62	126	14	78	142	30	94	158	46	110	174	2031	2014	2144	2034	2009	1971	2023	2055	1984	2020	2024	2017
304998	62	126	14	78	142	30	94	158	46	110	174	1990	2061	2128	1988	1965	1953	1990	2108	1966	2016	2064	2022
304998	62	126	14	78	142	30	94	158	46	110	174	1970	2057	2128	1975	1948	1947	1959	2113	1966	2022	2072	2017
304998	62	126	14	78	142	30	94	158	46	110	174	1998	2039	2134	1991	1979	1966	1990	2092	1987	2016	2047	2009
304998	62	126	14	78	142	30	94	158	46	110	174	2036	2000	2139	2038	2026	1989	2043	2046	2005	2017	2011	2013
304998	62	126	14	78	142	30	94	158	46	110	174	2067	1982	2143	2069	2050	1999	2059	2019	2015	2020	1985	2013
304998	62	126	14	78	142	30	94	158	46	110	174	2058	1999	2130	2057	2030	1993	2051	2033	2002	2021	1998	2013
304998	62	126	14	78	142	30	94	158	46	110	174	2017	2025	2141	2015	1983	1967	2003	2081	1985	2017	2037	2013
304998	62	126	14	78	142	30	94	158	46	110	174	1977	2061	2132	1972	1951	1943	1972	2120	1963	2021	2081	2015
304998	62	126	14	78	142	30	94	158	46	110	174	1974	2061	2140	1982	1955	1956	1980	2111	1969	2022	2070	2020
304998	62	126	14	78	142	30	94	158	46	110	174	2002	2021	2137	2014	2002	1977	2007	2067	1984	2021	2027	2020
304998	62	126	14	78	142	30	94	158	46	110	174	2061	1989	2126	2052	2034	2001	2049	2030	2019	2021	1987	2012
304998	62	126	14	78	142	30	94	158	46	110	174	2066	1978	2141	2070	2041	2002	2061	2025	2015	2021	1986	2003
304998	62	126	14	78	142	30	94	158	46	110	174	2039	2009	2138	2044	2014	1971	2037	2059	1992	2019	2020	2017
304998	62	126	14	78	142	30	94	158	46	110	174	1993	2052	2142	2000	1961	1952	1996	2102	1965	2016	2061	2022
304998	62	126	14	78	142	30	94	158	46	110	174	1969	2068	2128	1967	1953	1946	1959	2113	1965	2017	2074	2016
304998	62	126	14	78	142	30	94	158	46	110	174	1997	2045	2126	1990	1973	1965	1984	2101	1981	2020	2047	2007
304998	62	126	14	78	142	30	94	158	46	110	174	2026	2001	2142	2032	2017	1985	2025	2046	1998	2020	2013	2009
304998	62	126	14	78	142	30	94	158	46	110	174	2068	1979	2140	2066	2045	1998	2073	2023	2012	2022	1986	2017
304998	62	126	14	78	142	30	94	158	46	110	174	2055	1994	2142	2058	2038	1991	2063	2032	2006	2017	1996	2013
304998	62	126	14	78	142	30	94	158	46	110	174	2014	2035	2131	2016	1998	1962	2008	2076	1982	2017	2033	2018
304998	62	126	14	78	142	30	94	158	46	110	174	1983	2063	2127	1981	1954	1953	1970	2114	1966	2020	2071	2014
304998	62	126	14	78	142	30	94	158	46	110	174	1963	2048	2149	1974	1956	1950	1963	2110	1968	2018	2073	2016
304998	62	126	14	78	142	30	94	158	46	110	174	2005	2022	2140	2007	1998	1970	1996	2075	1986	2018	2031	2020
304998	62	126	14	78	142	30	94	158	46	110	174	2049	1993	2152	2053	2034	1999	2048	2034	2018	2020	1994	2013
304998	62	126	14	78	142	30	94	158	46	110	174	2056	1981	2140	2071	2048	2003	2058	2030	2017	2017	1984	2008
304998	62	126	14	78	142	30	94	158	46	110	174	2045	2006	2128	2043	2012	1983	2048	2053	1995	2017	2014	2009
304998	62	126	14	78	142	30	94	158	46	110	174	1987	2038	2144	2005	1969	1954	1994	2094	1967	2020	2054	2017
304998	62	126	14	78	142	30	94	158	46	110	174	1970	2068	2136	1971	1956	1944	1972	2118	1964	2019	2073	2026
304998	62	126	14	78	142	30	94	158	46	110	174	1981	2048	2146	1993	1969	1956	1973	2100	1979	2021	2053	2011
304998	62	126	14	78	142	30	94	158	46	110	174	2026	2014	2131	2027	2016	1984	2032	2060	1997	2021	2017	2003
304998	62	126	14	78	142	30	94	158	46	110	174	2064	1980	2133	2066	2037	2007	2057	2022	2011	2022	1991	2012
304998	62	126	14	78	142	30	94	158	46	110	174	2053	1982	2139	2062	2031	1997	2052	2030	2010	2022	1990	2019
304998	62	126	14	78	142	30	94	158	46	110	174	2022	2019	2139	2027	1997	1966	2018	2071	1995	2018	2031	2014
304998	62	126	14	78	142	30	94	158	46	110	174	1985	2062	2140	1985	1960	1947	1985	2111	1967	2020	2066	2011
304998	62	126	14	78	142	30	94	158	46	110	174	1972	2071	2127	1970	1955	1952	1970	2119	1961	2020	2078	2017
304998	62	126	14	78	142	30	94	158	46	110	174	2005	2032	2125	2005	1985	1975	2006	2086	1981	2018	2042	2019
304998	62	126	14	78	142	30	94	158	46	110	174	2042	1987	2142	2047	2030	1996	2041	2035	2015	2022	1993	2013
304998	62	126	14	78	142	30	94	158	46	110	174	2066	1980	2143	2065	2044	2000	2078	2028	2017	2020	1976	2013
304998	62	126	14	78	142	30	94	158	46	110	174	2042	2001	2145	2048	2025	1981	2048	2048	1998	2021	2010	2014
304998	62	126	14	78	142	30	94	158	46	110	174	2007	2047	2127	2007	1980	1955	1996	2089	1970	2022	2054	2022
304998	62	126	14	78	142	30	94	158	46	110	174	1975	2065	2126	1971	1950	1949	1972	2115	1963	2019	2075	2020
304998	62	126	14	78	142	30	94	158	46	110	174	1966	2043	2139	1985	1966	1954	1963	2105	1977	2017	2061	2013
304998	62	126	14	78	142	30	94	158	46	110	174	2023	2013	2142	2025	2004	1983	2012	2067	1996	2020	2018	2008
304998	62	126	14	78	142	30	94	158	46	110	174	2047	1983	2156	2060	2040	2004	2052	2026	2011	2021	1990	2016
304998	62	126	14	78	142	30	94	158	46	110	174	2057	1986	2132	2061	2046	1997	2057	2026	2009	2020	1992	2019
304998	62	126	14	78	142	30	94	158	46	110	174	2034	2018	2131	2030	1999	1976	2038	2068	1996	2020	2022	2011
304998	62	126	14	78	142	30	94	158	46	110	174	1981	2056	2136	1988	1962	1949	1972	2111	1966	2020	2066	2009
304998	62	126	14	78	142	30	94	158	46	110	174	1969	2063	2142	1971	1946	1947	1970	2116	1961	2016	2082	2017
304998	62	126	14	78	142	30	94	158	46	110	174	1992	2041	2140	1995	1983	1969	1987	2082	1980	2016	2048	2021
304998	62	126	14	78	142	30	94	158	46	110	174	2043	2005	2126	2042	2025	1989	2059	2042	2012	2017	1999	2016
304998	62	126	14	78	142	30	94	158	46	110	174	2066	1979	2136	2071	2040	2006	2061	2026	2019	2022	1976	2005
304998	62	126	14	78	142	30	94	158	46	110	174	2049	1996	2134	2051	2031	1983	2046	2047	1999	2017	2001	2012
304998	62	126	14	78	142	30	94	158	46	110	174	2009	2040	2143	2011	1979	1963	2008	2085	1969	2019	2050	2020
304998	62	126	14	78	142	30	94	158	46	110	174	1972	2071	2134	1975	1954	1944	1972	2109	1962	2017	2074	2022
304998	62	126	14	78	142	30	94	158	46	110	174	1981	2058	2124	1982	1961	1954	1973	2105	1969	2020	2060	2006
304998	62	126	14	78	142	30	94	158	46	110	174	2020	2018	2132	2016	2001	1982	2014	2074	1996	2017	2029	2008
304998	62	126	14	78	142	30	94	158	46	110	174	2059	1986	2138	2054	2044	2001	2052	2035	2011	2021	1993	2019
304998	62	126	14	78	142	30	94	158	46	110	174	2068	1986	2140	2068	2040	1998	2071	2030	2009	2017	1986	2019
304998	62	126	14	78	142	30	94	158	46	110	174	2032	2018	2136	2036	2010	1976	2028	2059	1994	2022	2016	2011
304998	62	126	14	78	142	30	94	158	46	110	174	1994	2057	2127	1993	1969	1951	1990	2104	1967	2020	2057	2006
304998	62	126	14	78	142	30	94	158	46	110	174	1974	2063	2138	1971	1954	1948	1970	2116	1961	2016	2080	2014
304998	62	126	14	78	142	30	94	158	46	110	174	1995	2038	2133	1988	1976	1964	1993	2088	1975	2017	2054	2020
304998	62	126	14	78	142	30	94	158	46	110	174	2036	2005	2140	2042	2015	1993	2045	2049	2009	2017	2006	2020
304998	62	126	14	78	142	30	94	158	46	110	174	2061	1983	2143	2064	2045	2001	2056	2027	2021	2021	1977	2013
304998	62	126	14	78	142	30	94	158	46	110	174	2055	1993	2124	2056	2034	1998	2051	2044	2001	2020	2000	2010
304998	62	126	14	78	142	30	94	158	46	110	174	2018	2031	2133	2015	1989	1961	2016	2080	1976	2018	2041	2022
304998	62	126	14	78	142	30	94	158	46	110	174	1979	2063	2139	1979	1955	1945	1989	2113	1961	2021	2073	2015
304998	62	126	14	78	142	30	94	158	46	110	174	1975	2060	2141	1985	1953	1958	1966	2113	1969	2020	2064	2012
304998	62	126	14	78	142	30	94	158	46	110	174	2012	2033	2137	2013	2001	1975	2005	2078	1988	2020	2029	2009
304998	62	126	14	78	142	30	94	158	46	110	174	2054	1993	2127	2051	2028	2005	2059	2034	2009	2020	1993	2021
304998	62	126	14	78	142	30	94	158	46	110	174	2071	1981	2129	2063	2044	2002	2063	2024	2012	2021	1985	2020
304998	62	126	14	78	142	30	94	158	46	110	174	2040	2008	2134	2040	2010	1979	2038	2056	1999	2018	2010	2015
304998	62	126	14	78	142	30	94	158	46	110	174	1999	2048	2142	2002	1963	1953	1987	2103	1965	2018	2051	2005
304998	62	126	14	78	142	30	94	158	46	110	174	1975	2074	2133	1974	1957	1941	1975	2122	1957	2021	2080	2015
304998	62	126	14	78	142	30	94	158	46	110	174	1990	2051	2130	1992	1967	1967	1991	2098	1974	2022	2056	2018
304998	62	126	14	78	142	30	94	158	46	110	174	2037	2008	2128	2028	2020	1993	2034	2052	2005	2020	2011	2016
304998	62	126	14	78	142	30	94	158	46	110	174	2065	1981	2138	2058	2045	2003	2052	2028	2020	2020	1978	2012
304998	62	126	14	78	142	30	94	158	46	110	174	2060	1989	2139	2056	2039	1990	2058	2038	2006	2021	1999	2011
304998	62	126	14	78	142	30	94	158	46	110	174	2023	2032	2134	2018	1998	1961	2021	2074	1982	2018	2036	2019
304998	62	126	14	78	142	30	94	158	46	110	174	1984	2069	2128	1983	1953	1950	1986	2105	1964	2016	2069	2019
304998	62	126	14	78	142	30	94	158	46	110	174	1974	2062	2130	1971	1963	1948	1969	2112	1969	2017	2069	2008
304998	62	126	14	78	142	30	94	158	46	110	174	2005	2025	2135	1999	1996	1969	1998	2082	1987	2019	2037	2007
304998	62	126	14	78	142	30	94	158	46	110	174	2047	1987	2144	2050	2030	1996	2049	2044	2008	2018	1994	2018
304998	62	126	14	78	142	30	94	158	46	110	174	2070	1988	2134	2064	2050	2000	2073	2022	2017	2019	1982	2025
304998	62	126	14	78	142	30	94	158	46	110	174	2046	2013	2129	2045	2020	1983	2050	2051	2001	2022	2003	2018
304998	62	126	14	78	142	30	94	158	46	110	174	2002	2045	2130	2005	1975	1953	1992	2094	1971	2020	2053	2004
304998	62	126	14	78	142	30	94	158	46	110	174	1975	2063	2134	1971	1951	1943	1968	2114	1954	2017	2074	2010
304998	62	126	14	78	142	30	94	158	46	110	174	1987	2051	2140	1990	1968	1955	1981	2102	1972	2021	2058	2015
304998	62	126	14	78	142	30	94	158	46	110	174	2020	2015	2142	2029	2015	1985	2023	2053	2005	2020	2015	2018
304998	62	126	14	78	142	30	94	158	46	110	174	2066	1991	2128	2056	2048	2002	2058	2033	2017	2020	1979	2011
304998	62	126	14	78	142	30	94	158	46	110	174	2071	1989	2124	2065	2031	2003	2064	2039	2006	2018	1992	2015
304998	62	126	14	78	142	30	94	158	46	110	174	2031	2023	2137	2020	2003	1972	2034	2074	1982	2019	2031	2020
304998	62	126	14	78	142	30	94	158	46	110	174	1986	2062	2141	1987	1957	1947	1989	2102	1967	2019	2064	2015
304998	62	126	14	78	142	30	94	158	46	110	174	1964	2062	2156	1974	1954	1940	1964	2109	1967	2021	2071	2007
304998	62	126	14	78	142	30	94	158	46	110	174	2004	2038	2135	1997	1990	1968	1998	2084	1986	2017	2041	2007
304998	62	126	14	78	142	30	94	158	46	110	174	2046	1993	2129	2049	2017	2001	2037	2047	2008	2017	2002	2020
304998	62	126	14	78	142	30	94	158	46	110	174	2070	1976	2127	2064	2044	2004	2058	2020	2015	2020	1981	2023
304998	62	126	14	78	142	30	94	158	46	110	174	2051	1997	2137	2050	2014	1990	2052	2049	2008	2022	1999	2015
304998	62	126	14	78	142	30	94	158	46	110	174	2004	2037	2147	2012	1977	1957	2005	2092	1972	2016	2043	2005
304998	62	126	14	78	142	30	94	158	46	110	174	1969	2073	2139	1977	1959	1943	1972	2113	1953	2020	2080	2011
304998	62	126	14	78	142	30	94	158	46	110	174	1981	2058	2127	1986	1956	1957	1975	2104	1966	2021	2065	2015
304998	62	126	14	78	142	30	94	158	46	110	174	2019	2011	2138	2026	2003	1979	2021	2059	2006	2022	2020	2016
304998	62	126	14	78	142	30	94	158	46	110	174	2061	1984	2131	2056	2042	2004	2063	2039	2020	2020	1979	2015
304998	62	126	14	78	142	30	94	158	46	110	174	2064	1984	2133	2061	2038	1997	2072	2038	2012	2022	1986	2013
304998	62	126	14	78	142	30	94	158	46	110	174	2022	2016	2143	2029	2010	1972	2027	2061	1986	2018	2022	2016
304998	62	126	14	78	142	30	94	158	46	110	174	1985	2057	2133	1991	1968	1955	1982	2099	1967	2018	2063	2015
304998	62	126	14	78	142	30	94	158	46	110	174	1970	2049	2157	1978	1950	1949	1964	2112	1965	2021	2071	2012
