304998	62	126	14	78	142	30	94	158	46	110	174	2004	2040	2143	2014	1985	1953	2003	2087	1969	2016	2047	2017
304998	62	126	14	78	142	30	94	158	46	110	174	1973	2062	2139	1990	1951	1944	1967	2104	1953	2020	2075	2007
304998	62	126	14	78	142	30	94	158	46	110	174	1987	2045	2138	1993	1964	1955	1972	2092	1970	2020	2066	2000
304998	62	126	14	78	142	30	94	158	46	110	174	2020	2012	2133	2024	1998	1984	2007	2062	2005	2018	2027	2015
304998	62	126	14	78	142	30	94	158	46	110	174	2061	1987	2129	2059	2038	2003	2059	2038	2022	2020	1988	2029
304998	62	126	14	78	142	30	94	158	46	110	174	2060	1984	2130	2060	2040	2002	2056	2034	2012	2021	1984	2028
304998	62	126	14	78	142	30	94	158	46	110	174	2036	2019	2125	2029	2009	1974	2024	2063	1983	2020	2021	2011
304998	62	126	14	78	142	30	94	158	46	110	174	1988	2045	2145	1994	1963	1945	1991	2093	1963	2016	2074	1997
304998	62	126	14	78	142	30	94	158	46	110	174	1970	2059	2144	1986	1958	1941	1979	2106	1966	2022	2082	2011
304998	62	126	14	78	142	30	94	158	46	110	174	1998	2040	2144	2007	1986	1965	2004	2085	1976	2023	2044	2017
304998	62	126	14	78	142	30	94	158	46	110	174	2033	2000	2132	2042	2020	1999	2029	2051	2010	2019	1998	2021
304998	62	126	14	78	142	30	94	158	46	110	174	2070	1983	2118	2057	2041	2006	2060	2026	2023	2022	1985	2016
304998	62	126	14	78	142	30	94	158	46	110	174	2051	1992	2134	2048	2021	1988	2041	2044	2009	2017	2005	2021
304998	62	126	14	78	142	30	94	158	46	110	174	2012	2033	2143	2015	1989	1954	2006	2086	1971	2021	2045	2018
304998	62	126	14	78	142	30	94	158	46	110	174	1969	2061	2153	1992	1954	1942	1974	2104	1952	2016	2071	2004
304998	62	126	14	78	142	30	94	158	46	110	174	1975	2059	2136	1987	1968	1955	1972	2097	1964	2022	2066	1999
304998	62	126	14	78	142	30	94	158	46	110	174	2020	2019	2128	2018	1996	1985	2016	2060	2000	2019	2032	2018
304998	62	126	14	78	142	30	94	158	46	110	174	2054	1983	2122	2048	2033	2002	2045	2038	2021	2018	1995	2030
304998	62	126	14	78	142	30	94	158	46	110	174	2068	1982	2128	2059	2039	1997	2063	2041	2014	2018	1985	2027
304998	62	126	14	78	142	30	94	158	46	110	174	2030	2015	2144	2039	2001	1981	2030	2062	1992	2019	2015	2007
304998	62	126	14	78	142	30	94	158	46	110	174	1988	2051	2140	2000	1972	1951	1986	2088	1965	2020	2065	2002
304998	62	126	14	78	142	30	94	158	46	110	174	1970	2057	2146	1984	1945	1947	1966	2105	1957	2017	2082	2006
304998	62	126	14	78	142	30	94	158	46	110	174	1996	2039	2131	2002	1982	1960	1990	2091	1981	2020	2051	2018
304998	62	126	14	78	142	30	94	158	46	110	174	2038	2004	2132	2034	2016	1996	2037	2052	2006	2020	2007	2025
304998	62	126	14	78	142	30	94	158	46	110	174	2060	1981	2128	2057	2034	2004	2051	2026	2017	2021	1979	2020
304998	62	126	14	78	142	30	94	158	46	110	174	2057	2001	2126	2048	2025	2001	2046	2044	2018	2017	1999	2019
304998	62	126	14	78	142	30	94	158	46	110	174	2018	2028	2137	2023	1978	1965	2016	2077	1979	2017	2039	2016
304998	62	126	14	78	142	30	94	158	46	110	174	1979	2056	2147	1987	1962	1939	1981	2106	1955	2021	2068	2012
304998	62	126	14	78	142	30	94	158	46	110	174	1975	2054	2147	1987	1957	1947	1974	2100	1957	2017	2069	1999
304998	62	126	14	78	142	30	94	158	46	110	174	2006	2024	2138	2013	1997	1974	2004	2070	1995	2018	2034	2008
304998	62	126	14	78	142	30	94	158	46	110	174	2052	1994	2121	2047	2031	2008	2043	2037	2023	2016	1995	2028
304998	62	126	14	78	142	30	94	158	46	110	174	2068	1979	2125	2061	2040	2003	2052	2034	2018	2018	1978	2031
304998	62	126	14	78	142	30	94	158	46	110	174	2041	2009	2129	2037	2014	1975	2036	2057	1993	2017	2013	2015
304998	62	126	14	78	142	30	94	158	46	110	174	1997	2043	2145	2006	1972	1952	2004	2092	1967	2020	2057	1997
304998	62	126	14	78	142	30	94	158	46	110	174	1969	2067	2150	1983	1956	1941	1974	2105	1957	2021	2080	2008
304998	62	126	14	78	142	30	94	158	46	110	174	1989	2048	2134	1997	1973	1966	1986	2096	1973	2017	2059	2017
304998	62	126	14	78	142	30	94	158	46	110	174	2022	2002	2134	2030	2008	1988	2016	2056	2007	2021	2010	2017
304998	62	126	14	78	142	30	94	158	46	110	174	2063	1979	2123	2057	2044	2003	2062	2034	2018	2021	1981	2020
304998	62	126	14	78	142	30	94	158	46	110	174	2058	1987	2133	2053	2036	1994	2050	2039	2013	2021	1996	2024
304998	62	126	14	78	142	30	94	158	46	110	174	2019	2032	2141	2021	1997	1965	2018	2076	1988	2020	2034	2018
304998	62	126	14	78	142	30	94	158	46	110	174	1983	2064	2139	1987	1963	1940	1993	2102	1956	2022	2071	2002
304998	62	126	14	78	142	30	94	158	46	110	174	1970	2062	2140	1987	1956	1948	1970	2102	1961	2017	2072	1995
304998	62	126	14	78	142	30	94	158	46	110	174	2009	2031	2133	2009	1994	1966	1996	2074	1986	2017	2041	2012
304998	62	126	14	78	142	30	94	158	46	110	174	2042	1990	2136	2045	2025	2003	2040	2042	2022	2017	2000	2027
304998	62	126	14	78	142	30	94	158	46	110	174	2063	1985	2126	2056	2044	2005	2064	2039	2016	2021	1979	2037
304998	62	126	14	78	142	30	94	158	46	110	174	2043	2008	2137	2047	2010	1988	2037	2049	1999	2021	2003	2015
304998	62	126	14	78	142	30	94	158	46	110	174	2004	2040	2133	2009	1975	1952	2003	2084	1970	2016	2055	1996
304998	62	126	14	78	142	30	94	158	46	110	174	1974	2058	2148	1983	1958	1937	1984	2107	1961	2016	2076	2008
304998	62	126	14	78	142	30	94	158	46	110	174	1979	2051	2148	1995	1972	1955	1975	2098	1973	2017	2060	2015
304998	62	126	14	78	142	30	94	158	46	110	174	2021	2013	2137	2022	2013	1984	2021	2064	1996	2017	2020	2019
304998	62	126	14	78	142	30	94	158	46	110	174	2055	1987	2124	2054	2036	2003	2049	2039	2018	2020	1984	2020
304998	62	126	14	78	142	30	94	158	46	110	174	2063	1984	2123	2054	2036	1996	2057	2038	2011	2021	1990	2019
304998	62	126	14	78	142	30	94	158	46	110	174	2028	2017	2136	2026	2000	1965	2019	2074	1991	2021	2028	2020
304998	62	126	14	78	142	30	94	158	46	110	174	1982	2049	2153	1995	1962	1950	1986	2105	1960	2021	2063	2006
304998	62	126	14	78	142	30	94	158	46	110	174	1972	2063	2150	1981	1956	1946	1992	2112	1954	2018	2072	1993
304998	62	126	14	78	142	30	94	158	46	110	174	1994	2038	2136	2002	1985	1966	1995	2079	1980	2022	2048	2007
304998	62	126	14	78	142	30	94	158	46	110	174	2045	1996	2124	2042	2015	1996	2040	2051	2016	2019	2002	2025
304998	62	126	14	78	142	30	94	158	46	110	174	2065	1981	2128	2059	2046	2006	2061	2035	2020	2022	1977	2036
304998	62	126	14	78	142	30	94	158	46	110	174	2049	2001	2129	2048	2009	1995	2049	2049	1999	2021	1997	2015
304998	62	126	14	78	142	30	94	158	46	110	174	2002	2040	2148	2010	1985	1958	2002	2086	1965	2017	2048	2009
304998	62	126	14	78	142	30	94	158	46	110	174	1975	2066	2139	1985	1955	1936	1979	2106	1960	2020	2079	2006
304998	62	126	14	78	142	30	94	158	46	110	174	1979	2057	2137	1985	1972	1950	1991	2102	1972	2022	2069	2008
304998	62	126	14	78	142	30	94	158	46	110	174	2020	2016	2130	2016	2006	1980	2010	2071	1995	2017	2019	2017
304998	62	126	14	78	142	30	94	158	46	110	174	2052	1988	2129	2050	2036	2004	2046	2040	2018	2016	1991	2016
304998	62	126	14	78	142	30	94	158	46	110	174	2054	1985	2137	2054	2040	2004	2051	2032	2015	2017	1993	2028
304998	62	126	14	78	142	30	94	158	46	110	174	2031	2024	2134	2029	2006	1971	2034	2059	1995	2022	2021	2023
304998	62	126	14	78	142	30	94	158	46	110	174	1989	2049	2140	1995	1967	1945	1987	2100	1967	2021	2060	2004
304998	62	126	14	78	142	30	94	158	46	110	174	1971	2060	2143	1981	1955	1945	1971	2107	1959	2017	2076	2000
304998	62	126	14	78	142	30	94	158	46	110	174	1990	2039	2145	1998	1983	1969	1995	2086	1973	2017	2051	2013
304998	62	126	14	78	142	30	94	158	46	110	174	2036	2006	2137	2032	2020	1997	2034	2045	2012	2021	2008	2027
304998	62	126	14	78	142	30	94	158	46	110	174	2065	1983	2119	2053	2041	2008	2049	2037	2020	2020	1977	2030
304998	62	126	14	78	142	30	94	158	46	110	174	2055	1994	2126	2048	2025	1989	2055	2047	2005	2020	1995	2014
304998	62	126	14	78	142	30	94	158	46	110	174	2014	2033	2145	2015	1994	1962	2008	2080	1974	2020	2046	2012
304998	62	126	14	78	142	30	94	158	46	110	174	1977	2063	2149	1986	1960	1943	1988	2107	1956	2021	2078	2012
304998	62	126	14	78	142	30	94	158	46	110	174	1974	2063	2145	1978	1967	1950	1983	2109	1972	2018	2066	2010
304998	62	126	14	78	142	30	94	158	46	110	174	2008	2031	2127	2011	1999	1977	2005	2077	1996	2020	2028	2011
304998	62	126	14	78	142	30	94	158	46	110	174	2049	1985	2130	2050	2030	1997	2041	2038	2014	2018	1993	2020
304998	62	126	14	78	142	30	94	158	46	110	174	2060	1978	2126	2057	2044	2004	2053	2030	2016	2022	1986	2032
304998	62	126	14	78	142	30	94	158	46	110	174	2039	2011	2144	2041	2005	1983	2032	2058	1994	2017	2014	2020
304998	62	126	14	78	142	30	94	158	46	110	174	1987	2049	2145	1994	1974	1944	1990	2101	1968	2020	2055	2006
304998	62	126	14	78	142	30	94	158	46	110	174	1971	2063	2144	1978	1950	1941	1979	2109	1954	2020	2078	2000
304998	62	126	14	78	142	30	94	158	46	110	174	1989	2043	2135	1996	1979	1958	1988	2091	1970	2022	2058	2011
304998	62	126	14	78	142	30	94	158	46	110	174	2034	2004	2128	2028	2023	1989	2025	2051	2009	2020	2008	2027
304998	62	126	14	78	142	30	94	158	46	110	174	2060	1985	2130	2061	2026	2010	2051	2038	2030	2020	1985	2023
304998	62	126	14	78	142	30	94	158	46	110	174	2057	2001	2135	2047	2030	1997	2052	2049	2004	2021	1995	2014
304998	62	126	14	78	142	30	94	158	46	110	174	2019	2032	2130	2019	1990	1965	2013	2078	1977	2022	2044	2015
304998	62	126	14	78	142	30	94	158	46	110	174	1981	2059	2141	1984	1965	1940	1982	2105	1959	2018	2072	2011
304998	62	126	14	78	142	30	94	158	46	110	174	1975	2057	2149	1981	1963	1945	1973	2103	1969	2021	2065	2004
304998	62	126	14	78	142	30	94	158	46	110	174	2000	2025	2142	2011	1989	1977	2004	2079	1986	2020	2036	2008
304998	62	126	14	78	142	30	94	158	46	110	174	2046	1999	2132	2045	2031	2003	2045	2043	2015	2020	1998	2034
304998	62	126	14	78	142	30	94	158	46	110	174	2068	1985	2120	2056	2038	2002	2065	2038	2017	2019	1986	2034
304998	62	126	14	78	142	30	94	158	46	110	174	2038	2006	2133	2041	2016	1980	2036	2053	2000	2018	2010	2027
304998	62	126	14	78	142	30	94	158	46	110	174	1996	2040	2150	2002	1980	1956	1989	2091	1974	2020	2055	1996
304998	62	126	14	78	142	30	94	158	46	110	174	1970	2062	2149	1976	1958	1940	1978	2111	1959	2017	2083	2003
304998	62	126	14	78	142	30	94	158	46	110	174	1981	2049	2144	1985	1970	1956	1986	2094	1972	2018	2059	2017
304998	62	126	14	78	142	30	94	158	46	110	174	2022	2010	2128	2021	2015	1988	2020	2055	2003	2020	2012	2018
304998	62	126	14	78	142	30	94	158	46	110	174	2060	1984	2122	2054	2044	2001	2050	2038	2027	2022	1988	2020
304998	62	126	14	78	142	30	94	158	46	110	174	2054	1987	2139	2050	2036	1996	2046	2041	2013	2020	1999	2023
304998	62	126	14	78	142	30	94	158	46	110	174	2021	2034	2137	2019	2002	1968	2028	2075	1983	2020	2033	2017
304998	62	126	14	78	142	30	94	158	46	110	174	1980	2060	2150	1983	1958	1947	1978	2104	1957	2019	2066	2004
304998	62	126	14	78	142	30	94	158	46	110	174	1974	2063	2137	1980	1952	1946	1975	2106	1971	2021	2069	1994
304998	62	126	14	78	142	30	94	158	46	110	174	2001	2033	2136	2001	1993	1967	2000	2083	1984	2021	2044	2013
304998	62	126	14	78	142	30	94	158	46	110	174	2041	1994	2139	2037	2031	2002	2031	2044	2014	2018	2001	2027
304998	62	126	14	78	142	30	94	158	46	110	174	2065	1994	2126	2054	2046	2006	2057	2038	2016	2018	1980	2030
304998	62	126	14	78	142	30	94	158	46	110	174	2048	2009	2124	2039	2018	1988	2052	2049	2001	2022	2009	2010
304998	62	126	14	78	142	30	94	158	46	110	174	2000	2036	2141	2004	1977	1952	2000	2090	1978	2021	2053	2006
304998	62	126	14	78	142	30	94	158	46	110	174	1975	2065	2151	1982	1957	1939	1983	2122	1957	2016	2072	2010
304998	62	126	14	78	142	30	94	158	46	110	174	1980	2048	2159	1985	1968	1960	1984	2100	1974	2021	2056	2011
304998	62	126	14	78	142	30	94	158	46	110	174	2011	2020	2142	2021	2007	1984	2009	2064	1996	2018	2019	2014
304998	62	126	14	78	142	30	94	158	46	110	174	2056	1989	2121	2050	2033	2010	2041	2032	2027	2021	1994	2025
304998	62	126	14	78	142	30	94	158	46	110	174	2051	1983	2132	2053	2031	1996	2046	2045	2014	2022	1991	2028
304998	62	126	14	78	142	30	94	158	46	110	174	2033	2021	2139	2024	2000	1978	2041	2078	1983	2016	2023	2019
304998	62	126	14	78	142	30	94	158	46	110	174	1981	2055	2154	1993	1968	1945	1983	2102	1961	2018	2060	2004
304998	62	126	14	78	142	30	94	158	46	110	174	1974	2070	2140	1978	1963	1945	1994	2112	1965	2020	2081	2007
304998	62	126	14	78	142	30	94	158	46	110	174	1995	2040	2131	2002	1977	1973	1998	2087	1988	2019	2047	2019
304998	62	126	14	78	142	30	94	158	46	110	174	2037	1995	2126	2034	2020	1993	2029	2052	2010	2017	2002	2021
304998	62	126	14	78	142	30	94	158	46	110	174	2065	1985	2134	2056	2039	2003	2069	2038	2017	2020	1984	2019
304998	62	126	14	78	142	30	94	158	46	110	174	2043	2004	2138	2047	2026	1986	2048	2050	2004	2020	2004	2017
304998	62	126	14	78	142	30	94	158	46	110	174	2016	2045	2128	2008	1986	1964	2009	2084	1979	2019	2047	2011
304998	62	126	14	78	142	30	94	158	46	110	174	1980	2064	2140	1977	1963	1943	1972	2115	1964	2017	2073	2003
304998	62	126	14	78	142	30	94	158	46	110	174	1976	2057	2142	1984	1964	1953	1981	2106	1969	2022	2060	2004
304998	62	126	14	78	142	30	94	158	46	110	174	2015	2026	2141	2013	2001	1979	2019	2071	1990	2017	2026	2015
304998	62	126	14	78	142	30	94	158	46	110	174	2055	1994	2126	2049	2035	2003	2046	2039	2021	2018	1994	2032
304998	62	126	14	78	142	30	94	158	46	110	174	2064	1987	2119	2056	2038	2006	2058	2038	2022	2020	1983	2032
304998	62	126	14	78	142	30	94	158	46	110	174	2038	2017	2129	2031	2005	1982	2047	2068	1986	2020	2015	2015
304998	62	126	14	78	142	30	94	158	46	110	174	1992	2049	2150	1996	1970	1951	1995	2100	1964	2016	2066	2002
304998	62	126	14	78	142	30	94	158	46	110	174	1971	2073	2149	1975	1955	1938	1973	2116	1960	2016	2081	2010
304998	62	126	14	78	142	30	94	158	46	110	174	1992	2049	2137	1997	1978	1961	1984	2089	1983	2019	2048	2018
304998	62	126	14	78	142	30	94	158	46	110	174	2041	2010	2120	2029	2018	1996	2032	2055	2007	2022	2006	2020
304998	62	126	14	78	142	30	94	158	46	110	174	2068	1982	2125	2056	2041	2007	2058	2035	2017	2017	1985	2023
304998	62	126	14	78	142	30	94	158	46	110	174	2051	1997	2134	2049	2018	1994	2049	2050	2007	2017	2000	2022
304998	62	126	14	78	142	30	94	158	46	110	174	2016	2038	2140	2012	1984	1965	2020	2073	1985	2022	2040	2014
304998	62	126	14	78	142	30	94	158	46	110	174	1982	2073	2139	1981	1963	1935	1979	2113	1958	2021	2068	2003
304998	62	126	14	78	142	30	94	158	46	110	174	1983	2059	2137	1985	1961	1955	1975	2105	1964	2021	2068	1997
304998	62	126	14	78	142	30	94	158	46	110	174	2011	2025	2136	2008	2004	1976	2009	2072	1990	2017	2039	2021
304998	62	126	14	78	142	30	94	158	46	110	174	2051	1995	2128	2043	2031	2002	2057	2038	2019	2019	1989	2035
304998	62	126	14	78	142	30	94	158	46	110	174	2068	1991	2125	2058	2035	2004	2055	2038	2019	2021	1982	2025
304998	62	126	14	78	142	30	94	158	46	110	174	2045	2015	2124	2035	2014	1975	2043	2071	1991	2021	2016	2008
304998	62	126	14	78	142	30	94	158	46	110	174	1998	2045	2140	2003	1969	1949	1992	2093	1966	2020	2061	2001
304998	62	126	14	78	142	30	94	158	46	110	174	1971	2064	2148	1977	1961	1939	1971	2113	1957	2017	2072	2009
304998	62	126	14	78	142	30	94	158	46	110	174	1982	2047	2153	1992	1971	1969	1984	2089	1982	2020	2050	2008
304998	62	126	14	78	142	30	94	158	46	110	174	2026	2013	2136	2025	2014	1991	2019	2060	2005	2022	2011	2017
304998	62	126	14	78	142	30	94	158	46	110	174	2067	1991	2112	2057	2038	2005	2063	2042	2023	2022	1987	2029
304998	62	126	14	78	142	30	94	158	46	110	174	2056	1995	2125	2050	2036	1993	2046	2046	2005	2017	1999	2030
304998	62	126	14	78	142	30	94	158	46	110	174	2029	2026	2139	2019	1989	1971	2026	2074	1986	2018	2033	2013
304998	62	126	14	78	142	30	94	158	46	110	174	1976	2061	2156	1990	1961	1948	1976	2107	1960	2016	2063	1994
304998	62	126	14	78	142	30	94	158	46	110	174	1972	2071	2138	1978	1966	1942	1982	2110	1954	2020	2071	1998
304998	62	126	14	78	142	30	94	158	46	110	174	2009	2031	2129	2006	1990	1971	2009	2077	1986	2018	2037	2017
304998	62	126	14	78	142	30	94	158	46	110	174	2048	1993	2122	2042	2022	2002	2042	2039	2017	2020	1993	2033
304998	62	126	14	78	142	30	94	158	46	110	174	2071	1984	2127	2060	2041	2013	2054	2039	2028	2022	1977	2023
304998	62	126	14	78	142	30	94	158	46	110	174	2046	2012	2139	2040	2017	1988	2045	2065	1992	2022	2012	2012
304998	62	126	14	78	142	30	94	158	46	110	174	2003	2050	2141	2001	1981	1954	2000	2088	1969	2019	2057	2007
304998	62	126	14	78	142	30	94	158	46	110	174	1981	2072	2137	1979	1960	1933	1985	2107	1955	2017	2079	2004
304998	62	126	14	78	142	30	94	158	46	110	174	1988	2049	2143	1989	1978	1950	1996	2090	1976	2021	2055	2007
304998	62	126	14	78	142	30	94	158	46	110	174	2026	2012	2137	2021	2008	1993	2023	2073	2001	2022	2012	2013
304998	62	126	14	78	142	30	94	158	46	110	174	2065	1984	2124	2054	2030	2017	2059	2040	2018	2020	1991	2029
304998	62	126	14	78	142	30	94	158	46	110	174	2056	1995	2120	2054	2031	2002	2046	2037	2009	2016	1989	2034
304998	62	126	14	78	142	30	94	158	46	110	174	2032	2026	2129	2025	1999	1967	2032	2071	1991	2018	2024	2014
304998	62	126	14	78	142	30	94	158	46	110	174	1985	2054	2151	1992	1974	1936	1984	2104	1960	2019	2063	1997
304998	62	126	14	78	142	30	94	158	46	110	174	1974	2061	2149	1984	1957	1942	1994	2111	1952	2021	2074	1998
