304998	62	126	14	78	142	30	94	158	46	110	174	2014	2033	2145	2015	1994	1962	2008	2080	1974	2020	2046	2012
304998	62	126	14	78	142	30	94	158	46	110	174	1977	2063	2149	1986	1960	1943	1988	2107	1956	2021	2078	2012
304998	62	126	14	78	142	30	94	158	46	110	174	1974	2063	2145	1978	1967	1950	1983	2109	1972	2018	2066	2010
304998	62	126	14	78	142	30	94	158	46	110	174	2008	2031	2127	2011	1999	1977	2005	2077	1996	2020	2028	2011
304998	62	126	14	78	142	30	94	158	46	110	174	2049	1985	2130	2050	2030	1997	2041	2038	2014	2018	1993	2020
304998	62	126	14	78	142	30	94	158	46	110	174	2060	1978	2126	2057	2044	2004	2053	2030	2016	2022	1986	2032
304998	62	126	14	78	142	30	94	158	46	110	174	2039	2011	2144	2041	2005	1983	2032	2058	1994	2017	2014	2020
304998	62	126	14	78	142	30	94	158	46	110	174	1987	2049	2145	1994	1974	1944	1990	2101	1968	2020	2055	2006
304998	62	126	14	78	142	30	94	158	46	110	174	1971	2063	2144	1978	1950	1941	1979	2109	1954	2020	2078	2000
304998	62	126	14	78	142	30	94	158	46	110	174	1989	2043	2135	1996	1979	1958	1988	2091	1970	2022	2058	2011
304998	62	126	14	78	142	30	94	158	46	110	174	2034	2004	2128	2028	2023	1989	2025	2051	2009	2020	2008	2027
304998	62	126	14	78	142	30	94	158	46	110	174	2060	1985	2130	2061	2026	2010	2051	2038	2030	2020	1985	2023
304998	62	126	14	78	142	30	94	158	46	110	174	2057	2001	2135	2047	2030	1997	2052	2049	2004	2021	1995	2014
304998	62	126	14	78	142	30	94	158	46	110	174	2019	2032	2130	2019	1990	1965	2013	2078	1977	2022	2044	2015
304998	62	126	14	78	142	30	94	158	46	110	174	1981	2059	2141	1984	1965	1940	1982	2105	1959	2018	2072	2011
304998	62	126	14	78	142	30	94	158	46	110	174	1975	2057	2149	1981	1963	1945	1973	2103	1969	2021	2065	2004
304998	62	126	14	78	142	30	94	158	46	110	174	2000	2025	2142	2011	1989	1977	2004	2079	1986	2020	2036	2008
304998	62	126	14	78	142	30	94	158	46	110	174	2046	1999	2132	2045	2031	2003	2045	2043	2015	2020	1998	2034
304998	62	126	14	78	142	30	94	158	46	110	174	2068	1985	2120	2056	2038	2002	2065	2038	2017	2019	1986	2034
304998	62	126	14	78	142	30	94	158	46	110	174	2038	2006	2133	2041	2016	1980	2036	2053	2000	2018	2010	2027
304998	62	126	14	78	142	30	94	158	46	110	174	1996	2040	2150	2002	1980	1956	1989	2091	1974	2020	2055	1996
304998	62	126	14	78	142	30	94	158	46	110	174	1970	2062	2149	1976	1958	1940	1978	2111	1959	2017	2083	2003
304998	62	126	14	78	142	30	94	158	46	110	174	1981	2049	2144	1985	1970	1956	1986	2094	1972	2018	2059	2017
304998	62	126	14	78	142	30	94	158	46	110	174	2022	2010	2128	2021	2015	1988	2020	2055	2003	2020	2012	2018
304998	62	126	14	78	142	30	94	158	46	110	174	2060	1984	2122	2054	2044	2001	2050	2038	2027	2022	1988	2020
304998	62	126	14	78	142	30	94	158	46	110	174	2054	1987	2139	2050	2036	1996	2046	2041	2013	2020	1999	2023
304998	62	126	14	78	142	30	94	158	46	110	174	2021	2034	2137	2019	2002	1968	2028	2075	1983	2020	2033	2017
304998	62	126	14	78	142	30	94	158	46	110	174	1980	2060	2150	1983	1958	1947	1978	2104	1957	2019	2066	2004
304998	62	126	14	78	142	30	94	158	46	110	174	1974	2063	2137	1980	1952	1946	1975	2106	1971	2021	2069	1994
304998	62	126	14	78	142	30	94	158	46	110	174	2001	2033	2136	2001	1993	1967	2000	2083	1984	2021	2044	2013
304998	62	126	14	78	142	30	94	158	46	110	174	2041	1994	2139	2037	2031	2002	2031	2044	2014	2018	2001	2027
304998	62	126	14	78	142	30	94	158	46	110	174	2065	1994	2126	2054	2046	2006	2057	2038	2016	2018	1980	2030
304998	62	126	14	78	142	30	94	158	46	110	174	2048	2009	2124	2039	2018	1988	2052	2049	2001	2022	2009	2010
304998	62	126	14	78	142	30	94	158	46	110	174	2000	2036	2141	2004	1977	1952	2000	2090	1978	2021	2053	2006
304998	62	126	14	78	142	30	94	158	46	110	174	1975	2065	2151	1982	1957	1939	1983	2122	1957	2016	2072	2010
304998	62	126	14	78	142	30	94	158	46	110	174	1980	2048	2159	1985	1968	1960	1984	2100	1974	2021	2056	2011
304998	62	126	14	78	142	30	94	158	46	110	174	2011	2020	2142	2021	2007	1984	2009	2064	1996	2018	2019	2014
304998	62	126	14	78	142	30	94	158	46	110	174	2056	1989	2121	2050	2033	2010	2041	2032	2027	2021	1994	2025
304998	62	126	14	78	142	30	94	158	46	110	174	2051	1983	2132	2053	2031	1996	2046	2045	2014	2022	1991	2028
304998	62	126	14	78	142	30	94	158	46	110	174	2033	2021	2139	2024	2000	1978	2041	2078	1983	2016	2023	2019
304998	62	126	14	78	142	30	94	158	46	110	174	1981	2055	2154	1993	1968	1945	1983	2102	1961	2018	2060	2004
304998	62	126	14	78	142	30	94	158	46	110	174	1974	2070	2140	1978	1963	1945	1994	2112	1965	2020	2081	2007
304998	62	126	14	78	142	30	94	158	46	110	174	1995	2040	2131	2002	1977	1973	1998	2087	1988	2019	2047	2019
304998	62	126	14	78	142	30	94	158	46	110	174	2037	1995	2126	2034	2020	1993	2029	2052	2010	2017	2002	2021
304998	62	126	14	78	142	30	94	158	46	110	174	2065	1985	2134	2056	2039	2003	2069	2038	2017	2020	1984	2019
304998	62	126	14	78	142	30	94	158	46	110	174	2043	2004	2138	2047	2026	1986	2048	2050	2004	2020	2004	2017
304998	62	126	14	78	142	30	94	158	46	110	174	2016	2045	2128	2008	1986	1964	2009	2084	1979	2019	2047	2011
304998	62	126	14	78	142	30	94	158	46	110	174	1980	2064	2140	1977	1963	1943	1972	2115	1964	2017	2073	2003
304998	62	126	14	78	142	30	94	158	46	110	174	1976	2057	2142	1984	1964	1953	1981	2106	1969	2022	2060	2004
304998	62	126	14	78	142	30	94	158	46	110	174	2015	2026	2141	2013	2001	1979	2019	2071	1990	2017	2026	2015
304998	62	126	14	78	142	30	94	158	46	110	174	2055	1994	2126	2049	2035	2003	2046	2039	2021	2018	1994	2032
304998	62	126	14	78	142	30	94	158	46	110	174	2064	1987	2119	2056	2038	2006	2058	2038	2022	2020	1983	2032
304998	62	126	14	78	142	30	94	158	46	110	174	2038	2017	2129	2031	2005	1982	2047	2068	1986	2020	2015	2015
304998	62	126	14	78	142	30	94	158	46	110	174	1992	2049	2150	1996	1970	1951	1995	2100	1964	2016	2066	2002
304998	62	126	14	78	142	30	94	158	46	110	174	1971	2073	2149	1975	1955	1938	1973	2116	1960	2016	2081	2010
304998	62	126	14	78	142	30	94	158	46	110	174	1992	2049	2137	1997	1978	1961	1984	2089	1983	2019	2048	2018
304998	62	126	14	78	142	30	94	158	46	110	174	2041	2010	2120	2029	2018	1996	2032	2055	2007	2022	2006	2020
304998	62	126	14	78	142	30	94	158	46	110	174	2068	1982	2125	2056	2041	2007	2058	2035	2017	2017	1985	2023
304998	62	126	14	78	142	30	94	158	46	110	174	2051	1997	2134	2049	2018	1994	2049	2050	2007	2017	2000	2022
304998	62	126	14	78	142	30	94	158	46	110	174	2016	2038	2140	2012	1984	1965	2020	2073	1985	2022	2040	2014
304998	62	126	14	78	142	30	94	158	46	110	174	1982	2073	2139	1981	1963	1935	1979	2113	1958	2021	2068	2003
304998	62	126	14	78	142	30	94	158	46	110	174	1983	2059	2137	1985	1961	1955	1975	2105	1964	2021	2068	1997
304998	62	126	14	78	142	30	94	158	46	110	174	2011	2025	2136	2008	2004	1976	2009	2072	1990	2017	2039	2021
304998	62	126	14	78	142	30	94	158	46	110	174	2051	1995	2128	2043	2031	2002	2057	2038	2019	2019	1989	2035
304998	62	126	14	78	142	30	94	158	46	110	174	2068	1991	2125	2058	2035	2004	2055	2038	2019	2021	1982	2025
304998	62	126	14	78	142	30	94	158	46	110	174	2045	2015	2124	2035	2014	1975	2043	2071	1991	2021	2016	2008
304998	62	126	14	78	142	30	94	158	46	110	174	1998	2045	2140	2003	1969	1949	1992	2093	1966	2020	2061	2001
304998	62	126	14	78	142	30	94	158	46	110	174	1971	2064	2148	1977	1961	1939	1971	2113	1957	2017	2072	2009
304998	62	126	14	78	142	30	94	158	46	110	174	1982	2047	2153	1992	1971	1969	1984	2089	1982	2020	2050	2008
304998	62	126	14	78	142	30	94	158	46	110	174	2026	2013	2136	2025	2014	1991	2019	2060	2005	2022	2011	2017
304998	62	126	14	78	142	30	94	158	46	110	174	2067	1991	2112	2057	2038	2005	2063	2042	2023	2022	1987	2029
304998	62	126	14	78	142	30	94	158	46	110	174	2056	1995	2125	2050	2036	1993	2046	2046	2005	2017	1999	2030
304998	62	126	14	78	142	30	94	158	46	110	174	2029	2026	2139	2019	1989	1971	2026	2074	1986	2018	2033	2013
304998	62	126	14	78	142	30	94	158	46	110	174	1976	2061	2156	1990	1961	1948	1976	2107	1960	2016	2063	1994
304998	62	126	14	78	142	30	94	158	46	110	174	1972	2071	2138	1978	1966	1942	1982	2110	1954	2020	2071	1998
304998	62	126	14	78	142	30	94	158	46	110	174	2009	2031	2129	2006	1990	1971	2009	2077	1986	2018	2037	2017
304998	62	126	14	78	142	30	94	158	46	110	174	2048	1993	2122	2042	2022	2002	2042	2039	2017	2020	1993	2033
304998	62	126	14	78	142	30	94	158	46	110	174	2071	1984	2127	2060	2041	2013	2054	2039	2028	2022	1977	2023
304998	62	126	14	78	142	30	94	158	46	110	174	2046	2012	2139	2040	2017	1988	2045	2065	1992	2022	2012	2012
304998	62	126	14	78	142	30	94	158	46	110	174	2003	2050	2141	2001	1981	1954	2000	2088	1969	2019	2057	2007
304998	62	126	14	78	142	30	94	158	46	110	174	1981	2072	2137	1979	1960	1933	1985	2107	1955	2017	2079	2004
304998	62	126	14	78	142	30	94	158	46	110	174	1988	2049	2143	1989	1978	1950	1996	2090	1976	2021	2055	2007
304998	62	126	14	78	142	30	94	158	46	110	174	2026	2012	2137	2021	2008	1993	2023	2073	2001	2022	2012	2013
304998	62	126	14	78	142	30	94	158	46	110	174	2065	1984	2124	2054	2030	2017	2059	2040	2018	2020	1991	2029
304998	62	126	14	78	142	30	94	158	46	110	174	2056	1995	2120	2054	2031	2002	2046	2037	2009	2016	1989	2034
304998	62	126	14	78	142	30	94	158	46	110	174	2032	2026	2129	2025	1999	1967	2032	2071	1991	2018	2024	2014
304998	62	126	14	78	142	30	94	158	46	110	174	1985	2054	2151	1992	1974	1936	1984	2104	1960	2019	2063	1997
304998	62	126	14	78	142	30	94	158	46	110	174	1974	2061	2149	1984	1957	1942	1994	2111	1952	2021	2074	1998
304998	62	126	14	78	142	30	94	158	46	110	174	1998	2040	2138	2005	1987	1968	1998	2081	1979	2021	2044	2016
304998	62	126	14	78	142	30	94	158	46	110	174	2047	2002	2119	2037	2023	1998	2036	2042	2015	2017	1994	2029
304998	62	126	14	78	142	30	94	158	46	110	174	2072	1984	2115	2060	2040	2006	2056	2035	2025	2017	1977	2028
304998	62	126	14	78	142	30	94	158	46	110	174	2055	2001	2126	2047	2019	1988	2049	2052	2001	2017	2004	2013
304998	62	126	14	78	142	30	94	158	46	110	174	2007	2036	2148	2015	1980	1953	2008	2089	1966	2017	2050	2003
304998	62	126	14	78	142	30	94	158	46	110	174	1975	2064	2156	1982	1961	1940	1992	2106	1954	2020	2077	2002
304998	62	126	14	78	142	30	94	158	46	110	174	1981	2058	2140	1992	1966	1950	1983	2099	1970	2019	2062	2005
304998	62	126	14	78	142	30	94	158	46	110	174	2029	2020	2123	2022	2006	1982	2021	2074	1995	2017	2019	2012
304998	62	126	14	78	142	30	94	158	46	110	174	2063	1985	2115	2051	2034	2002	2064	2043	2018	2021	1990	2028
304998	62	126	14	78	142	30	94	158	46	110	174	2071	1985	2123	2058	2040	2003	2068	2035	2015	2020	1989	2032
304998	62	126	14	78	142	30	94	158	46	110	174	2034	2017	2147	2031	2004	1975	2046	2064	1996	2021	2021	2016
304998	62	126	14	78	142	30	94	158	46	110	174	1993	2062	2145	1994	1971	1941	1986	2102	1955	2021	2055	1999
304998	62	126	14	78	142	30	94	158	46	110	174	1979	2071	2141	1982	1953	1938	1984	2105	1951	2022	2072	1989
304998	62	126	14	78	142	30	94	158	46	110	174	1994	2030	2140	2001	1986	1961	1996	2079	1975	2019	2045	2008
304998	62	126	14	78	142	30	94	158	46	110	174	2043	2003	2130	2032	2023	1999	2037	2052	2016	2017	2005	2031
304998	62	126	14	78	142	30	94	158	46	110	174	2068	1979	2125	2058	2044	2016	2052	2038	2026	2021	1978	2031
304998	62	126	14	78	142	30	94	158	46	110	174	2059	2004	2126	2046	2025	1990	2048	2051	2007	2017	1992	2020
304998	62	126	14	78	142	30	94	158	46	110	174	2013	2036	2143	2014	1989	1955	2016	2080	1966	2016	2042	2005
304998	62	126	14	78	142	30	94	158	46	110	174	1987	2065	2148	1987	1966	1933	1993	2100	1953	2018	2073	1995
304998	62	126	14	78	142	30	94	158	46	110	174	1982	2054	2150	1985	1969	1953	1983	2103	1962	2020	2063	2007
304998	62	126	14	78	142	30	94	158	46	110	174	2017	2022	2144	2018	1999	1983	2022	2077	1986	2020	2021	2013
304998	62	126	14	78	142	30	94	158	46	110	174	2054	1991	2124	2047	2034	2008	2043	2039	2020	2018	1987	2019
304998	62	126	14	78	142	30	94	158	46	110	174	2075	1986	2116	2056	2042	1998	2059	2035	2020	2021	1984	2031
304998	62	126	14	78	142	30	94	158	46	110	174	2046	2010	2131	2036	2009	1967	2034	2063	1994	2017	2016	2021
304998	62	126	14	78	142	30	94	158	46	110	174	1993	2049	2150	1999	1970	1950	2000	2094	1957	2021	2057	2005
304998	62	126	14	78	142	30	94	158	46	110	174	1971	2067	2159	1981	1965	1937	1985	2108	1952	2022	2070	1991
304998	62	126	14	78	142	30	94	158	46	110	174	1989	2045	2150	1992	1981	1954	1995	2082	1970	2017	2053	1997
304998	62	126	14	78	142	30	94	158	46	110	174	2036	2011	2122	2035	2015	1991	2029	2057	2011	2019	2010	2024
304998	62	126	14	78	142	30	94	158	46	110	174	2071	1983	2112	2057	2036	2012	2061	2039	2020	2020	1982	2041
304998	62	126	14	78	142	30	94	158	46	110	174	2059	1989	2127	2049	2031	1994	2048	2046	2004	2020	1988	2027
304998	62	126	14	78	142	30	94	158	46	110	174	2018	2029	2143	2020	1990	1962	2026	2075	1971	2019	2033	2007
304998	62	126	14	78	142	30	94	158	46	110	174	1978	2064	2163	1989	1963	1934	1982	2102	1962	2022	2074	1989
304998	62	126	14	78	142	30	94	158	46	110	174	1979	2063	2148	1983	1968	1938	2002	2108	1958	2022	2072	2005
304998	62	126	14	78	142	30	94	158	46	110	174	2013	2021	2143	2016	2001	1971	2030	2076	1988	2017	2033	2017
304998	62	126	14	78	142	30	94	158	46	110	174	2054	1990	2116	2047	2033	2003	2051	2040	2014	2017	1984	2030
304998	62	126	14	78	142	30	94	158	46	110	174	2072	1980	2123	2057	2040	2011	2066	2039	2026	2020	1980	2028
304998	62	126	14	78	142	30	94	158	46	110	174	2036	2001	2150	2039	2009	1985	2032	2058	2000	2016	2013	2016
304998	62	126	14	78	142	30	94	158	46	110	174	2002	2052	2149	2004	1985	1941	2007	2096	1960	2020	2053	2008
304998	62	126	14	78	142	30	94	158	46	110	174	1972	2066	2153	1985	1955	1937	1974	2105	1950	2017	2070	1998
304998	62	126	14	78	142	30	94	158	46	110	174	1994	2046	2140	1996	1983	1955	1984	2090	1974	2020	2048	2004
304998	62	126	14	78	142	30	94	158	46	110	174	2029	2004	2129	2029	2018	1993	2030	2059	2009	2020	2014	2017
304998	62	126	14	78	142	30	94	158	46	110	174	2068	1983	2123	2055	2032	2009	2063	2038	2028	2019	1981	2031
304998	62	126	14	78	142	30	94	158	46	110	174	2067	1995	2119	2057	2034	1997	2064	2040	2009	2018	1986	2039
304998	62	126	14	78	142	30	94	158	46	110	174	2028	2025	2136	2025	1997	1968	2028	2068	1980	2021	2023	2008
304998	62	126	14	78	142	30	94	158	46	110	174	1980	2052	2153	1992	1972	1937	1981	2100	1956	2020	2064	1988
304998	62	126	14	78	142	30	94	158	46	110	174	1980	2060	2154	1981	1964	1940	1984	2111	1951	2016	2077	1994
304998	62	126	14	78	142	30	94	158	46	110	174	1999	2031	2145	2010	1984	1965	2001	2077	1981	2020	2041	2017
304998	62	126	14	78	142	30	94	158	46	110	174	2046	1999	2119	2045	2029	1999	2042	2039	2022	2018	1993	2033
304998	62	126	14	78	142	30	94	158	46	110	174	2068	1977	2122	2062	2034	2014	2050	2035	2033	2018	1971	2027
304998	62	126	14	78	142	30	94	158	46	110	174	2049	2001	2126	2042	2021	1986	2036	2054	2000	2020	2008	2016
304998	62	126	14	78	142	30	94	158	46	110	174	2009	2042	2147	2005	1982	1953	2007	2085	1966	2017	2051	2000
304998	62	126	14	78	142	30	94	158	46	110	174	1972	2065	2163	1986	1961	1934	1973	2102	1952	2018	2077	1998
304998	62	126	14	78	142	30	94	158	46	110	174	1986	2060	2144	1990	1976	1948	1985	2097	1973	2017	2060	2007
304998	62	126	14	78	142	30	94	158	46	110	174	2029	2014	2126	2024	2005	1985	2018	2070	2002	2017	2016	2015
304998	62	126	14	78	142	30	94	158	46	110	174	2058	1976	2126	2053	2038	2011	2049	2036	2022	2016	1985	2026
304998	62	126	14	78	142	30	94	158	46	110	174	2072	1980	2123	2053	2040	2010	2075	2038	2017	2017	1990	2026
304998	62	126	14	78	142	30	94	158	46	110	174	2027	2020	2148	2031	1999	1967	2028	2063	1991	2018	2022	2017
304998	62	126	14	78	142	30	94	158	46	110	174	1993	2063	2153	1994	1975	1937	1989	2105	1953	2016	2057	1999
304998	62	126	14	78	142	30	94	158	46	110	174	1973	2068	2148	1981	1966	1936	1973	2104	1953	2021	2070	1988
304998	62	126	14	78	142	30	94	158	46	110	174	1992	2032	2134	2002	1990	1969	1994	2081	1977	2018	2047	2009
304998	62	126	14	78	142	30	94	158	46	110	174	2045	1994	2130	2040	2026	2005	2050	2046	2017	2016	1997	2029
304998	62	126	14	78	142	30	94	158	46	110	174	2067	1972	2128	2061	2039	2013	2052	2034	2027	2022	1975	2039
304998	62	126	14	78	142	30	94	158	46	110	174	2057	2001	2130	2047	2020	1990	2053	2051	2003	2022	1997	2017
304998	62	126	14	78	142	30	94	158	46	110	174	2013	2044	2138	2012	1994	1951	2009	2086	1966	2018	2040	1999
304998	62	126	14	78	142	30	94	158	46	110	174	1978	2067	2148	1982	1968	1930	1980	2107	1952	2020	2078	1998
304998	62	126	14	78	142	30	94	158	46	110	174	1984	2051	2156	1984	1973	1949	1990	2104	1969	2018	2063	2008
304998	62	126	14	78	142	30	94	158	46	110	174	2015	2019	2142	2017	2004	1983	2012	2073	1994	2019	2019	2021
304998	62	126	14	78	142	30	94	158	46	110	174	2059	1991	2123	2049	2041	2006	2054	2040	2017	2021	1983	2029
304998	62	126	14	78	142	30	94	158	46	110	174	2065	1981	2124	2058	2038	2006	2048	2029	2019	2019	1987	2026
304998	62	126	14	78	142	30	94	158	46	110	174	2033	2015	2131	2032	2009	1979	2023	2062	1996	2021	2019	2017
304998	62	126	14	78	142	30	94	158	46	110	174	1993	2049	2153	1999	1979	1945	1987	2100	1957	2021	2058	2005
304998	62	126	14	78	142	30	94	158	46	110	174	1964	2065	2161	1984	1950	1938	1973	2107	1948	2017	2069	2000
