304998	62	126	14	78	142	30	94	158	46	110	174	1981	2072	2137	1979	1960	1933	1985	2107	1955	2017	2079	2004
304998	62	126	14	78	142	30	94	158	46	110	174	1988	2049	2143	1989	1978	1950	1996	2090	1976	2021	2055	2007
304998	62	126	14	78	142	30	94	158	46	110	174	2026	2012	2137	2021	2008	1993	2023	2073	2001	2022	2012	2013
304998	62	126	14	78	142	30	94	158	46	110	174	2065	1984	2124	2054	2030	2017	2059	2040	2018	2020	1991	2029
304998	62	126	14	78	142	30	94	158	46	110	174	2056	1995	2120	2054	2031	2002	2046	2037	2009	2016	1989	2034
304998	62	126	14	78	142	30	94	158	46	110	174	2032	2026	2129	2025	1999	1967	2032	2071	1991	2018	2024	2014
304998	62	126	14	78	142	30	94	158	46	110	174	1985	2054	2151	1992	1974	1936	1984	2104	1960	2019	2063	1997
304998	62	126	14	78	142	30	94	158	46	110	174	1974	2061	2149	1984	1957	1942	1994	2111	1952	2021	2074	1998
304998	62	126	14	78	142	30	94	158	46	110	174	1998	2040	2138	2005	1987	1968	1998	2081	1979	2021	2044	2016
304998	62	126	14	78	142	30	94	158	46	110	174	2047	2002	2119	2037	2023	1998	2036	2042	2015	2017	1994	2029
304998	62	126	14	78	142	30	94	158	46	110	174	2072	1984	2115	2060	2040	2006	2056	2035	2025	2017	1977	2028
304998	62	126	14	78	142	30	94	158	46	110	174	2055	2001	2126	2047	2019	1988	2049	2052	2001	2017	2004	2013
304998	62	126	14	78	142	30	94	158	46	110	174	2007	2036	2148	2015	1980	1953	2008	2089	1966	2017	2050	2003
304998	62	126	14	78	142	30	94	158	46	110	174	1975	2064	2156	1982	1961	1940	1992	2106	1954	2020	2077	2002
304998	62	126	14	78	142	30	94	158	46	110	174	1981	2058	2140	1992	1966	1950	1983	2099	1970	2019	2062	2005
304998	62	126	14	78	142	30	94	158	46	110	174	2029	2020	2123	2022	2006	1982	2021	2074	1995	2017	2019	2012
304998	62	126	14	78	142	30	94	158	46	110	174	2063	1985	2115	2051	2034	2002	2064	2043	2018	2021	1990	2028
304998	62	126	14	78	142	30	94	158	46	110	174	2071	1985	2123	2058	2040	2003	2068	2035	2015	2020	1989	2032
304998	62	126	14	78	142	30	94	158	46	110	174	2034	2017	2147	2031	2004	1975	2046	2064	1996	2021	2021	2016
304998	62	126	14	78	142	30	94	158	46	110	174	1993	2062	2145	1994	1971	1941	1986	2102	1955	2021	2055	1999
304998	62	126	14	78	142	30	94	158	46	110	174	1979	2071	2141	1982	1953	1938	1984	2105	1951	2022	2072	1989
304998	62	126	14	78	142	30	94	158	46	110	174	1994	2030	2140	2001	1986	1961	1996	2079	1975	2019	2045	2008
304998	62	126	14	78	142	30	94	158	46	110	174	2043	2003	2130	2032	2023	1999	2037	2052	2016	2017	2005	2031
304998	62	126	14	78	142	30	94	158	46	110	174	2068	1979	2125	2058	2044	2016	2052	2038	2026	2021	1978	2031
304998	62	126	14	78	142	30	94	158	46	110	174	2059	2004	2126	2046	2025	1990	2048	2051	2007	2017	1992	2020
304998	62	126	14	78	142	30	94	158	46	110	174	2013	2036	2143	2014	1989	1955	2016	2080	1966	2016	2042	2005
304998	62	126	14	78	142	30	94	158	46	110	174	1987	2065	2148	1987	1966	1933	1993	2100	1953	2018	2073	1995
304998	62	126	14	78	142	30	94	158	46	110	174	1982	2054	2150	1985	1969	1953	1983	2103	1962	2020	2063	2007
304998	62	126	14	78	142	30	94	158	46	110	174	2017	2022	2144	2018	1999	1983	2022	2077	1986	2020	2021	2013
304998	62	126	14	78	142	30	94	158	46	110	174	2054	1991	2124	2047	2034	2008	2043	2039	2020	2018	1987	2019
304998	62	126	14	78	142	30	94	158	46	110	174	2075	1986	2116	2056	2042	1998	2059	2035	2020	2021	1984	2031
304998	62	126	14	78	142	30	94	158	46	110	174	2046	2010	2131	2036	2009	1967	2034	2063	1994	2017	2016	2021
304998	62	126	14	78	142	30	94	158	46	110	174	1993	2049	2150	1999	1970	1950	2000	2094	1957	2021	2057	2005
304998	62	126	14	78	142	30	94	158	46	110	174	1971	2067	2159	1981	1965	1937	1985	2108	1952	2022	2070	1991
304998	62	126	14	78	142	30	94	158	46	110	174	1989	2045	2150	1992	1981	1954	1995	2082	1970	2017	2053	1997
304998	62	126	14	78	142	30	94	158	46	110	174	2036	2011	2122	2035	2015	1991	2029	2057	2011	2019	2010	2024
304998	62	126	14	78	142	30	94	158	46	110	174	2071	1983	2112	2057	2036	2012	2061	2039	2020	2020	1982	2041
304998	62	126	14	78	142	30	94	158	46	110	174	2059	1989	2127	2049	2031	1994	2048	2046	2004	2020	1988	2027
304998	62	126	14	78	142	30	94	158	46	110	174	2018	2029	2143	2020	1990	1962	2026	2075	1971	2019	2033	2007
304998	62	126	14	78	142	30	94	158	46	110	174	1978	2064	2163	1989	1963	1934	1982	2102	1962	2022	2074	1989
304998	62	126	14	78	142	30	94	158	46	110	174	1979	2063	2148	1983	1968	1938	2002	2108	1958	2022	2072	2005
304998	62	126	14	78	142	30	94	158	46	110	174	2013	2021	2143	2016	2001	1971	2030	2076	1988	2017	2033	2017
304998	62	126	14	78	142	30	94	158	46	110	174	2054	1990	2116	2047	2033	2003	2051	2040	2014	2017	1984	2030
304998	62	126	14	78	142	30	94	158	46	110	174	2072	1980	2123	2057	2040	2011	2066	2039	2026	2020	1980	2028
304998	62	126	14	78	142	30	94	158	46	110	174	2036	2001	2150	2039	2009	1985	2032	2058	2000	2016	2013	2016
304998	62	126	14	78	142	30	94	158	46	110	174	2002	2052	2149	2004	1985	1941	2007	2096	1960	2020	2053	2008
304998	62	126	14	78	142	30	94	158	46	110	174	1972	2066	2153	1985	1955	1937	1974	2105	1950	2017	2070	1998
304998	62	126	14	78	142	30	94	158	46	110	174	1994	2046	2140	1996	1983	1955	1984	2090	1974	2020	2048	2004
304998	62	126	14	78	142	30	94	158	46	110	174	2029	2004	2129	2029	2018	1993	2030	2059	2009	2020	2014	2017
304998	62	126	14	78	142	30	94	158	46	110	174	2068	1983	2123	2055	2032	2009	2063	2038	2028	2019	1981	2031
304998	62	126	14	78	142	30	94	158	46	110	174	2067	1995	2119	2057	2034	1997	2064	2040	2009	2018	1986	2039
304998	62	126	14	78	142	30	94	158	46	110	174	2028	2025	2136	2025	1997	1968	2028	2068	1980	2021	2023	2008
304998	62	126	14	78	142	30	94	158	46	110	174	1980	2052	2153	1992	1972	1937	1981	2100	1956	2020	2064	1988
304998	62	126	14	78	142	30	94	158	46	110	174	1980	2060	2154	1981	1964	1940	1984	2111	1951	2016	2077	1994
304998	62	126	14	78	142	30	94	158	46	110	174	1999	2031	2145	2010	1984	1965	2001	2077	1981	2020	2041	2017
304998	62	126	14	78	142	30	94	158	46	110	174	2046	1999	2119	2045	2029	1999	2042	2039	2022	2018	1993	2033
304998	62	126	14	78	142	30	94	158	46	110	174	2068	1977	2122	2062	2034	2014	2050	2035	2033	2018	1971	2027
304998	62	126	14	78	142	30	94	158	46	110	174	2049	2001	2126	2042	2021	1986	2036	2054	2000	2020	2008	2016
304998	62	126	14	78	142	30	94	158	46	110	174	2009	2042	2147	2005	1982	1953	2007	2085	1966	2017	2051	2000
304998	62	126	14	78	142	30	94	158	46	110	174	1972	2065	2163	1986	1961	1934	1973	2102	1952	2018	2077	1998
304998	62	126	14	78	142	30	94	158	46	110	174	1986	2060	2144	1990	1976	1948	1985	2097	1973	2017	2060	2007
304998	62	126	14	78	142	30	94	158	46	110	174	2029	2014	2126	2024	2005	1985	2018	2070	2002	2017	2016	2015
304998	62	126	14	78	142	30	94	158	46	110	174	2058	1976	2126	2053	2038	2011	2049	2036	2022	2016	1985	2026
304998	62	126	14	78	142	30	94	158	46	110	174	2072	1980	2123	2053	2040	2010	2075	2038	2017	2017	1990	2026
304998	62	126	14	78	142	30	94	158	46	110	174	2027	2020	2148	2031	1999	1967	2028	2063	1991	2018	2022	2017
304998	62	126	14	78	142	30	94	158	46	110	174	1993	2063	2153	1994	1975	1937	1989	2105	1953	2016	2057	1999
304998	62	126	14	78	142	30	94	158	46	110	174	1973	2068	2148	1981	1966	1936	1973	2104	1953	2021	2070	1988
304998	62	126	14	78	142	30	94	158	46	110	174	1992	2032	2134	2002	1990	1969	1994	2081	1977	2018	2047	2009
304998	62	126	14	78	142	30	94	158	46	110	174	2045	1994	2130	2040	2026	2005	2050	2046	2017	2016	1997	2029
304998	62	126	14	78	142	30	94	158	46	110	174	2067	1972	2128	2061	2039	2013	2052	2034	2027	2022	1975	2039
304998	62	126	14	78	142	30	94	158	46	110	174	2057	2001	2130	2047	2020	1990	2053	2051	2003	2022	1997	2017
304998	62	126	14	78	142	30	94	158	46	110	174	2013	2044	2138	2012	1994	1951	2009	2086	1966	2018	2040	1999
304998	62	126	14	78	142	30	94	158	46	110	174	1978	2067	2148	1982	1968	1930	1980	2107	1952	2020	2078	1998
304998	62	126	14	78	142	30	94	158	46	110	174	1984	2051	2156	1984	1973	1949	1990	2104	1969	2018	2063	2008
304998	62	126	14	78	142	30	94	158	46	110	174	2015	2019	2142	2017	2004	1983	2012	2073	1994	2019	2019	2021
304998	62	126	14	78	142	30	94	158	46	110	174	2059	1991	2123	2049	2041	2006	2054	2040	2017	2021	1983	2029
304998	62	126	14	78	142	30	94	158	46	110	174	2065	1981	2124	2058	2038	2006	2048	2029	2019	2019	1987	2026
304998	62	126	14	78	142	30	94	158	46	110	174	2033	2015	2131	2032	2009	1979	2023	2062	1996	2021	2019	2017
304998	62	126	14	78	142	30	94	158	46	110	174	1993	2049	2153	1999	1979	1945	1987	2100	1957	2021	2058	2005
304998	62	126	14	78	142	30	94	158	46	110	174	1964	2065	2161	1984	1950	1938	1973	2107	1948	2017	2069	2000
304998	62	126	14	78	142	30	94	158	46	110	174	1992	2047	2144	1994	1986	1957	2002	2084	1975	2021	2050	1998
304998	62	126	14	78	142	30	94	158	46	110	174	2036	2003	2123	2032	2021	1997	2027	2051	2019	2018	2006	2021
304998	62	126	14	78	142	30	94	158	46	110	174	2076	1979	2110	2058	2043	2012	2057	2038	2026	2017	1981	2040
304998	62	126	14	78	142	30	94	158	46	110	174	2057	1986	2132	2049	2029	1997	2051	2046	2008	2019	1996	2033
304998	62	126	14	78	142	30	94	158	46	110	174	2009	2029	2155	2020	1985	1959	2011	2079	1973	2017	2035	1999
304998	62	126	14	78	142	30	94	158	46	110	174	1975	2072	2156	1983	1967	1930	1987	2105	1955	2021	2069	1995
304998	62	126	14	78	142	30	94	158	46	110	174	1970	2063	2154	1983	1970	1939	1975	2105	1965	2018	2075	2002
304998	62	126	14	78	142	30	94	158	46	110	174	2008	2021	2128	2008	2003	1981	2007	2074	1996	2022	2031	2019
304998	62	126	14	78	142	30	94	158	46	110	174	2054	1979	2122	2047	2035	2011	2051	2042	2019	2016	1985	2031
304998	62	126	14	78	142	30	94	158	46	110	174	2066	1981	2128	2057	2031	2014	2063	2030	2019	2021	1976	2020
304998	62	126	14	78	142	30	94	158	46	110	174	2038	2014	2134	2036	2015	1974	2028	2059	1999	2018	2016	2018
304998	62	126	14	78	142	30	94	158	46	110	174	2001	2054	2143	1999	1980	1941	2010	2098	1965	2020	2060	2005
304998	62	126	14	78	142	30	94	158	46	110	174	1972	2068	2148	1979	1962	1930	1974	2111	1950	2018	2075	2004
304998	62	126	14	78	142	30	94	158	46	110	174	1991	2044	2142	1989	1983	1954	1998	2096	1968	2020	2054	2011
304998	62	126	14	78	142	30	94	158	46	110	174	2028	2002	2134	2025	2012	1998	2022	2053	2012	2020	2008	2015
304998	62	126	14	78	142	30	94	158	46	110	174	2061	1985	2122	2060	2042	2008	2058	2034	2028	2022	1986	2031
304998	62	126	14	78	142	30	94	158	46	110	174	2065	1992	2125	2055	2028	1997	2076	2040	2010	2019	1990	2033
304998	62	126	14	78	142	30	94	158	46	110	174	2020	2023	2143	2019	1997	1966	2015	2076	1974	2020	2029	2012
304998	62	126	14	78	142	30	94	158	46	110	174	1982	2063	2149	1984	1970	1936	1982	2104	1955	2020	2069	1999
304998	62	126	14	78	142	30	94	158	46	110	174	1967	2062	2159	1978	1955	1943	1972	2107	1960	2018	2077	1993
304998	62	126	14	78	142	30	94	158	46	110	174	2007	2039	2138	2008	1992	1968	2005	2077	1991	2020	2041	2018
304998	62	126	14	78	142	30	94	158	46	110	174	2049	1990	2120	2043	2029	2003	2041	2039	2017	2020	1994	2033
304998	62	126	14	78	142	30	94	158	46	110	174	2072	1979	2110	2059	2041	2011	2052	2030	2022	2020	1975	2031
304998	62	126	14	78	142	30	94	158	46	110	174	2048	2006	2131	2040	2020	1983	2041	2059	2005	2020	2003	2015
304998	62	126	14	78	142	30	94	158	46	110	174	2000	2046	2153	2001	1982	1948	2001	2097	1966	2020	2061	1998
304998	62	126	14	78	142	30	94	158	46	110	174	1969	2078	2148	1980	1962	1929	1976	2113	1943	2019	2086	2007
304998	62	126	14	78	142	30	94	158	46	110	174	1985	2056	2142	1988	1973	1949	1986	2100	1966	2019	2060	2008
304998	62	126	14	78	142	30	94	158	46	110	174	2022	2006	2128	2022	2013	1988	2015	2057	2012	2017	2014	2020
304998	62	126	14	78	142	30	94	158	46	110	174	2068	1979	2121	2053	2041	2015	2055	2036	2029	2017	1981	2022
304998	62	126	14	78	142	30	94	158	46	110	174	2061	1985	2138	2054	2031	2008	2053	2038	2014	2020	1989	2027
304998	62	126	14	78	142	30	94	158	46	110	174	2025	2029	2140	2023	1998	1970	2015	2074	1978	2016	2029	2017
304998	62	126	14	78	142	30	94	158	46	110	174	1982	2064	2137	1990	1968	1935	1992	2102	1957	2020	2068	2002
304998	62	126	14	78	142	30	94	158	46	110	174	1967	2059	2149	1986	1963	1937	1970	2106	1956	2019	2069	1997
304998	62	126	14	78	142	30	94	158	46	110	174	2000	2032	2140	2000	1990	1970	2004	2088	1982	2020	2042	2006
304998	62	126	14	78	142	30	94	158	46	110	174	2047	1998	2132	2042	2026	2006	2039	2046	2015	2019	2001	2034
304998	62	126	14	78	142	30	94	158	46	110	174	2072	1985	2118	2056	2041	2011	2068	2032	2028	2016	1981	2034
304998	62	126	14	78	142	30	94	158	46	110	174	2056	2004	2123	2047	2013	1988	2049	2049	2006	2021	1999	2025
304998	62	126	14	78	142	30	94	158	46	110	174	2007	2039	2141	2010	1982	1949	1997	2089	1973	2020	2046	1997
304998	62	126	14	78	142	30	94	158	46	110	174	1969	2066	2155	1976	1965	1939	1970	2114	1951	2017	2084	1995
304998	62	126	14	78	142	30	94	158	46	110	174	1980	2057	2147	1984	1976	1952	1983	2103	1961	2017	2072	2008
304998	62	126	14	78	142	30	94	158	46	110	174	2022	2024	2128	2017	2004	1987	2015	2060	2005	2021	2018	2022
304998	62	126	14	78	142	30	94	158	46	110	174	2066	1986	2109	2057	2026	2013	2046	2039	2028	2021	1985	2028
304998	62	126	14	78	142	30	94	158	46	110	174	2071	1980	2121	2059	2040	2003	2055	2037	2021	2019	1984	2019
304998	62	126	14	78	142	30	94	158	46	110	174	2032	2018	2136	2025	2003	1976	2026	2071	1984	2021	2028	2009
304998	62	126	14	78	142	30	94	158	46	110	174	1986	2062	2151	1998	1969	1947	2000	2100	1952	2016	2069	2008
304998	62	126	14	78	142	30	94	158	46	110	174	1964	2074	2158	1977	1964	1937	1969	2112	1962	2022	2079	2001
304998	62	126	14	78	142	30	94	158	46	110	174	1999	2043	2126	1997	1981	1960	2003	2092	1982	2018	2043	2006
304998	62	126	14	78	142	30	94	158	46	110	174	2044	1999	2120	2040	2021	1996	2046	2049	2012	2021	2002	2020
304998	62	126	14	78	142	30	94	158	46	110	174	2072	1975	2120	2063	2038	2015	2058	2028	2024	2018	1979	2032
304998	62	126	14	78	142	30	94	158	46	110	174	2058	1996	2130	2049	2020	1995	2042	2050	2011	2017	1994	2027
304998	62	126	14	78	142	30	94	158	46	110	174	2014	2047	2141	2006	1990	1953	2005	2084	1970	2016	2041	2003
304998	62	126	14	78	142	30	94	158	46	110	174	1974	2077	2142	1979	1959	1930	1986	2113	1952	2022	2072	1991
304998	62	126	14	78	142	30	94	158	46	110	174	1967	2059	2141	1984	1968	1942	1972	2105	1954	2021	2071	1997
304998	62	126	14	78	142	30	94	158	46	110	174	2015	2021	2133	2016	2002	1982	2012	2070	1997	2021	2028	2022
304998	62	126	14	78	142	30	94	158	46	110	174	2061	1981	2123	2051	2034	2012	2051	2042	2029	2016	1987	2029
304998	62	126	14	78	142	30	94	158	46	110	174	2068	1982	2119	2056	2040	2011	2080	2044	2021	2021	1977	2028
304998	62	126	14	78	142	30	94	158	46	110	174	2034	2019	2130	2033	2005	1983	2025	2066	1990	2021	2017	2010
304998	62	126	14	78	142	30	94	158	46	110	174	1996	2057	2140	1994	1973	1941	1987	2093	1958	2022	2066	2000
304998	62	126	14	78	142	30	94	158	46	110	174	1971	2071	2151	1976	1962	1931	1970	2114	1953	2017	2080	2000
304998	62	126	14	78	142	30	94	158	46	110	174	1985	2046	2148	1991	1980	1957	1983	2089	1976	2021	2051	2011
304998	62	126	14	78	142	30	94	158	46	110	174	2035	2013	2127	2026	2025	1996	2036	2056	2009	2021	2002	2021
304998	62	126	14	78	142	30	94	158	46	110	174	2069	1982	2111	2056	2043	2017	2050	2028	2028	2022	1982	2023
304998	62	126	14	78	142	30	94	158	46	110	174	2067	1988	2120	2050	2030	1992	2046	2040	2022	2022	1999	2028
304998	62	126	14	78	142	30	94	158	46	110	174	2020	2033	2145	2015	1993	1953	2015	2079	1982	2022	2036	2013
304998	62	126	14	78	142	30	94	158	46	110	174	1969	2074	2158	1986	1965	1936	1982	2107	1951	2021	2072	2002
304998	62	126	14	78	142	30	94	158	46	110	174	1972	2073	2147	1977	1969	1938	1977	2103	1953	2017	2066	1994
304998	62	126	14	78	142	30	94	158	46	110	174	2007	2033	2131	2005	1996	1986	2011	2073	1996	2020	2041	2015
304998	62	126	14	78	142	30	94	158	46	110	174	2054	1985	2118	2047	2027	2009	2041	2042	2025	2018	1995	2028
304998	62	126	14	78	142	30	94	158	46	110	174	2074	1972	2121	2061	2038	2007	2054	2039	2024	2020	1978	2037
304998	62	126	14	78	142	30	94	158	46	110	174	2042	2008	2139	2038	2014	1980	2031	2058	1997	2018	2005	2018
304998	62	126	14	78	142	30	94	158	46	110	174	1998	2061	2145	1996	1980	1943	1996	2088	1952	2022	2054	2001
304998	62	126	14	78	142	30	94	158	46	110	174	1968	2076	2149	1973	1959	1939	1968	2110	1953	2022	2080	1996
304998	62	126	14	78	142	30	94	158	46	110	174	1983	2048	2141	1993	1965	1959	1984	2096	1970	2018	2062	2009
304998	62	126	14	78	142	30	94	158	46	110	174	2030	2006	2127	2028	2017	1995	2020	2059	2005	2017	2011	2025
304998	62	126	14	78	142	30	94	158	46	110	174	2072	1981	2127	2058	2042	2014	2049	2032	2025	2019	1975	2033
304998	62	126	14	78	142	30	94	158	46	110	174	2066	1993	2125	2050	2040	2002	2047	2038	2022	2022	1987	2017
304998	62	126	14	78	142	30	94	158	46	110	174	2027	2038	2130	2018	2001	1965	2017	2075	1982	2018	2037	2009
304998	62	126	14	78	142	30	94	158	46	110	174	1983	2069	2141	1985	1964	1933	1981	2114	1953	2018	2074	2004
304998	62	126	14	78	142	30	94	158	46	110	174	1964	2063	2148	1978	1966	1935	1970	2110	1954	2021	2073	2006
304998	62	126	14	78	142	30	94	158	46	110	174	2002	2031	2139	2000	1997	1968	2011	2082	1983	2022	2034	2011
