304998	62	126	14	78	142	30	94	158	46	110	174	1996	2048	2117	1983	1969	1976	1981	2096	2002	2019	2057	2031
304998	62	126	14	78	142	30	94	158	46	110	174	2020	2026	2133	2008	1995	1969	2015	2077	1990	2020	2029	2017
304998	62	126	14	78	142	30	94	158	46	110	174	2033	2001	2149	2043	2024	1963	2036	2049	1977	2018	2008	2001
304998	62	126	14	78	142	30	94	158	46	110	174	2045	2001	2155	2060	2037	1963	2062	2036	1973	2018	2005	1993
304998	62	126	14	78	142	30	94	158	46	110	174	2028	2014	2145	2040	2017	1975	2039	2052	1987	2016	2022	2011
304998	62	126	14	78	142	30	94	158	46	110	174	2012	2041	2118	2009	1983	1975	2001	2090	1991	2021	2040	2030
304998	62	126	14	78	142	30	94	158	46	110	174	2000	2045	2118	1986	1972	1976	1990	2112	1999	2016	2049	2031
304998	62	126	14	78	142	30	94	158	46	110	174	2003	2033	2125	1994	1979	1977	1987	2089	1989	2017	2038	2015
304998	62	126	14	78	142	30	94	158	46	110	174	2025	2015	2145	2022	2011	1975	2018	2058	1981	2017	2023	2001
304998	62	126	14	78	142	30	94	158	46	110	174	2043	2003	2152	2054	2029	1970	2046	2032	1984	2020	2010	2005
304998	62	126	14	78	142	30	94	158	46	110	174	2042	2010	2140	2055	2032	1964	2042	2045	1983	2021	2009	2012
304998	62	126	14	78	142	30	94	158	46	110	174	2027	2023	2126	2030	1995	1975	2020	2073	1987	2016	2023	2011
304998	62	126	14	78	142	30	94	158	46	110	174	2000	2035	2129	1996	1968	1981	1987	2099	1993	2016	2051	2020
304998	62	126	14	78	142	30	94	158	46	110	174	1997	2042	2127	1982	1973	1983	1987	2099	1996	2016	2054	2028
304998	62	126	14	78	142	30	94	158	46	110	174	2011	2033	2137	2005	1994	1972	2006	2084	1991	2018	2034	2021
304998	62	126	14	78	142	30	94	158	46	110	174	2032	2013	2139	2039	2022	1967	2042	2049	1987	2019	2011	2001
304998	62	126	14	78	142	30	94	158	46	110	174	2046	2000	2141	2061	2030	1970	2066	2037	1971	2022	2000	1990
304998	62	126	14	78	142	30	94	158	46	110	174	2037	2006	2147	2043	2018	1970	2037	2049	1986	2022	2022	2006
304998	62	126	14	78	142	30	94	158	46	110	174	2010	2033	2137	2010	1992	1977	2010	2080	1994	2020	2043	2021
304998	62	126	14	78	142	30	94	158	46	110	174	1990	2046	2129	1980	1975	1981	1984	2106	1997	2016	2046	2032
304998	62	126	14	78	142	30	94	158	46	110	174	2004	2047	2122	1985	1978	1975	1998	2101	1984	2021	2041	2022
304998	62	126	14	78	142	30	94	158	46	110	174	2026	2018	2129	2019	2005	1970	2044	2074	1983	2021	2025	2002
304998	62	126	14	78	142	30	94	158	46	110	174	2043	1998	2146	2058	2028	1964	2045	2031	1983	2020	2011	2003
304998	62	126	14	78	142	30	94	158	46	110	174	2048	2002	2153	2061	2029	1969	2044	2038	1987	2017	2006	2008
304998	62	126	14	78	142	30	94	158	46	110	174	2027	2023	2144	2031	2006	1974	2025	2072	1987	2016	2018	2015
304998	62	126	14	78	142	30	94	158	46	110	174	2008	2048	2123	1995	1974	1985	2001	2099	1993	2016	2044	2020
304998	62	126	14	78	142	30	94	158	46	110	174	1997	2046	2119	1983	1968	1980	1981	2104	1997	2018	2056	2029
304998	62	126	14	78	142	30	94	158	46	110	174	2011	2027	2128	2007	1981	1973	1998	2086	1995	2021	2042	2026
304998	62	126	14	78	142	30	94	158	46	110	174	2034	2005	2153	2036	2020	1968	2031	2049	1986	2016	2014	2004
304998	62	126	14	78	142	30	94	158	46	110	174	2045	2000	2156	2061	2031	1974	2067	2036	1973	2020	1999	1994
304998	62	126	14	78	142	30	94	158	46	110	174	2041	2015	2144	2047	2021	1967	2046	2051	1976	2018	2015	2002
304998	62	126	14	78	142	30	94	158	46	110	174	2021	2035	2118	2014	1992	1973	2022	2081	1992	2022	2037	2022
304998	62	126	14	78	142	30	94	158	46	110	174	2004	2044	2110	1985	1970	1976	2007	2108	1997	2021	2051	2029
304998	62	126	14	78	142	30	94	158	46	110	174	2001	2039	2130	1987	1978	1970	1988	2097	1992	2020	2039	2028
304998	62	126	14	78	142	30	94	158	46	110	174	2021	2025	2142	2019	1993	1974	2014	2071	1981	2019	2027	2003
304998	62	126	14	78	142	30	94	158	46	110	174	2035	2005	2151	2047	2031	1972	2040	2036	1982	2020	2013	1999
304998	62	126	14	78	142	30	94	158	46	110	174	2048	2006	2141	2058	2036	1972	2056	2037	1984	2022	2003	2005
304998	62	126	14	78	142	30	94	158	46	110	174	2033	2011	2142	2039	2008	1967	2043	2064	1983	2017	2016	2014
304998	62	126	14	78	142	30	94	158	46	110	174	2013	2034	2126	2003	1981	1975	1999	2092	1986	2016	2042	2020
304998	62	126	14	78	142	30	94	158	46	110	174	2000	2045	2125	1982	1969	1981	1987	2105	1991	2021	2053	2024
304998	62	126	14	78	142	30	94	158	46	110	174	2003	2034	2134	2003	1979	1977	1996	2081	1996	2020	2041	2024
304998	62	126	14	78	142	30	94	158	46	110	174	2030	2018	2142	2029	2017	1973	2035	2055	1985	2018	2014	2011
304998	62	126	14	78	142	30	94	158	46	110	174	2049	1995	2143	2062	2028	1967	2049	2036	1979	2018	1996	1998
304998	62	126	14	78	142	30	94	158	46	110	174	2049	2003	2139	2053	2028	1968	2046	2046	1980	2017	2006	2001
304998	62	126	14	78	142	30	94	158	46	110	174	2018	2025	2140	2016	1996	1970	2015	2069	1990	2019	2033	2017
304998	62	126	14	78	142	30	94	158	46	110	174	1999	2049	2125	1992	1964	1983	1992	2105	1995	2018	2048	2029
304998	62	126	14	78	142	30	94	158	46	110	174	1999	2050	2124	1985	1975	1976	1986	2104	1995	2022	2044	2028
304998	62	126	14	78	142	30	94	158	46	110	174	2022	2026	2128	2017	1993	1975	2018	2077	1987	2018	2020	2006
304998	62	126	14	78	142	30	94	158	46	110	174	2043	1999	2146	2050	2028	1960	2045	2041	1977	2019	2013	1999
304998	62	126	14	78	142	30	94	158	46	110	174	2046	2000	2148	2062	2039	1969	2049	2028	1984	2021	2010	2005
304998	62	126	14	78	142	30	94	158	46	110	174	2035	2016	2141	2043	2005	1973	2042	2064	1985	2019	2017	2015
304998	62	126	14	78	142	30	94	158	46	110	174	2012	2039	2126	2004	1983	1982	2006	2088	1986	2019	2035	2020
304998	62	126	14	78	142	30	94	158	46	110	174	2000	2048	2116	1983	1970	1975	1993	2106	1989	2017	2048	2018
304998	62	126	14	78	142	30	94	158	46	110	174	2003	2030	2128	1996	1980	1971	1987	2084	1996	2017	2045	2017
304998	62	126	14	78	142	30	94	158	46	110	174	2025	2008	2143	2027	2016	1967	2022	2061	1981	2017	2019	2017
304998	62	126	14	78	142	30	94	158	46	110	174	2041	2000	2153	2058	2034	1973	2046	2039	1979	2018	1999	2002
304998	62	126	14	78	142	30	94	158	46	110	174	2042	2007	2149	2055	2028	1967	2049	2039	1979	2018	2000	1997
304998	62	126	14	78	142	30	94	158	46	110	174	2025	2033	2127	2022	1999	1969	2015	2070	1989	2018	2031	2011
304998	62	126	14	78	142	30	94	158	46	110	174	2008	2042	2116	1994	1970	1979	1991	2101	1999	2021	2048	2027
304998	62	126	14	78	142	30	94	158	46	110	174	2002	2043	2129	1986	1972	1974	1993	2108	1996	2016	2049	2029
304998	62	126	14	78	142	30	94	158	46	110	174	2017	2024	2139	2006	1993	1979	2010	2079	1986	2017	2027	2012
304998	62	126	14	78	142	30	94	158	46	110	174	2034	2007	2147	2045	2030	1971	2041	2046	1978	2017	2009	1994
304998	62	126	14	78	142	30	94	158	46	110	174	2041	1995	2150	2059	2039	1968	2050	2027	1987	2016	2008	1999
304998	62	126	14	78	142	30	94	158	46	110	174	2039	2011	2130	2047	2013	1967	2040	2056	1984	2018	2018	2009
304998	62	126	14	78	142	30	94	158	46	110	174	2017	2032	2130	2010	1992	1968	2013	2085	1987	2018	2035	2029
304998	62	126	14	78	142	30	94	158	46	110	174	1996	2044	2128	1983	1973	1976	1982	2103	1987	2020	2049	2018
304998	62	126	14	78	142	30	94	158	46	110	174	2004	2039	2132	1991	1969	1983	2002	2089	1992	2017	2042	2015
304998	62	126	14	78	142	30	94	158	46	110	174	2020	2018	2146	2022	2010	1967	2018	2057	1986	2020	2020	2010
304998	62	126	14	78	142	30	94	158	46	110	174	2046	2004	2138	2057	2033	1972	2051	2043	1976	2018	2002	2007
304998	62	126	14	78	142	30	94	158	46	110	174	2045	1994	2143	2058	2034	1969	2060	2038	1981	2021	2005	2010
304998	62	126	14	78	142	30	94	158	46	110	174	2027	2016	2139	2027	2008	1970	2029	2066	1988	2022	2021	2007
304998	62	126	14	78	142	30	94	158	46	110	174	2008	2044	2128	1998	1973	1978	2003	2097	1998	2022	2050	2020
304998	62	126	14	78	142	30	94	158	46	110	174	1981	2043	2141	1984	1973	1975	1983	2101	1992	2018	2051	2029
304998	62	126	14	78	142	30	94	158	46	110	174	2003	2034	2127	2005	1993	1971	2001	2077	1985	2022	2032	2016
304998	62	126	14	78	142	30	94	158	46	110	174	2035	2004	2143	2041	2022	1969	2032	2043	1980	2018	2007	2003
304998	62	126	14	78	142	30	94	158	46	110	174	2048	1994	2151	2056	2040	1970	2048	2028	1985	2018	2000	1990
304998	62	126	14	78	142	30	94	158	46	110	174	2037	2008	2146	2046	2024	1967	2040	2048	1985	2017	2017	2010
304998	62	126	14	78	142	30	94	158	46	110	174	2017	2036	2133	2015	1991	1975	2022	2086	1984	2018	2038	2024
304998	62	126	14	78	142	30	94	158	46	110	174	1997	2052	2118	1983	1965	1975	1998	2105	1985	2018	2047	2028
304998	62	126	14	78	142	30	94	158	46	110	174	2006	2038	2118	1991	1980	1974	1995	2098	1989	2016	2039	2014
304998	62	126	14	78	142	30	94	158	46	110	174	2018	2015	2140	2020	2008	1969	2011	2064	1993	2020	2025	2001
304998	62	126	14	78	142	30	94	158	46	110	174	2046	1999	2147	2051	2034	1970	2048	2042	1981	2022	2009	2006
304998	62	126	14	78	142	30	94	158	46	110	174	2048	2003	2159	2058	2029	1973	2065	2036	1980	2022	2003	2008
304998	62	126	14	78	142	30	94	158	46	110	174	2026	2018	2133	2031	2010	1968	2026	2057	1984	2020	2018	2020
304998	62	126	14	78	142	30	94	158	46	110	174	2012	2044	2118	2001	1973	1975	2013	2101	1995	2017	2038	2016
304998	62	126	14	78	142	30	94	158	46	110	174	1985	2038	2138	1984	1976	1968	1979	2111	1995	2021	2052	2021
304998	62	126	14	78	142	30	94	158	46	110	174	1995	2023	2132	2000	1996	1976	1998	2085	1986	2019	2038	2019
304998	62	126	14	78	142	30	94	158	46	110	174	2036	2008	2155	2035	2026	1967	2034	2049	1982	2016	2010	2014
304998	62	126	14	78	142	30	94	158	46	110	174	2043	2002	2153	2059	2038	1966	2049	2027	1984	2019	1995	2000
304998	62	126	14	78	142	30	94	158	46	110	174	2045	2012	2129	2050	2024	1967	2055	2050	1990	2022	2008	2000
304998	62	126	14	78	142	30	94	158	46	110	174	2020	2020	2129	2017	1992	1975	2013	2078	1984	2021	2036	2020
304998	62	126	14	78	142	30	94	158	46	110	174	2003	2046	2125	1987	1975	1976	1986	2106	1986	2020	2048	2029
304998	62	126	14	78	142	30	94	158	46	110	174	2002	2047	2130	1984	1975	1978	2003	2096	1991	2016	2044	2026
304998	62	126	14	78	142	30	94	158	46	110	174	2018	2025	2140	2016	2000	1969	2010	2072	1992	2020	2021	2005
304998	62	126	14	78	142	30	94	158	46	110	174	2043	2008	2142	2051	2035	1970	2046	2045	1985	2019	2008	1997
304998	62	126	14	78	142	30	94	158	46	110	174	2051	1998	2144	2061	2032	1969	2063	2039	1981	2019	2006	2002
304998	62	126	14	78	142	30	94	158	46	110	174	2032	2015	2138	2038	2013	1968	2028	2060	1987	2018	2020	2018
304998	62	126	14	78	142	30	94	158	46	110	174	2008	2040	2134	2005	1979	1983	2000	2092	1992	2021	2039	2025
304998	62	126	14	78	142	30	94	158	46	110	174	1996	2045	2132	1983	1964	1975	1980	2106	1998	2020	2045	2020
304998	62	126	14	78	142	30	94	158	46	110	174	1999	2034	2128	1995	1983	1974	1994	2087	1988	2019	2042	2015
304998	62	126	14	78	142	30	94	158	46	110	174	2032	2015	2142	2034	2015	1973	2029	2056	1980	2020	2021	2014
304998	62	126	14	78	142	30	94	158	46	110	174	2049	1992	2151	2056	2038	1969	2050	2030	1981	2020	2003	2003
304998	62	126	14	78	142	30	94	158	46	110	174	2048	2005	2148	2050	2032	1972	2053	2044	1987	2017	2005	2007
304998	62	126	14	78	142	30	94	158	46	110	174	2026	2029	2138	2019	1995	1975	2022	2081	1987	2020	2030	2012
304998	62	126	14	78	142	30	94	158	46	110	174	2002	2046	2115	1985	1973	1974	1984	2106	1989	2020	2050	2030
304998	62	126	14	78	142	30	94	158	46	110	174	2002	2041	2123	1983	1972	1971	1995	2103	1984	2020	2047	2028
304998	62	126	14	78	142	30	94	158	46	110	174	2011	2021	2140	2009	1998	1970	2006	2073	1993	2018	2026	2011
304998	62	126	14	78	142	30	94	158	46	110	174	2039	2005	2151	2049	2024	1972	2042	2049	1982	2021	2001	1999
304998	62	126	14	78	142	30	94	158	46	110	174	2046	2003	2150	2062	2032	1971	2065	2041	1982	2019	2006	1992
304998	62	126	14	78	142	30	94	158	46	110	174	2027	2016	2134	2040	2015	1967	2034	2052	1983	2020	2016	2015
304998	62	126	14	78	142	30	94	158	46	110	174	2017	2038	2117	2007	1987	1972	2007	2087	1990	2022	2042	2032
304998	62	126	14	78	142	30	94	158	46	110	174	1993	2040	2125	1983	1969	1968	1981	2104	1998	2021	2048	2025
304998	62	126	14	78	142	30	94	158	46	110	174	2004	2038	2138	1989	1985	1972	2001	2096	1988	2017	2037	2017
304998	62	126	14	78	142	30	94	158	46	110	174	2026	2019	2146	2024	2014	1969	2032	2062	1982	2021	2024	2008
304998	62	126	14	78	142	30	94	158	46	110	174	2036	2004	2151	2057	2035	1965	2043	2033	1980	2016	2002	2005
304998	62	126	14	78	142	30	94	158	46	110	174	2051	2006	2136	2059	2023	1970	2051	2036	1983	2018	2002	2006
304998	62	126	14	78	142	30	94	158	46	110	174	2021	2015	2137	2028	2006	1968	2017	2070	1991	2017	2023	2012
304998	62	126	14	78	142	30	94	158	46	110	174	2006	2047	2128	1989	1977	1975	1994	2105	1987	2021	2048	2015
304998	62	126	14	78	142	30	94	158	46	110	174	1996	2045	2135	1984	1969	1974	1993	2105	1986	2017	2050	2027
304998	62	126	14	78	142	30	94	158	46	110	174	2009	2038	2132	2001	1997	1974	2007	2077	1986	2018	2032	2020
304998	62	126	14	78	142	30	94	158	46	110	174	2036	2006	2138	2044	2019	1971	2031	2048	1988	2019	2005	2006
304998	62	126	14	78	142	30	94	158	46	110	174	2051	1994	2142	2061	2037	1967	2056	2037	1985	2021	1999	1995
304998	62	126	14	78	142	30	94	158	46	110	174	2037	2005	2145	2043	2025	1966	2039	2049	1986	2022	2020	2008
304998	62	126	14	78	142	30	94	158	46	110	174	2017	2038	2131	2009	1983	1979	2006	2085	1988	2020	2037	2022
304998	62	126	14	78	142	30	94	158	46	110	174	1990	2048	2134	1981	1966	1981	1979	2102	1998	2018	2047	2033
304998	62	126	14	78	142	30	94	158	46	110	174	2004	2046	2122	1991	1976	1980	1987	2095	1997	2017	2040	2020
304998	62	126	14	78	142	30	94	158	46	110	174	2026	2015	2133	2023	2003	1965	2022	2068	1986	2018	2025	2005
304998	62	126	14	78	142	30	94	158	46	110	174	2038	1997	2147	2051	2033	1967	2041	2038	1978	2020	2010	2005
304998	62	126	14	78	142	30	94	158	46	110	174	2046	2004	2150	2057	2026	1974	2057	2038	1984	2019	2006	2006
304998	62	126	14	78	142	30	94	158	46	110	174	2022	2022	2143	2025	2008	1974	2021	2069	1992	2020	2020	2016
304998	62	126	14	78	142	30	94	158	46	110	174	2008	2045	2115	1994	1980	1978	1997	2107	1993	2017	2040	2018
304998	62	126	14	78	142	30	94	158	46	110	174	1999	2049	2119	1984	1962	1973	1994	2106	1993	2020	2053	2021
304998	62	126	14	78	142	30	94	158	46	110	174	2008	2031	2133	1999	1994	1970	1997	2078	1985	2021	2037	2019
304998	62	126	14	78	142	30	94	158	46	110	174	2038	2009	2150	2036	2020	1968	2028	2051	1986	2020	2013	2005
304998	62	126	14	78	142	30	94	158	46	110	174	2040	2000	2150	2055	2042	1965	2050	2038	1983	2021	1997	1999
304998	62	126	14	78	142	30	94	158	46	110	174	2042	2015	2132	2044	2022	1970	2052	2052	1985	2020	2016	2004
304998	62	126	14	78	142	30	94	158	46	110	174	2016	2028	2131	2015	1982	1974	2008	2082	1987	2020	2039	2017
304998	62	126	14	78	142	30	94	158	46	110	174	1997	2049	2122	1984	1975	1974	1979	2104	1996	2020	2048	2032
304998	62	126	14	78	142	30	94	158	46	110	174	1997	2040	2142	1987	1974	1976	1987	2102	1998	2018	2042	2021
304998	62	126	14	78	142	30	94	158	46	110	174	2016	2025	2142	2017	2005	1975	2008	2072	1985	2020	2024	2000
304998	62	126	14	78	142	30	94	158	46	110	174	2045	2010	2139	2050	2032	1967	2062	2041	1981	2021	2008	2002
304998	62	126	14	78	142	30	94	158	46	110	174	2046	1995	2145	2063	2026	1967	2047	2039	1983	2022	2005	2012
304998	62	126	14	78	142	30	94	158	46	110	174	2030	2017	2139	2031	2008	1972	2028	2059	1993	2019	2023	2017
304998	62	126	14	78	142	30	94	158	46	110	174	2003	2039	2138	1999	1970	1978	1995	2099	1996	2020	2041	2018
304998	62	126	14	78	142	30	94	158	46	110	174	1991	2053	2125	1983	1968	1981	1994	2111	1988	2021	2051	2020
304998	62	126	14	78	142	30	94	158	46	110	174	2006	2042	2123	1996	1992	1977	1994	2084	1985	2017	2043	2017
304998	62	126	14	78	142	30	94	158	46	110	174	2038	2012	2138	2030	2010	1973	2039	2049	1988	2021	2017	2010
304998	62	126	14	78	142	30	94	158	46	110	174	2046	1993	2149	2059	2040	1970	2050	2035	1988	2017	2002	2003
304998	62	126	14	78	142	30	94	158	46	110	174	2041	2008	2146	2048	2026	1966	2051	2060	1980	2022	2014	2000
304998	62	126	14	78	142	30	94	158	46	110	174	2019	2031	2139	2016	1989	1977	2017	2081	1986	2022	2035	2015
304998	62	126	14	78	142	30	94	158	46	110	174	1998	2051	2117	1983	1974	1975	1992	2104	1988	2016	2050	2032
304998	62	126	14	78	142	30	94	158	46	110	174	1997	2041	2128	1982	1966	1981	1987	2099	1999	2019	2041	2027
304998	62	126	14	78	142	30	94	158	46	110	174	2009	2020	2148	2011	1999	1971	2005	2073	1985	2021	2024	2004
304998	62	126	14	78	142	30	94	158	46	110	174	2039	2004	2148	2043	2028	1962	2069	2046	1980	2016	2009	2004
304998	62	126	14	78	142	30	94	158	46	110	174	2046	2003	2154	2057	2036	1963	2054	2035	1976	2017	2010	2012
304998	62	126	14	78	142	30	94	158	46	110	174	2030	2019	2136	2031	2018	1970	2026	2055	1984	2018	2018	2015
304998	62	126	14	78	142	30	94	158	46	110	174	2008	2040	2129	2003	1970	1988	1998	2090	1997	2022	2037	2019
304998	62	126	14	78	142	30	94	158	46	110	174	1987	2041	2134	1975	1966	1976	1979	2104	1994	2018	2053	2017
304998	62	126	14	78	142	30	94	158	46	110	174	2005	2037	2135	1991	1987	1968	1994	2091	1987	2022	2050	2022
304998	62	126	14	78	142	30	94	158	46	110	174	2024	2015	2150	2031	2013	1967	2019	2053	1985	2022	2019	2013
