304998	62	126	14	78	142	30	94	158	46	110	174	2036	2015	2122	2020	2019	1987	2051	2069	2001	2021	2010	2016
304998	62	126	14	78	142	30	94	158	46	110	174	2068	1973	2125	2052	2044	2015	2060	2027	2028	2019	1983	2027
304998	62	126	14	78	142	30	94	158	46	110	174	2071	1986	2129	2054	2032	2002	2049	2043	2017	2017	1987	2034
304998	62	126	14	78	142	30	94	158	46	110	174	2027	2027	2146	2026	1997	1967	2019	2078	1983	2016	2023	2016
304998	62	126	14	78	142	30	94	158	46	110	174	1984	2072	2143	1984	1970	1934	1990	2112	1953	2022	2060	1990
304998	62	126	14	78	142	30	94	158	46	110	174	1975	2073	2139	1968	1963	1938	1979	2113	1950	2017	2082	1998
304998	62	126	14	78	142	30	94	158	46	110	174	1996	2036	2136	1999	1998	1966	1996	2084	1986	2016	2041	2020
304998	62	126	14	78	142	30	94	158	46	110	174	2046	1993	2138	2041	2026	2006	2037	2047	2015	2017	1993	2027
304998	62	126	14	78	142	30	94	158	46	110	174	2072	1981	2128	2060	2041	2009	2061	2033	2019	2020	1974	2022
304998	62	126	14	78	142	30	94	158	46	110	174	2059	2007	2127	2045	2022	1985	2056	2056	1999	2018	2002	2009
304998	62	126	14	78	142	30	94	158	46	110	174	2012	2045	2132	2005	1989	1952	2005	2084	1972	2018	2047	2008
304998	62	126	14	78	142	30	94	158	46	110	174	1972	2070	2147	1977	1963	1932	1974	2117	1953	2017	2077	2008
304998	62	126	14	78	142	30	94	158	46	110	174	1978	2060	2147	1978	1975	1951	1990	2102	1962	2021	2055	2007
304998	62	126	14	78	142	30	94	158	46	110	174	2020	2016	2143	2015	2002	1990	2019	2072	1994	2022	2016	2009
304998	62	126	14	78	142	30	94	158	46	110	174	2069	1986	2117	2050	2041	2009	2053	2033	2025	2021	1986	2020
304998	62	126	14	78	142	30	94	158	46	110	174	2076	1981	2119	2062	2037	2002	2065	2041	2026	2016	1981	2026
304998	62	126	14	78	142	30	94	158	46	110	174	2035	2018	2139	2031	2007	1968	2041	2071	1981	2016	2017	2016
304998	62	126	14	78	142	30	94	158	46	110	174	1986	2063	2151	1988	1965	1942	1998	2106	1951	2019	2061	1994
304998	62	126	14	78	142	30	94	158	46	110	174	1965	2076	2153	1974	1956	1936	1973	2111	1952	2017	2077	1995
304998	62	126	14	78	142	30	94	158	46	110	174	1998	2049	2137	1992	1990	1960	2001	2096	1986	2020	2047	2015
304998	62	126	14	78	142	30	94	158	46	110	174	2050	1994	2120	2038	2022	1997	2034	2049	2012	2023	1993	2029
304998	62	126	14	78	142	30	94	158	46	110	174	2077	1972	2118	2062	2047	2013	2064	2028	2023	2020	1969	2022
304998	62	126	14	78	142	30	94	158	46	110	174	2061	1994	2133	2048	2028	1998	2055	2047	2006	2022	1999	2011
304998	62	126	14	78	142	30	94	158	46	110	174	2014	2047	2146	2010	1986	1960	2021	2087	1971	2020	2044	2011
304998	62	126	14	78	142	30	94	158	46	110	174	1973	2081	2145	1979	1962	1932	1976	2117	1950	2020	2075	2008
304998	62	126	14	78	142	30	94	158	46	110	174	1978	2066	2135	1982	1966	1945	1985	2113	1953	2021	2061	2007
304998	62	126	14	78	142	30	94	158	46	110	174	2013	2013	2141	2013	2007	1975	2011	2065	1992	2020	2021	2009
304998	62	126	14	78	142	30	94	158	46	110	174	2066	1983	2126	2048	2042	2008	2063	2032	2028	2016	1988	2026
304998	62	126	14	78	142	30	94	158	46	110	174	2073	1985	2131	2066	2036	2006	2057	2037	2020	2017	1981	2029
304998	62	126	14	78	142	30	94	158	46	110	174	2042	2019	2127	2028	2009	1975	2024	2061	1989	2018	2011	2024
304998	62	126	14	78	142	30	94	158	46	110	174	1994	2063	2139	1995	1968	1943	1996	2103	1951	2020	2053	1999
304998	62	126	14	78	142	30	94	158	46	110	174	1974	2070	2147	1975	1965	1924	1972	2112	1954	2021	2073	1994
304998	62	126	14	78	142	30	94	158	46	110	174	1989	2049	2146	1990	1986	1956	1998	2098	1979	2017	2050	2011
304998	62	126	14	78	142	30	94	158	46	110	174	2040	2007	2138	2033	2023	1997	2028	2053	2010	2020	2003	2030
304998	62	126	14	78	142	30	94	158	46	110	174	2069	1980	2123	2061	2043	2020	2054	2025	2023	2020	1973	2029
304998	62	126	14	78	142	30	94	158	46	110	174	2067	1998	2120	2058	2020	2003	2054	2039	2005	2022	1986	2015
304998	62	126	14	78	142	30	94	158	46	110	174	2027	2031	2135	2017	1992	1952	2019	2083	1981	2017	2040	2009
304998	62	126	14	78	142	30	94	158	46	110	174	1977	2067	2150	1980	1967	1932	1978	2111	1951	2017	2076	2004
304998	62	126	14	78	142	30	94	158	46	110	174	1973	2066	2149	1979	1968	1944	2001	2112	1949	2021	2071	2005
304998	62	126	14	78	142	30	94	158	46	110	174	2010	2033	2138	2006	2004	1973	2012	2071	1987	2016	2025	2010
304998	62	126	14	78	142	30	94	158	46	110	174	2059	1989	2116	2048	2031	2010	2047	2038	2027	2018	1988	2016
304998	62	126	14	78	142	30	94	158	46	110	174	2073	1971	2122	2062	2039	2010	2050	2029	2023	2016	1978	2028
304998	62	126	14	78	142	30	94	158	46	110	174	2043	2005	2132	2044	2016	1981	2041	2057	1996	2021	2008	2023
304998	62	126	14	78	142	30	94	158	46	110	174	1996	2052	2156	2003	1968	1950	2002	2097	1952	2021	2051	2008
304998	62	126	14	78	142	30	94	158	46	110	174	1973	2079	2149	1974	1963	1932	1989	2115	1947	2019	2075	1998
304998	62	126	14	78	142	30	94	158	46	110	174	1987	2057	2142	1988	1970	1952	1983	2094	1970	2019	2059	1998
304998	62	126	14	78	142	30	94	158	46	110	174	2038	2008	2123	2028	2008	1989	2031	2058	2004	2016	2013	2026
304998	62	126	14	78	142	30	94	158	46	110	174	2073	1973	2127	2061	2042	2013	2068	2026	2022	2022	1974	2034
304998	62	126	14	78	142	30	94	158	46	110	174	2068	1986	2129	2059	2022	2005	2063	2036	2018	2019	1981	2020
304998	62	126	14	78	142	30	94	158	46	110	174	2022	2031	2143	2022	2002	1964	2013	2075	1984	2016	2032	2008
304998	62	126	14	78	142	30	94	158	46	110	174	1984	2074	2143	1982	1966	1934	1984	2111	1947	2019	2077	1995
304998	62	126	14	78	142	30	94	158	46	110	174	1976	2069	2142	1986	1959	1936	1986	2113	1951	2016	2071	2006
304998	62	126	14	78	142	30	94	158	46	110	174	2008	2035	2138	2004	1999	1964	2005	2078	1986	2017	2031	2016
304998	62	126	14	78	142	30	94	158	46	110	174	2053	1989	2127	2051	2019	2009	2052	2038	2022	2018	1982	2019
304998	62	126	14	78	142	30	94	158	46	110	174	2068	1975	2130	2061	2043	2015	2056	2028	2025	2022	1976	2021
304998	62	126	14	78	142	30	94	158	46	110	174	2057	2007	2128	2041	2021	1985	2049	2060	1998	2022	2007	2020
304998	62	126	14	78	142	30	94	158	46	110	174	2005	2042	2148	2005	1977	1945	2008	2087	1964	2016	2049	2013
304998	62	126	14	78	142	30	94	158	46	110	174	1977	2071	2147	1982	1964	1924	1990	2109	1954	2022	2074	1997
304998	62	126	14	78	142	30	94	158	46	110	174	1980	2052	2149	1993	1967	1951	1981	2099	1968	2017	2058	1999
304998	62	126	14	78	142	30	94	158	46	110	174	2030	2013	2134	2029	2003	1988	2021	2060	2000	2018	2019	2016
304998	62	126	14	78	142	30	94	158	46	110	174	2073	1983	2122	2054	2045	2015	2058	2027	2023	2021	1984	2031
304998	62	126	14	78	142	30	94	158	46	110	174	2077	1983	2118	2063	2032	2006	2054	2030	2018	2020	1978	2027
304998	62	126	14	78	142	30	94	158	46	110	174	2037	2016	2130	2031	2005	1965	2024	2070	1989	2016	2016	2010
304998	62	126	14	78	142	30	94	158	46	110	174	1984	2063	2149	1988	1970	1930	1985	2103	1949	2018	2067	1997
304998	62	126	14	78	142	30	94	158	46	110	174	1972	2071	2155	1981	1962	1934	1979	2113	1944	2021	2079	2001
304998	62	126	14	78	142	30	94	158	46	110	174	1996	2038	2138	1999	1989	1968	2002	2077	1977	2016	2046	2017
304998	62	126	14	78	142	30	94	158	46	110	174	2049	1997	2118	2041	2020	2008	2041	2040	2023	2021	1994	2023
304998	62	126	14	78	142	30	94	158	46	110	174	2079	1974	2114	2064	2046	2010	2061	2032	2023	2022	1969	2023
304998	62	126	14	78	142	30	94	158	46	110	174	2056	1991	2134	2048	2032	1989	2043	2046	2006	2020	1997	2014
304998	62	126	14	78	142	30	94	158	46	110	174	2009	2042	2147	2010	1986	1959	2006	2081	1968	2016	2051	2009
304998	62	126	14	78	142	30	94	158	46	110	174	1970	2074	2165	1978	1967	1930	1981	2108	1954	2019	2082	2003
304998	62	126	14	78	142	30	94	158	46	110	174	1981	2070	2143	1985	1966	1944	1976	2104	1964	2017	2061	2008
304998	62	126	14	78	142	30	94	158	46	110	174	2028	2015	2127	2022	1995	1989	2025	2076	1996	2018	2015	2013
304998	62	126	14	78	142	30	94	158	46	110	174	2064	1971	2121	2061	2043	2009	2049	2027	2022	2022	1986	2022
304998	62	126	14	78	142	30	94	158	46	110	174	2078	1975	2127	2063	2045	2018	2070	2025	2022	2020	1984	2028
304998	62	126	14	78	142	30	94	158	46	110	174	2035	2016	2154	2032	2015	1977	2027	2056	1994	2022	2018	2024
304998	62	126	14	78	142	30	94	158	46	110	174	1986	2065	2146	1990	1971	1933	1986	2102	1951	2017	2061	2004
304998	62	126	14	78	142	30	94	158	46	110	174	1972	2075	2143	1982	1955	1932	1973	2112	1950	2018	2077	1994
304998	62	126	14	78	142	30	94	158	46	110	174	1991	2034	2139	1995	1991	1955	1991	2082	1977	2021	2051	2011
304998	62	126	14	78	142	30	94	158	46	110	174	2041	1989	2129	2037	2020	2002	2030	2044	2017	2023	2002	2023
304998	62	126	14	78	142	30	94	158	46	110	174	2073	1971	2129	2062	2048	2016	2055	2026	2028	2020	1970	2031
304998	62	126	14	78	142	30	94	158	46	110	174	2061	1994	2130	2053	2031	1993	2052	2040	2007	2018	1987	2019
304998	62	126	14	78	142	30	94	158	46	110	174	2019	2038	2134	2014	1994	1951	2012	2081	1967	2019	2035	2002
304998	62	126	14	78	142	30	94	158	46	110	174	1980	2069	2146	1986	1966	1926	1983	2104	1950	2017	2081	1996
304998	62	126	14	78	142	30	94	158	46	110	174	1976	2062	2145	1980	1970	1938	1974	2106	1963	2018	2072	2008
304998	62	126	14	78	142	30	94	158	46	110	174	2014	2026	2139	2015	1999	1982	2024	2071	1988	2017	2028	2016
304998	62	126	14	78	142	30	94	158	46	110	174	2050	1981	2135	2051	2040	2013	2045	2029	2019	2022	1977	2024
304998	62	126	14	78	142	30	94	158	46	110	174	2077	1981	2118	2064	2043	2008	2059	2025	2024	2021	1976	2018
304998	62	126	14	78	142	30	94	158	46	110	174	2049	2004	2133	2037	2012	1976	2040	2051	2002	2018	2015	2015
304998	62	126	14	78	142	30	94	158	46	110	174	1996	2053	2144	2001	1983	1940	1996	2099	1960	2022	2059	2009
304998	62	126	14	78	142	30	94	158	46	110	174	1970	2068	2151	1983	1960	1933	1973	2115	1945	2019	2075	2009
304998	62	126	14	78	142	30	94	158	46	110	174	1981	2046	2145	1992	1977	1958	1984	2088	1970	2016	2050	2005
304998	62	126	14	78	142	30	94	158	46	110	174	2035	2005	2128	2033	2019	1996	2024	2045	2016	2017	2005	2013
304998	62	126	14	78	142	30	94	158	46	110	174	2076	1973	2120	2061	2045	2013	2056	2027	2031	2017	1978	2025
304998	62	126	14	78	142	30	94	158	46	110	174	2063	1981	2126	2059	2040	1997	2052	2038	2012	2018	1993	2032
304998	62	126	14	78	142	30	94	158	46	110	174	2023	2025	2139	2020	1993	1963	2016	2074	1975	2022	2033	2008
304998	62	126	14	78	142	30	94	158	46	110	174	1978	2072	2153	1985	1967	1934	1986	2106	1949	2021	2074	2001
304998	62	126	14	78	142	30	94	158	46	110	174	1970	2074	2142	1980	1965	1936	1969	2104	1959	2021	2073	1998
304998	62	126	14	78	142	30	94	158	46	110	174	2009	2033	2125	2008	1997	1976	2007	2081	1986	2020	2038	2017
304998	62	126	14	78	142	30	94	158	46	110	174	2048	1978	2129	2049	2034	2007	2042	2036	2018	2018	1989	2026
304998	62	126	14	78	142	30	94	158	46	110	174	2076	1971	2128	2067	2047	2013	2069	2025	2023	2017	1971	2025
304998	62	126	14	78	142	30	94	158	46	110	174	2048	2005	2148	2047	2016	1982	2045	2054	2000	2020	2002	2013
304998	62	126	14	78	142	30	94	158	46	110	174	1996	2054	2147	2000	1978	1942	1995	2090	1967	2016	2057	2005
304998	62	126	14	78	142	30	94	158	46	110	174	1973	2077	2142	1975	1958	1935	1985	2118	1946	2018	2084	2004
304998	62	126	14	78	142	30	94	158	46	110	174	1977	2049	2148	1992	1975	1948	1975	2096	1969	2020	2063	2015
304998	62	126	14	78	142	30	94	158	46	110	174	2028	2002	2136	2025	2018	1993	2023	2049	2003	2021	2007	2017
304998	62	126	14	78	142	30	94	158	46	110	174	2067	1975	2146	2062	2050	2012	2066	2024	2031	2017	1972	2018
304998	62	126	14	78	142	30	94	158	46	110	174	2059	1981	2138	2061	2040	2003	2048	2034	2019	2022	1987	2016
304998	62	126	14	78	142	30	94	158	46	110	174	2029	2028	2128	2028	1997	1968	2034	2077	1982	2020	2030	2017
304998	62	126	14	78	142	30	94	158	46	110	174	1976	2058	2152	1988	1963	1932	1982	2109	1950	2018	2074	2009
304998	62	126	14	78	142	30	94	158	46	110	174	1966	2065	2141	1979	1961	1939	1969	2106	1954	2016	2076	2005
304998	62	126	14	78	142	30	94	158	46	110	174	2000	2028	2145	2002	1992	1970	2013	2080	1989	2020	2040	2005
304998	62	126	14	78	142	30	94	158	46	110	174	2047	1991	2137	2044	2034	2001	2038	2040	2019	2017	1996	2023
304998	62	126	14	78	142	30	94	158	46	110	174	2077	1976	2120	2065	2048	2009	2072	2029	2025	2018	1976	2028
304998	62	126	14	78	142	30	94	158	46	110	174	2050	1995	2130	2045	2024	1981	2042	2043	2001	2020	1999	2022
304998	62	126	14	78	142	30	94	158	46	110	174	2004	2041	2141	2009	1984	1946	1997	2088	1969	2021	2045	2002
304998	62	126	14	78	142	30	94	158	46	110	174	1964	2072	2152	1975	1957	1933	1974	2119	1951	2020	2082	2001
304998	62	126	14	78	142	30	94	158	46	110	174	1975	2063	2147	1979	1974	1951	1983	2100	1964	2018	2068	2015
304998	62	126	14	78	142	30	94	158	46	110	174	2020	2015	2128	2020	2010	1986	2012	2063	1996	2019	2018	2019
304998	62	126	14	78	142	30	94	158	46	110	174	2067	1973	2122	2061	2042	2010	2066	2025	2028	2020	1972	2025
304998	62	126	14	78	142	30	94	158	46	110	174	2072	1975	2130	2066	2042	1999	2063	2030	2020	2020	1977	2015
304998	62	126	14	78	142	30	94	158	46	110	174	2033	2017	2142	2030	2003	1969	2030	2069	1985	2016	2025	2010
304998	62	126	14	78	142	30	94	158	46	110	174	1986	2068	2147	1988	1968	1939	1996	2109	1951	2017	2072	2014
304998	62	126	14	78	142	30	94	158	46	110	174	1965	2073	2144	1968	1959	1938	1969	2112	1952	2020	2075	2011
304998	62	126	14	78	142	30	94	158	46	110	174	1997	2046	2131	1995	1981	1969	1994	2086	1986	2016	2045	2012
304998	62	126	14	78	142	30	94	158	46	110	174	2043	1987	2143	2045	2026	1995	2041	2049	2017	2016	1998	2014
304998	62	126	14	78	142	30	94	158	46	110	174	2075	1971	2129	2068	2042	2013	2059	2025	2027	2018	1980	2020
304998	62	126	14	78	142	30	94	158	46	110	174	2052	1990	2144	2050	2024	1996	2048	2042	2004	2020	1995	2023
304998	62	126	14	78	142	30	94	158	46	110	174	2005	2043	2134	2008	1989	1957	2015	2084	1970	2023	2042	2014
304998	62	126	14	78	142	30	94	158	46	110	174	1970	2073	2136	1978	1956	1932	1973	2114	1953	2019	2073	1999
304998	62	126	14	78	142	30	94	158	46	110	174	1975	2060	2140	1976	1969	1943	1981	2112	1961	2017	2071	2011
304998	62	126	14	78	142	30	94	158	46	110	174	2016	2020	2141	2019	2001	1980	2021	2070	1995	2021	2025	2019
304998	62	126	14	78	142	30	94	158	46	110	174	2060	1982	2130	2059	2038	2008	2055	2031	2015	2020	1979	2023
304998	62	126	14	78	142	30	94	158	46	110	174	2075	1982	2130	2063	2042	2013	2068	2030	2027	2020	1973	2018
304998	62	126	14	78	142	30	94	158	46	110	174	2038	2013	2130	2038	2010	1977	2033	2066	1995	2022	2016	2004
304998	62	126	14	78	142	30	94	158	46	110	174	1990	2056	2140	1993	1971	1939	1999	2102	1953	2021	2069	2007
304998	62	126	14	78	142	30	94	158	46	110	174	1961	2073	2150	1974	1957	1934	1966	2118	1948	2020	2080	2013
304998	62	126	14	78	142	30	94	158	46	110	174	1986	2045	2145	1997	1979	1967	1992	2089	1975	2021	2050	2018
304998	62	126	14	78	142	30	94	158	46	110	174	2039	2006	2127	2036	2022	1998	2034	2052	2014	2019	1998	2009
304998	62	126	14	78	142	30	94	158	46	110	174	2073	1972	2127	2066	2045	2014	2063	2025	2024	2022	1982	2017
304998	62	126	14	78	142	30	94	158	46	110	174	2061	1984	2132	2056	2035	1991	2056	2044	2008	2017	1996	2024
304998	62	126	14	78	142	30	94	158	46	110	174	2013	2037	2142	2013	1996	1955	2023	2081	1975	2022	2037	2018
304998	62	126	14	78	142	30	94	158	46	110	174	1965	2073	2151	1983	1954	1935	1977	2116	1955	2017	2070	2010
304998	62	126	14	78	142	30	94	158	46	110	174	1974	2072	2133	1976	1965	1944	1975	2119	1961	2020	2073	2007
304998	62	126	14	78	142	30	94	158	46	110	174	2008	2025	2133	2009	1993	1987	2014	2076	1988	2023	2036	2015
304998	62	126	14	78	142	30	94	158	46	110	174	2049	1975	2138	2048	2039	2005	2049	2033	2018	2020	1985	2020
304998	62	126	14	78	142	30	94	158	46	110	174	2074	1977	2135	2066	2047	2006	2068	2026	2026	2021	1972	2020
304998	62	126	14	78	142	30	94	158	46	110	174	2044	2012	2142	2042	2019	1976	2036	2059	1996	2020	2010	2009
304998	62	126	14	78	142	30	94	158	46	110	174	2000	2062	2130	1995	1980	1948	2002	2103	1963	2022	2060	2002
304998	62	126	14	78	142	30	94	158	46	110	174	1967	2068	2143	1977	1947	1940	1967	2118	1948	2020	2082	2013
304998	62	126	14	78	142	30	94	158	46	110	174	1976	2041	2145	1985	1973	1958	1979	2089	1970	2022	2054	2019
304998	62	126	14	78	142	30	94	158	46	110	174	2034	2004	2134	2030	2014	1988	2025	2055	2012	2022	2004	2017
304998	62	126	14	78	142	30	94	158	46	110	174	2068	1978	2138	2061	2047	2008	2061	2028	2021	2020	1981	2014
304998	62	126	14	78	142	30	94	158	46	110	174	2072	1993	2122	2060	2038	1996	2060	2041	2004	2017	1992	2021
304998	62	126	14	78	142	30	94	158	46	110	174	2025	2027	2136	2025	1991	1966	2019	2076	1981	2018	2031	2020
304998	62	126	14	78	142	30	94	158	46	110	174	1973	2060	2144	1981	1964	1941	1974	2104	1957	2020	2072	2007
304998	62	126	14	78	142	30	94	158	46	110	174	1973	2074	2146	1974	1955	1944	1971	2119	1959	2020	2072	2002
304998	62	126	14	78	142	30	94	158	46	110	174	2004	2039	2134	2003	1998	1970	1998	2081	1982	2020	2042	2016
304998	62	126	14	78	142	30	94	158	46	110	174	2054	1993	2123	2050	2033	1999	2046	2036	2014	2020	1992	2023
304998	62	126	14	78	142	30	94	158	46	110	174	2076	1970	2127	2064	2047	2011	2066	2018	2024	2021	1974	2019
