304998	62	126	14	78	142	30	94	158	46	110	174	2073	1971	2129	2062	2048	2016	2055	2026	2028	2020	1970	2031
304998	62	126	14	78	142	30	94	158	46	110	174	2061	1994	2130	2053	2031	1993	2052	2040	2007	2018	1987	2019
304998	62	126	14	78	142	30	94	158	46	110	174	2019	2038	2134	2014	1994	1951	2012	2081	1967	2019	2035	2002
304998	62	126	14	78	142	30	94	158	46	110	174	1980	2069	2146	1986	1966	1926	1983	2104	1950	2017	2081	1996
304998	62	126	14	78	142	30	94	158	46	110	174	1976	2062	2145	1980	1970	1938	1974	2106	1963	2018	2072	2008
304998	62	126	14	78	142	30	94	158	46	110	174	2014	2026	2139	2015	1999	1982	2024	2071	1988	2017	2028	2016
304998	62	126	14	78	142	30	94	158	46	110	174	2050	1981	2135	2051	2040	2013	2045	2029	2019	2022	1977	2024
304998	62	126	14	78	142	30	94	158	46	110	174	2077	1981	2118	2064	2043	2008	2059	2025	2024	2021	1976	2018
304998	62	126	14	78	142	30	94	158	46	110	174	2049	2004	2133	2037	2012	1976	2040	2051	2002	2018	2015	2015
304998	62	126	14	78	142	30	94	158	46	110	174	1996	2053	2144	2001	1983	1940	1996	2099	1960	2022	2059	2009
304998	62	126	14	78	142	30	94	158	46	110	174	1970	2068	2151	1983	1960	1933	1973	2115	1945	2019	2075	2009
304998	62	126	14	78	142	30	94	158	46	110	174	1981	2046	2145	1992	1977	1958	1984	2088	1970	2016	2050	2005
304998	62	126	14	78	142	30	94	158	46	110	174	2035	2005	2128	2033	2019	1996	2024	2045	2016	2017	2005	2013
304998	62	126	14	78	142	30	94	158	46	110	174	2076	1973	2120	2061	2045	2013	2056	2027	2031	2017	1978	2025
304998	62	126	14	78	142	30	94	158	46	110	174	2063	1981	2126	2059	2040	1997	2052	2038	2012	2018	1993	2032
304998	62	126	14	78	142	30	94	158	46	110	174	2023	2025	2139	2020	1993	1963	2016	2074	1975	2022	2033	2008
304998	62	126	14	78	142	30	94	158	46	110	174	1978	2072	2153	1985	1967	1934	1986	2106	1949	2021	2074	2001
304998	62	126	14	78	142	30	94	158	46	110	174	1970	2074	2142	1980	1965	1936	1969	2104	1959	2021	2073	1998
304998	62	126	14	78	142	30	94	158	46	110	174	2009	2033	2125	2008	1997	1976	2007	2081	1986	2020	2038	2017
304998	62	126	14	78	142	30	94	158	46	110	174	2048	1978	2129	2049	2034	2007	2042	2036	2018	2018	1989	2026
304998	62	126	14	78	142	30	94	158	46	110	174	2076	1971	2128	2067	2047	2013	2069	2025	2023	2017	1971	2025
304998	62	126	14	78	142	30	94	158	46	110	174	2048	2005	2148	2047	2016	1982	2045	2054	2000	2020	2002	2013
304998	62	126	14	78	142	30	94	158	46	110	174	1996	2054	2147	2000	1978	1942	1995	2090	1967	2016	2057	2005
304998	62	126	14	78	142	30	94	158	46	110	174	1973	2077	2142	1975	1958	1935	1985	2118	1946	2018	2084	2004
304998	62	126	14	78	142	30	94	158	46	110	174	1977	2049	2148	1992	1975	1948	1975	2096	1969	2020	2063	2015
304998	62	126	14	78	142	30	94	158	46	110	174	2028	2002	2136	2025	2018	1993	2023	2049	2003	2021	2007	2017
304998	62	126	14	78	142	30	94	158	46	110	174	2067	1975	2146	2062	2050	2012	2066	2024	2031	2017	1972	2018
304998	62	126	14	78	142	30	94	158	46	110	174	2059	1981	2138	2061	2040	2003	2048	2034	2019	2022	1987	2016
304998	62	126	14	78	142	30	94	158	46	110	174	2029	2028	2128	2028	1997	1968	2034	2077	1982	2020	2030	2017
304998	62	126	14	78	142	30	94	158	46	110	174	1976	2058	2152	1988	1963	1932	1982	2109	1950	2018	2074	2009
304998	62	126	14	78	142	30	94	158	46	110	174	1966	2065	2141	1979	1961	1939	1969	2106	1954	2016	2076	2005
304998	62	126	14	78	142	30	94	158	46	110	174	2000	2028	2145	2002	1992	1970	2013	2080	1989	2020	2040	2005
304998	62	126	14	78	142	30	94	158	46	110	174	2047	1991	2137	2044	2034	2001	2038	2040	2019	2017	1996	2023
304998	62	126	14	78	142	30	94	158	46	110	174	2077	1976	2120	2065	2048	2009	2072	2029	2025	2018	1976	2028
304998	62	126	14	78	142	30	94	158	46	110	174	2050	1995	2130	2045	2024	1981	2042	2043	2001	2020	1999	2022
304998	62	126	14	78	142	30	94	158	46	110	174	2004	2041	2141	2009	1984	1946	1997	2088	1969	2021	2045	2002
304998	62	126	14	78	142	30	94	158	46	110	174	1964	2072	2152	1975	1957	1933	1974	2119	1951	2020	2082	2001
304998	62	126	14	78	142	30	94	158	46	110	174	1975	2063	2147	1979	1974	1951	1983	2100	1964	2018	2068	2015
304998	62	126	14	78	142	30	94	158	46	110	174	2020	2015	2128	2020	2010	1986	2012	2063	1996	2019	2018	2019
304998	62	126	14	78	142	30	94	158	46	110	174	2067	1973	2122	2061	2042	2010	2066	2025	2028	2020	1972	2025
304998	62	126	14	78	142	30	94	158	46	110	174	2072	1975	2130	2066	2042	1999	2063	2030	2020	2020	1977	2015
304998	62	126	14	78	142	30	94	158	46	110	174	2033	2017	2142	2030	2003	1969	2030	2069	1985	2016	2025	2010
304998	62	126	14	78	142	30	94	158	46	110	174	1986	2068	2147	1988	1968	1939	1996	2109	1951	2017	2072	2014
304998	62	126	14	78	142	30	94	158	46	110	174	1965	2073	2144	1968	1959	1938	1969	2112	1952	2020	2075	2011
304998	62	126	14	78	142	30	94	158	46	110	174	1997	2046	2131	1995	1981	1969	1994	2086	1986	2016	2045	2012
304998	62	126	14	78	142	30	94	158	46	110	174	2043	1987	2143	2045	2026	1995	2041	2049	2017	2016	1998	2014
304998	62	126	14	78	142	30	94	158	46	110	174	2075	1971	2129	2068	2042	2013	2059	2025	2027	2018	1980	2020
304998	62	126	14	78	142	30	94	158	46	110	174	2052	1990	2144	2050	2024	1996	2048	2042	2004	2020	1995	2023
304998	62	126	14	78	142	30	94	158	46	110	174	2005	2043	2134	2008	1989	1957	2015	2084	1970	2023	2042	2014
304998	62	126	14	78	142	30	94	158	46	110	174	1970	2073	2136	1978	1956	1932	1973	2114	1953	2019	2073	1999
304998	62	126	14	78	142	30	94	158	46	110	174	1975	2060	2140	1976	1969	1943	1981	2112	1961	2017	2071	2011
304998	62	126	14	78	142	30	94	158	46	110	174	2016	2020	2141	2019	2001	1980	2021	2070	1995	2021	2025	2019
304998	62	126	14	78	142	30	94	158	46	110	174	2060	1982	2130	2059	2038	2008	2055	2031	2015	2020	1979	2023
304998	62	126	14	78	142	30	94	158	46	110	174	2075	1982	2130	2063	2042	2013	2068	2030	2027	2020	1973	2018
304998	62	126	14	78	142	30	94	158	46	110	174	2038	2013	2130	2038	2010	1977	2033	2066	1995	2022	2016	2004
304998	62	126	14	78	142	30	94	158	46	110	174	1990	2056	2140	1993	1971	1939	1999	2102	1953	2021	2069	2007
304998	62	126	14	78	142	30	94	158	46	110	174	1961	2073	2150	1974	1957	1934	1966	2118	1948	2020	2080	2013
304998	62	126	14	78	142	30	94	158	46	110	174	1986	2045	2145	1997	1979	1967	1992	2089	1975	2021	2050	2018
304998	62	126	14	78	142	30	94	158	46	110	174	2039	2006	2127	2036	2022	1998	2034	2052	2014	2019	1998	2009
304998	62	126	14	78	142	30	94	158	46	110	174	2073	1972	2127	2066	2045	2014	2063	2025	2024	2022	1982	2017
304998	62	126	14	78	142	30	94	158	46	110	174	2061	1984	2132	2056	2035	1991	2056	2044	2008	2017	1996	2024
304998	62	126	14	78	142	30	94	158	46	110	174	2013	2037	2142	2013	1996	1955	2023	2081	1975	2022	2037	2018
304998	62	126	14	78	142	30	94	158	46	110	174	1965	2073	2151	1983	1954	1935	1977	2116	1955	2017	2070	2010
304998	62	126	14	78	142	30	94	158	46	110	174	1974	2072	2133	1976	1965	1944	1975	2119	1961	2020	2073	2007
304998	62	126	14	78	142	30	94	158	46	110	174	2008	2025	2133	2009	1993	1987	2014	2076	1988	2023	2036	2015
304998	62	126	14	78	142	30	94	158	46	110	174	2049	1975	2138	2048	2039	2005	2049	2033	2018	2020	1985	2020
304998	62	126	14	78	142	30	94	158	46	110	174	2074	1977	2135	2066	2047	2006	2068	2026	2026	2021	1972	2020
304998	62	126	14	78	142	30	94	158	46	110	174	2044	2012	2142	2042	2019	1976	2036	2059	1996	2020	2010	2009
304998	62	126	14	78	142	30	94	158	46	110	174	2000	2062	2130	1995	1980	1948	2002	2103	1963	2022	2060	2002
304998	62	126	14	78	142	30	94	158	46	110	174	1967	2068	2143	1977	1947	1940	1967	2118	1948	2020	2082	2013
304998	62	126	14	78	142	30	94	158	46	110	174	1976	2041	2145	1985	1973	1958	1979	2089	1970	2022	2054	2019
304998	62	126	14	78	142	30	94	158	46	110	174	2034	2004	2134	2030	2014	1988	2025	2055	2012	2022	2004	2017
304998	62	126	14	78	142	30	94	158	46	110	174	2068	1978	2138	2061	2047	2008	2061	2028	2021	2020	1981	2014
304998	62	126	14	78	142	30	94	158	46	110	174	2072	1993	2122	2060	2038	1996	2060	2041	2004	2017	1992	2021
304998	62	126	14	78	142	30	94	158	46	110	174	2025	2027	2136	2025	1991	1966	2019	2076	1981	2018	2031	2020
304998	62	126	14	78	142	30	94	158	46	110	174	1973	2060	2144	1981	1964	1941	1974	2104	1957	2020	2072	2007
304998	62	126	14	78	142	30	94	158	46	110	174	1973	2074	2146	1974	1955	1944	1971	2119	1959	2020	2072	2002
304998	62	126	14	78	142	30	94	158	46	110	174	2004	2039	2134	2003	1998	1970	1998	2081	1982	2020	2042	2016
304998	62	126	14	78	142	30	94	158	46	110	174	2054	1993	2123	2050	2033	1999	2046	2036	2014	2020	1992	2023
304998	62	126	14	78	142	30	94	158	46	110	174	2076	1970	2127	2064	2047	2011	2066	2018	2024	2021	1974	2019
304998	62	126	14	78	142	30	94	158	46	110	174	2051	2002	2140	2045	2023	1989	2037	2048	2006	2017	2001	2015
304998	62	126	14	78	142	30	94	158	46	110	174	2001	2046	2148	2002	1970	1955	1994	2101	1965	2020	2056	2008
304998	62	126	14	78	142	30	94	158	46	110	174	1965	2076	2143	1971	1955	1934	1982	2117	1954	2021	2085	2011
304998	62	126	14	78	142	30	94	158	46	110	174	1982	2055	2132	1985	1976	1948	1981	2098	1970	2021	2060	2015
304998	62	126	14	78	142	30	94	158	46	110	174	2028	2006	2129	2027	2011	1988	2022	2061	2009	2017	2008	2013
304998	62	126	14	78	142	30	94	158	46	110	174	2074	1973	2133	2057	2047	2009	2064	2027	2025	2020	1977	2013
304998	62	126	14	78	142	30	94	158	46	110	174	2070	1985	2137	2064	2027	2006	2066	2031	2015	2020	1986	2018
304998	62	126	14	78	142	30	94	158	46	110	174	2023	2026	2140	2028	1998	1962	2020	2070	1981	2020	2028	2024
304998	62	126	14	78	142	30	94	158	46	110	174	1988	2068	2134	1983	1959	1937	1987	2105	1959	2018	2067	2015
304998	62	126	14	78	142	30	94	158	46	110	174	1970	2066	2135	1978	1952	1948	1974	2113	1963	2022	2072	2006
304998	62	126	14	78	142	30	94	158	46	110	174	1997	2035	2144	2002	1981	1975	1996	2087	1982	2020	2044	2007
304998	62	126	14	78	142	30	94	158	46	110	174	2047	1993	2140	2043	2025	2007	2042	2044	2013	2019	1998	2022
304998	62	126	14	78	142	30	94	158	46	110	174	2065	1974	2139	2065	2047	2009	2061	2021	2018	2021	1972	2023
304998	62	126	14	78	142	30	94	158	46	110	174	2060	2002	2126	2050	2026	1983	2055	2048	2006	2018	1999	2015
304998	62	126	14	78	142	30	94	158	46	110	174	2009	2042	2135	2007	1990	1945	2003	2092	1972	2020	2050	2010
304998	62	126	14	78	142	30	94	158	46	110	174	1973	2072	2140	1972	1960	1935	1987	2122	1947	2020	2082	2013
304998	62	126	14	78	142	30	94	158	46	110	174	1969	2058	2150	1981	1963	1958	1974	2103	1961	2017	2069	2017
304998	62	126	14	78	142	30	94	158	46	110	174	2010	2016	2140	2019	2007	1981	2013	2055	2004	2018	2016	2017
304998	62	126	14	78	142	30	94	158	46	110	174	2072	1980	2131	2056	2041	2008	2064	2029	2028	2022	1974	2016
304998	62	126	14	78	142	30	94	158	46	110	174	2076	1977	2125	2063	2047	2008	2059	2036	2021	2022	1985	2013
304998	62	126	14	78	142	30	94	158	46	110	174	2039	2018	2136	2031	2010	1969	2032	2068	1981	2021	2020	2019
304998	62	126	14	78	142	30	94	158	46	110	174	1981	2055	2147	1989	1967	1941	1984	2102	1959	2022	2066	2015
304998	62	126	14	78	142	30	94	158	46	110	174	1971	2079	2134	1967	1952	1937	1980	2114	1955	2021	2075	2004
304998	62	126	14	78	142	30	94	158	46	110	174	1998	2043	2129	1997	1982	1964	1996	2094	1982	2017	2047	2007
304998	62	126	14	78	142	30	94	158	46	110	174	2046	1997	2131	2040	2021	1995	2038	2048	2014	2020	2004	2022
304998	62	126	14	78	142	30	94	158	46	110	174	2071	1970	2138	2067	2050	2011	2067	2022	2021	2022	1976	2025
304998	62	126	14	78	142	30	94	158	46	110	174	2062	1996	2135	2058	2022	1995	2058	2039	2008	2020	1994	2015
304998	62	126	14	78	142	30	94	158	46	110	174	2010	2040	2133	2012	1984	1957	2004	2084	1976	2017	2038	2006
304998	62	126	14	78	142	30	94	158	46	110	174	1978	2071	2132	1983	1951	1934	1972	2121	1954	2016	2080	2005
304998	62	126	14	78	142	30	94	158	46	110	174	1971	2056	2148	1979	1961	1942	1971	2108	1954	2016	2069	2015
304998	62	126	14	78	142	30	94	158	46	110	174	2019	2026	2137	2014	2008	1976	2009	2069	1988	2023	2023	2019
304998	62	126	14	78	142	30	94	158	46	110	174	2062	1986	2131	2057	2035	2013	2070	2039	2026	2017	1983	2015
304998	62	126	14	78	142	30	94	158	46	110	174	2065	1981	2124	2065	2048	2007	2063	2028	2019	2018	1979	2011
304998	62	126	14	78	142	30	94	158	46	110	174	2049	2012	2125	2040	2006	1983	2041	2063	1987	2017	2016	2021
304998	62	126	14	78	142	30	94	158	46	110	174	1991	2049	2149	1995	1971	1939	1988	2099	1955	2020	2064	2015
304998	62	126	14	78	142	30	94	158	46	110	174	1973	2075	2144	1975	1959	1937	1992	2118	1957	2020	2074	2004
304998	62	126	14	78	142	30	94	158	46	110	174	1990	2050	2145	1996	1966	1959	1997	2100	1980	2017	2050	2002
304998	62	126	14	78	142	30	94	158	46	110	174	2031	2006	2135	2029	2022	1995	2027	2049	2007	2017	2010	2016
304998	62	126	14	78	142	30	94	158	46	110	174	2076	1972	2120	2071	2038	2009	2057	2022	2019	2018	1978	2020
304998	62	126	14	78	142	30	94	158	46	110	174	2063	1987	2138	2059	2039	1991	2051	2031	2017	2020	1986	2021
304998	62	126	14	78	142	30	94	158	46	110	174	2020	2033	2140	2021	1990	1959	2019	2081	1981	2022	2032	2011
304998	62	126	14	78	142	30	94	158	46	110	174	1975	2075	2144	1983	1964	1933	1972	2112	1948	2022	2075	2005
304998	62	126	14	78	142	30	94	158	46	110	174	1970	2071	2132	1974	1956	1948	1980	2114	1952	2021	2072	2012
304998	62	126	14	78	142	30	94	158	46	110	174	2009	2024	2128	2011	1993	1971	2015	2076	1988	2019	2031	2019
304998	62	126	14	78	142	30	94	158	46	110	174	2058	1984	2128	2051	2038	2001	2069	2036	2023	2016	1982	2019
304998	62	126	14	78	142	30	94	158	46	110	174	2075	1975	2131	2068	2047	2011	2059	2028	2020	2017	1968	2012
304998	62	126	14	78	142	30	94	158	46	110	174	2048	2011	2137	2048	2017	1978	2045	2061	1992	2017	2008	2016
304998	62	126	14	78	142	30	94	158	46	110	174	1998	2053	2136	1997	1973	1949	2004	2095	1959	2020	2057	2013
304998	62	126	14	78	142	30	94	158	46	110	174	1975	2074	2131	1975	1954	1935	1986	2116	1955	2017	2079	2010
304998	62	126	14	78	142	30	94	158	46	110	174	1984	2048	2140	1989	1977	1951	1988	2100	1974	2021	2050	2006
304998	62	126	14	78	142	30	94	158	46	110	174	2029	2008	2139	2026	2017	1989	2027	2055	2002	2017	2012	2010
304998	62	126	14	78	142	30	94	158	46	110	174	2073	1977	2138	2064	2046	2015	2072	2026	2022	2020	1978	2019
304998	62	126	14	78	142	30	94	158	46	110	174	2071	1984	2128	2063	2043	1999	2072	2030	2017	2021	1983	2029
304998	62	126	14	78	142	30	94	158	46	110	174	2029	2025	2129	2025	1992	1967	2028	2073	1985	2019	2022	2012
304998	62	126	14	78	142	30	94	158	46	110	174	1981	2065	2142	1983	1963	1938	1987	2115	1953	2020	2069	1997
304998	62	126	14	78	142	30	94	158	46	110	174	1970	2069	2147	1975	1955	1938	1976	2117	1950	2019	2075	2011
304998	62	126	14	78	142	30	94	158	46	110	174	2005	2036	2145	2001	1994	1971	2003	2081	1980	2020	2037	2020
304998	62	126	14	78	142	30	94	158	46	110	174	2053	1991	2128	2046	2038	2002	2052	2044	2021	2020	1991	2019
304998	62	126	14	78	142	30	94	158	46	110	174	2078	1974	2128	2072	2036	2011	2066	2026	2019	2017	1972	2011
304998	62	126	14	78	142	30	94	158	46	110	174	2059	1995	2141	2049	2021	1984	2051	2051	1996	2017	2003	2012
304998	62	126	14	78	142	30	94	158	46	110	174	2009	2044	2145	2002	1973	1955	2004	2092	1965	2019	2051	2014
304998	62	126	14	78	142	30	94	158	46	110	174	1972	2076	2147	1973	1955	1934	1974	2116	1955	2017	2073	2013
304998	62	126	14	78	142	30	94	158	46	110	174	1980	2063	2133	1979	1975	1948	1987	2104	1970	2020	2055	2010
304998	62	126	14	78	142	30	94	158	46	110	174	2034	2013	2127	2023	2005	1985	2036	2063	1996	2023	2014	2008
304998	62	126	14	78	142	30	94	158	46	110	174	2066	1975	2132	2062	2049	2004	2069	2027	2017	2020	1981	2020
304998	62	126	14	78	142	30	94	158	46	110	174	2074	1979	2136	2066	2044	2005	2070	2028	2013	2018	1981	2020
304998	62	126	14	78	142	30	94	158	46	110	174	2033	2023	2142	2029	2006	1969	2030	2074	1988	2021	2018	2013
304998	62	126	14	78	142	30	94	158	46	110	174	1989	2072	2133	1983	1968	1941	1997	2111	1956	2020	2066	2007
304998	62	126	14	78	142	30	94	158	46	110	174	1970	2072	2142	1974	1952	1939	1973	2114	1954	2016	2078	2005
304998	62	126	14	78	142	30	94	158	46	110	174	1998	2036	2130	1995	1990	1963	1993	2085	1984	2016	2046	2018
304998	62	126	14	78	142	30	94	158	46	110	174	2044	1990	2146	2044	2025	1999	2034	2042	2018	2022	1996	2023
304998	62	126	14	78	142	30	94	158	46	110	174	2075	1972	2138	2069	2047	2014	2066	2027	2022	2020	1965	2015
304998	62	126	14	78	142	30	94	158	46	110	174	2064	2002	2129	2054	2036	1988	2059	2048	2002	2017	1998	2005
304998	62	126	14	78	142	30	94	158	46	110	174	2009	2041	2138	2008	1979	1956	2004	2081	1967	2017	2046	2011
304998	62	126	14	78	142	30	94	158	46	110	174	1970	2072	2134	1972	1963	1929	1974	2116	1952	2022	2082	2022
304998	62	126	14	78	142	30	94	158	46	110	174	1974	2057	2144	1977	1963	1945	1978	2114	1965	2022	2062	2011
304998	62	126	14	78	142	30	94	158	46	110	174	2020	2021	2143	2017	2008	1983	2039	2072	1996	2017	2018	2009
304998	62	126	14	78	142	30	94	158	46	110	174	2061	1984	2134	2059	2050	2006	2059	2026	2018	2017	1983	2019
304998	62	126	14	78	142	30	94	158	46	110	174	2076	1982	2125	2065	2042	2006	2074	2025	2021	2019	1982	2022
304998	62	126	14	78	142	30	94	158	46	110	174	2042	2007	2138	2034	2014	1967	2037	2066	1986	2016	2014	2016
