304998	62	126	14	78	142	30	94	158	46	110	174	2032	2006	2145	2032	2026	1989	2030	2058	2001	2020	2005	2018
304998	62	126	14	78	142	30	94	158	46	110	174	2078	1981	2136	2066	2054	2007	2069	2033	2019	2021	1968	2008
304998	62	126	14	78	142	30	94	158	46	110	174	2061	1989	2142	2061	2039	1998	2059	2030	2008	2020	1985	2004
304998	62	126	14	78	142	30	94	158	46	110	174	2024	2026	2133	2018	1999	1963	2025	2074	1986	2022	2032	2020
304998	62	126	14	78	142	30	94	158	46	110	174	1981	2072	2142	1975	1963	1933	1980	2117	1957	2019	2072	2017
304998	62	126	14	78	142	30	94	158	46	110	174	1965	2072	2150	1973	1969	1938	1975	2119	1955	2020	2068	2012
304998	62	126	14	78	142	30	94	158	46	110	174	2008	2037	2134	2002	2005	1971	2008	2079	1989	2017	2031	2003
304998	62	126	14	78	142	30	94	158	46	110	174	2056	1986	2130	2051	2039	2002	2052	2036	2020	2017	1993	2015
304998	62	126	14	78	142	30	94	158	46	110	174	2070	1965	2138	2066	2045	2005	2062	2025	2018	2021	1974	2021
304998	62	126	14	78	142	30	94	158	46	110	174	2055	2001	2144	2046	2025	1981	2049	2059	1995	2016	1999	2015
304998	62	126	14	78	142	30	94	158	46	110	174	1996	2049	2149	1996	1983	1945	2000	2093	1966	2019	2048	2007
304998	62	126	14	78	142	30	94	158	46	110	174	1976	2082	2134	1965	1957	1932	1971	2123	1959	2018	2078	2014
304998	62	126	14	78	142	30	94	158	46	110	174	1987	2057	2130	1977	1972	1955	1987	2110	1971	2019	2065	2016
304998	62	126	14	78	142	30	94	158	46	110	174	2029	2005	2135	2022	2018	1986	2027	2056	2001	2021	2008	2017
304998	62	126	14	78	142	30	94	158	46	110	174	2074	1974	2145	2063	2048	2004	2063	2018	2019	2021	1973	2009
304998	62	126	14	78	142	30	94	158	46	110	174	2067	1984	2146	2064	2045	1993	2059	2026	2018	2017	1981	2008
304998	62	126	14	78	142	30	94	158	46	110	174	2031	2027	2132	2022	2010	1965	2020	2072	1986	2017	2026	2018
304998	62	126	14	78	142	30	94	158	46	110	174	1987	2073	2124	1984	1965	1938	1988	2120	1953	2022	2069	2018
304998	62	126	14	78	142	30	94	158	46	110	174	1975	2068	2131	1967	1960	1942	1981	2122	1951	2018	2070	2010
304998	62	126	14	78	142	30	94	158	46	110	174	2006	2039	2137	1998	1990	1966	2005	2086	1984	2020	2040	2004
304998	62	126	14	78	142	30	94	158	46	110	174	2048	1992	2142	2045	2039	1998	2045	2037	2020	2017	1993	2009
304998	62	126	14	78	142	30	94	158	46	110	174	2073	1980	2136	2073	2055	2006	2070	2021	2020	2020	1976	2020
304998	62	126	14	78	142	30	94	158	46	110	174	2065	2002	2133	2053	2028	1987	2061	2045	1996	2019	1998	2013
304998	62	126	14	78	142	30	94	158	46	110	174	2004	2041	2130	2005	1989	1953	2001	2087	1972	2020	2042	2012
304998	62	126	14	78	142	30	94	158	46	110	174	1975	2078	2139	1966	1954	1932	1974	2126	1956	2016	2080	2008
304998	62	126	14	78	142	30	94	158	46	110	174	1973	2061	2140	1971	1970	1950	1970	2114	1969	2018	2068	2016
304998	62	126	14	78	142	30	94	158	46	110	174	2028	2022	2131	2017	2018	1982	2028	2064	1995	2022	2013	2020
304998	62	126	14	78	142	30	94	158	46	110	174	2071	1983	2130	2057	2048	2011	2061	2020	2017	2022	1971	2014
304998	62	126	14	78	142	30	94	158	46	110	174	2079	1973	2134	2069	2052	2005	2072	2025	2020	2020	1979	2003
304998	62	126	14	78	142	30	94	158	46	110	174	2035	2019	2143	2031	2006	1973	2031	2070	1985	2021	2024	2011
304998	62	126	14	78	142	30	94	158	46	110	174	1992	2071	2139	1985	1962	1938	1994	2116	1953	2017	2064	2018
304998	62	126	14	78	142	30	94	158	46	110	174	1966	2082	2130	1967	1954	1933	1968	2123	1954	2021	2075	2018
304998	62	126	14	78	142	30	94	158	46	110	174	1998	2043	2127	1991	1987	1964	1988	2089	1984	2018	2041	2007
304998	62	126	14	78	142	30	94	158	46	110	174	2049	1992	2135	2041	2034	1995	2040	2043	2011	2017	1998	2007
304998	62	126	14	78	142	30	94	158	46	110	174	2084	1970	2142	2068	2058	2011	2091	2023	2019	2020	1972	2018
304998	62	126	14	78	142	30	94	158	46	110	174	2065	1996	2143	2059	2029	1988	2062	2043	2003	2016	1991	2017
304998	62	126	14	78	142	30	94	158	46	110	174	2013	2049	2136	2007	1989	1955	2013	2086	1976	2017	2035	2011
304998	62	126	14	78	142	30	94	158	46	110	174	1972	2078	2138	1968	1958	1929	1968	2122	1956	2019	2078	2012
304998	62	126	14	78	142	30	94	158	46	110	174	1975	2068	2134	1964	1969	1946	1967	2116	1958	2019	2072	2015
304998	62	126	14	78	142	30	94	158	46	110	174	2021	2026	2140	2011	2010	1981	2022	2073	1988	2018	2021	2014
304998	62	126	14	78	142	30	94	158	46	110	174	2058	1979	2143	2061	2045	2010	2052	2020	2027	2021	1979	2015
304998	62	126	14	78	142	30	94	158	46	110	174	2079	1984	2138	2072	2050	2002	2077	2028	2023	2021	1970	2005
304998	62	126	14	78	142	30	94	158	46	110	174	2045	2018	2130	2043	2015	1975	2039	2060	1989	2017	2014	2006
304998	62	126	14	78	142	30	94	158	46	110	174	1996	2056	2128	1988	1973	1939	1990	2109	1960	2017	2063	2022
304998	62	126	14	78	142	30	94	158	46	110	174	1971	2076	2133	1963	1959	1935	1968	2124	1954	2020	2073	2019
304998	62	126	14	78	142	30	94	158	46	110	174	1987	2054	2146	1982	1981	1964	1998	2094	1982	2019	2044	2009
304998	62	126	14	78	142	30	94	158	46	110	174	2035	2002	2148	2037	2029	1991	2032	2048	2009	2020	2001	2007
304998	62	126	14	78	142	30	94	158	46	110	174	2080	1973	2129	2079	2047	2013	2069	2019	2018	2019	1974	2011
304998	62	126	14	78	142	30	94	158	46	110	174	2065	1981	2139	2063	2039	1992	2056	2034	2005	2022	1985	2015
304998	62	126	14	78	142	30	94	158	46	110	174	2024	2031	2135	2014	1999	1959	2018	2081	1982	2019	2029	2017
304998	62	126	14	78	142	30	94	158	46	110	174	1975	2075	2140	1972	1958	1935	1977	2124	1956	2018	2071	2006
304998	62	126	14	78	142	30	94	158	46	110	174	1976	2073	2130	1967	1966	1942	1980	2121	1956	2022	2076	2015
304998	62	126	14	78	142	30	94	158	46	110	174	2010	2034	2130	2008	1998	1977	2007	2076	1984	2019	2031	2015
304998	62	126	14	78	142	30	94	158	46	110	174	2068	1986	2132	2059	2049	2002	2052	2027	2021	2019	1982	2012
304998	62	126	14	78	142	30	94	158	46	110	174	2085	1970	2142	2071	2055	2008	2072	2018	2029	2016	1967	2010
304998	62	126	14	78	142	30	94	158	46	110	174	2049	2007	2140	2045	2020	1981	2047	2055	1995	2017	2007	2001
304998	62	126	14	78	142	30	94	158	46	110	174	1991	2058	2142	1992	1977	1947	1994	2104	1957	2016	2057	2018
304998	62	126	14	78	142	30	94	158	46	110	174	1971	2083	2126	1962	1957	1933	1970	2126	1949	2020	2080	2022
304998	62	126	14	78	142	30	94	158	46	110	174	1990	2053	2129	1978	1978	1946	1986	2105	1975	2019	2052	2016
304998	62	126	14	78	142	30	94	158	46	110	174	2038	2003	2134	2032	2022	1984	2028	2055	2005	2018	2003	2009
304998	62	126	14	78	142	30	94	158	46	110	174	2076	1974	2145	2074	2056	2015	2076	2019	2018	2020	1974	2002
304998	62	126	14	78	142	30	94	158	46	110	174	2070	1982	2148	2068	2047	2000	2063	2022	2005	2018	1984	2015
304998	62	126	14	78	142	30	94	158	46	110	174	2033	2033	2128	2021	2001	1963	2022	2076	1984	2020	2027	2018
304998	62	126	14	78	142	30	94	158	46	110	174	1979	2067	2126	1974	1955	1935	1975	2121	1956	2022	2069	2018
304998	62	126	14	78	142	30	94	158	46	110	174	1974	2073	2129	1966	1962	1935	1978	2124	1953	2018	2071	2016
304998	62	126	14	78	142	30	94	158	46	110	174	2003	2033	2146	2002	1992	1970	1995	2079	1985	2020	2037	2007
304998	62	126	14	78	142	30	94	158	46	110	174	2059	1991	2146	2054	2037	2001	2045	2025	2019	2017	1988	2014
304998	62	126	14	78	142	30	94	158	46	110	174	2083	1974	2142	2079	2061	2012	2082	2018	2025	2017	1967	2008
304998	62	126	14	78	142	30	94	158	46	110	174	2060	2003	2126	2059	2025	1984	2044	2047	1996	2019	1993	2008
304998	62	126	14	78	142	30	94	158	46	110	174	2006	2048	2126	2002	1979	1944	1996	2096	1961	2018	2049	2006
304998	62	126	14	78	142	30	94	158	46	110	174	1970	2083	2139	1968	1952	1931	1968	2128	1952	2021	2082	2020
304998	62	126	14	78	142	30	94	158	46	110	174	1980	2061	2139	1972	1971	1950	1979	2107	1973	2018	2066	2023
304998	62	126	14	78	142	30	94	158	46	110	174	2025	2018	2131	2021	2020	1984	2022	2059	2001	2018	2011	2011
304998	62	126	14	78	142	30	94	158	46	110	174	2080	1972	2139	2069	2054	2012	2068	2018	2019	2020	1971	2008
304998	62	126	14	78	142	30	94	158	46	110	174	2076	1973	2146	2068	2051	2001	2062	2019	2013	2017	1980	2001
304998	62	126	14	78	142	30	94	158	46	110	174	2038	2021	2136	2031	2008	1965	2042	2068	1991	2021	2026	2019
304998	62	126	14	78	142	30	94	158	46	110	174	1981	2067	2142	1985	1964	1936	1980	2116	1956	2021	2071	2023
304998	62	126	14	78	142	30	94	158	46	110	174	1965	2082	2127	1960	1952	1934	1963	2129	1949	2020	2073	2024
304998	62	126	14	78	142	30	94	158	46	110	174	2001	2046	2129	1991	1991	1967	2002	2089	1975	2022	2036	2009
304998	62	126	14	78	142	30	94	158	46	110	174	2049	1985	2143	2044	2034	1998	2042	2031	2015	2016	1995	2004
304998	62	126	14	78	142	30	94	158	46	110	174	2083	1965	2148	2081	2060	2013	2068	2015	2028	2018	1968	2009
304998	62	126	14	78	142	30	94	158	46	110	174	2065	1993	2146	2059	2028	1988	2055	2044	2004	2019	1991	2020
304998	62	126	14	78	142	30	94	158	46	110	174	2006	2052	2129	2003	1989	1953	2002	2094	1968	2021	2041	2018
304998	62	126	14	78	142	30	94	158	46	110	174	1971	2084	2122	1961	1954	1935	1974	2125	1942	2021	2075	2013
304998	62	126	14	78	142	30	94	158	46	110	174	1973	2065	2130	1970	1965	1946	1967	2112	1969	2018	2072	2014
304998	62	126	14	78	142	30	94	158	46	110	174	2021	2013	2138	2014	2013	1981	2010	2068	1996	2020	2019	2013
304998	62	126	14	78	142	30	94	158	46	110	174	2071	1970	2151	2065	2050	2010	2070	2023	2018	2020	1971	2010
304998	62	126	14	78	142	30	94	158	46	110	174	2074	1976	2153	2082	2054	2001	2069	2018	2017	2020	1972	2009
304998	62	126	14	78	142	30	94	158	46	110	174	2045	2019	2128	2037	2013	1974	2042	2056	1993	2018	2014	2006
304998	62	126	14	78	142	30	94	158	46	110	174	1990	2066	2123	1984	1965	1940	1986	2114	1961	2022	2069	2017
304998	62	126	14	78	142	30	94	158	46	110	174	1967	2077	2127	1959	1954	1934	1963	2128	1949	2017	2086	2031
304998	62	126	14	78	142	30	94	158	46	110	174	1993	2048	2143	1983	1975	1957	1999	2095	1971	2021	2047	2017
304998	62	126	14	78	142	30	94	158	46	110	174	2043	1997	2144	2040	2033	1993	2052	2037	2009	2016	1995	2008
304998	62	126	14	78	142	30	94	158	46	110	174	2081	1972	2143	2082	2058	2011	2074	2010	2028	2017	1967	1998
304998	62	126	14	78	142	30	94	158	46	110	174	2065	1984	2137	2065	2040	1993	2050	2033	2011	2019	1991	2005
304998	62	126	14	78	142	30	94	158	46	110	174	2016	2038	2131	2014	1992	1959	2025	2087	1973	2018	2045	2023
304998	62	126	14	78	142	30	94	158	46	110	174	1969	2074	2141	1970	1946	1935	1967	2128	1947	2018	2074	2023
304998	62	126	14	78	142	30	94	158	46	110	174	1972	2074	2138	1968	1958	1937	1968	2116	1957	2020	2066	2021
304998	62	126	14	78	142	30	94	158	46	110	174	2015	2031	2138	2012	2003	1976	2010	2074	2000	2018	2025	2003
304998	62	126	14	78	142	30	94	158	46	110	174	2076	1977	2134	2066	2050	2006	2062	2027	2018	2020	1983	2005
304998	62	126	14	78	142	30	94	158	46	110	174	2091	1967	2140	2076	2061	2011	2076	2018	2015	2016	1972	2006
304998	62	126	14	78	142	30	94	158	46	110	174	2048	2006	2138	2045	2020	1977	2048	2048	1996	2017	2004	2017
304998	62	126	14	78	142	30	94	158	46	110	174	1991	2058	2139	1991	1967	1944	1993	2104	1963	2018	2061	2017
304998	62	126	14	78	142	30	94	158	46	110	174	1960	2089	2129	1959	1948	1926	1961	2134	1951	2020	2080	2016
304998	62	126	14	78	142	30	94	158	46	110	174	1986	2053	2125	1980	1975	1957	1986	2100	1971	2020	2056	2018
304998	62	126	14	78	142	30	94	158	46	110	174	2044	1998	2134	2034	2033	1997	2041	2044	2001	2017	2005	2014
304998	62	126	14	78	142	30	94	158	46	110	174	2084	1965	2148	2076	2059	2014	2072	2010	2028	2016	1966	2005
304998	62	126	14	78	142	30	94	158	46	110	174	2074	1980	2148	2070	2036	2000	2061	2032	2013	2022	1979	2002
304998	62	126	14	78	142	30	94	158	46	110	174	2021	2038	2129	2016	2000	1956	2027	2083	1972	2017	2030	2012
304998	62	126	14	78	142	30	94	158	46	110	174	1975	2084	2122	1971	1954	1930	1975	2124	1945	2022	2081	2020
304998	62	126	14	78	142	30	94	158	46	110	174	1973	2075	2122	1964	1956	1935	1962	2121	1955	2018	2079	2035
304998	62	126	14	78	142	30	94	158	46	110	174	2004	2025	2140	2008	1996	1971	1998	2076	1993	2017	2028	2014
304998	62	126	14	78	142	30	94	158	46	110	174	2065	1978	2150	2057	2050	2005	2056	2028	2017	2020	1971	1998
304998	62	126	14	78	142	30	94	158	46	110	174	2082	1970	2153	2083	2063	2016	2077	2012	2028	2017	1963	1996
304998	62	126	14	78	142	30	94	158	46	110	174	2057	2010	2130	2050	2025	1981	2052	2050	1993	2016	2007	2013
304998	62	126	14	78	142	30	94	158	46	110	174	2002	2054	2122	1998	1974	1936	2001	2100	1963	2016	2061	2027
304998	62	126	14	78	142	30	94	158	46	110	174	1966	2078	2129	1959	1955	1929	1957	2131	1947	2017	2074	2025
304998	62	126	14	78	142	30	94	158	46	110	174	1982	2060	2139	1971	1973	1948	1999	2116	1964	2021	2057	2015
304998	62	126	14	78	142	30	94	158	46	110	174	2034	2009	2148	2029	2025	1993	2031	2052	2002	2020	2011	2000
304998	62	126	14	78	142	30	94	158	46	110	174	2080	1972	2142	2074	2055	2015	2072	2006	2028	2021	1971	1999
304998	62	126	14	78	142	30	94	158	46	110	174	2083	1979	2141	2076	2047	2005	2063	2018	2023	2022	1978	2009
304998	62	126	14	78	142	30	94	158	46	110	174	2033	2022	2134	2025	2007	1960	2019	2077	1977	2021	2020	2018
304998	62	126	14	78	142	30	94	158	46	110	174	1982	2074	2128	1970	1959	1933	1972	2123	1952	2019	2072	2023
304998	62	126	14	78	142	30	94	158	46	110	174	1964	2083	2131	1955	1958	1929	1957	2126	1949	2017	2080	2020
304998	62	126	14	78	142	30	94	158	46	110	174	2005	2044	2132	1997	1993	1969	1998	2079	1987	2017	2045	2015
304998	62	126	14	78	142	30	94	158	46	110	174	2066	1989	2141	2051	2042	2004	2049	2032	2019	2017	1990	2011
304998	62	126	14	78	142	30	94	158	46	110	174	2092	1962	2142	2080	2060	2014	2089	2012	2026	2018	1961	1998
304998	62	126	14	78	142	30	94	158	46	110	174	2067	1993	2144	2059	2039	1984	2060	2043	1999	2019	1992	2003
304998	62	126	14	78	142	30	94	158	46	110	174	2004	2052	2130	2004	1979	1949	2003	2094	1961	2018	2051	2015
304998	62	126	14	78	142	30	94	158	46	110	174	1962	2089	2128	1959	1946	1927	1955	2126	1954	2022	2089	2026
304998	62	126	14	78	142	30	94	158	46	110	174	1974	2074	2125	1969	1965	1948	1970	2114	1962	2019	2072	2031
304998	62	126	14	78	142	30	94	158	46	110	174	2030	2018	2130	2023	2016	1980	2021	2060	1998	2018	2012	2014
304998	62	126	14	78	142	30	94	158	46	110	174	2079	1968	2145	2069	2056	2011	2066	2009	2021	2020	1968	1996
304998	62	126	14	78	142	30	94	158	46	110	174	2088	1969	2149	2083	2057	2007	2077	2008	2028	2018	1972	1992
304998	62	126	14	78	142	30	94	158	46	110	174	2041	2022	2142	2035	2008	1966	2027	2064	1982	2018	2022	2012
304998	62	126	14	78	142	30	94	158	46	110	174	1984	2079	2123	1979	1963	1937	1981	2117	1950	2017	2070	2030
304998	62	126	14	78	142	30	94	158	46	110	174	1964	2086	2118	1955	1946	1931	1957	2127	1939	2022	2078	2028
304998	62	126	14	78	142	30	94	158	46	110	174	1998	2043	2127	1986	1987	1961	1985	2088	1975	2017	2041	2012
304998	62	126	14	78	142	30	94	158	46	110	174	2054	1987	2143	2048	2037	2000	2040	2033	2019	2020	1991	1991
304998	62	126	14	78	142	30	94	158	46	110	174	2089	1961	2153	2082	2063	2015	2080	2005	2028	2018	1969	1996
304998	62	126	14	78	142	30	94	158	46	110	174	2069	1988	2146	2064	2040	1990	2062	2034	2007	2016	1994	2009
304998	62	126	14	78	142	30	94	158	46	110	174	2013	2049	2125	2009	1984	1952	2006	2089	1967	2022	2043	2024
304998	62	126	14	78	142	30	94	158	46	110	174	1972	2088	2117	1961	1949	1926	1965	2128	1947	2019	2076	2024
304998	62	126	14	78	142	30	94	158	46	110	174	1968	2068	2121	1964	1960	1934	1962	2122	1964	2016	2066	2013
304998	62	126	14	78	142	30	94	158	46	110	174	2021	2020	2139	2017	2011	1979	2023	2069	1987	2021	2024	2013
304998	62	126	14	78	142	30	94	158	46	110	174	2074	1971	2152	2070	2060	2013	2068	2016	2023	2019	1978	2003
304998	62	126	14	78	142	30	94	158	46	110	174	2089	1971	2149	2078	2059	2011	2083	2011	2022	2019	1967	2002
304998	62	126	14	78	142	30	94	158	46	110	174	2049	2018	2133	2040	2017	1977	2042	2052	1996	2016	2009	2012
304998	62	126	14	78	142	30	94	158	46	110	174	1987	2066	2120	1980	1968	1934	1983	2118	1954	2018	2057	2020
304998	62	126	14	78	142	30	94	158	46	110	174	1966	2083	2120	1955	1950	1928	1968	2132	1941	2020	2086	2025
304998	62	126	14	78	142	30	94	158	46	110	174	1984	2049	2135	1986	1980	1954	1983	2101	1970	2021	2057	2024
304998	62	126	14	78	142	30	94	158	46	110	174	2045	1999	2152	2041	2036	1999	2038	2036	2012	2017	1994	2008
304998	62	126	14	78	142	30	94	158	46	110	174	2085	1970	2153	2082	2068	2018	2074	2006	2036	2016	1963	1998
304998	62	126	14	78	142	30	94	158	46	110	174	2078	1984	2139	2071	2046	1999	2068	2030	2008	2021	1982	1999
304998	62	126	14	78	142	30	94	158	46	110	174	2025	2039	2124	2014	1996	1951	2015	2087	1968	2019	2041	2017
304998	62	126	14	78	142	30	94	158	46	110	174	1974	2079	2119	1967	1955	1925	1968	2129	1942	2021	2085	2029
304998	62	126	14	78	142	30	94	158	46	110	174	1967	2077	2129	1957	1956	1933	1967	2124	1962	2020	2076	2032
304998	62	126	14	78	142	30	94	158	46	110	174	2012	2033	2142	2008	2004	1975	2008	2077	1992	2019	2025	2010
304998	62	126	14	78	142	30	94	158	46	110	174	2073	1982	2148	2065	2053	2015	2063	2020	2020	2022	1975	1989
304998	62	126	14	78	142	30	94	158	46	110	174	2090	1965	2145	2084	2061	2012	2078	2007	2020	2022	1970	1995
