304998	62	126	14	78	142	30	94	158	46	110	174	2078	1960	2157	2079	2059	2020	2075	2003	2028	2017	1972	1996
304998	62	126	14	78	142	30	94	158	46	110	174	2077	1973	2153	2076	2058	2002	2071	2021	2019	2017	1976	1991
304998	62	126	14	78	142	30	94	158	46	110	174	2028	2027	2142	2024	1997	1970	2028	2081	1981	2018	2031	2017
304998	62	126	14	78	142	30	94	158	46	110	174	1973	2084	2119	1964	1951	1933	1969	2133	1949	2018	2075	2040
304998	62	126	14	78	142	30	94	158	46	110	174	1962	2084	2111	1950	1944	1939	1957	2136	1956	2021	2077	2036
304998	62	126	14	78	142	30	94	158	46	110	174	2001	2038	2129	1993	1996	1968	1993	2089	1993	2018	2037	2014
304998	62	126	14	78	142	30	94	158	46	110	174	2054	1984	2155	2053	2050	2005	2059	2031	2019	2019	1988	1990
304998	62	126	14	78	142	30	94	158	46	110	174	2085	1966	2162	2086	2064	2017	2088	2006	2022	2022	1974	1991
304998	62	126	14	78	142	30	94	158	46	110	174	2059	2002	2141	2057	2032	1983	2057	2038	1994	2019	2001	2015
304998	62	126	14	78	142	30	94	158	46	110	174	2005	2055	2117	2001	1961	1953	1997	2100	1972	2018	2047	2029
304998	62	126	14	78	142	30	94	158	46	110	174	1961	2084	2113	1947	1933	1932	1955	2148	1953	2017	2083	2031
304998	62	126	14	78	142	30	94	158	46	110	174	1976	2070	2124	1959	1965	1949	1972	2127	1965	2018	2066	2031
304998	62	126	14	78	142	30	94	158	46	110	174	2022	2012	2148	2021	2011	1990	2020	2060	1994	2018	2016	2008
304998	62	126	14	78	142	30	94	158	46	110	174	2071	1974	2154	2075	2060	2011	2079	2007	2029	2019	1973	1997
304998	62	126	14	78	142	30	94	158	46	110	174	2081	1976	2145	2083	2058	2002	2087	2012	2026	2020	1971	2000
304998	62	126	14	78	142	30	94	158	46	110	174	2035	2017	2129	2033	2003	1975	2037	2076	1980	2016	2022	2004
304998	62	126	14	78	142	30	94	158	46	110	174	1978	2072	2120	1966	1957	1937	1968	2131	1951	2020	2072	2034
304998	62	126	14	78	142	30	94	158	46	110	174	1960	2087	2127	1950	1943	1937	1971	2144	1957	2020	2082	2043
304998	62	126	14	78	142	30	94	158	46	110	174	1992	2049	2136	1985	1983	1969	1991	2095	1989	2018	2044	2018
304998	62	126	14	78	142	30	94	158	46	110	174	2048	1990	2142	2046	2037	2000	2047	2037	2009	2022	1988	1990
304998	62	126	14	78	142	30	94	158	46	110	174	2082	1961	2152	2088	2063	2014	2084	2005	2020	2017	1972	1984
304998	62	126	14	78	142	30	94	158	46	110	174	2054	1982	2158	2064	2039	1989	2059	2030	2003	2019	1999	2003
304998	62	126	14	78	142	30	94	158	46	110	174	2002	2042	2138	2004	1982	1953	2003	2092	1971	2019	2043	2030
304998	62	126	14	78	142	30	94	158	46	110	174	1958	2087	2124	1951	1945	1935	1953	2144	1953	2022	2082	2040
304998	62	126	14	78	142	30	94	158	46	110	174	1971	2076	2112	1958	1955	1946	1968	2134	1961	2021	2068	2020
304998	62	126	14	78	142	30	94	158	46	110	174	2020	2018	2135	2014	2004	1978	2022	2072	1994	2021	2026	2011
304998	62	126	14	78	142	30	94	158	46	110	174	2074	1973	2155	2072	2058	2006	2075	2008	2023	2021	1978	1994
304998	62	126	14	78	142	30	94	158	46	110	174	2082	1972	2155	2087	2055	2013	2085	2008	2023	2018	1971	1995
304998	62	126	14	78	142	30	94	158	46	110	174	2041	2018	2136	2047	2005	1979	2034	2064	1988	2018	2013	2005
304998	62	126	14	78	142	30	94	158	46	110	174	1991	2074	2109	1972	1965	1940	1999	2131	1956	2020	2069	2028
304998	62	126	14	78	142	30	94	158	46	110	174	1957	2081	2112	1952	1932	1937	1948	2143	1953	2020	2085	2039
304998	62	126	14	78	142	30	94	158	46	110	174	1983	2054	2130	1976	1977	1955	1984	2105	1977	2021	2049	2034
304998	62	126	14	78	142	30	94	158	46	110	174	2040	1994	2156	2044	2021	1998	2038	2043	2005	2017	1993	1999
304998	62	126	14	78	142	30	94	158	46	110	174	2082	1969	2153	2086	2067	2018	2089	2008	2024	2021	1970	1984
304998	62	126	14	78	142	30	94	158	46	110	174	2074	1984	2138	2071	2048	1999	2083	2024	2007	2018	1991	2001
304998	62	126	14	78	142	30	94	158	46	110	174	2021	2039	2125	2014	1983	1962	2018	2086	1979	2017	2042	2025
304998	62	126	14	78	142	30	94	158	46	110	174	1968	2079	2120	1950	1948	1926	1963	2142	1952	2020	2078	2042
304998	62	126	14	78	142	30	94	158	46	110	174	1968	2085	2123	1955	1944	1942	1966	2139	1954	2017	2067	2025
304998	62	126	14	78	142	30	94	158	46	110	174	2011	2032	2138	2008	2001	1977	2007	2077	1984	2016	2026	2003
304998	62	126	14	78	142	30	94	158	46	110	174	2072	1984	2144	2066	2056	2016	2073	2016	2025	2017	1981	1998
304998	62	126	14	78	142	30	94	158	46	110	174	2088	1960	2152	2084	2064	2014	2103	2005	2028	2016	1971	1997
304998	62	126	14	78	142	30	94	158	46	110	174	2049	2005	2141	2045	2021	1977	2055	2050	1993	2020	2006	2012
304998	62	126	14	78	142	30	94	158	46	110	174	1997	2066	2129	1993	1951	1950	1999	2120	1955	2019	2053	2023
304998	62	126	14	78	142	30	94	158	46	110	174	1962	2096	2113	1950	1939	1930	1960	2145	1947	2020	2085	2031
304998	62	126	14	78	142	30	94	158	46	110	174	1987	2064	2118	1971	1970	1958	1980	2114	1972	2016	2061	2029
304998	62	126	14	78	142	30	94	158	46	110	174	2038	2001	2146	2032	2026	1996	2033	2046	2006	2022	2002	2003
304998	62	126	14	78	142	30	94	158	46	110	174	2083	1961	2156	2083	2067	2015	2092	2007	2022	2020	1968	1988
304998	62	126	14	78	142	30	94	158	46	110	174	2076	1979	2153	2079	2039	2003	2081	2018	2008	2017	1980	1988
304998	62	126	14	78	142	30	94	158	46	110	174	2027	2038	2130	2014	2000	1960	2031	2079	1983	2018	2031	2024
304998	62	126	14	78	142	30	94	158	46	110	174	1976	2085	2113	1963	1952	1928	1968	2140	1952	2020	2078	2044
304998	62	126	14	78	142	30	94	158	46	110	174	1965	2082	2114	1955	1948	1938	1962	2139	1948	2018	2071	2031
304998	62	126	14	78	142	30	94	158	46	110	174	2006	2032	2135	1998	1997	1971	1999	2081	1981	2018	2026	2015
304998	62	126	14	78	142	30	94	158	46	110	174	2062	1979	2159	2063	2050	2006	2063	2023	2022	2017	1982	1991
304998	62	126	14	78	142	30	94	158	46	110	174	2086	1967	2155	2089	2066	2010	2089	2005	2024	2017	1968	1996
304998	62	126	14	78	142	30	94	158	46	110	174	2059	2004	2139	2060	2033	1981	2067	2049	1996	2018	2000	2013
304998	62	126	14	78	142	30	94	158	46	110	174	2001	2053	2120	1993	1973	1950	2001	2107	1959	2019	2047	2026
304998	62	126	14	78	142	30	94	158	46	110	174	1967	2088	2112	1948	1951	1926	1970	2140	1949	2019	2076	2032
304998	62	126	14	78	142	30	94	158	46	110	174	1981	2065	2136	1967	1969	1948	1985	2124	1965	2017	2064	2021
304998	62	126	14	78	142	30	94	158	46	110	174	2031	2010	2147	2028	2022	1989	2023	2058	1998	2016	2015	2008
304998	62	126	14	78	142	30	94	158	46	110	174	2079	1972	2157	2084	2065	2009	2075	2004	2021	2019	1968	1995
304998	62	126	14	78	142	30	94	158	46	110	174	2086	1973	2143	2089	2044	2011	2077	2005	2020	2020	1968	1994
304998	62	126	14	78	142	30	94	158	46	110	174	2037	2019	2128	2029	2002	1970	2024	2076	1985	2020	2023	2014
304998	62	126	14	78	142	30	94	158	46	110	174	1981	2078	2122	1969	1955	1937	1978	2130	1948	2021	2073	2031
304998	62	126	14	78	142	30	94	158	46	110	174	1969	2089	2122	1951	1940	1931	1976	2144	1951	2018	2078	2040
304998	62	126	14	78	142	30	94	158	46	110	174	2002	2045	2137	1990	1989	1963	2012	2091	1983	2017	2038	2017
304998	62	126	14	78	142	30	94	158	46	110	174	2063	1987	2140	2054	2043	2003	2072	2030	2019	2023	1982	1993
304998	62	126	14	78	142	30	94	158	46	110	174	2087	1957	2148	2091	2063	2014	2092	2003	2028	2020	1965	1986
304998	62	126	14	78	142	30	94	158	46	110	174	2064	1991	2145	2061	2035	1992	2078	2042	2001	2022	1996	2006
304998	62	126	14	78	142	30	94	158	46	110	174	2003	2051	2136	1999	1978	1951	2010	2094	1968	2021	2046	2033
304998	62	126	14	78	142	30	94	158	46	110	174	1968	2094	2116	1955	1947	1929	1970	2142	1951	2021	2076	2030
304998	62	126	14	78	142	30	94	158	46	110	174	1973	2077	2116	1962	1968	1939	1975	2124	1963	2017	2065	2023
304998	62	126	14	78	142	30	94	158	46	110	174	2029	2016	2134	2019	2017	1985	2032	2066	1996	2017	2018	1998
304998	62	126	14	78	142	30	94	158	46	110	174	2081	1964	2151	2073	2063	2018	2070	2005	2021	2018	1973	1996
304998	62	126	14	78	142	30	94	158	46	110	174	2088	1968	2152	2085	2054	2009	2081	2008	2023	2022	1970	1998
304998	62	126	14	78	142	30	94	158	46	110	174	2036	2022	2143	2035	2013	1965	2034	2068	1985	2018	2008	2008
304998	62	126	14	78	142	30	94	158	46	110	174	1990	2083	2115	1970	1965	1933	1989	2128	1948	2021	2065	2024
304998	62	126	14	78	142	30	94	158	46	110	174	1962	2093	2115	1946	1951	1928	1953	2135	1952	2017	2082	2033
304998	62	126	14	78	142	30	94	158	46	110	174	1998	2045	2126	1981	1986	1966	1985	2101	1986	2018	2046	2025
304998	62	126	14	78	142	30	94	158	46	110	174	2048	1987	2153	2046	2038	2005	2046	2036	2009	2017	1988	2001
304998	62	126	14	78	142	30	94	158	46	110	174	2087	1961	2159	2087	2058	2018	2093	2008	2018	2018	1961	1988
304998	62	126	14	78	142	30	94	158	46	110	174	2068	1992	2148	2067	2047	1988	2067	2026	2004	2020	1987	1993
304998	62	126	14	78	142	30	94	158	46	110	174	2019	2047	2122	2006	1990	1957	2023	2097	1974	2022	2044	2023
304998	62	126	14	78	142	30	94	158	46	110	174	1972	2089	2112	1951	1952	1929	1977	2145	1951	2017	2075	2043
304998	62	126	14	78	142	30	94	158	46	110	174	1974	2077	2120	1952	1965	1940	1985	2132	1956	2021	2063	2034
304998	62	126	14	78	142	30	94	158	46	110	174	2023	2021	2145	2004	2006	1978	2029	2071	1988	2020	2017	2000
304998	62	126	14	78	142	30	94	158	46	110	174	2076	1972	2157	2072	2055	2008	2072	2010	2026	2017	1983	1989
304998	62	126	14	78	142	30	94	158	46	110	174	2089	1965	2151	2087	2067	2008	2087	2005	2022	2019	1974	1999
304998	62	126	14	78	142	30	94	158	46	110	174	2056	2010	2130	2047	2016	1978	2064	2057	1989	2016	2007	2010
304998	62	126	14	78	142	30	94	158	46	110	174	1986	2063	2120	1979	1968	1935	1982	2119	1951	2022	2059	2033
304998	62	126	14	78	142	30	94	158	46	110	174	1967	2089	2120	1948	1947	1932	1972	2144	1951	2017	2079	2026
304998	62	126	14	78	142	30	94	158	46	110	174	1987	2055	2135	1973	1981	1950	1985	2112	1974	2021	2054	2021
304998	62	126	14	78	142	30	94	158	46	110	174	2043	2002	2147	2042	2033	1993	2049	2042	2004	2022	2001	2006
304998	62	126	14	78	142	30	94	158	46	110	174	2082	1958	2158	2090	2064	2015	2081	1999	2020	2021	1968	1992
304998	62	126	14	78	142	30	94	158	46	110	174	2073	1974	2147	2077	2045	2001	2068	2020	2013	2021	1978	1997
304998	62	126	14	78	142	30	94	158	46	110	174	2024	2033	2133	2017	1999	1958	2020	2086	1974	2018	2036	2015
304998	62	126	14	78	142	30	94	158	46	110	174	1973	2085	2120	1954	1945	1930	1969	2143	1943	2021	2075	2043
304998	62	126	14	78	142	30	94	158	46	110	174	1966	2087	2124	1948	1955	1931	1966	2134	1952	2019	2072	2040
304998	62	126	14	78	142	30	94	158	46	110	174	2012	2035	2132	2001	2001	1968	2013	2083	1993	2022	2024	2016
304998	62	126	14	78	142	30	94	158	46	110	174	2074	1974	2152	2067	2053	2007	2070	2022	2018	2022	1978	1985
304998	62	126	14	78	142	30	94	158	46	110	174	2092	1957	2151	2088	2072	2013	2087	2008	2024	2021	1968	1990
304998	62	126	14	78	142	30	94	158	46	110	174	2049	1996	2148	2052	2020	1985	2060	2045	1999	2021	2006	2013
304998	62	126	14	78	142	30	94	158	46	110	174	1996	2062	2125	1988	1967	1938	2002	2110	1966	2022	2051	2030
304998	62	126	14	78	142	30	94	158	46	110	174	1960	2094	2118	1947	1948	1928	1957	2151	1951	2019	2077	2038
304998	62	126	14	78	142	30	94	158	46	110	174	1984	2069	2121	1967	1967	1952	1985	2118	1971	2021	2055	2016
304998	62	126	14	78	142	30	94	158	46	110	174	2036	1998	2149	2034	2030	1997	2033	2046	2001	2017	2008	1997
304998	62	126	14	78	142	30	94	158	46	110	174	2086	1960	2157	2082	2069	2023	2092	1999	2028	2018	1970	1998
304998	62	126	14	78	142	30	94	158	46	110	174	2077	1970	2160	2077	2052	2003	2071	2015	2013	2021	1974	1999
304998	62	126	14	78	142	30	94	158	46	110	174	2028	2037	2136	2022	2000	1960	2025	2075	1980	2018	2020	2015
304998	62	126	14	78	142	30	94	158	46	110	174	1979	2081	2125	1961	1952	1929	1973	2138	1950	2020	2073	2030
304998	62	126	14	78	142	30	94	158	46	110	174	1960	2081	2117	1950	1943	1935	1949	2137	1956	2020	2082	2035
304998	62	126	14	78	142	30	94	158	46	110	174	2002	2033	2134	1986	1997	1966	1992	2087	1989	2020	2038	2022
304998	62	126	14	78	142	30	94	158	46	110	174	2060	1977	2163	2056	2051	2007	2057	2023	2018	2020	1979	1993
304998	62	126	14	78	142	30	94	158	46	110	174	2081	1960	2163	2096	2068	2011	2085	2000	2019	2020	1965	1984
304998	62	126	14	78	142	30	94	158	46	110	174	2064	2003	2142	2059	2040	1984	2058	2039	2006	2017	2002	2002
304998	62	126	14	78	142	30	94	158	46	110	174	2003	2058	2115	1995	1974	1945	2005	2107	1974	2018	2050	2031
304998	62	126	14	78	142	30	94	158	46	110	174	1961	2086	2115	1947	1946	1927	1952	2148	1951	2021	2076	2048
304998	62	126	14	78	142	30	94	158	46	110	174	1975	2065	2129	1955	1964	1948	1976	2126	1961	2018	2060	2022
304998	62	126	14	78	142	30	94	158	46	110	174	2028	2011	2155	2023	2014	1990	2027	2049	1999	2021	2013	1997
304998	62	126	14	78	142	30	94	158	46	110	174	2072	1968	2173	2082	2066	2011	2070	2000	2030	2017	1978	1990
304998	62	126	14	78	142	30	94	158	46	110	174	2087	1972	2148	2087	2056	2007	2084	2016	2013	2017	1974	1995
304998	62	126	14	78	142	30	94	158	46	110	174	2035	2015	2129	2030	2014	1968	2033	2067	1982	2021	2018	2014
304998	62	126	14	78	142	30	94	158	46	110	174	1979	2075	2118	1965	1956	1936	1978	2127	1956	2016	2063	2032
304998	62	126	14	78	142	30	94	158	46	110	174	1962	2085	2127	1943	1946	1934	1957	2143	1961	2017	2084	2031
304998	62	126	14	78	142	30	94	158	46	110	174	1988	2046	2139	1980	1982	1966	1989	2099	1983	2017	2046	2025
304998	62	126	14	78	142	30	94	158	46	110	174	2056	1990	2150	2053	2041	2000	2059	2035	2009	2022	1990	1996
304998	62	126	14	78	142	30	94	158	46	110	174	2085	1956	2166	2091	2069	2015	2084	1992	2023	2018	1968	1980
304998	62	126	14	78	142	30	94	158	46	110	174	2054	1985	2149	2067	2044	1993	2056	2027	2007	2017	1990	2000
304998	62	126	14	78	142	30	94	158	46	110	174	2007	2052	2137	2003	1981	1951	2004	2103	1972	2016	2048	2028
304998	62	126	14	78	142	30	94	158	46	110	174	1965	2094	2110	1945	1946	1932	1970	2151	1951	2018	2078	2050
304998	62	126	14	78	142	30	94	158	46	110	174	1971	2080	2113	1950	1956	1943	1972	2136	1960	2018	2067	2036
304998	62	126	14	78	142	30	94	158	46	110	174	2022	2020	2133	2013	2009	1982	2016	2065	2001	2016	2015	2000
304998	62	126	14	78	142	30	94	158	46	110	174	2071	1965	2165	2075	2065	2008	2070	2004	2030	2017	1980	1987
304998	62	126	14	78	142	30	94	158	46	110	174	2083	1968	2165	2087	2067	2010	2084	2007	2018	2018	1975	1999
304998	62	126	14	78	142	30	94	158	46	110	174	2045	2021	2143	2039	2018	1973	2045	2063	1984	2017	2013	2015
304998	62	126	14	78	142	30	94	158	46	110	174	1981	2074	2107	1966	1960	1940	1974	2121	1963	2017	2058	2036
304998	62	126	14	78	142	30	94	158	46	110	174	1966	2093	2106	1940	1941	1927	1960	2152	1958	2018	2078	2042
304998	62	126	14	78	142	30	94	158	46	110	174	1993	2050	2125	1970	1981	1952	1978	2105	1973	2018	2055	2024
304998	62	126	14	78	142	30	94	158	46	110	174	2045	1998	2157	2046	2032	1996	2046	2042	2007	2020	1996	2002
304998	62	126	14	78	142	30	94	158	46	110	174	2077	1962	2174	2090	2068	2011	2079	1997	2024	2016	1970	1987
304998	62	126	14	78	142	30	94	158	46	110	174	2061	1985	2147	2077	2048	1997	2068	2022	2014	2017	1984	1988
304998	62	126	14	78	142	30	94	158	46	110	174	2020	2043	2118	2005	1991	1960	2015	2093	1974	2017	2042	2019
304998	62	126	14	78	142	30	94	158	46	110	174	1973	2087	2104	1948	1940	1928	1961	2153	1954	2021	2079	2048
304998	62	126	14	78	142	30	94	158	46	110	174	1968	2079	2118	1942	1950	1937	1963	2142	1959	2019	2068	2045
304998	62	126	14	78	142	30	94	158	46	110	174	2008	2026	2145	2006	2003	1971	2007	2070	1999	2022	2021	2004
304998	62	126	14	78	142	30	94	158	46	110	174	2065	1981	2155	2076	2062	2006	2061	2012	2019	2018	1981	1983
304998	62	126	14	78	142	30	94	158	46	110	174	2090	1966	2153	2090	2068	2012	2087	2001	2021	2017	1977	1987
304998	62	126	14	78	142	30	94	158	46	110	174	2043	2004	2144	2050	2018	1980	2042	2052	1994	2016	2014	2016
304998	62	126	14	78	142	30	94	158	46	110	174	1989	2065	2116	1976	1963	1942	1994	2119	1970	2020	2057	2040
304998	62	126	14	78	142	30	94	158	46	110	174	1959	2092	2119	1941	1934	1933	1963	2153	1958	2017	2078	2038
304998	62	126	14	78	142	30	94	158	46	110	174	1986	2071	2120	1964	1971	1951	1969	2124	1974	2018	2062	2023
304998	62	126	14	78	142	30	94	158	46	110	174	2040	2005	2141	2039	2019	2007	2038	2046	2003	2023	2005	2000
304998	62	126	14	78	142	30	94	158	46	110	174	2083	1962	2158	2084	2072	2016	2092	1996	2021	2021	1967	1990
304998	62	126	14	78	142	30	94	158	46	110	174	2073	1976	2154	2080	2052	2009	2077	2013	2018	2021	1978	1988
304998	62	126	14	78	142	30	94	158	46	110	174	2024	2041	2136	2016	1988	1963	2018	2088	1982	2022	2037	2014
304998	62	126	14	78	142	30	94	158	46	110	174	1970	2093	2109	1950	1946	1931	1957	2143	1953	2019	2077	2047
304998	62	126	14	78	142	30	94	158	46	110	174	1969	2092	2105	1940	1942	1938	1953	2144	1956	2023	2074	2047
304998	62	126	14	78	142	30	94	158	46	110	174	2006	2033	2132	1993	1994	1971	1999	2082	1992	2017	2029	2012
304998	62	126	14	78	142	30	94	158	46	110	174	2060	1982	2161	2060	2051	2012	2062	2019	2020	2021	1982	1983
304998	62	126	14	78	142	30	94	158	46	110	174	2082	1968	2170	2093	2068	2015	2092	2000	2022	2021	1974	1980
304998	62	126	14	78	142	30	94	158	46	110	174	2055	2007	2146	2053	2028	1982	2055	2047	1999	2017	2003	2006
