304998	62	126	14	78	142	30	94	158	46	110	174	1993	2050	2125	1970	1981	1952	1978	2105	1973	2018	2055	2024
304998	62	126	14	78	142	30	94	158	46	110	174	2045	1998	2157	2046	2032	1996	2046	2042	2007	2020	1996	2002
304998	62	126	14	78	142	30	94	158	46	110	174	2077	1962	2174	2090	2068	2011	2079	1997	2024	2016	1970	1987
304998	62	126	14	78	142	30	94	158	46	110	174	2061	1985	2147	2077	2048	1997	2068	2022	2014	2017	1984	1988
304998	62	126	14	78	142	30	94	158	46	110	174	2020	2043	2118	2005	1991	1960	2015	2093	1974	2017	2042	2019
304998	62	126	14	78	142	30	94	158	46	110	174	1973	2087	2104	1948	1940	1928	1961	2153	1954	2021	2079	2048
304998	62	126	14	78	142	30	94	158	46	110	174	1968	2079	2118	1942	1950	1937	1963	2142	1959	2019	2068	2045
304998	62	126	14	78	142	30	94	158	46	110	174	2008	2026	2145	2006	2003	1971	2007	2070	1999	2022	2021	2004
304998	62	126	14	78	142	30	94	158	46	110	174	2065	1981	2155	2076	2062	2006	2061	2012	2019	2018	1981	1983
304998	62	126	14	78	142	30	94	158	46	110	174	2090	1966	2153	2090	2068	2012	2087	2001	2021	2017	1977	1987
304998	62	126	14	78	142	30	94	158	46	110	174	2043	2004	2144	2050	2018	1980	2042	2052	1994	2016	2014	2016
304998	62	126	14	78	142	30	94	158	46	110	174	1989	2065	2116	1976	1963	1942	1994	2119	1970	2020	2057	2040
304998	62	126	14	78	142	30	94	158	46	110	174	1959	2092	2119	1941	1934	1933	1963	2153	1958	2017	2078	2038
304998	62	126	14	78	142	30	94	158	46	110	174	1986	2071	2120	1964	1971	1951	1969	2124	1974	2018	2062	2023
304998	62	126	14	78	142	30	94	158	46	110	174	2040	2005	2141	2039	2019	2007	2038	2046	2003	2023	2005	2000
304998	62	126	14	78	142	30	94	158	46	110	174	2083	1962	2158	2084	2072	2016	2092	1996	2021	2021	1967	1990
304998	62	126	14	78	142	30	94	158	46	110	174	2073	1976	2154	2080	2052	2009	2077	2013	2018	2021	1978	1988
304998	62	126	14	78	142	30	94	158	46	110	174	2024	2041	2136	2016	1988	1963	2018	2088	1982	2022	2037	2014
304998	62	126	14	78	142	30	94	158	46	110	174	1970	2093	2109	1950	1946	1931	1957	2143	1953	2019	2077	2047
304998	62	126	14	78	142	30	94	158	46	110	174	1969	2092	2105	1940	1942	1938	1953	2144	1956	2023	2074	2047
304998	62	126	14	78	142	30	94	158	46	110	174	2006	2033	2132	1993	1994	1971	1999	2082	1992	2017	2029	2012
304998	62	126	14	78	142	30	94	158	46	110	174	2060	1982	2161	2060	2051	2012	2062	2019	2020	2021	1982	1983
304998	62	126	14	78	142	30	94	158	46	110	174	2082	1968	2170	2093	2068	2015	2092	2000	2022	2021	1974	1980
304998	62	126	14	78	142	30	94	158	46	110	174	2055	2007	2146	2053	2028	1982	2055	2047	1999	2017	2003	2006
304998	62	126	14	78	142	30	94	158	46	110	174	2000	2066	2109	1982	1966	1944	2004	2117	1973	2022	2050	2039
304998	62	126	14	78	142	30	94	158	46	110	174	1957	2085	2112	1937	1934	1930	1944	2153	1957	2020	2075	2042
304998	62	126	14	78	142	30	94	158	46	110	174	1973	2065	2119	1958	1963	1952	1960	2123	1969	2019	2062	2022
304998	62	126	14	78	142	30	94	158	46	110	174	2027	2005	2156	2026	2015	1997	2025	2052	2003	2022	2014	1998
304998	62	126	14	78	142	30	94	158	46	110	174	2078	1970	2168	2085	2065	2012	2087	1998	2020	2021	1972	1988
304998	62	126	14	78	142	30	94	158	46	110	174	2083	1981	2148	2086	2058	2004	2093	2005	2021	2018	1975	1991
304998	62	126	14	78	142	30	94	158	46	110	174	2034	2028	2124	2031	2001	1965	2033	2079	1985	2021	2023	2011
304998	62	126	14	78	142	30	94	158	46	110	174	1984	2078	2110	1958	1949	1929	1965	2141	1954	2017	2078	2043
304998	62	126	14	78	142	30	94	158	46	110	174	1962	2086	2113	1942	1926	1945	1947	2149	1954	2018	2080	2047
304998	62	126	14	78	142	30	94	158	46	110	174	1996	2048	2138	1986	1988	1969	2001	2094	1989	2019	2038	2024
304998	62	126	14	78	142	30	94	158	46	110	174	2055	1991	2152	2061	2047	2005	2050	2024	2017	2018	1986	1985
304998	62	126	14	78	142	30	94	158	46	110	174	2091	1964	2154	2096	2069	2014	2099	2005	2021	2017	1971	1977
304998	62	126	14	78	142	30	94	158	46	110	174	2062	1990	2148	2068	2037	1985	2069	2031	2001	2018	2001	2005
304998	62	126	14	78	142	30	94	158	46	110	174	2007	2049	2124	1995	1974	1945	2011	2107	1968	2019	2053	2036
304998	62	126	14	78	142	30	94	158	46	110	174	1966	2096	2112	1943	1925	1939	1947	2149	1956	2021	2078	2047
304998	62	126	14	78	142	30	94	158	46	110	174	1971	2075	2120	1952	1954	1948	1958	2129	1966	2021	2063	2030
304998	62	126	14	78	142	30	94	158	46	110	174	2028	2017	2142	2014	2011	1993	2028	2062	1998	2016	2018	2000
304998	62	126	14	78	142	30	94	158	46	110	174	2077	1962	2163	2082	2064	2014	2080	2000	2024	2021	1979	1993
304998	62	126	14	78	142	30	94	158	46	110	174	2086	1968	2160	2094	2059	2006	2101	2005	2028	2017	1970	1991
304998	62	126	14	78	142	30	94	158	46	110	174	2037	2018	2139	2041	2003	1977	2030	2068	1989	2020	2016	2011
304998	62	126	14	78	142	30	94	158	46	110	174	1981	2084	2111	1974	1951	1938	1968	2132	1949	2022	2069	2036
304998	62	126	14	78	142	30	94	158	46	110	174	1960	2093	2105	1938	1924	1945	1953	2151	1949	2020	2085	2047
304998	62	126	14	78	142	30	94	158	46	110	174	1996	2048	2123	1985	1968	1966	1993	2100	1983	2017	2047	2026
304998	62	126	14	78	142	30	94	158	46	110	174	2049	1985	2153	2051	2042	2001	2044	2033	2018	2020	1992	1995
304998	62	126	14	78	142	30	94	158	46	110	174	2085	1959	2168	2100	2068	2016	2094	2000	2022	2020	1965	1972
304998	62	126	14	78	142	30	94	158	46	110	174	2071	1988	2156	2079	2047	1995	2075	2027	2007	2016	1996	1990
304998	62	126	14	78	142	30	94	158	46	110	174	2014	2051	2119	2004	1989	1952	2008	2099	1973	2017	2045	2031
304998	62	126	14	78	142	30	94	158	46	110	174	1966	2091	2096	1951	1930	1940	1977	2153	1956	2021	2078	2049
304998	62	126	14	78	142	30	94	158	46	110	174	1966	2073	2109	1949	1952	1936	1954	2133	1959	2020	2069	2038
304998	62	126	14	78	142	30	94	158	46	110	174	2014	2021	2149	2010	2007	1984	2027	2074	1993	2020	2021	2002
304998	62	126	14	78	142	30	94	158	46	110	174	2071	1970	2166	2076	2060	2015	2070	2001	2027	2019	1975	1984
304998	62	126	14	78	142	30	94	158	46	110	174	2085	1969	2155	2092	2068	2015	2092	2005	2027	2022	1969	1996
304998	62	126	14	78	142	30	94	158	46	110	174	2049	2011	2136	2047	2020	1978	2045	2055	1994	2018	2009	2010
304998	62	126	14	78	142	30	94	158	46	110	174	1991	2069	2107	1979	1948	1935	1981	2128	1955	2021	2060	2035
304998	62	126	14	78	142	30	94	158	46	110	174	1961	2091	2108	1941	1939	1926	1946	2150	1946	2020	2085	2042
304998	62	126	14	78	142	30	94	158	46	110	174	1987	2056	2131	1970	1965	1956	1972	2107	1977	2022	2059	2027
304998	62	126	14	78	142	30	94	158	46	110	174	2042	1997	2160	2038	2035	1997	2033	2035	2011	2017	2000	2001
304998	62	126	14	78	142	30	94	158	46	110	174	2091	1966	2157	2091	2071	2022	2097	2001	2025	2019	1965	1980
304998	62	126	14	78	142	30	94	158	46	110	174	2074	1977	2149	2087	2033	2002	2074	2014	2007	2019	1979	1987
304998	62	126	14	78	142	30	94	158	46	110	174	2022	2039	2124	2016	1994	1951	2012	2082	1981	2021	2044	2019
304998	62	126	14	78	142	30	94	158	46	110	174	1970	2084	2112	1954	1937	1931	1953	2146	1951	2019	2080	2047
304998	62	126	14	78	142	30	94	158	46	110	174	1964	2086	2117	1951	1948	1937	1954	2138	1951	2019	2076	2043
304998	62	126	14	78	142	30	94	158	46	110	174	2014	2035	2139	2003	2000	1978	2004	2083	1988	2020	2024	2004
304998	62	126	14	78	142	30	94	158	46	110	174	2072	1976	2149	2072	2047	2020	2079	2010	2028	2018	1980	1983
304998	62	126	14	78	142	30	94	158	46	110	174	2092	1955	2160	2094	2068	2011	2092	1998	2038	2022	1968	1980
304998	62	126	14	78	142	30	94	158	46	110	174	2058	2002	2144	2053	2028	1977	2068	2047	1995	2019	2005	2013
304998	62	126	14	78	142	30	94	158	46	110	174	1996	2061	2121	1994	1951	1949	1994	2121	1949	2022	2054	2037
304998	62	126	14	78	142	30	94	158	46	110	174	1954	2096	2110	1943	1940	1927	1944	2147	1950	2016	2079	2039
304998	62	126	14	78	142	30	94	158	46	110	174	1983	2067	2119	1964	1969	1952	1981	2124	1975	2022	2060	2022
304998	62	126	14	78	142	30	94	158	46	110	174	2039	1999	2145	2035	2020	1995	2026	2045	2008	2019	2007	2001
304998	62	126	14	78	142	30	94	158	46	110	174	2089	1957	2163	2092	2070	2025	2095	2001	2036	2020	1964	1985
304998	62	126	14	78	142	30	94	158	46	110	174	2079	1970	2156	2082	2054	2005	2078	2008	2019	2020	1973	1991
304998	62	126	14	78	142	30	94	158	46	110	174	2028	2036	2135	2027	2001	1965	2018	2068	1984	2017	2025	2013
304998	62	126	14	78	142	30	94	158	46	110	174	1972	2089	2107	1963	1950	1928	1959	2139	1946	2020	2080	2040
304998	62	126	14	78	142	30	94	158	46	110	174	1962	2093	2105	1956	1928	1937	1953	2143	1952	2018	2085	2044
304998	62	126	14	78	142	30	94	158	46	110	174	2007	2032	2128	1999	1982	1963	1997	2082	1981	2020	2036	2017
304998	62	126	14	78	142	30	94	158	46	110	174	2065	1977	2156	2067	2050	2010	2075	2012	2032	2018	1977	1988
304998	62	126	14	78	142	30	94	158	46	110	174	2092	1955	2166	2102	2074	2018	2094	1998	2033	2020	1963	1973
304998	62	126	14	78	142	30	94	158	46	110	174	2064	1997	2151	2061	2036	1987	2062	2039	2000	2019	2000	2004
304998	62	126	14	78	142	30	94	158	46	110	174	2002	2063	2118	1994	1975	1947	1995	2109	1954	2023	2057	2034
304998	62	126	14	78	142	30	94	158	46	110	174	1961	2092	2100	1950	1933	1918	1950	2139	1940	2020	2084	2051
304998	62	126	14	78	142	30	94	158	46	110	174	1972	2069	2109	1964	1957	1938	1966	2120	1966	2020	2062	2029
304998	62	126	14	78	142	30	94	158	46	110	174	2028	2005	2146	2029	2021	1991	2024	2055	1999	2020	2012	1991
304998	62	126	14	78	142	30	94	158	46	110	174	2083	1961	2166	2087	2064	2021	2081	2000	2029	2016	1969	1979
304998	62	126	14	78	142	30	94	158	46	110	174	2084	1975	2158	2086	2063	2015	2085	1998	2025	2017	1972	1999
304998	62	126	14	78	142	30	94	158	46	110	174	2041	2027	2124	2030	2003	1966	2031	2061	1991	2019	2021	2019
304998	62	126	14	78	142	30	94	158	46	110	174	1984	2081	2104	1964	1955	1924	1964	2131	1948	2018	2072	2033
304998	62	126	14	78	142	30	94	158	46	110	174	1960	2088	2113	1949	1943	1919	1945	2143	1942	2017	2085	2032
304998	62	126	14	78	142	30	94	158	46	110	174	1994	2038	2136	1994	1975	1965	1982	2092	1976	2022	2048	2019
304998	62	126	14	78	142	30	94	158	46	110	174	2056	1986	2163	2059	2040	2014	2052	2018	2029	2016	1989	1996
304998	62	126	14	78	142	30	94	158	46	110	174	2087	1960	2162	2094	2068	2024	2086	1996	2039	2016	1955	1982
304998	62	126	14	78	142	30	94	158	46	110	174	2073	1985	2139	2072	2034	1996	2072	2034	2005	2017	1987	1992
304998	62	126	14	78	142	30	94	158	46	110	174	2009	2043	2127	2007	1980	1940	1999	2094	1963	2021	2050	2022
304998	62	126	14	78	142	30	94	158	46	110	174	1964	2088	2107	1951	1941	1916	1960	2143	1941	2016	2086	2049
304998	62	126	14	78	142	30	94	158	46	110	174	1972	2074	2127	1966	1943	1936	1965	2127	1962	2021	2074	2036
304998	62	126	14	78	142	30	94	158	46	110	174	2019	2017	2154	2016	2011	1983	2016	2063	2000	2018	2017	2010
304998	62	126	14	78	142	30	94	158	46	110	174	2081	1970	2156	2080	2061	2016	2074	2002	2028	2016	1966	1977
304998	62	126	14	78	142	30	94	158	46	110	174	2090	1962	2153	2091	2068	2010	2083	1995	2029	2021	1967	1981
304998	62	126	14	78	142	30	94	158	46	110	174	2049	2007	2128	2043	2016	1974	2036	2052	2000	2022	2016	2014
304998	62	126	14	78	142	30	94	158	46	110	174	1983	2074	2112	1973	1961	1928	1974	2127	1948	2022	2072	2045
304998	62	126	14	78	142	30	94	158	46	110	174	1955	2088	2116	1948	1933	1931	1953	2142	1944	2017	2084	2041
304998	62	126	14	78	142	30	94	158	46	110	174	1986	2052	2136	1982	1977	1957	1984	2100	1972	2020	2047	2012
304998	62	126	14	78	142	30	94	158	46	110	174	2048	1993	2149	2051	2040	1998	2055	2037	2022	2021	1991	1994
304998	62	126	14	78	142	30	94	158	46	110	174	2092	1954	2155	2093	2075	2019	2093	1998	2040	2017	1966	1983
304998	62	126	14	78	142	30	94	158	46	110	174	2077	1976	2148	2078	2047	1994	2082	2024	2015	2020	1982	2003
304998	62	126	14	78	142	30	94	158	46	110	174	2018	2038	2131	2015	1982	1958	2016	2086	1967	2020	2037	2024
304998	62	126	14	78	142	30	94	158	46	110	174	1964	2085	2118	1950	1941	1919	1955	2135	1939	2019	2084	2037
304998	62	126	14	78	142	30	94	158	46	110	174	1961	2083	2122	1953	1952	1932	1950	2130	1955	2017	2084	2034
304998	62	126	14	78	142	30	94	158	46	110	174	2013	2028	2140	2012	2004	1977	2010	2072	1994	2022	2029	2011
304998	62	126	14	78	142	30	94	158	46	110	174	2077	1968	2157	2073	2060	2019	2075	2006	2029	2020	1969	1990
304998	62	126	14	78	142	30	94	158	46	110	174	2097	1956	2157	2095	2072	2019	2097	2002	2026	2020	1963	1985
304998	62	126	14	78	142	30	94	158	46	110	174	2054	2004	2142	2050	2017	1985	2048	2050	2001	2017	2004	2004
304998	62	126	14	78	142	30	94	158	46	110	174	1982	2066	2122	1982	1963	1932	1984	2120	1956	2021	2069	2031
304998	62	126	14	78	142	30	94	158	46	110	174	1956	2093	2107	1947	1937	1915	1969	2146	1935	2019	2088	2049
304998	62	126	14	78	142	30	94	158	46	110	174	1978	2061	2123	1971	1970	1952	1969	2106	1971	2017	2059	2028
304998	62	126	14	78	142	30	94	158	46	110	174	2047	1999	2144	2039	2033	1998	2039	2032	2017	2020	1994	1994
304998	62	126	14	78	142	30	94	158	46	110	174	2091	1956	2162	2090	2071	2023	2092	1998	2044	2019	1964	1971
304998	62	126	14	78	142	30	94	158	46	110	174	2076	1970	2156	2081	2058	2001	2075	2011	2017	2020	1983	1995
304998	62	126	14	78	142	30	94	158	46	110	174	2021	2032	2137	2020	1996	1949	2019	2080	1975	2016	2035	2025
304998	62	126	14	78	142	30	94	158	46	110	174	1963	2091	2113	1958	1949	1915	1956	2132	1940	2016	2080	2050
304998	62	126	14	78	142	30	94	158	46	110	174	1959	2085	2107	1954	1931	1937	1957	2136	1954	2018	2074	2039
304998	62	126	14	78	142	30	94	158	46	110	174	2009	2034	2136	2001	1999	1975	1999	2084	1989	2017	2030	2007
304998	62	126	14	78	142	30	94	158	46	110	174	2063	1968	2161	2068	2051	2017	2058	2014	2027	2020	1980	1988
304998	62	126	14	78	142	30	94	158	46	110	174	2089	1956	2166	2095	2074	2016	2096	1996	2030	2022	1963	1986
304998	62	126	14	78	142	30	94	158	46	110	174	2048	1998	2155	2057	2034	1981	2050	2034	2009	2020	1996	2006
304998	62	126	14	78	142	30	94	158	46	110	174	1998	2067	2114	1989	1963	1942	1991	2117	1959	2019	2055	2023
304998	62	126	14	78	142	30	94	158	46	110	174	1959	2098	2106	1946	1938	1920	1950	2148	1939	2022	2091	2044
304998	62	126	14	78	142	30	94	158	46	110	174	1974	2061	2119	1961	1961	1949	1968	2120	1965	2020	2070	2037
304998	62	126	14	78	142	30	94	158	46	110	174	2036	2001	2152	2031	2019	1993	2035	2048	2009	2020	2004	2007
304998	62	126	14	78	142	30	94	158	46	110	174	2083	1957	2169	2090	2071	2018	2081	2001	2040	2022	1962	1982
304998	62	126	14	78	142	30	94	158	46	110	174	2078	1973	2160	2089	2060	2011	2083	2010	2028	2016	1973	1979
304998	62	126	14	78	142	30	94	158	46	110	174	2032	2034	2134	2029	2006	1967	2036	2073	1983	2017	2029	2019
304998	62	126	14	78	142	30	94	158	46	110	174	1975	2076	2104	1961	1946	1929	1962	2132	1942	2017	2079	2045
304998	62	126	14	78	142	30	94	158	46	110	174	1954	2082	2110	1945	1937	1928	1939	2142	1957	2018	2084	2050
304998	62	126	14	78	142	30	94	158	46	110	174	1996	2038	2135	1991	1987	1967	1989	2091	1986	2016	2039	2017
304998	62	126	14	78	142	30	94	158	46	110	174	2056	1981	2168	2060	2050	2010	2068	2019	2025	2022	1983	1983
304998	62	126	14	78	142	30	94	158	46	110	174	2085	1962	2165	2093	2068	2024	2092	1996	2028	2017	1963	1983
304998	62	126	14	78	142	30	94	158	46	110	174	2070	1995	2142	2066	2036	1995	2070	2030	2009	2022	1995	2005
304998	62	126	14	78	142	30	94	158	46	110	174	1992	2045	2125	1993	1969	1946	1993	2102	1974	2022	2054	2037
304998	62	126	14	78	142	30	94	158	46	110	174	1957	2088	2107	1948	1935	1920	1954	2148	1938	2022	2086	2039
304998	62	126	14	78	142	30	94	158	46	110	174	1970	2073	2127	1959	1953	1939	1964	2129	1960	2017	2073	2029
304998	62	126	14	78	142	30	94	158	46	110	174	2021	2018	2152	2022	2016	1983	2017	2055	2004	2020	2019	2006
304998	62	126	14	78	142	30	94	158	46	110	174	2077	1971	2160	2081	2067	2021	2087	2000	2045	2020	1970	1987
304998	62	126	14	78	142	30	94	158	46	110	174	2074	1961	2171	2088	2066	2013	2079	2008	2033	2020	1963	1987
304998	62	126	14	78	142	30	94	158	46	110	174	2036	2015	2130	2032	2010	1965	2028	2059	1985	2017	2018	2003
304998	62	126	14	78	142	30	94	158	46	110	174	1978	2077	2118	1970	1949	1927	1963	2130	1948	2017	2079	2046
304998	62	126	14	78	142	30	94	158	46	110	174	1954	2093	2112	1942	1924	1927	1943	2142	1952	2017	2091	2048
304998	62	126	14	78	142	30	94	158	46	110	174	1987	2050	2136	1981	1982	1966	1974	2102	1989	2020	2050	2023
304998	62	126	14	78	142	30	94	158	46	110	174	2054	1992	2152	2050	2040	2007	2055	2033	2021	2020	1989	1989
304998	62	126	14	78	142	30	94	158	46	110	174	2096	1959	2165	2091	2073	2020	2096	1995	2031	2021	1967	1973
304998	62	126	14	78	142	30	94	158	46	110	174	2068	1985	2147	2068	2042	1994	2064	2022	2007	2018	1994	2001
304998	62	126	14	78	142	30	94	158	46	110	174	2006	2044	2125	2007	1977	1947	1999	2098	1975	2022	2048	2036
304998	62	126	14	78	142	30	94	158	46	110	174	1958	2091	2111	1947	1932	1925	1953	2150	1943	2021	2086	2044
304998	62	126	14	78	142	30	94	158	46	110	174	1964	2086	2111	1958	1938	1943	1951	2138	1955	2016	2078	2031
304998	62	126	14	78	142	30	94	158	46	110	174	2019	2018	2142	2014	2009	1983	2013	2069	2000	2017	2026	2007
304998	62	126	14	78	142	30	94	158	46	110	174	2071	1963	2162	2075	2064	2014	2076	2004	2035	2020	1971	1988
