304998	62	126	14	78	142	30	94	158	46	110	174	2088	1964	2163	2090	2066	2012	2094	2004	2028	2016	1968	1988
304998	62	126	14	78	142	30	94	158	46	110	174	2041	2014	2149	2047	2017	1972	2039	2055	1996	2019	2010	2010
304998	62	126	14	78	142	30	94	158	46	110	174	1985	2077	2110	1973	1950	1937	1981	2128	1954	2022	2073	2037
304998	62	126	14	78	142	30	94	158	46	110	174	1952	2091	2098	1940	1930	1925	1933	2143	1949	2019	2100	2051
304998	62	126	14	78	142	30	94	158	46	110	174	1977	2048	2126	1969	1965	1959	1967	2105	1982	2021	2061	2028
304998	62	126	14	78	142	30	94	158	46	110	174	2044	1988	2156	2043	2032	2000	2045	2039	2019	2022	1992	1996
304998	62	126	14	78	142	30	94	158	46	110	174	2085	1962	2170	2094	2070	2018	2092	1995	2032	2021	1960	1973
304998	62	126	14	78	142	30	94	158	46	110	174	2068	1988	2152	2076	2053	2002	2076	2020	2014	2022	1988	1993
304998	62	126	14	78	142	30	94	158	46	110	174	2018	2041	2118	2015	1983	1960	2021	2089	1982	2017	2047	2028
304998	62	126	14	78	142	30	94	158	46	110	174	1964	2081	2101	1949	1935	1927	1948	2148	1951	2018	2091	2055
304998	62	126	14	78	142	30	94	158	46	110	174	1960	2076	2109	1950	1938	1930	1953	2137	1958	2019	2079	2032
304998	62	126	14	78	142	30	94	158	46	110	174	2007	2028	2141	2011	1988	1970	2015	2079	1989	2022	2036	2006
304998	62	126	14	78	142	30	94	158	46	110	174	2057	1972	2177	2072	2061	2011	2059	2008	2031	2017	1984	1987
304998	62	126	14	78	142	30	94	158	46	110	174	2090	1968	2155	2094	2057	2025	2096	2001	2038	2017	1969	1987
304998	62	126	14	78	142	30	94	158	46	110	174	2052	2001	2137	2053	2022	1983	2051	2049	2001	2022	2002	2010
304998	62	126	14	78	142	30	94	158	46	110	174	1983	2059	2108	1983	1957	1939	1975	2114	1954	2016	2063	2031
304998	62	126	14	78	142	30	94	158	46	110	174	1952	2088	2111	1939	1925	1929	1945	2150	1941	2017	2100	2045
304998	62	126	14	78	142	30	94	158	46	110	174	1972	2065	2128	1970	1959	1948	1959	2112	1975	2017	2068	2035
304998	62	126	14	78	142	30	94	158	46	110	174	2040	2005	2146	2034	2026	1994	2030	2047	2018	2017	2003	2006
304998	62	126	14	78	142	30	94	158	46	110	174	2085	1964	2156	2086	2068	2024	2083	2001	2041	2019	1963	1976
304998	62	126	14	78	142	30	94	158	46	110	174	2083	1973	2153	2080	2059	2007	2080	2012	2021	2017	1979	1985
304998	62	126	14	78	142	30	94	158	46	110	174	2020	2028	2131	2020	1990	1965	2018	2075	1979	2021	2040	2022
304998	62	126	14	78	142	30	94	158	46	110	174	1966	2084	2111	1958	1939	1932	1959	2140	1951	2019	2087	2050
304998	62	126	14	78	142	30	94	158	46	110	174	1951	2087	2114	1948	1931	1933	1937	2145	1957	2017	2085	2047
304998	62	126	14	78	142	30	94	158	46	110	174	1998	2038	2127	1999	1979	1978	2006	2087	1988	2020	2036	2013
304998	62	126	14	78	142	30	94	158	46	110	174	2066	1973	2161	2062	2053	2013	2062	2015	2024	2018	1986	1984
304998	62	126	14	78	142	30	94	158	46	110	174	2083	1960	2167	2097	2068	2018	2086	1995	2036	2018	1967	1990
304998	62	126	14	78	142	30	94	158	46	110	174	2061	1998	2147	2065	2018	1995	2059	2043	2006	2018	1998	2008
304998	62	126	14	78	142	30	94	158	46	110	174	1991	2058	2123	1995	1966	1939	1985	2109	1965	2016	2061	2030
304998	62	126	14	78	142	30	94	158	46	110	174	1952	2094	2101	1946	1930	1926	1947	2151	1941	2022	2093	2041
304998	62	126	14	78	142	30	94	158	46	110	174	1968	2069	2113	1963	1957	1950	1959	2120	1959	2016	2081	2040
304998	62	126	14	78	142	30	94	158	46	110	174	2028	2010	2144	2024	2018	1991	2024	2052	2012	2020	2013	2009
304998	62	126	14	78	142	30	94	158	46	110	174	2081	1961	2166	2086	2062	2021	2082	2006	2038	2016	1965	1981
304998	62	126	14	78	142	30	94	158	46	110	174	2084	1974	2163	2093	2053	2006	2082	2007	2028	2017	1973	1987
304998	62	126	14	78	142	30	94	158	46	110	174	2031	2029	2132	2031	2003	1970	2028	2070	1983	2020	2031	2017
304998	62	126	14	78	142	30	94	158	46	110	174	1972	2080	2099	1965	1933	1939	1960	2128	1952	2021	2083	2047
304998	62	126	14	78	142	30	94	158	46	110	174	1952	2080	2109	1946	1933	1936	1936	2141	1956	2018	2088	2048
304998	62	126	14	78	142	30	94	158	46	110	174	1988	2045	2130	1991	1973	1964	1986	2095	1986	2017	2047	2020
304998	62	126	14	78	142	30	94	158	46	110	174	2052	1986	2160	2064	2029	2002	2052	2028	2025	2017	1988	1982
304998	62	126	14	78	142	30	94	158	46	110	174	2085	1966	2164	2093	2072	2020	2092	1995	2034	2020	1966	1989
304998	62	126	14	78	142	30	94	158	46	110	174	2073	1998	2136	2069	2031	1997	2070	2028	2009	2016	1990	2008
304998	62	126	14	78	142	30	94	158	46	110	174	2004	2045	2116	1998	1974	1954	1997	2107	1974	2016	2050	2027
304998	62	126	14	78	142	30	94	158	46	110	174	1953	2085	2106	1951	1925	1928	1952	2141	1943	2017	2091	2039
304998	62	126	14	78	142	30	94	158	46	110	174	1964	2073	2123	1965	1942	1942	1953	2130	1957	2022	2080	2031
304998	62	126	14	78	142	30	94	158	46	110	174	2020	2020	2149	2018	2013	1984	2017	2060	2004	2017	2019	2011
304998	62	126	14	78	142	30	94	158	46	110	174	2078	1974	2155	2084	2058	2021	2077	2005	2040	2020	1965	1992
304998	62	126	14	78	142	30	94	158	46	110	174	2085	1966	2154	2090	2067	2016	2082	2010	2035	2016	1963	1984
304998	62	126	14	78	142	30	94	158	46	110	174	2041	2013	2130	2034	2015	1973	2045	2065	1991	2018	2018	2008
304998	62	126	14	78	142	30	94	158	46	110	174	1976	2074	2118	1977	1943	1936	1970	2124	1944	2016	2080	2042
304998	62	126	14	78	142	30	94	158	46	110	174	1951	2087	2110	1952	1926	1928	1949	2140	1949	2018	2096	2051
304998	62	126	14	78	142	30	94	158	46	110	174	1984	2053	2129	1986	1972	1961	1977	2101	1982	2021	2051	2024
304998	62	126	14	78	142	30	94	158	46	110	174	2050	1994	2144	2054	2022	2019	2041	2040	2021	2018	1986	1990
304998	62	126	14	78	142	30	94	158	46	110	174	2093	1958	2155	2088	2067	2024	2096	2001	2033	2018	1968	1984
304998	62	126	14	78	142	30	94	158	46	110	174	2076	1981	2150	2071	2036	2003	2073	2027	2009	2017	1987	2005
304998	62	126	14	78	142	30	94	158	46	110	174	2011	2041	2127	2016	1966	1956	2011	2096	1972	2018	2042	2030
304998	62	126	14	78	142	30	94	158	46	110	174	1953	2087	2117	1954	1937	1927	1952	2143	1950	2020	2087	2035
304998	62	126	14	78	142	30	94	158	46	110	174	1959	2088	2111	1956	1939	1943	1967	2135	1951	2020	2084	2026
304998	62	126	14	78	142	30	94	158	46	110	174	2017	2018	2134	2013	2002	1982	2010	2069	1999	2020	2032	2011
304998	62	126	14	78	142	30	94	158	46	110	174	2076	1968	2153	2073	2061	2016	2074	2012	2039	2018	1969	1992
304998	62	126	14	78	142	30	94	158	46	110	174	2087	1960	2165	2093	2062	2019	2085	2003	2038	2018	1958	1994
304998	62	126	14	78	142	30	94	158	46	110	174	2043	2009	2149	2048	2022	1982	2038	2054	1997	2019	2008	2005
304998	62	126	14	78	142	30	94	158	46	110	174	1980	2069	2117	1983	1950	1937	1973	2116	1954	2022	2077	2029
304998	62	126	14	78	142	30	94	158	46	110	174	1952	2091	2107	1946	1924	1924	1943	2132	1936	2018	2100	2044
304998	62	126	14	78	142	30	94	158	46	110	174	1979	2054	2119	1979	1970	1948	1974	2104	1974	2018	2060	2032
304998	62	126	14	78	142	30	94	158	46	110	174	2042	1999	2150	2038	2030	1997	2049	2049	2018	2020	1997	2001
304998	62	126	14	78	142	30	94	158	46	110	174	2088	1957	2167	2089	2059	2025	2096	2005	2039	2022	1955	1980
304998	62	126	14	78	142	30	94	158	46	110	174	2074	1981	2153	2074	2050	2005	2075	2018	2014	2017	1986	1995
304998	62	126	14	78	142	30	94	158	46	110	174	2024	2035	2118	2018	1979	1969	2027	2084	1982	2020	2040	2028
304998	62	126	14	78	142	30	94	158	46	110	174	1962	2084	2108	1963	1933	1924	1955	2134	1945	2018	2089	2042
304998	62	126	14	78	142	30	94	158	46	110	174	1958	2079	2116	1954	1943	1927	1955	2133	1943	2017	2083	2032
304998	62	126	14	78	142	30	94	158	46	110	174	2005	2028	2139	2011	1981	1979	1998	2079	1987	2017	2037	2004
304998	62	126	14	78	142	30	94	158	46	110	174	2066	1973	2158	2064	2056	2016	2063	2018	2036	2019	1982	1995
304998	62	126	14	78	142	30	94	158	46	110	174	2089	1964	2154	2093	2059	2026	2087	2002	2043	2018	1960	1995
304998	62	126	14	78	142	30	94	158	46	110	174	2058	2002	2133	2060	2018	1989	2046	2049	2003	2018	1998	2010
304998	62	126	14	78	142	30	94	158	46	110	174	1994	2058	2117	1990	1969	1936	2001	2109	1954	2018	2065	2022
304998	62	126	14	78	142	30	94	158	46	110	174	1953	2083	2112	1955	1927	1926	1953	2138	1938	2017	2100	2035
304998	62	126	14	78	142	30	94	158	46	110	174	1974	2063	2126	1972	1958	1952	1962	2110	1968	2017	2071	2029
304998	62	126	14	78	142	30	94	158	46	110	174	2029	2003	2151	2030	2019	1996	2025	2048	2017	2017	2006	2007
304998	62	126	14	78	142	30	94	158	46	110	174	2088	1961	2153	2082	2064	2024	2090	2005	2037	2021	1956	1991
304998	62	126	14	78	142	30	94	158	46	110	174	2091	1976	2146	2080	2057	2005	2085	2023	2025	2022	1966	1991
304998	62	126	14	78	142	30	94	158	46	110	174	2028	2023	2127	2028	1997	1966	2018	2069	1977	2016	2030	2015
304998	62	126	14	78	142	30	94	158	46	110	174	1968	2078	2115	1973	1936	1933	1971	2126	1951	2023	2087	2044
304998	62	126	14	78	142	30	94	158	46	110	174	1943	2082	2130	1953	1938	1927	1941	2129	1942	2020	2089	2035
304998	62	126	14	78	142	30	94	158	46	110	174	1998	2042	2130	1997	1988	1966	1986	2087	1984	2017	2040	2013
304998	62	126	14	78	142	30	94	158	46	110	174	2063	1985	2150	2057	2046	2015	2066	2030	2028	2017	1983	1990
304998	62	126	14	78	142	30	94	158	46	110	174	2091	1957	2151	2090	2071	2019	2090	1997	2046	2019	1959	1995
304998	62	126	14	78	142	30	94	158	46	110	174	2065	1986	2139	2058	2030	1993	2065	2043	2006	2017	1991	2016
304998	62	126	14	78	142	30	94	158	46	110	174	1996	2046	2131	2002	1966	1945	1990	2099	1959	2022	2051	2026
304998	62	126	14	78	142	30	94	158	46	110	174	1950	2091	2115	1961	1933	1918	1955	2131	1931	2021	2094	2033
304998	62	126	14	78	142	30	94	158	46	110	174	1969	2071	2124	1970	1959	1945	1966	2108	1957	2020	2077	2022
304998	62	126	14	78	142	30	94	158	46	110	174	2025	2010	2138	2028	2005	1995	2011	2057	2012	2017	2020	2015
304998	62	126	14	78	142	30	94	158	46	110	174	2083	1960	2155	2074	2063	2021	2077	2009	2040	2018	1961	1995
304998	62	126	14	78	142	30	94	158	46	110	174	2086	1961	2154	2089	2051	2016	2079	2012	2027	2019	1961	1994
304998	62	126	14	78	142	30	94	158	46	110	174	2036	2020	2138	2040	2005	1961	2034	2061	1985	2017	2022	2011
304998	62	126	14	78	142	30	94	158	46	110	174	1969	2076	2120	1981	1952	1926	1967	2113	1950	2016	2089	2033
304998	62	126	14	78	142	30	94	158	46	110	174	1956	2092	2113	1958	1933	1934	1959	2134	1946	2018	2099	2039
304998	62	126	14	78	142	30	94	158	46	110	174	1983	2039	2130	1995	1975	1963	1979	2093	1977	2017	2048	2019
304998	62	126	14	78	142	30	94	158	46	110	174	2054	1983	2149	2054	2040	2003	2052	2034	2022	2021	1984	1993
304998	62	126	14	78	142	30	94	158	46	110	174	2098	1956	2164	2085	2069	2018	2101	2001	2041	2017	1956	1988
304998	62	126	14	78	142	30	94	158	46	110	174	2066	1986	2148	2063	2039	1993	2060	2029	2015	2020	1988	2009
304998	62	126	14	78	142	30	94	158	46	110	174	2011	2051	2118	2008	1979	1952	2020	2101	1970	2020	2046	2035
304998	62	126	14	78	142	30	94	158	46	110	174	1951	2085	2115	1965	1925	1930	1947	2132	1932	2018	2093	2038
304998	62	126	14	78	142	30	94	158	46	110	174	1951	2066	2119	1969	1947	1931	1955	2118	1950	2017	2083	2020
304998	62	126	14	78	142	30	94	158	46	110	174	2018	2014	2149	2017	2004	1987	2019	2061	2005	2021	2029	2010
304998	62	126	14	78	142	30	94	158	46	110	174	2076	1970	2157	2070	2060	2020	2071	2018	2035	2017	1969	2001
304998	62	126	14	78	142	30	94	158	46	110	174	2088	1967	2149	2080	2065	2015	2087	2020	2028	2020	1957	1998
304998	62	126	14	78	142	30	94	158	46	110	174	2043	2010	2134	2044	2005	1976	2038	2057	1992	2021	2009	2006
304998	62	126	14	78	142	30	94	158	46	110	174	1982	2066	2119	1990	1954	1927	1976	2104	1948	2016	2086	2026
304998	62	126	14	78	142	30	94	158	46	110	174	1948	2085	2118	1953	1930	1931	1937	2129	1948	2017	2102	2036
304998	62	126	14	78	142	30	94	158	46	110	174	1982	2048	2134	1990	1965	1964	1979	2100	1975	2020	2061	2025
304998	62	126	14	78	142	30	94	158	46	110	174	2041	1997	2151	2040	2037	2004	2043	2039	2016	2020	1990	2001
304998	62	126	14	78	142	30	94	158	46	110	174	2092	1965	2148	2085	2069	2021	2080	2005	2036	2022	1955	1987
304998	62	126	14	78	142	30	94	158	46	110	174	2078	1983	2141	2068	2048	2002	2075	2022	2026	2021	1981	2000
304998	62	126	14	78	142	30	94	158	46	110	174	2019	2033	2127	2012	1991	1951	2006	2084	1969	2017	2047	2025
304998	62	126	14	78	142	30	94	158	46	110	174	1957	2078	2119	1967	1938	1925	1953	2135	1935	2018	2090	2038
304998	62	126	14	78	142	30	94	158	46	110	174	1954	2074	2128	1962	1939	1937	1954	2124	1950	2020	2081	2026
304998	62	126	14	78	142	30	94	158	46	110	174	2004	2034	2136	2008	1997	1972	2001	2071	1992	2017	2033	2008
304998	62	126	14	78	142	30	94	158	46	110	174	2071	1975	2146	2064	2050	2018	2062	2022	2040	2020	1971	1996
304998	62	126	14	78	142	30	94	158	46	110	174	2094	1961	2148	2080	2072	2020	2089	2009	2037	2021	1954	2004
304998	62	126	14	78	142	30	94	158	46	110	174	2052	1998	2140	2044	2022	1982	2046	2049	1992	2023	2006	2012
304998	62	126	14	78	142	30	94	158	46	110	174	1985	2063	2126	1989	1952	1934	1987	2108	1947	2017	2067	2017
304998	62	126	14	78	142	30	94	158	46	110	174	1953	2091	2119	1955	1937	1917	1954	2128	1940	2020	2106	2035
304998	62	126	14	78	142	30	94	158	46	110	174	1972	2065	2122	1976	1964	1952	1972	2109	1973	2020	2066	2032
304998	62	126	14	78	142	30	94	158	46	110	174	2042	2002	2138	2035	2022	1998	2038	2048	2015	2021	1998	2008
304998	62	126	14	78	142	30	94	158	46	110	174	2092	1960	2151	2073	2070	2024	2082	2009	2036	2020	1955	1993
304998	62	126	14	78	142	30	94	158	46	110	174	2082	1975	2152	2070	2046	2006	2074	2021	2021	2022	1975	1996
304998	62	126	14	78	142	30	94	158	46	110	174	2024	2033	2134	2020	1999	1955	2020	2076	1981	2022	2039	2021
304998	62	126	14	78	142	30	94	158	46	110	174	1961	2085	2119	1966	1945	1923	1960	2128	1940	2019	2090	2034
304998	62	126	14	78	142	30	94	158	46	110	174	1949	2080	2112	1957	1941	1930	1947	2128	1952	2016	2090	2025
304998	62	126	14	78	142	30	94	158	46	110	174	2003	2033	2128	1998	1991	1972	1999	2079	1984	2020	2040	2010
304998	62	126	14	78	142	30	94	158	46	110	174	2066	1973	2156	2057	2047	2015	2054	2019	2034	2016	1984	2000
304998	62	126	14	78	142	30	94	158	46	110	174	2091	1964	2158	2082	2071	2020	2084	2017	2042	2022	1953	2003
304998	62	126	14	78	142	30	94	158	46	110	174	2055	1997	2153	2055	2031	1981	2048	2048	2006	2020	1991	2011
304998	62	126	14	78	142	30	94	158	46	110	174	1998	2058	2118	1994	1971	1945	1990	2104	1958	2016	2063	2017
304998	62	126	14	78	142	30	94	158	46	110	174	1957	2085	2112	1951	1929	1926	1960	2131	1940	2018	2103	2035
304998	62	126	14	78	142	30	94	158	46	110	174	1967	2061	2127	1966	1958	1945	1962	2112	1970	2016	2074	2030
304998	62	126	14	78	142	30	94	158	46	110	174	2033	2007	2149	2026	2017	1990	2027	2063	2008	2017	2005	2010
304998	62	126	14	78	142	30	94	158	46	110	174	2082	1971	2159	2074	2061	2022	2081	2017	2039	2016	1957	1994
304998	62	126	14	78	142	30	94	158	46	110	174	2087	1983	2150	2071	2061	2013	2086	2018	2023	2017	1967	1998
304998	62	126	14	78	142	30	94	158	46	110	174	2035	2023	2126	2027	1997	1967	2025	2068	1988	2016	2032	2020
304998	62	126	14	78	142	30	94	158	46	110	174	1967	2071	2112	1968	1945	1925	1970	2129	1954	2017	2084	2038
304998	62	126	14	78	142	30	94	158	46	110	174	1951	2079	2121	1956	1939	1929	1956	2133	1948	2016	2090	2029
304998	62	126	14	78	142	30	94	158	46	110	174	1986	2042	2143	1990	1982	1966	1985	2089	1982	2021	2048	2008
304998	62	126	14	78	142	30	94	158	46	110	174	2051	1992	2153	2053	2045	2009	2050	2027	2026	2022	1987	2002
304998	62	126	14	78	142	30	94	158	46	110	174	2091	1968	2147	2086	2061	2025	2084	2006	2043	2017	1953	2003
304998	62	126	14	78	142	30	94	158	46	110	174	2069	1992	2140	2060	2041	1994	2055	2044	2009	2017	1986	2011
304998	62	126	14	78	142	30	94	158	46	110	174	2004	2048	2122	1999	1979	1942	2011	2101	1969	2018	2052	2022
304998	62	126	14	78	142	30	94	158	46	110	174	1951	2083	2120	1957	1934	1925	1952	2128	1940	2021	2102	2034
304998	62	126	14	78	142	30	94	158	46	110	174	1957	2074	2125	1962	1954	1944	1955	2114	1963	2022	2081	2028
304998	62	126	14	78	142	30	94	158	46	110	174	2019	2021	2140	2018	2004	1986	2017	2064	2007	2019	2014	2008
304998	62	126	14	78	142	30	94	158	46	110	174	2079	1974	2152	2076	2063	2017	2068	2016	2035	2021	1961	1993
304998	62	126	14	78	142	30	94	158	46	110	174	2091	1968	2145	2079	2061	2008	2088	2021	2023	2020	1968	2006
304998	62	126	14	78	142	30	94	158	46	110	174	2041	2013	2134	2038	2008	1971	2038	2061	1989	2021	2021	2024
304998	62	126	14	78	142	30	94	158	46	110	174	1975	2072	2124	1980	1952	1934	1971	2118	1956	2020	2080	2033
304998	62	126	14	78	142	30	94	158	46	110	174	1947	2091	2117	1947	1933	1931	1950	2133	1948	2021	2098	2024
304998	62	126	14	78	142	30	94	158	46	110	174	1988	2055	2123	1984	1979	1959	1989	2099	1971	2022	2060	2015
304998	62	126	14	78	142	30	94	158	46	110	174	2053	1997	2144	2042	2037	2003	2044	2045	2017	2022	1991	2006
304998	62	126	14	78	142	30	94	158	46	110	174	2096	1964	2152	2078	2071	2018	2089	2007	2042	2021	1951	1998
304998	62	126	14	78	142	30	94	158	46	110	174	2076	1987	2150	2063	2040	2004	2067	2037	2016	2020	1979	2001
304998	62	126	14	78	142	30	94	158	46	110	174	2008	2046	2129	2005	1981	1954	2002	2092	1970	2021	2051	2019
