304998	62	126	14	78	142	30	94	158	46	110	174	1966	2081	2132	1963	1953	1926	1981	2132	1954	2020	2078	2030
304998	62	126	14	78	142	30	94	158	46	110	174	1962	2075	2133	1964	1955	1937	1970	2125	1953	2018	2074	2018
304998	62	126	14	78	142	30	94	158	46	110	174	2011	2030	2140	2005	1997	1976	2017	2077	1989	2018	2028	2007
304998	62	126	14	78	142	30	94	158	46	110	174	2073	1977	2140	2064	2047	2015	2061	2020	2026	2020	1976	2011
304998	62	126	14	78	142	30	94	158	46	110	174	2092	1964	2143	2082	2065	2013	2077	2017	2038	2018	1965	2006
304998	62	126	14	78	142	30	94	158	46	110	174	2046	2005	2141	2044	2024	1985	2042	2056	1995	2021	2001	2008
304998	62	126	14	78	142	30	94	158	46	110	174	1988	2065	2133	1992	1967	1938	2003	2113	1954	2017	2060	2018
304998	62	126	14	78	142	30	94	158	46	110	174	1955	2087	2129	1955	1948	1926	1965	2133	1947	2021	2092	2025
304998	62	126	14	78	142	30	94	158	46	110	174	1981	2064	2124	1978	1977	1950	1992	2104	1976	2020	2061	2020
304998	62	126	14	78	142	30	94	158	46	110	174	2044	1999	2141	2030	2029	1990	2032	2053	2009	2016	2000	2010
304998	62	126	14	78	142	30	94	158	46	110	174	2081	1965	2148	2078	2062	2020	2070	2012	2030	2022	1963	1999
304998	62	126	14	78	142	30	94	158	46	110	174	2075	1977	2147	2068	2045	2003	2068	2026	2014	2021	1981	2002
304998	62	126	14	78	142	30	94	158	46	110	174	2019	2035	2142	2018	1997	1963	2015	2075	1984	2016	2036	2019
304998	62	126	14	78	142	30	94	158	46	110	174	1969	2084	2122	1968	1955	1930	1982	2132	1954	2018	2076	2029
304998	62	126	14	78	142	30	94	158	46	110	174	1959	2079	2126	1960	1952	1927	1962	2130	1951	2022	2077	2017
304998	62	126	14	78	142	30	94	158	46	110	174	2003	2035	2135	1995	1999	1967	2003	2082	1981	2017	2033	2003
304998	62	126	14	78	142	30	94	158	46	110	174	2063	1984	2152	2055	2049	2008	2049	2023	2025	2017	1986	2004
304998	62	126	14	78	142	30	94	158	46	110	174	2088	1972	2149	2077	2061	2017	2085	2018	2035	2021	1965	2010
304998	62	126	14	78	142	30	94	158	46	110	174	2057	2003	2130	2048	2029	1985	2048	2048	2000	2017	1999	2011
304998	62	126	14	78	142	30	94	158	46	110	174	2002	2053	2123	1996	1975	1938	2009	2103	1956	2021	2052	2011
304998	62	126	14	78	142	30	94	158	46	110	174	1957	2082	2136	1956	1953	1928	1960	2130	1950	2020	2091	2026
304998	62	126	14	78	142	30	94	158	46	110	174	1974	2064	2134	1967	1965	1953	1977	2116	1972	2022	2066	2022
304998	62	126	14	78	142	30	94	158	46	110	174	2029	2015	2139	2023	2019	1988	2031	2063	2006	2021	2007	2009
304998	62	126	14	78	142	30	94	158	46	110	174	2075	1973	2137	2071	2060	2014	2074	2013	2031	2022	1964	2000
304998	62	126	14	78	142	30	94	158	46	110	174	2085	1977	2138	2070	2049	2008	2083	2021	2019	2020	1978	2003
304998	62	126	14	78	142	30	94	158	46	110	174	2033	2019	2136	2029	2006	1967	2031	2070	1992	2020	2029	2017
304998	62	126	14	78	142	30	94	158	46	110	174	1977	2073	2128	1968	1963	1931	1977	2126	1954	2016	2074	2026
304998	62	126	14	78	142	30	94	158	46	110	174	1957	2086	2133	1956	1949	1931	1966	2137	1950	2019	2077	2019
304998	62	126	14	78	142	30	94	158	46	110	174	1999	2045	2132	1993	1987	1968	2006	2092	1983	2017	2043	2009
304998	62	126	14	78	142	30	94	158	46	110	174	2059	1987	2135	2047	2032	2007	2052	2031	2025	2019	1993	2005
304998	62	126	14	78	142	30	94	158	46	110	174	2091	1964	2144	2082	2057	2010	2081	2016	2028	2016	1968	2006
304998	62	126	14	78	142	30	94	158	46	110	174	2063	1995	2146	2059	2036	1988	2058	2042	2006	2022	1993	2015
304998	62	126	14	78	142	30	94	158	46	110	174	2003	2052	2134	2000	1983	1950	2002	2101	1966	2020	2044	2016
304998	62	126	14	78	142	30	94	158	46	110	174	1956	2090	2123	1957	1951	1927	1969	2129	1955	2020	2084	2022
304998	62	126	14	78	142	30	94	158	46	110	174	1976	2068	2123	1968	1960	1948	1976	2125	1966	2018	2068	2022
304998	62	126	14	78	142	30	94	158	46	110	174	2023	2010	2139	2020	2014	1985	2025	2071	1997	2020	2014	2017
304998	62	126	14	78	142	30	94	158	46	110	174	2077	1974	2148	2068	2060	2011	2067	2022	2023	2020	1967	1999
304998	62	126	14	78	142	30	94	158	46	110	174	2083	1974	2150	2076	2053	2009	2073	2016	2020	2018	1977	2000
304998	62	126	14	78	142	30	94	158	46	110	174	2042	2025	2131	2033	2017	1974	2037	2067	1994	2017	2022	2020
304998	62	126	14	78	142	30	94	158	46	110	174	1985	2074	2122	1975	1955	1942	1994	2125	1959	2017	2069	2033
304998	62	126	14	78	142	30	94	158	46	110	174	1960	2081	2126	1954	1945	1930	1971	2133	1952	2021	2080	2024
304998	62	126	14	78	142	30	94	158	46	110	174	1988	2045	2138	1982	1986	1955	1991	2094	1977	2021	2045	2008
304998	62	126	14	78	142	30	94	158	46	110	174	2048	1999	2148	2046	2037	1997	2039	2039	2017	2016	1997	2005
304998	62	126	14	78	142	30	94	158	46	110	174	2084	1969	2152	2079	2061	2014	2072	2015	2029	2020	1964	2011
304998	62	126	14	78	142	30	94	158	46	110	174	2073	1996	2132	2062	2042	1992	2063	2045	2010	2023	1986	2008
304998	62	126	14	78	142	30	94	158	46	110	174	2015	2038	2129	2007	1979	1952	2016	2093	1974	2021	2035	2015
304998	62	126	14	78	142	30	94	158	46	110	174	1963	2083	2125	1959	1955	1931	1963	2128	1957	2020	2082	2022
304998	62	126	14	78	142	30	94	158	46	110	174	1968	2077	2131	1959	1962	1941	1974	2127	1965	2017	2073	2025
304998	62	126	14	78	142	30	94	158	46	110	174	2018	2029	2136	2007	2008	1977	2015	2077	1994	2018	2023	2013
304998	62	126	14	78	142	30	94	158	46	110	174	2074	1984	2136	2058	2052	2013	2068	2026	2015	2017	1972	2004
304998	62	126	14	78	142	30	94	158	46	110	174	2088	1966	2143	2077	2060	2013	2073	2013	2028	2018	1970	1996
304998	62	126	14	78	142	30	94	158	46	110	174	2043	2008	2143	2040	2018	1974	2036	2060	2000	2019	2016	2010
304998	62	126	14	78	142	30	94	158	46	110	174	1992	2064	2132	1984	1961	1939	2000	2121	1958	2018	2062	2029
304998	62	126	14	78	142	30	94	158	46	110	174	1958	2088	2135	1955	1950	1934	1968	2133	1949	2022	2078	2023
304998	62	126	14	78	142	30	94	158	46	110	174	1990	2064	2122	1978	1983	1957	1984	2103	1976	2017	2048	2011
304998	62	126	14	78	142	30	94	158	46	110	174	2043	1999	2136	2032	2034	1996	2039	2052	2017	2022	2006	2007
304998	62	126	14	78	142	30	94	158	46	110	174	2086	1966	2150	2075	2062	2015	2075	2016	2026	2017	1967	2011
304998	62	126	14	78	142	30	94	158	46	110	174	2073	1986	2147	2069	2039	1995	2076	2031	2010	2017	1981	2007
304998	62	126	14	78	142	30	94	158	46	110	174	2017	2042	2135	2014	1995	1954	2017	2082	1976	2017	2034	2015
304998	62	126	14	78	142	30	94	158	46	110	174	1962	2083	2124	1963	1957	1931	1964	2128	1957	2020	2075	2020
304998	62	126	14	78	142	30	94	158	46	110	174	1969	2079	2122	1953	1956	1938	1965	2136	1959	2018	2081	2023
304998	62	126	14	78	142	30	94	158	46	110	174	2010	2030	2138	1997	2003	1979	2008	2084	1986	2016	2028	2016
304998	62	126	14	78	142	30	94	158	46	110	174	2065	1982	2147	2056	2047	2006	2066	2028	2015	2019	1976	2006
304998	62	126	14	78	142	30	94	158	46	110	174	2082	1974	2147	2084	2050	2013	2088	2013	2028	2018	1967	1997
304998	62	126	14	78	142	30	94	158	46	110	174	2054	2013	2141	2044	2027	1980	2054	2055	1998	2018	2007	2005
304998	62	126	14	78	142	30	94	158	46	110	174	2003	2062	2120	1990	1968	1953	1993	2109	1961	2016	2060	2026
304998	62	126	14	78	142	30	94	158	46	110	174	1967	2090	2122	1957	1941	1939	1968	2135	1942	2019	2078	2030
304998	62	126	14	78	142	30	94	158	46	110	174	1980	2061	2132	1970	1972	1956	1979	2111	1975	2019	2054	2014
304998	62	126	14	78	142	30	94	158	46	110	174	2039	2012	2148	2031	2011	1992	2035	2060	2005	2016	2005	2003
304998	62	126	14	78	142	30	94	158	46	110	174	2080	1977	2147	2073	2061	2009	2074	2014	2029	2018	1973	2000
304998	62	126	14	78	142	30	94	158	46	110	174	2083	1983	2130	2069	2045	2003	2084	2026	2010	2020	1979	2007
304998	62	126	14	78	142	30	94	158	46	110	174	2028	2020	2136	2023	2004	1960	2028	2072	1985	2016	2024	2024
304998	62	126	14	78	142	30	94	158	46	110	174	1979	2077	2127	1962	1963	1935	1987	2131	1956	2017	2070	2015
304998	62	126	14	78	142	30	94	158	46	110	174	1967	2082	2138	1955	1956	1935	1974	2138	1954	2020	2079	2018
304998	62	126	14	78	142	30	94	158	46	110	174	2006	2046	2136	1996	1995	1964	2002	2091	1983	2017	2037	2020
304998	62	126	14	78	142	30	94	158	46	110	174	2062	1988	2140	2051	2043	2001	2058	2028	2017	2022	1981	2008
304998	62	126	14	78	142	30	94	158	46	110	174	2088	1968	2140	2081	2060	2014	2082	2018	2030	2022	1966	1999
304998	62	126	14	78	142	30	94	158	46	110	174	2060	1994	2140	2054	2032	1989	2050	2049	2001	2016	1999	2005
304998	62	126	14	78	142	30	94	158	46	110	174	2006	2051	2134	1990	1974	1955	2014	2104	1966	2021	2051	2020
304998	62	126	14	78	142	30	94	158	46	110	174	1962	2084	2131	1959	1948	1930	1972	2131	1951	2021	2082	2027
304998	62	126	14	78	142	30	94	158	46	110	174	1981	2075	2128	1970	1969	1945	1991	2119	1971	2018	2056	2025
304998	62	126	14	78	142	30	94	158	46	110	174	2029	2016	2132	2024	2010	1988	2022	2062	1998	2020	2010	2006
304998	62	126	14	78	142	30	94	158	46	110	174	2077	1965	2142	2072	2057	2014	2067	2018	2018	2018	1976	1998
304998	62	126	14	78	142	30	94	158	46	110	174	2079	1970	2148	2073	2049	2013	2073	2021	2011	2017	1978	2008
304998	62	126	14	78	142	30	94	158	46	110	174	2039	2026	2140	2031	2001	1973	2031	2070	1991	2020	2021	2018
304998	62	126	14	78	142	30	94	158	46	110	174	1981	2078	2126	1972	1966	1933	1983	2128	1959	2021	2063	2020
304998	62	126	14	78	142	30	94	158	46	110	174	1974	2090	2117	1953	1960	1933	1986	2136	1958	2018	2076	2024
304998	62	126	14	78	142	30	94	158	46	110	174	1998	2042	2140	1993	1990	1968	2011	2098	1979	2021	2046	2014
304998	62	126	14	78	142	30	94	158	46	110	174	2056	1993	2145	2042	2038	2001	2050	2034	2025	2018	1991	2013
304998	62	126	14	78	142	30	94	158	46	110	174	2081	1965	2155	2081	2050	2019	2087	2018	2025	2020	1965	2005
304998	62	126	14	78	142	30	94	158	46	110	174	2062	1999	2143	2058	2036	1991	2061	2041	2002	2019	1990	1998
304998	62	126	14	78	142	30	94	158	46	110	174	2013	2052	2129	2000	1992	1948	2021	2099	1967	2016	2045	2014
304998	62	126	14	78	142	30	94	158	46	110	174	1967	2082	2125	1958	1955	1930	1963	2129	1956	2019	2079	2025
304998	62	126	14	78	142	30	94	158	46	110	174	1980	2070	2128	1961	1965	1942	1971	2120	1968	2022	2065	2021
304998	62	126	14	78	142	30	94	158	46	110	174	2018	2020	2138	2013	2014	1985	2018	2073	1996	2021	2012	2011
304998	62	126	14	78	142	30	94	158	46	110	174	2072	1983	2148	2068	2045	2013	2070	2020	2019	2017	1978	1993
304998	62	126	14	78	142	30	94	158	46	110	174	2083	1982	2139	2080	2055	2004	2072	2012	2021	2018	1976	2003
304998	62	126	14	78	142	30	94	158	46	110	174	2048	2020	2127	2041	2010	1969	2058	2066	1994	2018	2014	2017
304998	62	126	14	78	142	30	94	158	46	110	174	1983	2065	2126	1983	1973	1933	1989	2117	1959	2021	2061	2023
304998	62	126	14	78	142	30	94	158	46	110	174	1968	2082	2125	1956	1957	1934	1985	2136	1951	2016	2072	2018
304998	62	126	14	78	142	30	94	158	46	110	174	1994	2055	2140	1985	1978	1957	1999	2098	1975	2018	2050	2013
304998	62	126	14	78	142	30	94	158	46	110	174	2042	2003	2140	2039	2031	1997	2039	2045	2014	2017	1998	2011
304998	62	126	14	78	142	30	94	158	46	110	174	2089	1974	2138	2076	2063	2008	2077	2018	2017	2021	1965	2006
304998	62	126	14	78	142	30	94	158	46	110	174	2074	1985	2139	2066	2037	1997	2063	2035	2005	2016	1987	2008
304998	62	126	14	78	142	30	94	158	46	110	174	2018	2033	2137	2010	1996	1957	2015	2088	1971	2017	2035	2011
304998	62	126	14	78	142	30	94	158	46	110	174	1974	2081	2141	1964	1954	1936	1979	2132	1953	2020	2075	2022
304998	62	126	14	78	142	30	94	158	46	110	174	1970	2077	2129	1959	1962	1942	1969	2130	1959	2021	2069	2028
304998	62	126	14	78	142	30	94	158	46	110	174	2021	2034	2127	2006	2004	1973	2019	2079	1984	2019	2025	2011
304998	62	126	14	78	142	30	94	158	46	110	174	2065	1973	2139	2063	2051	2008	2056	2016	2018	2018	1975	1997
304998	62	126	14	78	142	30	94	158	46	110	174	2074	1963	2147	2081	2056	2008	2064	2012	2025	2016	1970	2000
304998	62	126	14	78	142	30	94	158	46	110	174	2048	2008	2145	2043	2022	1979	2046	2059	1994	2020	2011	2015
304998	62	126	14	78	142	30	94	158	46	110	174	1994	2066	2133	1986	1971	1940	2000	2114	1960	2020	2058	2029
304998	62	126	14	78	142	30	94	158	46	110	174	1963	2088	2127	1952	1952	1926	1967	2130	1949	2020	2075	2019
304998	62	126	14	78	142	30	94	158	46	110	174	1996	2061	2123	1976	1982	1949	2002	2106	1975	2017	2048	2009
304998	62	126	14	78	142	30	94	158	46	110	174	2041	2001	2140	2034	2030	1991	2034	2055	2005	2019	2009	2004
304998	62	126	14	78	142	30	94	158	46	110	174	2084	1968	2148	2075	2060	2011	2072	2018	2014	2019	1968	2006
304998	62	126	14	78	142	30	94	158	46	110	174	2073	1984	2150	2068	2042	2006	2070	2030	2007	2020	1978	2011
304998	62	126	14	78	142	30	94	158	46	110	174	2020	2038	2139	2017	2000	1958	2021	2075	1983	2019	2027	2012
304998	62	126	14	78	142	30	94	158	46	110	174	1984	2083	2119	1970	1949	1934	1983	2132	1960	2021	2073	2016
304998	62	126	14	78	142	30	94	158	46	110	174	1975	2076	2129	1958	1957	1938	1974	2126	1956	2020	2079	2025
304998	62	126	14	78	142	30	94	158	46	110	174	2009	2035	2131	1997	2001	1971	2010	2084	1987	2020	2029	2018
304998	62	126	14	78	142	30	94	158	46	110	174	2063	1984	2148	2058	2042	2013	2065	2028	2022	2020	1979	2006
304998	62	126	14	78	142	30	94	158	46	110	174	2077	1976	2152	2076	2057	2015	2072	2014	2025	2021	1965	1997
304998	62	126	14	78	142	30	94	158	46	110	174	2050	2008	2131	2050	2023	1980	2042	2046	1996	2017	2008	2005
304998	62	126	14	78	142	30	94	158	46	110	174	2005	2056	2126	1996	1979	1947	2001	2108	1962	2020	2053	2025
304998	62	126	14	78	142	30	94	158	46	110	174	1971	2079	2128	1958	1960	1930	1966	2128	1955	2017	2078	2028
304998	62	126	14	78	142	30	94	158	46	110	174	1983	2062	2139	1971	1969	1954	1979	2117	1975	2022	2057	2014
304998	62	126	14	78	142	30	94	158	46	110	174	2031	2018	2146	2023	2020	1994	2032	2062	2001	2020	2010	2002
304998	62	126	14	78	142	30	94	158	46	110	174	2076	1981	2143	2072	2052	2012	2067	2015	2019	2020	1978	2001
304998	62	126	14	78	142	30	94	158	46	110	174	2078	1981	2139	2074	2034	2010	2072	2023	2015	2016	1979	2009
304998	62	126	14	78	142	30	94	158	46	110	174	2027	2023	2146	2028	2005	1968	2025	2071	1988	2019	2022	2016
304998	62	126	14	78	142	30	94	158	46	110	174	1984	2072	2130	1969	1962	1935	1992	2127	1954	2021	2063	2009
304998	62	126	14	78	142	30	94	158	46	110	174	1966	2085	2137	1969	1933	1939	1988	2137	1959	2018	2080	2018
304998	62	126	14	78	142	30	94	158	46	110	174	1996	2045	2135	1994	1995	1967	2006	2085	1987	2017	2041	2018
304998	62	126	14	78	142	30	94	158	46	110	174	2059	1990	2136	2056	2020	2006	2056	2042	2018	2017	1988	2011
304998	62	126	14	78	142	30	94	158	46	110	174	2079	1967	2143	2079	2061	2008	2073	2016	2022	2019	1965	2007
304998	62	126	14	78	142	30	94	158	46	110	174	2060	1993	2144	2052	2033	1983	2049	2041	2002	2023	1999	2001
304998	62	126	14	78	142	30	94	158	46	110	174	2006	2051	2139	2001	1982	1951	2006	2099	1968	2017	2049	2018
304998	62	126	14	78	142	30	94	158	46	110	174	1970	2091	2126	1956	1954	1937	1972	2132	1955	2019	2076	2031
304998	62	126	14	78	142	30	94	158	46	110	174	1983	2067	2125	1968	1967	1943	1975	2120	1971	2018	2058	2017
304998	62	126	14	78	142	30	94	158	46	110	174	2026	2017	2133	2024	2008	1988	2027	2071	1998	2017	2011	2005
304998	62	126	14	78	142	30	94	158	46	110	174	2069	1969	2144	2068	2053	2007	2067	2014	2022	2023	1985	1997
304998	62	126	14	78	142	30	94	158	46	110	174	2075	1972	2148	2074	2049	2002	2071	2022	2024	2021	1983	2007
304998	62	126	14	78	142	30	94	158	46	110	174	2037	2022	2141	2029	2018	1973	2048	2069	1984	2022	2018	2020
304998	62	126	14	78	142	30	94	158	46	110	174	1982	2069	2126	1978	1962	1940	1992	2121	1958	2021	2062	2022
304998	62	126	14	78	142	30	94	158	46	110	174	1969	2080	2120	1968	1939	1935	1971	2128	1954	2020	2071	2012
304998	62	126	14	78	142	30	94	158	46	110	174	2000	2040	2140	1988	1991	1957	1996	2089	1990	2019	2049	2018
304998	62	126	14	78	142	30	94	158	46	110	174	2047	1993	2147	2043	2029	2004	2036	2042	2011	2017	1995	2006
304998	62	126	14	78	142	30	94	158	46	110	174	2079	1972	2150	2081	2045	2022	2076	2019	2017	2016	1970	2008
304998	62	126	14	78	142	30	94	158	46	110	174	2062	1996	2142	2061	2038	1993	2062	2038	2001	2018	1990	2005
304998	62	126	14	78	142	30	94	158	46	110	174	2017	2043	2122	2011	1983	1954	2017	2094	1981	2020	2041	2008
304998	62	126	14	78	142	30	94	158	46	110	174	1976	2076	2130	1964	1957	1933	1971	2130	1954	2018	2076	2029
304998	62	126	14	78	142	30	94	158	46	110	174	1981	2069	2135	1966	1967	1948	1986	2122	1966	2022	2066	2025
304998	62	126	14	78	142	30	94	158	46	110	174	2016	2021	2147	2014	1994	1985	2010	2068	1993	2021	2021	2015
304998	62	126	14	78	142	30	94	158	46	110	174	2065	1982	2144	2065	2048	2007	2074	2020	2025	2019	1982	1999
304998	62	126	14	78	142	30	94	158	46	110	174	2074	1974	2140	2073	2048	2011	2074	2020	2021	2022	1977	1997
304998	62	126	14	78	142	30	94	158	46	110	174	2042	2008	2130	2044	2008	1972	2038	2063	1989	2018	2015	2017
304998	62	126	14	78	142	30	94	158	46	110	174	1994	2058	2138	1988	1969	1941	1989	2107	1957	2021	2057	2021
304998	62	126	14	78	142	30	94	158	46	110	174	1965	2078	2142	1968	1946	1938	1965	2126	1959	2019	2070	2019
304998	62	126	14	78	142	30	94	158	46	110	174	1993	2054	2135	1983	1971	1966	1990	2101	1980	2016	2047	2009
