304998	62	126	14	78	142	30	94	158	46	110	174	2042	2006	2144	2057	2039	1965	2042	2037	1988	2020	1999	2006
304998	62	126	14	78	142	30	94	158	46	110	174	2046	2004	2138	2055	2016	1976	2044	2047	1982	2020	2007	2002
304998	62	126	14	78	142	30	94	158	46	110	174	2016	2024	2135	2017	1995	1974	2021	2079	1987	2020	2032	2015
304998	62	126	14	78	142	30	94	158	46	110	174	2001	2044	2127	1991	1969	1972	2000	2102	1991	2022	2050	2025
304998	62	126	14	78	142	30	94	158	46	110	174	1994	2048	2134	1986	1966	1975	1993	2102	1995	2017	2050	2027
304998	62	126	14	78	142	30	94	158	46	110	174	2017	2034	2127	2004	2000	1975	2006	2080	1995	2016	2030	2016
304998	62	126	14	78	142	30	94	158	46	110	174	2039	2009	2140	2042	2027	1970	2052	2049	1983	2018	2013	1996
304998	62	126	14	78	142	30	94	158	46	110	174	2042	1995	2154	2057	2029	1970	2047	2034	1982	2020	2009	2006
304998	62	126	14	78	142	30	94	158	46	110	174	2030	2008	2146	2037	2016	1971	2029	2052	1986	2016	2018	2018
304998	62	126	14	78	142	30	94	158	46	110	174	2008	2038	2137	2005	1980	1971	2000	2088	1997	2020	2037	2020
304998	62	126	14	78	142	30	94	158	46	110	174	1994	2052	2131	1981	1967	1973	1979	2112	1993	2020	2048	2016
304998	62	126	14	78	142	30	94	158	46	110	174	2008	2041	2120	1990	1983	1977	1999	2100	1984	2020	2047	2018
304998	62	126	14	78	142	30	94	158	46	110	174	2023	2013	2141	2021	2006	1975	2019	2060	1984	2020	2023	2014
304998	62	126	14	78	142	30	94	158	46	110	174	2040	2000	2150	2051	2033	1971	2043	2031	1989	2018	2008	2004
304998	62	126	14	78	142	30	94	158	46	110	174	2045	2005	2148	2058	2025	1969	2045	2041	1987	2022	2003	1999
304998	62	126	14	78	142	30	94	158	46	110	174	2023	2033	2128	2020	2004	1969	2025	2074	1987	2019	2029	2011
304998	62	126	14	78	142	30	94	158	46	110	174	2006	2049	2119	1993	1970	1986	2004	2102	1988	2018	2048	2029
304998	62	126	14	78	142	30	94	158	46	110	174	1997	2046	2131	1983	1966	1977	1982	2104	1993	2020	2050	2026
304998	62	126	14	78	142	30	94	158	46	110	174	2008	2027	2135	2006	1986	1978	1998	2080	1998	2019	2029	2014
304998	62	126	14	78	142	30	94	158	46	110	174	2037	2008	2149	2044	2014	1971	2036	2048	1983	2021	2012	1997
304998	62	126	14	78	142	30	94	158	46	110	174	2042	2002	2147	2056	2041	1968	2049	2033	1982	2022	2009	2002
304998	62	126	14	78	142	30	94	158	46	110	174	2039	2010	2130	2047	2016	1970	2040	2054	1984	2018	2015	2017
304998	62	126	14	78	142	30	94	158	46	110	174	2016	2028	2127	2011	1994	1974	2012	2083	1996	2016	2034	2023
304998	62	126	14	78	142	30	94	158	46	110	174	1992	2048	2128	1982	1965	1972	1984	2109	1995	2019	2050	2017
304998	62	126	14	78	142	30	94	158	46	110	174	1997	2047	2130	1993	1966	1974	1994	2102	1987	2022	2048	2017
304998	62	126	14	78	142	30	94	158	46	110	174	2019	2022	2136	2021	2004	1966	2028	2072	1987	2020	2027	2020
304998	62	126	14	78	142	30	94	158	46	110	174	2042	2004	2140	2051	2030	1970	2043	2035	1984	2018	2006	2006
304998	62	126	14	78	142	30	94	158	46	110	174	2046	1999	2143	2059	2040	1972	2047	2046	1989	2021	2001	2000
304998	62	126	14	78	142	30	94	158	46	110	174	2031	2017	2143	2029	2006	1976	2028	2066	1984	2022	2027	2010
304998	62	126	14	78	142	30	94	158	46	110	174	2003	2046	2128	1999	1967	1976	1994	2099	1989	2020	2050	2025
304998	62	126	14	78	142	30	94	158	46	110	174	1994	2050	2124	1979	1969	1971	1987	2106	1987	2021	2054	2025
304998	62	126	14	78	142	30	94	158	46	110	174	2007	2033	2127	2000	1989	1980	2004	2082	1995	2017	2032	2020
304998	62	126	14	78	142	30	94	158	46	110	174	2031	2002	2150	2039	2019	1976	2028	2052	1987	2016	2013	1997
304998	62	126	14	78	142	30	94	158	46	110	174	2046	1994	2148	2059	2041	1972	2049	2039	1987	2017	2006	2000
304998	62	126	14	78	142	30	94	158	46	110	174	2037	2008	2150	2056	2007	1978	2046	2049	1984	2022	2018	2014
304998	62	126	14	78	142	30	94	158	46	110	174	2017	2036	2126	2016	1996	1968	2025	2077	1987	2019	2034	2025
304998	62	126	14	78	142	30	94	158	46	110	174	2003	2051	2118	1988	1965	1978	1996	2106	1996	2017	2048	2023
304998	62	126	14	78	142	30	94	158	46	110	174	1996	2039	2126	1988	1972	1975	1983	2104	1993	2017	2048	2012
304998	62	126	14	78	142	30	94	158	46	110	174	2020	2020	2143	2015	2005	1973	2020	2073	1987	2020	2029	2017
304998	62	126	14	78	142	30	94	158	46	110	174	2039	2001	2151	2059	2009	1980	2035	2034	1984	2016	2008	2010
304998	62	126	14	78	142	30	94	158	46	110	174	2041	2004	2140	2060	2032	1969	2046	2031	1987	2020	2000	1999
304998	62	126	14	78	142	30	94	158	46	110	174	2035	2019	2128	2035	2000	1977	2031	2061	1984	2021	2019	2005
304998	62	126	14	78	142	30	94	158	46	110	174	2008	2040	2122	2000	1981	1974	2004	2094	1984	2022	2050	2022
304998	62	126	14	78	142	30	94	158	46	110	174	1997	2049	2130	1981	1971	1976	1984	2105	1984	2018	2054	2023
304998	62	126	14	78	142	30	94	158	46	110	174	2002	2035	2140	1995	1978	1973	1997	2083	1994	2018	2037	2020
304998	62	126	14	78	142	30	94	158	46	110	174	2025	2019	2140	2032	2015	1967	2036	2057	1990	2017	2015	2007
304998	62	126	14	78	142	30	94	158	46	110	174	2049	1999	2142	2060	2035	1966	2051	2039	1985	2020	2007	2000
304998	62	126	14	78	142	30	94	158	46	110	174	2043	2004	2143	2050	2026	1970	2046	2047	1983	2016	2012	2008
304998	62	126	14	78	142	30	94	158	46	110	174	2016	2028	2133	2019	2000	1973	2027	2076	1988	2021	2031	2028
304998	62	126	14	78	142	30	94	158	46	110	174	1994	2045	2133	1988	1972	1978	1991	2098	1997	2019	2047	2025
304998	62	126	14	78	142	30	94	158	46	110	174	1991	2050	2128	1984	1974	1969	1980	2105	1995	2017	2050	2011
304998	62	126	14	78	142	30	94	158	46	110	174	2014	2026	2130	2009	2001	1967	2008	2073	1985	2017	2035	2012
304998	62	126	14	78	142	30	94	158	46	110	174	2036	1998	2148	2050	2019	1975	2037	2039	1983	2021	2010	2010
304998	62	126	14	78	142	30	94	158	46	110	174	2045	1995	2154	2058	2037	1974	2047	2029	1989	2018	1999	2003
304998	62	126	14	78	142	30	94	158	46	110	174	2033	2015	2146	2036	2008	1977	2033	2054	1992	2021	2016	2006
304998	62	126	14	78	142	30	94	158	46	110	174	2007	2044	2126	2002	1987	1968	2005	2091	1989	2019	2045	2020
304998	62	126	14	78	142	30	94	158	46	110	174	1995	2054	2116	1981	1969	1971	1988	2105	1985	2020	2054	2026
304998	62	126	14	78	142	30	94	158	46	110	174	2004	2035	2129	1999	1972	1978	1986	2089	1988	2022	2040	2026
304998	62	126	14	78	142	30	94	158	46	110	174	2029	2012	2147	2027	2020	1976	2031	2058	1996	2020	2015	2008
304998	62	126	14	78	142	30	94	158	46	110	174	2043	1997	2155	2054	2028	1975	2047	2037	1981	2022	2004	1996
304998	62	126	14	78	142	30	94	158	46	110	174	2043	2009	2143	2053	2032	1970	2048	2046	1985	2016	2011	2003
304998	62	126	14	78	142	30	94	158	46	110	174	2025	2025	2127	2026	1999	1970	2021	2067	1987	2019	2029	2021
304998	62	126	14	78	142	30	94	158	46	110	174	1998	2039	2123	1991	1980	1975	1989	2098	1995	2017	2047	2027
304998	62	126	14	78	142	30	94	158	46	110	174	1992	2042	2129	1979	1974	1975	1983	2103	1992	2020	2044	2018
304998	62	126	14	78	142	30	94	158	46	110	174	2009	2026	2148	2008	1990	1974	2003	2076	1988	2018	2041	2013
304998	62	126	14	78	142	30	94	158	46	110	174	2034	2008	2146	2040	2027	1969	2036	2046	1987	2020	2018	2011
304998	62	126	14	78	142	30	94	158	46	110	174	2048	2003	2138	2057	2033	1969	2049	2032	1981	2022	2005	2008
304998	62	126	14	78	142	30	94	158	46	110	174	2035	2004	2135	2043	2016	1971	2038	2049	1994	2018	2014	2005
304998	62	126	14	78	142	30	94	158	46	110	174	2012	2038	2128	2005	1989	1970	2007	2089	1988	2021	2041	2017
304998	62	126	14	78	142	30	94	158	46	110	174	1993	2047	2140	1985	1962	1981	1983	2109	1987	2017	2058	2020
304998	62	126	14	78	142	30	94	158	46	110	174	1998	2047	2131	1993	1982	1966	1990	2092	1986	2021	2041	2020
304998	62	126	14	78	142	30	94	158	46	110	174	2028	2019	2136	2024	2008	1968	2035	2057	1993	2022	2018	2008
304998	62	126	14	78	142	30	94	158	46	110	174	2043	1990	2145	2060	2034	1968	2038	2036	1987	2017	2003	1998
304998	62	126	14	78	142	30	94	158	46	110	174	2049	2000	2147	2060	2032	1969	2048	2044	1983	2021	2008	2005
304998	62	126	14	78	142	30	94	158	46	110	174	2017	2022	2147	2030	1987	1980	2019	2066	1981	2022	2029	2018
304998	62	126	14	78	142	30	94	158	46	110	174	2004	2048	2127	1990	1971	1971	1991	2096	1991	2016	2047	2028
304998	62	126	14	78	142	30	94	158	46	110	174	2001	2050	2122	1979	1971	1977	1985	2107	1995	2022	2048	2020
304998	62	126	14	78	142	30	94	158	46	110	174	2007	2025	2128	2006	1997	1973	1998	2082	1987	2020	2037	2006
304998	62	126	14	78	142	30	94	158	46	110	174	2036	2006	2144	2041	2019	1973	2048	2052	1983	2021	2017	2011
304998	62	126	14	78	142	30	94	158	46	110	174	2040	1994	2152	2058	2036	1970	2052	2035	1982	2021	2005	2008
304998	62	126	14	78	142	30	94	158	46	110	174	2036	2017	2141	2041	2016	1971	2047	2047	1996	2020	2011	2009
304998	62	126	14	78	142	30	94	158	46	110	174	2018	2034	2124	2010	1989	1970	2028	2088	1991	2019	2032	2010
304998	62	126	14	78	142	30	94	158	46	110	174	1998	2045	2124	1986	1971	1973	1980	2105	1987	2022	2058	2028
304998	62	126	14	78	142	30	94	158	46	110	174	2000	2039	2130	1985	1981	1973	1987	2096	1986	2021	2048	2033
304998	62	126	14	78	142	30	94	158	46	110	174	2020	2019	2144	2017	2005	1979	2018	2065	1989	2016	2021	2013
304998	62	126	14	78	142	30	94	158	46	110	174	2033	1999	2150	2050	2025	1973	2037	2039	1991	2022	2003	1997
304998	62	126	14	78	142	30	94	158	46	110	174	2051	2004	2138	2058	2032	1973	2045	2041	1979	2017	2008	2001
304998	62	126	14	78	142	30	94	158	46	110	174	2023	2010	2136	2032	2006	1969	2025	2063	1981	2020	2026	2018
304998	62	126	14	78	142	30	94	158	46	110	174	2008	2040	2127	1997	1983	1971	2004	2098	1984	2016	2044	2025
304998	62	126	14	78	142	30	94	158	46	110	174	1994	2052	2128	1979	1963	1979	1993	2112	1993	2018	2050	2020
304998	62	126	14	78	142	30	94	158	46	110	174	1996	2042	2135	1998	1991	1973	1993	2090	1992	2018	2038	2015
304998	62	126	14	78	142	30	94	158	46	110	174	2035	2015	2134	2033	2013	1975	2042	2056	1986	2018	2020	2008
304998	62	126	14	78	142	30	94	158	46	110	174	2048	1991	2150	2054	2041	1971	2045	2031	1981	2022	2004	2006
304998	62	126	14	78	142	30	94	158	46	110	174	2046	2008	2144	2047	2028	1973	2045	2046	1984	2018	2004	2015
304998	62	126	14	78	142	30	94	158	46	110	174	2017	2035	2136	2019	1977	1977	2015	2084	1992	2017	2030	2014
304998	62	126	14	78	142	30	94	158	46	110	174	1991	2053	2122	1984	1970	1974	1984	2107	1990	2017	2058	2020
304998	62	126	14	78	142	30	94	158	46	110	174	1999	2046	2121	1988	1966	1974	1987	2103	1987	2021	2048	2025
304998	62	126	14	78	142	30	94	158	46	110	174	2020	2018	2135	2014	2004	1967	2008	2064	1987	2020	2026	2019
304998	62	126	14	78	142	30	94	158	46	110	174	2041	2000	2145	2050	2032	1971	2043	2040	1992	2018	2002	2004
304998	62	126	14	78	142	30	94	158	46	110	174	2045	1999	2148	2058	2037	1970	2050	2035	1982	2016	2004	1998
304998	62	126	14	78	142	30	94	158	46	110	174	2035	2020	2134	2031	2012	1974	2031	2059	1985	2020	2022	2014
304998	62	126	14	78	142	30	94	158	46	110	174	2010	2045	2120	1999	1983	1973	2002	2088	1986	2017	2045	2031
304998	62	126	14	78	142	30	94	158	46	110	174	1996	2046	2120	1979	1967	1973	2008	2106	1994	2021	2047	2022
304998	62	126	14	78	142	30	94	158	46	110	174	2003	2030	2138	1996	1988	1969	1991	2089	1990	2020	2043	2006
304998	62	126	14	78	142	30	94	158	46	110	174	2031	2014	2147	2029	2017	1974	2024	2059	1983	2018	2021	2009
304998	62	126	14	78	142	30	94	158	46	110	174	2040	2004	2151	2053	2043	1969	2054	2032	1981	2016	2004	2012
304998	62	126	14	78	142	30	94	158	46	110	174	2046	2007	2135	2050	2023	1972	2051	2039	1986	2019	2007	2010
304998	62	126	14	78	142	30	94	158	46	110	174	2025	2025	2123	2021	1992	1969	2016	2080	1992	2016	2026	2014
304998	62	126	14	78	142	30	94	158	46	110	174	1992	2043	2126	1985	1970	1973	1980	2106	1984	2017	2050	2019
304998	62	126	14	78	142	30	94	158	46	110	174	2000	2049	2130	1980	1964	1981	2001	2106	1987	2020	2054	2025
304998	62	126	14	78	142	30	94	158	46	110	174	2013	2035	2133	2008	2002	1969	2007	2073	1988	2021	2032	2021
304998	62	126	14	78	142	30	94	158	46	110	174	2042	2011	2135	2042	2031	1972	2043	2046	1987	2020	2005	2003
304998	62	126	14	78	142	30	94	158	46	110	174	2051	1997	2137	2057	2034	1968	2048	2040	1986	2021	2003	1995
304998	62	126	14	78	142	30	94	158	46	110	174	2036	2012	2139	2038	2016	1975	2045	2060	1984	2017	2017	2018
304998	62	126	14	78	142	30	94	158	46	110	174	2011	2036	2136	2003	1986	1971	2005	2086	1985	2020	2038	2029
304998	62	126	14	78	142	30	94	158	46	110	174	1996	2057	2123	1979	1970	1973	1987	2103	1988	2019	2051	2022
304998	62	126	14	78	142	30	94	158	46	110	174	2001	2045	2126	1991	1985	1976	1989	2095	1994	2021	2038	2009
304998	62	126	14	78	142	30	94	158	46	110	174	2028	2013	2130	2027	2008	1970	2017	2062	1985	2021	2023	2011
304998	62	126	14	78	142	30	94	158	46	110	174	2051	1999	2144	2054	2037	1968	2057	2035	1982	2017	2004	2012
304998	62	126	14	78	142	30	94	158	46	110	174	2046	2000	2148	2053	2031	1967	2046	2040	1986	2021	2000	2012
304998	62	126	14	78	142	30	94	158	46	110	174	2025	2033	2138	2024	2003	1973	2024	2077	1993	2017	2023	2009
304998	62	126	14	78	142	30	94	158	46	110	174	2005	2054	2122	1988	1974	1974	1991	2104	1991	2021	2048	2016
304998	62	126	14	78	142	30	94	158	46	110	174	1996	2048	2124	1981	1969	1974	1996	2104	1982	2020	2050	2028
304998	62	126	14	78	142	30	94	158	46	110	174	2015	2027	2132	2002	1996	1972	2001	2078	1983	2017	2029	2018
304998	62	126	14	78	142	30	94	158	46	110	174	2038	2007	2148	2043	2022	1970	2048	2049	1993	2016	2005	2001
304998	62	126	14	78	142	30	94	158	46	110	174	2049	1999	2152	2059	2042	1965	2062	2036	1985	2019	2002	1996
304998	62	126	14	78	142	30	94	158	46	110	174	2039	2020	2135	2039	2021	1971	2044	2057	1984	2022	2019	2011
304998	62	126	14	78	142	30	94	158	46	110	174	2020	2033	2132	2009	1982	1973	2006	2083	1982	2020	2036	2023
304998	62	126	14	78	142	30	94	158	46	110	174	2000	2047	2122	1979	1966	1973	1982	2105	1993	2020	2049	2028
304998	62	126	14	78	142	30	94	158	46	110	174	2002	2041	2129	1984	1986	1972	2000	2099	1994	2020	2041	2015
304998	62	126	14	78	142	30	94	158	46	110	174	2019	2020	2142	2017	2010	1966	2014	2061	1983	2018	2026	2009
304998	62	126	14	78	142	30	94	158	46	110	174	2047	2008	2145	2050	2045	1967	2048	2041	1981	2017	2002	2009
304998	62	126	14	78	142	30	94	158	46	110	174	2049	2006	2133	2054	2035	1978	2052	2038	1987	2022	2002	2010
304998	62	126	14	78	142	30	94	158	46	110	174	2031	2020	2134	2026	2005	1975	2028	2068	1994	2018	2019	2011
304998	62	126	14	78	142	30	94	158	46	110	174	2003	2045	2127	1989	1977	1967	1993	2105	1991	2020	2047	2016
304998	62	126	14	78	142	30	94	158	46	110	174	1997	2049	2135	1984	1965	1967	1994	2113	1987	2020	2051	2025
304998	62	126	14	78	142	30	94	158	46	110	174	2005	2039	2135	1997	1993	1969	2004	2084	1986	2017	2036	2026
304998	62	126	14	78	142	30	94	158	46	110	174	2038	2016	2132	2037	2022	1976	2051	2051	1989	2018	2009	2007
304998	62	126	14	78	142	30	94	158	46	110	174	2050	1995	2145	2055	2044	1971	2045	2038	1984	2016	1999	1997
304998	62	126	14	78	142	30	94	158	46	110	174	2046	2008	2139	2043	2024	1968	2041	2051	1982	2017	2016	2006
304998	62	126	14	78	142	30	94	158	46	110	174	2015	2032	2142	2013	1987	1970	2024	2081	1980	2020	2035	2024
304998	62	126	14	78	142	30	94	158	46	110	174	1994	2057	2128	1983	1974	1968	1986	2102	1986	2017	2046	2029
304998	62	126	14	78	142	30	94	158	46	110	174	2000	2049	2124	1981	1980	1969	1986	2098	1994	2020	2044	2013
304998	62	126	14	78	142	30	94	158	46	110	174	2020	2022	2133	2014	2008	1970	2007	2076	1981	2017	2029	2009
304998	62	126	14	78	142	30	94	158	46	110	174	2046	2000	2143	2047	2032	1971	2044	2039	1982	2019	2010	2006
304998	62	126	14	78	142	30	94	158	46	110	174	2048	2000	2148	2055	2029	1975	2047	2035	1984	2018	2004	2009
304998	62	126	14	78	142	30	94	158	46	110	174	2033	2021	2146	2035	2010	1970	2028	2061	1996	2021	2016	2006
304998	62	126	14	78	142	30	94	158	46	110	174	2010	2051	2122	1998	1982	1968	1995	2097	1988	2018	2043	2019
304998	62	126	14	78	142	30	94	158	46	110	174	2002	2055	2119	1981	1964	1980	2004	2115	1987	2018	2059	2025
304998	62	126	14	78	142	30	94	158	46	110	174	2007	2034	2131	1997	1995	1973	1999	2089	1984	2022	2042	2022
304998	62	126	14	78	142	30	94	158	46	110	174	2034	2009	2143	2030	2014	1982	2026	2055	1990	2021	2011	2009
304998	62	126	14	78	142	30	94	158	46	110	174	2048	2000	2150	2056	2043	1968	2060	2037	1991	2016	1994	1999
304998	62	126	14	78	142	30	94	158	46	110	174	2034	2004	2149	2050	2025	1972	2040	2043	1988	2017	2013	2004
304998	62	126	14	78	142	30	94	158	46	110	174	2027	2035	2128	2018	1993	1974	2020	2082	1985	2016	2032	2020
304998	62	126	14	78	142	30	94	158	46	110	174	1997	2047	2128	1985	1974	1969	1986	2102	1986	2020	2047	2029
304998	62	126	14	78	142	30	94	158	46	110	174	2002	2044	2129	1978	1977	1974	1992	2103	1999	2017	2043	2018
304998	62	126	14	78	142	30	94	158	46	110	174	2018	2023	2141	2011	1999	1972	2008	2073	1983	2020	2030	2006
304998	62	126	14	78	142	30	94	158	46	110	174	2044	2008	2151	2047	2031	1965	2042	2039	1984	2017	2011	2007
304998	62	126	14	78	142	30	94	158	46	110	174	2051	2003	2139	2058	2036	1973	2051	2031	1981	2018	2001	2007
304998	62	126	14	78	142	30	94	158	46	110	174	2038	2014	2128	2038	2015	1970	2038	2060	1985	2019	2013	2013
