304998	62	126	14	78	142	30	94	158	46	110	174	2049	1994	2129	2048	2034	1997	2052	2039	2010	2017	1993	2012
304998	62	126	14	78	142	30	94	158	46	110	174	2068	1970	2141	2076	2044	2006	2065	2020	2022	2018	1973	2009
304998	62	126	14	78	142	30	94	158	46	110	174	2048	2003	2144	2044	2022	1988	2046	2050	2004	2017	2009	2013
304998	62	126	14	78	142	30	94	158	46	110	174	2000	2049	2142	2001	1971	1955	1996	2100	1970	2017	2053	2022
304998	62	126	14	78	142	30	94	158	46	110	174	1964	2078	2132	1963	1951	1939	1967	2127	1954	2020	2076	2020
304998	62	126	14	78	142	30	94	158	46	110	174	1979	2065	2126	1977	1968	1959	1990	2110	1974	2016	2061	2013
304998	62	126	14	78	142	30	94	158	46	110	174	2022	2005	2141	2020	2011	1985	2012	2056	2006	2018	2021	2009
304998	62	126	14	78	142	30	94	158	46	110	174	2065	1982	2144	2063	2041	2012	2059	2030	2016	2021	1983	2020
304998	62	126	14	78	142	30	94	158	46	110	174	2059	1979	2150	2067	2039	2001	2059	2029	2016	2022	1985	2020
304998	62	126	14	78	142	30	94	158	46	110	174	2024	2020	2142	2026	2004	1966	2021	2070	1982	2021	2022	2016
304998	62	126	14	78	142	30	94	158	46	110	174	1989	2069	2125	1985	1951	1952	1995	2115	1969	2017	2068	2010
304998	62	126	14	78	142	30	94	158	46	110	174	1964	2073	2134	1967	1947	1943	1961	2126	1965	2021	2083	2019
304998	62	126	14	78	142	30	94	158	46	110	174	1996	2043	2138	1991	1976	1974	2000	2097	1981	2017	2043	2021
304998	62	126	14	78	142	30	94	158	46	110	174	2035	1994	2148	2042	2029	1994	2037	2041	2011	2021	1995	2012
304998	62	126	14	78	142	30	94	158	46	110	174	2075	1983	2127	2071	2050	2004	2078	2019	2020	2020	1974	2010
304998	62	126	14	78	142	30	94	158	46	110	174	2057	1996	2139	2054	2023	1986	2044	2043	2006	2022	2005	2011
304998	62	126	14	78	142	30	94	158	46	110	174	2003	2043	2133	2007	1982	1957	2001	2096	1973	2020	2053	2019
304998	62	126	14	78	142	30	94	158	46	110	174	1970	2073	2142	1968	1944	1948	1965	2121	1956	2018	2074	2020
304998	62	126	14	78	142	30	94	158	46	110	174	1967	2063	2144	1976	1958	1953	1970	2109	1971	2022	2063	2015
304998	62	126	14	78	142	30	94	158	46	110	174	2019	2025	2123	2014	2006	1977	2026	2069	2001	2017	2026	2009
304998	62	126	14	78	142	30	94	158	46	110	174	2059	1975	2136	2055	2046	2006	2052	2027	2023	2022	1988	2015
304998	62	126	14	78	142	30	94	158	46	110	174	2071	1982	2140	2066	2047	2003	2065	2029	2018	2020	1986	2014
304998	62	126	14	78	142	30	94	158	46	110	174	2033	2014	2146	2034	1998	1978	2027	2060	1984	2019	2016	2012
304998	62	126	14	78	142	30	94	158	46	110	174	1983	2070	2136	1985	1963	1947	1982	2106	1967	2020	2064	2017
304998	62	126	14	78	142	30	94	158	46	110	174	1974	2076	2124	1965	1956	1939	1965	2131	1961	2021	2086	2018
304998	62	126	14	78	142	30	94	158	46	110	174	1995	2045	2124	1989	1980	1968	1986	2093	1984	2017	2053	2020
304998	62	126	14	78	142	30	94	158	46	110	174	2039	1998	2136	2036	2028	1999	2040	2049	2006	2018	1999	2016
304998	62	126	14	78	142	30	94	158	46	110	174	2072	1976	2142	2068	2038	2006	2063	2020	2023	2017	1976	2005
304998	62	126	14	78	142	30	94	158	46	110	174	2059	2000	2136	2058	2037	1986	2052	2046	2011	2022	2000	2015
304998	62	126	14	78	142	30	94	158	46	110	174	2018	2039	2124	2014	1993	1963	2021	2091	1981	2019	2042	2021
304998	62	126	14	78	142	30	94	158	46	110	174	1973	2069	2129	1973	1957	1938	1975	2119	1959	2021	2074	2017
304998	62	126	14	78	142	30	94	158	46	110	174	1973	2068	2138	1968	1958	1951	1970	2111	1963	2020	2071	2016
304998	62	126	14	78	142	30	94	158	46	110	174	2009	2023	2144	2009	1996	1977	1998	2073	2002	2018	2032	2013
304998	62	126	14	78	142	30	94	158	46	110	174	2057	1995	2135	2052	2042	1999	2052	2035	2019	2017	1994	2016
304998	62	126	14	78	142	30	94	158	46	110	174	2078	1981	2131	2069	2048	2004	2069	2024	2018	2018	1979	2015
304998	62	126	14	78	142	30	94	158	46	110	174	2044	2009	2128	2037	2013	1976	2038	2059	1990	2016	2012	2010
304998	62	126	14	78	142	30	94	158	46	110	174	1990	2054	2132	1992	1965	1951	1989	2103	1971	2020	2064	2013
304998	62	126	14	78	142	30	94	158	46	110	174	1965	2074	2142	1967	1945	1936	1954	2125	1965	2022	2088	2020
304998	62	126	14	78	142	30	94	158	46	110	174	1989	2059	2136	1983	1978	1955	1986	2103	1975	2016	2057	2023
304998	62	126	14	78	142	30	94	158	46	110	174	2038	2011	2128	2032	2016	1994	2030	2052	2005	2021	2006	2014
304998	62	126	14	78	142	30	94	158	46	110	174	2073	1974	2130	2065	2053	2006	2065	2019	2019	2021	1976	2003
304998	62	126	14	78	142	30	94	158	46	110	174	2062	1984	2142	2060	2037	1995	2053	2031	2013	2018	1996	2010
304998	62	126	14	78	142	30	94	158	46	110	174	2016	2035	2140	2021	1984	1966	2012	2081	1985	2016	2036	2018
304998	62	126	14	78	142	30	94	158	46	110	174	1972	2073	2137	1976	1958	1938	1971	2120	1961	2020	2072	2020
304998	62	126	14	78	142	30	94	158	46	110	174	1968	2074	2123	1967	1950	1948	1974	2118	1959	2017	2072	2009
304998	62	126	14	78	142	30	94	158	46	110	174	2007	2033	2126	2001	1995	1975	2000	2077	1995	2020	2039	2011
304998	62	126	14	78	142	30	94	158	46	110	174	2049	1985	2142	2049	2038	2004	2042	2037	2023	2022	1992	2014
304998	62	126	14	78	142	30	94	158	46	110	174	2072	1985	2141	2072	2048	2002	2081	2027	2020	2020	1972	2018
304998	62	126	14	78	142	30	94	158	46	110	174	2048	2015	2140	2045	2020	1981	2042	2051	1998	2017	2005	2015
304998	62	126	14	78	142	30	94	158	46	110	174	1999	2058	2124	1991	1974	1954	1996	2100	1971	2017	2060	2012
304998	62	126	14	78	142	30	94	158	46	110	174	1970	2073	2127	1962	1953	1945	1963	2125	1963	2021	2088	2021
304998	62	126	14	78	142	30	94	158	46	110	174	1982	2056	2138	1976	1970	1957	1973	2105	1977	2021	2060	2023
304998	62	126	14	78	142	30	94	158	46	110	174	2026	2013	2144	2023	2014	1984	2023	2059	2001	2021	2009	2011
304998	62	126	14	78	142	30	94	158	46	110	174	2070	1986	2142	2063	2056	2007	2064	2021	2020	2016	1981	2006
304998	62	126	14	78	142	30	94	158	46	110	174	2072	1993	2129	2064	2040	2004	2058	2030	2014	2017	1991	2015
304998	62	126	14	78	142	30	94	158	46	110	174	2024	2026	2133	2019	2000	1968	2015	2077	1993	2020	2031	2021
304998	62	126	14	78	142	30	94	158	46	110	174	1979	2066	2130	1978	1956	1945	1975	2117	1965	2018	2070	2017
304998	62	126	14	78	142	30	94	158	46	110	174	1966	2072	2139	1966	1950	1940	1966	2124	1960	2017	2080	2008
304998	62	126	14	78	142	30	94	158	46	110	174	2001	2044	2129	1996	1991	1972	1993	2084	1984	2016	2048	2014
304998	62	126	14	78	142	30	94	158	46	110	174	2049	2000	2128	2045	2041	1997	2043	2038	2022	2017	1995	2020
304998	62	126	14	78	142	30	94	158	46	110	174	2077	1974	2134	2066	2057	2010	2063	2025	2021	2017	1974	2015
304998	62	126	14	78	142	30	94	158	46	110	174	2053	2004	2138	2048	2024	1991	2041	2049	2001	2020	2000	2009
304998	62	126	14	78	142	30	94	158	46	110	174	2000	2043	2144	2003	1981	1949	1997	2095	1971	2017	2057	2015
304998	62	126	14	78	142	30	94	158	46	110	174	1962	2077	2135	1966	1947	1937	1957	2120	1966	2022	2084	2022
304998	62	126	14	78	142	30	94	158	46	110	174	1972	2066	2123	1971	1967	1957	1969	2112	1976	2022	2064	2017
304998	62	126	14	78	142	30	94	158	46	110	174	2022	2016	2131	2015	2010	1986	2015	2066	2001	2018	2016	2008
304998	62	126	14	78	142	30	94	158	46	110	174	2065	1981	2140	2062	2050	2006	2054	2023	2018	2022	1985	2011
304998	62	126	14	78	142	30	94	158	46	110	174	2071	1982	2141	2066	2048	1998	2067	2026	2017	2020	1983	2019
304998	62	126	14	78	142	30	94	158	46	110	174	2032	2027	2134	2027	2007	1969	2028	2070	1998	2020	2024	2022
304998	62	126	14	78	142	30	94	158	46	110	174	1982	2074	2121	1979	1961	1944	1977	2117	1968	2020	2067	2014
304998	62	126	14	78	142	30	94	158	46	110	174	1968	2077	2119	1961	1949	1944	1972	2125	1958	2017	2082	2014
304998	62	126	14	78	142	30	94	158	46	110	174	1996	2041	2130	1991	1983	1963	1994	2092	1981	2021	2054	2019
304998	62	126	14	78	142	30	94	158	46	110	174	2043	1999	2142	2042	2028	1994	2042	2044	2013	2022	1997	2013
304998	62	126	14	78	142	30	94	158	46	110	174	2067	1980	2146	2070	2051	2003	2060	2023	2028	2022	1972	2008
304998	62	126	14	78	142	30	94	158	46	110	174	2058	2005	2132	2050	2030	1988	2048	2049	2008	2017	1997	2006
304998	62	126	14	78	142	30	94	158	46	110	174	2010	2046	2128	2005	1983	1965	2006	2094	1974	2019	2048	2020
304998	62	126	14	78	142	30	94	158	46	110	174	1965	2068	2137	1966	1939	1944	1958	2123	1960	2016	2079	2028
304998	62	126	14	78	142	30	94	158	46	110	174	1968	2063	2133	1964	1957	1950	1962	2112	1972	2019	2065	2022
304998	62	126	14	78	142	30	94	158	46	110	174	2004	2025	2156	2010	1997	1983	2002	2073	2004	2022	2027	2008
304998	62	126	14	78	142	30	94	158	46	110	174	2052	1987	2140	2058	2045	2007	2049	2028	2017	2020	1991	2007
304998	62	126	14	78	142	30	94	158	46	110	174	2076	1987	2132	2064	2051	2007	2072	2024	2016	2020	1978	2012
304998	62	126	14	78	142	30	94	158	46	110	174	2041	2018	2135	2031	2009	1975	2034	2061	1996	2020	2014	2019
304998	62	126	14	78	142	30	94	158	46	110	174	1991	2061	2134	1983	1965	1947	1984	2107	1976	2017	2066	2018
304998	62	126	14	78	142	30	94	158	46	110	174	1964	2077	2133	1959	1950	1940	1952	2130	1968	2019	2089	2025
304998	62	126	14	78	142	30	94	158	46	110	174	1974	2055	2130	1980	1975	1967	1977	2100	1980	2019	2059	2024
304998	62	126	14	78	142	30	94	158	46	110	174	2041	2009	2127	2030	2028	1997	2032	2053	2004	2020	2002	2013
304998	62	126	14	78	142	30	94	158	46	110	174	2071	1972	2148	2064	2054	2006	2063	2015	2028	2017	1973	2000
304998	62	126	14	78	142	30	94	158	46	110	174	2059	1987	2149	2059	2034	1996	2049	2041	2015	2022	1999	2008
304998	62	126	14	78	142	30	94	158	46	110	174	2014	2038	2143	2014	1986	1960	2006	2091	1982	2016	2044	2019
304998	62	126	14	78	142	30	94	158	46	110	174	1965	2081	2127	1966	1950	1946	1966	2123	1959	2020	2076	2021
304998	62	126	14	78	142	30	94	158	46	110	174	1968	2074	2124	1963	1953	1955	1959	2119	1968	2021	2072	2017
304998	62	126	14	78	142	30	94	158	46	110	174	2008	2030	2129	2003	1994	1979	2005	2072	1996	2020	2034	2011
304998	62	126	14	78	142	30	94	158	46	110	174	2059	1986	2143	2051	2045	1999	2048	2037	2019	2017	1994	2013
304998	62	126	14	78	142	30	94	158	46	110	174	2073	1985	2149	2071	2055	1998	2073	2026	2020	2021	1976	2015
304998	62	126	14	78	142	30	94	158	46	110	174	2040	2015	2135	2039	2019	1981	2039	2062	1990	2020	2006	2008
304998	62	126	14	78	142	30	94	158	46	110	174	1994	2063	2121	1985	1965	1956	1997	2110	1966	2016	2067	2015
304998	62	126	14	78	142	30	94	158	46	110	174	1960	2067	2123	1961	1943	1947	1957	2125	1968	2017	2089	2025
304998	62	126	14	78	142	30	94	158	46	110	174	1976	2045	2136	1979	1965	1958	1972	2106	1983	2021	2061	2020
304998	62	126	14	78	142	30	94	158	46	110	174	2028	2014	2139	2027	2015	1988	2022	2059	2005	2017	2009	2010
304998	62	126	14	78	142	30	94	158	46	110	174	2067	1987	2147	2068	2050	2005	2062	2022	2018	2022	1977	1999
304998	62	126	14	78	142	30	94	158	46	110	174	2071	1995	2130	2055	2041	1997	2055	2029	2012	2018	1990	2015
304998	62	126	14	78	142	30	94	158	46	110	174	2023	2031	2126	2013	1996	1968	2016	2082	1991	2018	2035	2024
304998	62	126	14	78	142	30	94	158	46	110	174	1967	2064	2130	1969	1950	1946	1966	2125	1967	2021	2076	2026
304998	62	126	14	78	142	30	94	158	46	110	174	1960	2071	2138	1961	1946	1949	1956	2124	1967	2017	2079	2018
304998	62	126	14	78	142	30	94	158	46	110	174	1999	2041	2140	1998	1992	1975	1988	2084	1989	2022	2043	2019
304998	62	126	14	78	142	30	94	158	46	110	174	2048	1996	2140	2045	2042	1998	2049	2037	2016	2017	1994	2013
304998	62	126	14	78	142	30	94	158	46	110	174	2073	1981	2138	2067	2048	2010	2065	2028	2025	2021	1971	2006
304998	62	126	14	78	142	30	94	158	46	110	174	2045	1997	2148	2044	2021	1987	2039	2049	2001	2018	2002	2009
304998	62	126	14	78	142	30	94	158	46	110	174	2001	2051	2132	1998	1966	1952	1992	2101	1973	2022	2063	2019
304998	62	126	14	78	142	30	94	158	46	110	174	1964	2079	2124	1961	1942	1943	1960	2129	1959	2019	2086	2029
304998	62	126	14	78	142	30	94	158	46	110	174	1971	2060	2126	1972	1967	1961	1964	2103	1981	2020	2062	2023
304998	62	126	14	78	142	30	94	158	46	110	174	2026	2015	2131	2022	2011	1993	2023	2063	2009	2018	2014	2005
304998	62	126	14	78	142	30	94	158	46	110	174	2066	1976	2147	2065	2053	2005	2056	2028	2019	2021	1984	2009
304998	62	126	14	78	142	30	94	158	46	110	174	2069	1989	2145	2066	2033	1999	2073	2033	2014	2018	1984	2016
304998	62	126	14	78	142	30	94	158	46	110	174	2028	2033	2136	2029	1993	1974	2023	2075	1986	2016	2025	2019
304998	62	126	14	78	142	30	94	158	46	110	174	1981	2071	2119	1978	1947	1950	1985	2116	1970	2021	2076	2015
304998	62	126	14	78	142	30	94	158	46	110	174	1966	2070	2122	1963	1943	1946	1960	2127	1970	2018	2084	2020
304998	62	126	14	78	142	30	94	158	46	110	174	2000	2042	2134	1993	1985	1969	1991	2094	1988	2017	2047	2019
304998	62	126	14	78	142	30	94	158	46	110	174	2045	2003	2145	2044	2028	2005	2048	2045	2018	2022	1995	2012
304998	62	126	14	78	142	30	94	158	46	110	174	2075	1981	2145	2072	2046	2005	2067	2022	2020	2016	1968	2004
304998	62	126	14	78	142	30	94	158	46	110	174	2063	2005	2129	2051	2032	1988	2052	2047	2007	2021	2003	2008
304998	62	126	14	78	142	30	94	158	46	110	174	2009	2041	2127	2000	1969	1966	1992	2094	1982	2020	2054	2026
304998	62	126	14	78	142	30	94	158	46	110	174	1966	2074	2126	1959	1944	1944	1962	2128	1961	2017	2082	2033
304998	62	126	14	78	142	30	94	158	46	110	174	1967	2065	2132	1971	1958	1955	1967	2118	1968	2020	2068	2016
304998	62	126	14	78	142	30	94	158	46	110	174	2013	2030	2133	2018	1998	1984	2015	2067	2001	2017	2026	2007
304998	62	126	14	78	142	30	94	158	46	110	174	2066	1994	2138	2058	2054	2004	2066	2024	2028	2016	1982	2006
304998	62	126	14	78	142	30	94	158	46	110	174	2077	1979	2135	2070	2051	2006	2068	2034	2021	2022	1979	2011
304998	62	126	14	78	142	30	94	158	46	110	174	2035	2017	2133	2030	2009	1980	2030	2070	1991	2017	2017	2015
304998	62	126	14	78	142	30	94	158	46	110	174	1982	2064	2134	1985	1952	1948	1978	2114	1966	2020	2073	2015
304998	62	126	14	78	142	30	94	158	46	110	174	1959	2081	2123	1963	1943	1944	1957	2123	1959	2021	2092	2025
304998	62	126	14	78	142	30	94	158	46	110	174	1990	2052	2126	1985	1979	1968	1991	2093	1986	2018	2053	2023
304998	62	126	14	78	142	30	94	158	46	110	174	2045	2002	2133	2037	2031	1996	2033	2050	2014	2017	1998	2008
304998	62	126	14	78	142	30	94	158	46	110	174	2080	1978	2145	2069	2059	2010	2080	2023	2025	2017	1970	1997
304998	62	126	14	78	142	30	94	158	46	110	174	2060	1992	2148	2057	2033	1991	2056	2038	2004	2021	1999	2010
304998	62	126	14	78	142	30	94	158	46	110	174	2005	2045	2132	2008	1984	1954	2006	2087	1985	2021	2044	2024
304998	62	126	14	78	142	30	94	158	46	110	174	1970	2078	2123	1966	1948	1939	1961	2124	1966	2020	2078	2025
304998	62	126	14	78	142	30	94	158	46	110	174	1972	2065	2121	1966	1950	1950	1965	2124	1969	2020	2072	2017
304998	62	126	14	78	142	30	94	158	46	110	174	2014	2022	2136	2009	1995	1989	2019	2077	1993	2020	2031	2011
304998	62	126	14	78	142	30	94	158	46	110	174	2064	1982	2147	2055	2051	2003	2057	2025	2020	2016	1984	2008
304998	62	126	14	78	142	30	94	158	46	110	174	2079	1986	2145	2076	2053	2000	2076	2019	2023	2021	1968	2010
304998	62	126	14	78	142	30	94	158	46	110	174	2045	2022	2135	2040	2011	1982	2036	2069	1999	2018	2006	2008
304998	62	126	14	78	142	30	94	158	46	110	174	1995	2062	2120	1986	1970	1950	1994	2112	1969	2021	2069	2017
304998	62	126	14	78	142	30	94	158	46	110	174	1964	2071	2125	1963	1931	1949	1959	2133	1955	2017	2090	2026
304998	62	126	14	78	142	30	94	158	46	110	174	1983	2046	2131	1986	1968	1961	1983	2096	1974	2018	2056	2020
304998	62	126	14	78	142	30	94	158	46	110	174	2039	2009	2144	2034	2013	1993	2032	2048	2011	2021	2002	2006
304998	62	126	14	78	142	30	94	158	46	110	174	2071	1980	2148	2073	2061	2002	2066	2023	2030	2019	1969	1997
304998	62	126	14	78	142	30	94	158	46	110	174	2070	1996	2135	2063	2040	1997	2064	2036	2006	2021	1991	2015
304998	62	126	14	78	142	30	94	158	46	110	174	2024	2035	2128	2013	1989	1965	2018	2088	1981	2019	2040	2023
304998	62	126	14	78	142	30	94	158	46	110	174	1974	2067	2129	1968	1950	1938	1968	2112	1958	2016	2074	2022
304998	62	126	14	78	142	30	94	158	46	110	174	1966	2068	2131	1968	1937	1954	1964	2123	1969	2020	2075	2015
304998	62	126	14	78	142	30	94	158	46	110	174	2005	2035	2142	2005	1996	1973	2008	2079	1992	2018	2041	2014
304998	62	126	14	78	142	30	94	158	46	110	174	2064	1993	2141	2052	2047	2003	2051	2033	2018	2021	1983	2016
304998	62	126	14	78	142	30	94	158	46	110	174	2083	1980	2133	2071	2050	2017	2074	2022	2017	2020	1970	2008
304998	62	126	14	78	142	30	94	158	46	110	174	2055	2007	2133	2048	2020	1983	2045	2050	2001	2020	2004	2005
304998	62	126	14	78	142	30	94	158	46	110	174	2000	2049	2134	1993	1966	1950	1991	2102	1969	2017	2063	2017
304998	62	126	14	78	142	30	94	158	46	110	174	1959	2077	2131	1967	1940	1938	1959	2126	1957	2021	2087	2025
304998	62	126	14	78	142	30	94	158	46	110	174	1978	2063	2128	1976	1966	1953	1972	2103	1967	2021	2060	2016
304998	62	126	14	78	142	30	94	158	46	110	174	2035	2010	2131	2026	2017	1992	2028	2053	2005	2017	2004	2007
304998	62	126	14	78	142	30	94	158	46	110	174	2077	1973	2144	2070	2051	2012	2063	2018	2033	2018	1974	2001
304998	62	126	14	78	142	30	94	158	46	110	174	2076	1982	2147	2065	2048	1995	2061	2034	2014	2016	1987	2015
