304998	62	126	14	78	142	30	94	158	46	110	174	2063	2005	2129	2051	2032	1988	2052	2047	2007	2021	2003	2008
304998	62	126	14	78	142	30	94	158	46	110	174	2009	2041	2127	2000	1969	1966	1992	2094	1982	2020	2054	2026
304998	62	126	14	78	142	30	94	158	46	110	174	1966	2074	2126	1959	1944	1944	1962	2128	1961	2017	2082	2033
304998	62	126	14	78	142	30	94	158	46	110	174	1967	2065	2132	1971	1958	1955	1967	2118	1968	2020	2068	2016
304998	62	126	14	78	142	30	94	158	46	110	174	2013	2030	2133	2018	1998	1984	2015	2067	2001	2017	2026	2007
304998	62	126	14	78	142	30	94	158	46	110	174	2066	1994	2138	2058	2054	2004	2066	2024	2028	2016	1982	2006
304998	62	126	14	78	142	30	94	158	46	110	174	2077	1979	2135	2070	2051	2006	2068	2034	2021	2022	1979	2011
304998	62	126	14	78	142	30	94	158	46	110	174	2035	2017	2133	2030	2009	1980	2030	2070	1991	2017	2017	2015
304998	62	126	14	78	142	30	94	158	46	110	174	1982	2064	2134	1985	1952	1948	1978	2114	1966	2020	2073	2015
304998	62	126	14	78	142	30	94	158	46	110	174	1959	2081	2123	1963	1943	1944	1957	2123	1959	2021	2092	2025
304998	62	126	14	78	142	30	94	158	46	110	174	1990	2052	2126	1985	1979	1968	1991	2093	1986	2018	2053	2023
304998	62	126	14	78	142	30	94	158	46	110	174	2045	2002	2133	2037	2031	1996	2033	2050	2014	2017	1998	2008
304998	62	126	14	78	142	30	94	158	46	110	174	2080	1978	2145	2069	2059	2010	2080	2023	2025	2017	1970	1997
304998	62	126	14	78	142	30	94	158	46	110	174	2060	1992	2148	2057	2033	1991	2056	2038	2004	2021	1999	2010
304998	62	126	14	78	142	30	94	158	46	110	174	2005	2045	2132	2008	1984	1954	2006	2087	1985	2021	2044	2024
304998	62	126	14	78	142	30	94	158	46	110	174	1970	2078	2123	1966	1948	1939	1961	2124	1966	2020	2078	2025
304998	62	126	14	78	142	30	94	158	46	110	174	1972	2065	2121	1966	1950	1950	1965	2124	1969	2020	2072	2017
304998	62	126	14	78	142	30	94	158	46	110	174	2014	2022	2136	2009	1995	1989	2019	2077	1993	2020	2031	2011
304998	62	126	14	78	142	30	94	158	46	110	174	2064	1982	2147	2055	2051	2003	2057	2025	2020	2016	1984	2008
304998	62	126	14	78	142	30	94	158	46	110	174	2079	1986	2145	2076	2053	2000	2076	2019	2023	2021	1968	2010
304998	62	126	14	78	142	30	94	158	46	110	174	2045	2022	2135	2040	2011	1982	2036	2069	1999	2018	2006	2008
304998	62	126	14	78	142	30	94	158	46	110	174	1995	2062	2120	1986	1970	1950	1994	2112	1969	2021	2069	2017
304998	62	126	14	78	142	30	94	158	46	110	174	1964	2071	2125	1963	1931	1949	1959	2133	1955	2017	2090	2026
304998	62	126	14	78	142	30	94	158	46	110	174	1983	2046	2131	1986	1968	1961	1983	2096	1974	2018	2056	2020
304998	62	126	14	78	142	30	94	158	46	110	174	2039	2009	2144	2034	2013	1993	2032	2048	2011	2021	2002	2006
304998	62	126	14	78	142	30	94	158	46	110	174	2071	1980	2148	2073	2061	2002	2066	2023	2030	2019	1969	1997
304998	62	126	14	78	142	30	94	158	46	110	174	2070	1996	2135	2063	2040	1997	2064	2036	2006	2021	1991	2015
304998	62	126	14	78	142	30	94	158	46	110	174	2024	2035	2128	2013	1989	1965	2018	2088	1981	2019	2040	2023
304998	62	126	14	78	142	30	94	158	46	110	174	1974	2067	2129	1968	1950	1938	1968	2112	1958	2016	2074	2022
304998	62	126	14	78	142	30	94	158	46	110	174	1966	2068	2131	1968	1937	1954	1964	2123	1969	2020	2075	2015
304998	62	126	14	78	142	30	94	158	46	110	174	2005	2035	2142	2005	1996	1973	2008	2079	1992	2018	2041	2014
304998	62	126	14	78	142	30	94	158	46	110	174	2064	1993	2141	2052	2047	2003	2051	2033	2018	2021	1983	2016
304998	62	126	14	78	142	30	94	158	46	110	174	2083	1980	2133	2071	2050	2017	2074	2022	2017	2020	1970	2008
304998	62	126	14	78	142	30	94	158	46	110	174	2055	2007	2133	2048	2020	1983	2045	2050	2001	2020	2004	2005
304998	62	126	14	78	142	30	94	158	46	110	174	2000	2049	2134	1993	1966	1950	1991	2102	1969	2017	2063	2017
304998	62	126	14	78	142	30	94	158	46	110	174	1959	2077	2131	1967	1940	1938	1959	2126	1957	2021	2087	2025
304998	62	126	14	78	142	30	94	158	46	110	174	1978	2063	2128	1976	1966	1953	1972	2103	1967	2021	2060	2016
304998	62	126	14	78	142	30	94	158	46	110	174	2035	2010	2131	2026	2017	1992	2028	2053	2005	2017	2004	2007
304998	62	126	14	78	142	30	94	158	46	110	174	2077	1973	2144	2070	2051	2012	2063	2018	2033	2018	1974	2001
304998	62	126	14	78	142	30	94	158	46	110	174	2076	1982	2147	2065	2048	1995	2061	2034	2014	2016	1987	2015
304998	62	126	14	78	142	30	94	158	46	110	174	2025	2029	2138	2027	1992	1966	2030	2077	1980	2020	2029	2021
304998	62	126	14	78	142	30	94	158	46	110	174	1977	2072	2130	1977	1950	1938	1981	2120	1956	2020	2073	2021
304998	62	126	14	78	142	30	94	158	46	110	174	1969	2077	2121	1964	1950	1946	1964	2118	1957	2016	2082	2018
304998	62	126	14	78	142	30	94	158	46	110	174	2003	2031	2128	2001	1977	1976	1985	2083	1998	2019	2045	2014
304998	62	126	14	78	142	30	94	158	46	110	174	2049	1985	2149	2050	2035	2001	2042	2033	2020	2016	1986	2015
304998	62	126	14	78	142	30	94	158	46	110	174	2079	1975	2150	2071	2064	2009	2074	2020	2018	2020	1965	2005
304998	62	126	14	78	142	30	94	158	46	110	174	2053	2003	2142	2061	2023	1986	2049	2045	2001	2017	1999	2003
304998	62	126	14	78	142	30	94	158	46	110	174	2003	2051	2128	2001	1981	1953	2002	2090	1975	2020	2061	2014
304998	62	126	14	78	142	30	94	158	46	110	174	1966	2077	2122	1972	1926	1947	1954	2123	1956	2017	2085	2025
304998	62	126	14	78	142	30	94	158	46	110	174	1976	2055	2125	1978	1955	1950	1972	2104	1969	2018	2064	2023
304998	62	126	14	78	142	30	94	158	46	110	174	2028	2015	2141	2022	2016	1989	2020	2060	1999	2019	2009	2006
304998	62	126	14	78	142	30	94	158	46	110	174	2071	1981	2149	2070	2048	2011	2065	2019	2022	2021	1973	1997
304998	62	126	14	78	142	30	94	158	46	110	174	2076	1989	2139	2068	2054	2003	2072	2025	2022	2021	1978	2011
304998	62	126	14	78	142	30	94	158	46	110	174	2038	2028	2129	2032	2004	1976	2023	2070	1989	2018	2023	2018
304998	62	126	14	78	142	30	94	158	46	110	174	1986	2062	2123	1980	1952	1941	1974	2106	1957	2017	2069	2017
304998	62	126	14	78	142	30	94	158	46	110	174	1964	2068	2130	1965	1949	1936	1959	2120	1957	2022	2080	2017
304998	62	126	14	78	142	30	94	158	46	110	174	1998	2041	2139	1993	1979	1967	1993	2083	1982	2022	2050	2014
304998	62	126	14	78	142	30	94	158	46	110	174	2051	2001	2143	2049	2027	1997	2046	2040	2022	2020	1992	2011
304998	62	126	14	78	142	30	94	158	46	110	174	2085	1979	2144	2072	2058	2005	2071	2020	2024	2022	1965	2013
304998	62	126	14	78	142	30	94	158	46	110	174	2067	1991	2138	2054	2036	1993	2056	2038	2006	2022	1989	2010
304998	62	126	14	78	142	30	94	158	46	110	174	2008	2033	2134	2010	1981	1961	2001	2085	1971	2020	2046	2007
304998	62	126	14	78	142	30	94	158	46	110	174	1971	2072	2127	1972	1947	1935	1964	2119	1954	2021	2085	2026
304998	62	126	14	78	142	30	94	158	46	110	174	1973	2065	2132	1977	1945	1956	1970	2111	1968	2016	2070	2023
304998	62	126	14	78	142	30	94	158	46	110	174	2016	2024	2137	2018	2009	1976	2009	2064	1995	2020	2016	2010
304998	62	126	14	78	142	30	94	158	46	110	174	2071	1985	2134	2061	2052	2013	2075	2024	2022	2020	1968	1999
304998	62	126	14	78	142	30	94	158	46	110	174	2080	1974	2145	2076	2055	2005	2070	2018	2018	2020	1978	2001
304998	62	126	14	78	142	30	94	158	46	110	174	2043	2010	2132	2037	2006	1978	2043	2054	1998	2018	2016	2017
304998	62	126	14	78	142	30	94	158	46	110	174	1987	2056	2140	1992	1951	1950	1977	2107	1965	2022	2067	2024
304998	62	126	14	78	142	30	94	158	46	110	174	1961	2074	2127	1975	1940	1935	1958	2120	1954	2020	2080	2012
304998	62	126	14	78	142	30	94	158	46	110	174	1989	2048	2132	1994	1974	1960	1981	2089	1972	2016	2054	2011
304998	62	126	14	78	142	30	94	158	46	110	174	2045	2000	2136	2038	2033	1995	2039	2039	2008	2022	2001	2007
304998	62	126	14	78	142	30	94	158	46	110	174	2077	1967	2146	2072	2058	2010	2074	2012	2031	2021	1962	2013
304998	62	126	14	78	142	30	94	158	46	110	174	2068	1982	2144	2062	2045	1989	2058	2034	2013	2021	1982	2010
304998	62	126	14	78	142	30	94	158	46	110	174	2009	2031	2141	2017	1985	1956	2006	2081	1970	2021	2035	2011
304998	62	126	14	78	142	30	94	158	46	110	174	1970	2072	2128	1978	1947	1936	1964	2111	1950	2017	2082	2014
304998	62	126	14	78	142	30	94	158	46	110	174	1972	2070	2120	1974	1949	1949	1974	2116	1962	2022	2080	2022
304998	62	126	14	78	142	30	94	158	46	110	174	2018	2025	2129	2017	1997	1981	2021	2075	1998	2021	2025	2018
304998	62	126	14	78	142	30	94	158	46	110	174	2060	1976	2147	2061	2049	2001	2055	2023	2020	2020	1973	2006
304998	62	126	14	78	142	30	94	158	46	110	174	2083	1970	2151	2077	2054	2004	2080	2021	2023	2020	1968	1995
304998	62	126	14	78	142	30	94	158	46	110	174	2046	2006	2143	2045	2016	1984	2042	2049	1992	2018	2009	2010
304998	62	126	14	78	142	30	94	158	46	110	174	1996	2056	2122	1995	1965	1949	1997	2096	1960	2018	2066	2018
304998	62	126	14	78	142	30	94	158	46	110	174	1965	2066	2119	1971	1936	1938	1953	2120	1959	2021	2084	2029
304998	62	126	14	78	142	30	94	158	46	110	174	1982	2042	2131	1984	1971	1958	1971	2097	1973	2022	2058	2016
304998	62	126	14	78	142	30	94	158	46	110	174	2039	2000	2148	2040	2021	1993	2033	2048	2009	2018	2006	2006
304998	62	126	14	78	142	30	94	158	46	110	174	2077	1974	2155	2071	2063	2011	2075	2017	2020	2017	1967	1999
304998	62	126	14	78	142	30	94	158	46	110	174	2070	1988	2144	2068	2041	1995	2065	2026	2020	2020	1981	2015
304998	62	126	14	78	142	30	94	158	46	110	174	2022	2027	2129	2028	1994	1958	2014	2074	1983	2021	2033	2021
304998	62	126	14	78	142	30	94	158	46	110	174	1974	2061	2122	1977	1950	1937	1964	2114	1955	2021	2078	2020
304998	62	126	14	78	142	30	94	158	46	110	174	1964	2062	2131	1973	1950	1940	1961	2118	1956	2018	2079	2011
304998	62	126	14	78	142	30	94	158	46	110	174	2005	2029	2141	2005	1987	1969	2006	2077	1988	2018	2039	2017
304998	62	126	14	78	142	30	94	158	46	110	174	2058	1989	2148	2058	2038	2001	2050	2027	2018	2021	1983	2010
304998	62	126	14	78	142	30	94	158	46	110	174	2083	1974	2143	2082	2061	2003	2080	2019	2027	2017	1966	2011
304998	62	126	14	78	142	30	94	158	46	110	174	2055	1999	2138	2053	2025	1985	2046	2043	1999	2021	1995	2009
304998	62	126	14	78	142	30	94	158	46	110	174	2002	2045	2129	2005	1976	1947	1998	2097	1969	2016	2057	2011
304998	62	126	14	78	142	30	94	158	46	110	174	1965	2073	2136	1969	1937	1940	1956	2117	1950	2017	2091	2019
304998	62	126	14	78	142	30	94	158	46	110	174	1975	2055	2141	1984	1958	1948	1969	2096	1973	2016	2066	2020
304998	62	126	14	78	142	30	94	158	46	110	174	2026	2011	2141	2030	2021	1984	2022	2057	2006	2019	2006	2018
304998	62	126	14	78	142	30	94	158	46	110	174	2080	1973	2140	2069	2054	2013	2077	2016	2022	2020	1966	1997
304998	62	126	14	78	142	30	94	158	46	110	174	2075	1973	2148	2067	2050	1994	2071	2026	2016	2022	1976	1999
304998	62	126	14	78	142	30	94	158	46	110	174	2033	2018	2141	2028	2001	1967	2025	2063	1979	2020	2033	2015
304998	62	126	14	78	142	30	94	158	46	110	174	1979	2063	2136	1989	1950	1935	1969	2107	1964	2020	2075	2027
304998	62	126	14	78	142	30	94	158	46	110	174	1963	2071	2127	1970	1945	1939	1955	2119	1960	2022	2080	2023
304998	62	126	14	78	142	30	94	158	46	110	174	1998	2039	2126	2003	1983	1966	1995	2082	1986	2022	2036	2010
304998	62	126	14	78	142	30	94	158	46	110	174	2055	1986	2139	2050	2040	2004	2049	2035	2011	2017	1989	2001
304998	62	126	14	78	142	30	94	158	46	110	174	2080	1967	2148	2077	2061	2008	2074	2011	2022	2022	1968	2006
304998	62	126	14	78	142	30	94	158	46	110	174	2063	1996	2149	2065	2034	1984	2054	2041	2007	2018	1995	2016
304998	62	126	14	78	142	30	94	158	46	110	174	2001	2039	2140	2005	1982	1954	1997	2094	1975	2018	2048	2023
304998	62	126	14	78	142	30	94	158	46	110	174	1971	2075	2115	1973	1942	1940	1964	2122	1947	2017	2083	2019
304998	62	126	14	78	142	30	94	158	46	110	174	1971	2054	2129	1976	1953	1956	1978	2105	1964	2022	2071	2016
304998	62	126	14	78	142	30	94	158	46	110	174	2017	2005	2137	2023	2013	1978	2011	2057	1997	2019	2019	2011
304998	62	126	14	78	142	30	94	158	46	110	174	2075	1974	2152	2072	2054	2006	2080	2019	2026	2017	1970	2008
304998	62	126	14	78	142	30	94	158	46	110	174	2071	1979	2155	2074	2059	1998	2074	2022	2019	2021	1970	2002
304998	62	126	14	78	142	30	94	158	46	110	174	2040	2023	2131	2038	2013	1970	2047	2064	1982	2018	2014	2008
304998	62	126	14	78	142	30	94	158	46	110	174	1989	2061	2122	1985	1957	1947	1980	2107	1953	2021	2077	2020
304998	62	126	14	78	142	30	94	158	46	110	174	1957	2063	2129	1973	1940	1940	1956	2113	1957	2022	2084	2026
304998	62	126	14	78	142	30	94	158	46	110	174	1985	2031	2146	1997	1979	1965	1982	2087	1987	2021	2045	2024
304998	62	126	14	78	142	30	94	158	46	110	174	2040	1995	2158	2049	2037	1995	2043	2043	2013	2017	1993	2004
304998	62	126	14	78	142	30	94	158	46	110	174	2081	1979	2149	2074	2064	2009	2079	2019	2020	2021	1966	1996
304998	62	126	14	78	142	30	94	158	46	110	174	2070	1996	2139	2060	2039	1990	2073	2036	2001	2021	1999	2007
304998	62	126	14	78	142	30	94	158	46	110	174	2017	2033	2123	2013	1982	1952	2004	2084	1981	2017	2042	2028
304998	62	126	14	78	142	30	94	158	46	110	174	1971	2064	2130	1968	1946	1935	1962	2121	1958	2020	2081	2028
304998	62	126	14	78	142	30	94	158	46	110	174	1966	2056	2142	1972	1950	1953	1960	2113	1970	2018	2068	2015
304998	62	126	14	78	142	30	94	158	46	110	174	2017	2023	2138	2012	2008	1978	2021	2068	1988	2020	2027	2009
304998	62	126	14	78	142	30	94	158	46	110	174	2069	1984	2143	2066	2050	2005	2063	2022	2017	2021	1976	2005
304998	62	126	14	78	142	30	94	158	46	110	174	2081	1974	2140	2077	2060	2000	2083	2016	2021	2020	1966	2006
304998	62	126	14	78	142	30	94	158	46	110	174	2038	2005	2143	2042	2018	1974	2032	2055	1998	2016	2012	2017
304998	62	126	14	78	142	30	94	158	46	110	174	1991	2055	2133	1992	1964	1946	1996	2108	1963	2017	2065	2014
304998	62	126	14	78	142	30	94	158	46	110	174	1964	2075	2124	1967	1938	1940	1956	2125	1949	2020	2090	2027
304998	62	126	14	78	142	30	94	158	46	110	174	1983	2048	2125	1987	1974	1955	1985	2090	1974	2022	2057	2027
304998	62	126	14	78	142	30	94	158	46	110	174	2045	2001	2135	2039	2030	1989	2036	2044	2009	2022	1996	2011
304998	62	126	14	78	142	30	94	158	46	110	174	2079	1967	2152	2074	2068	2001	2078	2014	2024	2018	1961	1995
304998	62	126	14	78	142	30	94	158	46	110	174	2068	1991	2149	2066	2047	1994	2066	2036	2007	2020	1986	2006
304998	62	126	14	78	142	30	94	158	46	110	174	2021	2033	2140	2016	1992	1961	2026	2084	1973	2018	2040	2020
304998	62	126	14	78	142	30	94	158	46	110	174	1968	2068	2118	1968	1949	1940	1964	2117	1952	2018	2075	2029
304998	62	126	14	78	142	30	94	158	46	110	174	1969	2068	2118	1969	1951	1942	1964	2120	1974	2018	2071	2023
304998	62	126	14	78	142	30	94	158	46	110	174	2014	2025	2135	2008	1999	1974	2006	2077	1991	2017	2028	2011
304998	62	126	14	78	142	30	94	158	46	110	174	2063	1988	2153	2059	2054	2003	2065	2031	2014	2020	1985	2003
304998	62	126	14	78	142	30	94	158	46	110	174	2077	1977	2157	2078	2066	1999	2090	2013	2014	2021	1965	2003
304998	62	126	14	78	142	30	94	158	46	110	174	2054	2017	2134	2045	2026	1979	2051	2047	2001	2021	2001	2014
304998	62	126	14	78	142	30	94	158	46	110	174	1999	2052	2115	1996	1966	1949	1999	2105	1975	2022	2055	2018
304998	62	126	14	78	142	30	94	158	46	110	174	1966	2064	2118	1965	1945	1943	1953	2126	1955	2017	2087	2023
304998	62	126	14	78	142	30	94	158	46	110	174	1986	2048	2129	1979	1971	1961	1982	2103	1971	2021	2065	2021
304998	62	126	14	78	142	30	94	158	46	110	174	2037	2008	2152	2032	2025	1993	2036	2052	1995	2021	2003	2010
304998	62	126	14	78	142	30	94	158	46	110	174	2077	1985	2153	2073	2066	2001	2072	2016	2024	2021	1967	1996
304998	62	126	14	78	142	30	94	158	46	110	174	2075	1990	2138	2068	2054	1984	2083	2033	2010	2022	1983	1999
304998	62	126	14	78	142	30	94	158	46	110	174	2031	2025	2124	2024	2002	1967	2021	2076	1981	2020	2031	2019
304998	62	126	14	78	142	30	94	158	46	110	174	1980	2064	2123	1969	1955	1942	1974	2119	1960	2016	2072	2028
304998	62	126	14	78	142	30	94	158	46	110	174	1964	2072	2129	1959	1951	1950	1971	2123	1962	2020	2074	2021
304998	62	126	14	78	142	30	94	158	46	110	174	2001	2037	2136	2000	1991	1965	1995	2082	1993	2019	2039	2011
304998	62	126	14	78	142	30	94	158	46	110	174	2059	1994	2144	2054	2049	1996	2064	2037	2014	2020	1993	2011
304998	62	126	14	78	142	30	94	158	46	110	174	2089	1978	2148	2080	2068	1997	2090	2022	2012	2021	1964	2002
304998	62	126	14	78	142	30	94	158	46	110	174	2060	1998	2143	2049	2031	1980	2054	2047	1992	2022	1998	2007
304998	62	126	14	78	142	30	94	158	46	110	174	2005	2049	2126	1999	1971	1953	2013	2103	1976	2016	2051	2015
304998	62	126	14	78	142	30	94	158	46	110	174	1961	2074	2120	1958	1940	1939	1958	2129	1961	2021	2086	2027
304998	62	126	14	78	142	30	94	158	46	110	174	1973	2063	2122	1970	1959	1952	1969	2112	1968	2017	2063	2030
304998	62	126	14	78	142	30	94	158	46	110	174	2031	2015	2140	2023	2016	1982	2033	2058	1994	2021	2008	2010
304998	62	126	14	78	142	30	94	158	46	110	174	2073	1978	2156	2070	2066	2003	2067	2015	2017	2018	1964	1994
304998	62	126	14	78	142	30	94	158	46	110	174	2079	1985	2153	2072	2060	1996	2073	2027	2016	2018	1978	1999
304998	62	126	14	78	142	30	94	158	46	110	174	2026	2021	2147	2030	1999	1969	2030	2068	1984	2018	2022	2020
304998	62	126	14	78	142	30	94	158	46	110	174	1982	2068	2118	1975	1952	1941	1970	2115	1957	2018	2068	2025
