304998	62	126	14	78	142	30	94	158	46	110	174	1971	2068	2113	1952	1929	1951	1964	2126	1969	2021	2085	2028
304998	62	126	14	78	142	30	94	158	46	110	174	1993	2042	2129	1984	1973	1957	1978	2100	1979	2017	2055	2024
304998	62	126	14	78	142	30	94	158	46	110	174	2047	2004	2153	2042	2031	1987	2041	2048	2004	2019	1994	2003
304998	62	126	14	78	142	30	94	158	46	110	174	2077	1981	2166	2081	2070	1998	2097	2017	2015	2021	1966	1987
304998	62	126	14	78	142	30	94	158	46	110	174	2063	1998	2150	2069	2054	1991	2075	2028	2000	2019	1982	1993
304998	62	126	14	78	142	30	94	158	46	110	174	2019	2036	2124	2016	1980	1972	2012	2078	1986	2022	2038	2019
304998	62	126	14	78	142	30	94	158	46	110	174	1971	2061	2110	1965	1935	1949	1960	2126	1965	2020	2078	2037
304998	62	126	14	78	142	30	94	158	46	110	174	1971	2058	2121	1958	1947	1949	1961	2126	1969	2016	2072	2032
304998	62	126	14	78	142	30	94	158	46	110	174	2009	2024	2148	2008	1987	1979	2003	2074	1984	2021	2026	2007
304998	62	126	14	78	142	30	94	158	46	110	174	2060	1994	2155	2057	2065	1995	2066	2021	2013	2016	1986	1993
304998	62	126	14	78	142	30	94	158	46	110	174	2083	1987	2155	2082	2060	2000	2092	2014	2015	2020	1969	1996
304998	62	126	14	78	142	30	94	158	46	110	174	2052	2009	2134	2048	2027	1974	2048	2056	1993	2021	2005	2015
304998	62	126	14	78	142	30	94	158	46	110	174	2003	2050	2117	1987	1964	1947	1999	2107	1974	2017	2058	2026
304998	62	126	14	78	142	30	94	158	46	110	174	1963	2070	2120	1954	1936	1950	1958	2130	1959	2017	2085	2026
304998	62	126	14	78	142	30	94	158	46	110	174	1981	2052	2131	1975	1972	1958	1969	2102	1984	2016	2059	2024
304998	62	126	14	78	142	30	94	158	46	110	174	2035	2009	2152	2033	2024	1988	2030	2048	2001	2016	2007	2007
304998	62	126	14	78	142	30	94	158	46	110	174	2079	1983	2150	2088	2057	1996	2086	2015	2011	2021	1966	1988
304998	62	126	14	78	142	30	94	158	46	110	174	2075	1984	2150	2071	2062	1983	2076	2024	2001	2021	1978	1990
304998	62	126	14	78	142	30	94	158	46	110	174	2021	2022	2130	2023	1999	1973	2019	2067	1987	2020	2031	2018
304998	62	126	14	78	142	30	94	158	46	110	174	1978	2063	2120	1969	1943	1951	1965	2122	1971	2021	2074	2040
304998	62	126	14	78	142	30	94	158	46	110	174	1964	2069	2118	1951	1938	1953	1951	2131	1968	2017	2073	2035
304998	62	126	14	78	142	30	94	158	46	110	174	2009	2033	2127	2007	1975	1975	2005	2082	1984	2016	2030	2006
304998	62	126	14	78	142	30	94	158	46	110	174	2054	1991	2157	2057	2054	1983	2064	2023	2006	2018	1991	1991
304998	62	126	14	78	142	30	94	158	46	110	174	2079	1977	2168	2083	2071	1995	2083	2010	2021	2017	1968	1999
304998	62	126	14	78	142	30	94	158	46	110	174	2056	2002	2155	2057	2031	1980	2064	2047	1995	2022	1998	2011
304998	62	126	14	78	142	30	94	158	46	110	174	1999	2047	2125	1992	1972	1962	1992	2101	1972	2016	2050	2028
304998	62	126	14	78	142	30	94	158	46	110	174	1965	2070	2105	1954	1931	1950	1947	2131	1962	2018	2080	2032
304998	62	126	14	78	142	30	94	158	46	110	174	1982	2048	2123	1975	1956	1953	1969	2105	1977	2021	2071	2025
304998	62	126	14	78	142	30	94	158	46	110	174	2024	2008	2148	2026	2022	1977	2023	2058	2003	2020	2015	2009
304998	62	126	14	78	142	30	94	158	46	110	174	2074	1981	2168	2081	2058	2000	2088	2019	2016	2016	1966	1994
304998	62	126	14	78	142	30	94	158	46	110	174	2067	1986	2164	2077	2062	1989	2084	2018	2009	2017	1975	1987
304998	62	126	14	78	142	30	94	158	46	110	174	2032	2028	2126	2031	2005	1970	2023	2067	1980	2020	2029	2008
304998	62	126	14	78	142	30	94	158	46	110	174	1986	2057	2109	1976	1940	1946	1979	2120	1975	2015	2072	2034
304998	62	126	14	78	142	30	94	158	46	110	174	1963	2059	2123	1955	1937	1952	1942	2129	1972	2020	2078	2043
304998	62	126	14	78	142	30	94	158	46	110	174	2002	2037	2134	1999	1976	1976	1995	2093	1983	2017	2040	2013
304998	62	126	14	78	142	30	94	158	46	110	174	2049	2001	2162	2049	2046	1993	2055	2033	2005	2020	1994	1991
304998	62	126	14	78	142	30	94	158	46	110	174	2070	1980	2161	2085	2073	1999	2086	2002	2012	2022	1971	1991
304998	62	126	14	78	142	30	94	158	46	110	174	2059	2003	2139	2063	2039	1982	2063	2039	2005	2018	1999	2009
304998	62	126	14	78	142	30	94	158	46	110	174	2003	2028	2128	2001	1980	1958	1997	2095	1981	2020	2043	2029
304998	62	126	14	78	142	30	94	158	46	110	174	1973	2065	2115	1960	1931	1955	1958	2131	1961	2021	2078	2032
304998	62	126	14	78	142	30	94	158	46	110	174	1975	2057	2129	1970	1942	1960	1960	2118	1968	2017	2074	2023
304998	62	126	14	78	142	30	94	158	46	110	174	2013	2024	2139	2019	2012	1975	2012	2062	2000	2018	2020	2013
304998	62	126	14	78	142	30	94	158	46	110	174	2070	1985	2158	2073	2066	1991	2081	2015	2011	2022	1978	2000
304998	62	126	14	78	142	30	94	158	46	110	174	2078	1983	2155	2080	2068	1990	2082	2017	2009	2017	1973	1986
304998	62	126	14	78	142	30	94	158	46	110	174	2040	2017	2138	2036	2013	1970	2043	2060	1988	2017	2016	2010
304998	62	126	14	78	142	30	94	158	46	110	174	1988	2058	2122	1978	1950	1956	1971	2115	1972	2020	2073	2036
304998	62	126	14	78	142	30	94	158	46	110	174	1963	2071	2114	1952	1935	1950	1941	2131	1974	2022	2085	2042
304998	62	126	14	78	142	30	94	158	46	110	174	1998	2047	2122	1987	1972	1966	1983	2096	1985	2022	2048	2020
304998	62	126	14	78	142	30	94	158	46	110	174	2045	1997	2150	2048	2038	1986	2041	2039	2004	2020	1995	1990
304998	62	126	14	78	142	30	94	158	46	110	174	2075	1972	2162	2083	2078	1995	2087	2007	2007	2017	1977	1981
304998	62	126	14	78	142	30	94	158	46	110	174	2065	1993	2156	2065	2048	1986	2086	2028	2008	2017	1991	2004
304998	62	126	14	78	142	30	94	158	46	110	174	2010	2034	2127	2010	1985	1963	2007	2088	1979	2019	2040	2028
304998	62	126	14	78	142	30	94	158	46	110	174	1974	2073	2101	1964	1935	1945	1965	2134	1964	2023	2074	2033
304998	62	126	14	78	142	30	94	158	46	110	174	1973	2057	2116	1966	1939	1958	1955	2120	1968	2018	2073	2025
304998	62	126	14	78	142	30	94	158	46	110	174	2009	2014	2142	2010	2003	1978	2000	2064	1998	2020	2029	2016
304998	62	126	14	78	142	30	94	158	46	110	174	2063	1985	2170	2067	2062	1999	2078	2016	2018	2021	1983	1999
304998	62	126	14	78	142	30	94	158	46	110	174	2073	1984	2170	2082	2068	1990	2085	2009	2007	2021	1967	1995
304998	62	126	14	78	142	30	94	158	46	110	174	2046	2016	2129	2045	2021	1969	2051	2055	1985	2020	2011	2009
304998	62	126	14	78	142	30	94	158	46	110	174	1992	2046	2110	1989	1955	1955	1973	2109	1967	2021	2066	2029
304998	62	126	14	78	142	30	94	158	46	110	174	1970	2065	2105	1954	1933	1946	1942	2126	1970	2020	2085	2045
304998	62	126	14	78	142	30	94	158	46	110	174	1989	2047	2128	1977	1970	1968	1972	2100	1980	2019	2052	2029
304998	62	126	14	78	142	30	94	158	46	110	174	2035	2007	2158	2039	2031	1979	2041	2043	1998	2017	2000	1995
304998	62	126	14	78	142	30	94	158	46	110	174	2077	1985	2157	2082	2073	1990	2087	2006	2008	2020	1973	1984
304998	62	126	14	78	142	30	94	158	46	110	174	2062	1983	2148	2073	2057	1983	2072	2017	2003	2019	1990	1997
304998	62	126	14	78	142	30	94	158	46	110	174	2024	2027	2123	2018	1995	1969	2020	2075	1984	2021	2037	2027
304998	62	126	14	78	142	30	94	158	46	110	174	1974	2061	2117	1966	1935	1956	1953	2129	1968	2018	2072	2042
304998	62	126	14	78	142	30	94	158	46	110	174	1973	2064	2117	1961	1934	1958	1945	2123	1971	2020	2070	2028
304998	62	126	14	78	142	30	94	158	46	110	174	2008	2032	2138	2003	1996	1967	1997	2074	1985	2021	2036	2011
304998	62	126	14	78	142	30	94	158	46	110	174	2061	1992	2149	2061	2061	1987	2062	2015	2009	2017	1991	1998
304998	62	126	14	78	142	30	94	158	46	110	174	2078	1975	2161	2090	2074	1989	2088	2010	2015	2020	1974	1990
304998	62	126	14	78	142	30	94	158	46	110	174	2048	2008	2145	2054	2031	1978	2052	2050	1993	2021	2001	2004
304998	62	126	14	78	142	30	94	158	46	110	174	1996	2046	2123	1992	1953	1963	1987	2105	1975	2021	2056	2023
304998	62	126	14	78	142	30	94	158	46	110	174	1963	2067	2110	1953	1932	1950	1943	2128	1966	2017	2087	2039
304998	62	126	14	78	142	30	94	158	46	110	174	1986	2052	2112	1970	1955	1962	1959	2101	1988	2017	2060	2030
304998	62	126	14	78	142	30	94	158	46	110	174	2033	2008	2145	2034	2024	1983	2024	2048	2003	2017	2006	2003
304998	62	126	14	78	142	30	94	158	46	110	174	2070	1980	2166	2078	2069	1987	2078	2009	2007	2018	1967	1982
304998	62	126	14	78	142	30	94	158	46	110	174	2070	1987	2162	2076	2054	1983	2075	2018	2003	2019	1987	1989
304998	62	126	14	78	142	30	94	158	46	110	174	2027	2029	2136	2027	2000	1965	2024	2071	1986	2018	2032	2021
304998	62	126	14	78	142	30	94	158	46	110	174	1982	2068	2101	1969	1938	1953	1960	2119	1973	2017	2071	2044
304998	62	126	14	78	142	30	94	158	46	110	174	1972	2065	2101	1957	1935	1955	1943	2129	1970	2018	2073	2034
304998	62	126	14	78	142	30	94	158	46	110	174	2004	2033	2132	1997	1988	1970	1989	2083	1986	2020	2041	2007
304998	62	126	14	78	142	30	94	158	46	110	174	2048	1990	2163	2059	2044	1991	2056	2022	2003	2018	1997	1992
304998	62	126	14	78	142	30	94	158	46	110	174	2077	1984	2172	2089	2073	1986	2084	1998	2013	2019	1972	1993
304998	62	126	14	78	142	30	94	158	46	110	174	2056	2005	2148	2061	2037	1973	2056	2039	1998	2020	1996	2010
304998	62	126	14	78	142	30	94	158	46	110	174	2005	2042	2111	2004	1965	1970	1995	2107	1975	2022	2049	2028
304998	62	126	14	78	142	30	94	158	46	110	174	1974	2063	2101	1955	1935	1953	1947	2131	1969	2021	2082	2032
304998	62	126	14	78	142	30	94	158	46	110	174	1976	2051	2120	1967	1954	1963	1960	2109	1975	2017	2067	2031
304998	62	126	14	78	142	30	94	158	46	110	174	2026	2016	2152	2025	2021	1977	2031	2052	2003	2021	2017	2011
304998	62	126	14	78	142	30	94	158	46	110	174	2061	1985	2175	2075	2072	1987	2075	2015	2016	2022	1971	1989
304998	62	126	14	78	142	30	94	158	46	110	174	2075	1992	2150	2084	2067	1988	2082	2015	2007	2018	1978	1988
304998	62	126	14	78	142	30	94	158	46	110	174	2038	2017	2126	2038	1997	1971	2028	2061	1985	2017	2028	2010
304998	62	126	14	78	142	30	94	158	46	110	174	1981	2050	2114	1975	1948	1957	1965	2113	1970	2021	2072	2046
304998	62	126	14	78	142	30	94	158	46	110	174	1971	2065	2112	1955	1924	1956	1939	2126	1971	2021	2076	2042
304998	62	126	14	78	142	30	94	158	46	110	174	1996	2040	2138	1994	1979	1967	1978	2088	1987	2020	2042	2020
304998	62	126	14	78	142	30	94	158	46	110	174	2052	2004	2150	2050	2050	1985	2056	2038	2001	2021	1992	1985
304998	62	126	14	78	142	30	94	158	46	110	174	2080	1981	2153	2084	2076	1990	2094	2008	2006	2017	1974	1985
304998	62	126	14	78	142	30	94	158	46	110	174	2061	1997	2145	2065	2043	1978	2064	2032	1999	2018	2002	2003
304998	62	126	14	78	142	30	94	158	46	110	174	2013	2037	2125	2005	1979	1963	2003	2090	1987	2020	2044	2027
304998	62	126	14	78	142	30	94	158	46	110	174	1973	2070	2112	1963	1930	1955	1948	2138	1967	2018	2076	2040
304998	62	126	14	78	142	30	94	158	46	110	174	1976	2063	2115	1966	1946	1958	1955	2119	1976	2021	2068	2023
304998	62	126	14	78	142	30	94	158	46	110	174	2022	2022	2133	2014	2008	1977	2009	2062	1984	2018	2027	2011
304998	62	126	14	78	142	30	94	158	46	110	174	2070	1983	2155	2070	2067	1990	2071	2009	2011	2020	1983	1991
304998	62	126	14	78	142	30	94	158	46	110	174	2076	1987	2162	2086	2065	1985	2084	2011	2011	2022	1970	1996
304998	62	126	14	78	142	30	94	158	46	110	174	2043	2015	2144	2043	2014	1969	2043	2059	1992	2020	2016	2005
304998	62	126	14	78	142	30	94	158	46	110	174	1991	2060	2113	1983	1953	1956	1975	2116	1968	2017	2069	2030
304998	62	126	14	78	142	30	94	158	46	110	174	1972	2074	2101	1955	1932	1956	1940	2136	1971	2022	2082	2041
304998	62	126	14	78	142	30	94	158	46	110	174	1992	2038	2120	1985	1968	1975	1981	2096	1980	2017	2050	2024
304998	62	126	14	78	142	30	94	158	46	110	174	2036	2000	2158	2044	2038	1979	2039	2039	2006	2021	1993	1996
304998	62	126	14	78	142	30	94	158	46	110	174	2077	1982	2167	2085	2075	1987	2090	2007	2007	2021	1974	1974
304998	62	126	14	78	142	30	94	158	46	110	174	2063	1999	2163	2071	2051	1977	2089	2028	1999	2021	1997	1998
304998	62	126	14	78	142	30	94	158	46	110	174	2017	2035	2124	2013	1990	1965	2008	2086	1982	2021	2042	2028
304998	62	126	14	78	142	30	94	158	46	110	174	1978	2064	2096	1962	1929	1963	1965	2128	1979	2021	2074	2044
304998	62	126	14	78	142	30	94	158	46	110	174	1975	2056	2116	1962	1936	1965	1943	2127	1983	2016	2069	2029
304998	62	126	14	78	142	30	94	158	46	110	174	2013	2023	2143	2008	2000	1973	2006	2073	1992	2021	2031	2002
304998	62	126	14	78	142	30	94	158	46	110	174	2060	1993	2175	2068	2060	1984	2077	2019	2003	2019	1985	1993
304998	62	126	14	78	142	30	94	158	46	110	174	2072	1989	2170	2085	2075	1984	2089	2005	2004	2019	1974	1993
304998	62	126	14	78	142	30	94	158	46	110	174	2047	2021	2138	2050	2022	1977	2050	2048	1994	2016	2008	2013
304998	62	126	14	78	142	30	94	158	46	110	174	2000	2048	2112	1994	1953	1966	1980	2107	1983	2020	2054	2028
304998	62	126	14	78	142	30	94	158	46	110	174	1968	2060	2103	1950	1927	1955	1943	2130	1966	2019	2080	2041
304998	62	126	14	78	142	30	94	158	46	110	174	1988	2042	2126	1977	1966	1965	1976	2103	1981	2021	2058	2029
304998	62	126	14	78	142	30	94	158	46	110	174	2038	2009	2156	2039	2031	1984	2039	2045	1997	2022	2007	2006
304998	62	126	14	78	142	30	94	158	46	110	174	2074	1987	2166	2083	2074	1986	2083	2006	2014	2016	1967	1984
304998	62	126	14	78	142	30	94	158	46	110	174	2071	1996	2147	2072	2060	1986	2089	2025	1996	2022	1982	1990
304998	62	126	14	78	142	30	94	158	46	110	174	2025	2029	2122	2021	1991	1965	2023	2082	1982	2018	2040	2023
304998	62	126	14	78	142	30	94	158	46	110	174	1982	2057	2110	1967	1937	1954	1966	2128	1970	2020	2077	2041
304998	62	126	14	78	142	30	94	158	46	110	174	1970	2058	2118	1963	1933	1961	1951	2125	1981	2018	2072	2039
304998	62	126	14	78	142	30	94	158	46	110	174	2008	2033	2138	2004	1992	1973	2008	2083	1996	2017	2029	2012
304998	62	126	14	78	142	30	94	158	46	110	174	2055	2001	2151	2061	2055	1985	2068	2032	2003	2019	1987	1983
304998	62	126	14	78	142	30	94	158	46	110	174	2078	1982	2157	2086	2071	1985	2102	2014	2005	2021	1977	1988
304998	62	126	14	78	142	30	94	158	46	110	174	2050	2003	2141	2055	2029	1972	2057	2041	1989	2019	2005	2010
304998	62	126	14	78	142	30	94	158	46	110	174	2005	2044	2122	1992	1969	1961	1996	2098	1983	2018	2046	2031
304998	62	126	14	78	142	30	94	158	46	110	174	1970	2063	2110	1960	1928	1960	1952	2131	1975	2016	2075	2034
304998	62	126	14	78	142	30	94	158	46	110	174	1984	2053	2123	1975	1963	1963	1960	2113	1980	2021	2061	2021
304998	62	126	14	78	142	30	94	158	46	110	174	2032	2011	2146	2031	2016	1979	2028	2051	1992	2020	2013	2008
304998	62	126	14	78	142	30	94	158	46	110	174	2068	1980	2166	2077	2071	1982	2081	2006	2007	2020	1974	1989
304998	62	126	14	78	142	30	94	158	46	110	174	2074	1991	2156	2079	2065	1977	2091	2021	2008	2022	1976	1991
304998	62	126	14	78	142	30	94	158	46	110	174	2033	2020	2135	2031	2005	1970	2030	2076	1986	2018	2025	2013
304998	62	126	14	78	142	30	94	158	46	110	174	1984	2063	2110	1967	1950	1956	1965	2124	1969	2019	2074	2040
304998	62	126	14	78	142	30	94	158	46	110	174	1971	2068	2106	1954	1937	1962	1956	2132	1970	2018	2076	2042
304998	62	126	14	78	142	30	94	158	46	110	174	2006	2033	2125	1999	1978	1967	1988	2085	1991	2019	2040	2019
304998	62	126	14	78	142	30	94	158	46	110	174	2048	1992	2157	2058	2051	1980	2060	2035	2006	2020	1988	1987
304998	62	126	14	78	142	30	94	158	46	110	174	2078	1983	2165	2085	2073	1981	2096	2010	2004	2019	1974	1981
304998	62	126	14	78	142	30	94	158	46	110	174	2052	2005	2152	2061	2032	1985	2068	2043	1992	2020	2002	2005
304998	62	126	14	78	142	30	94	158	46	110	174	2009	2046	2118	1997	1979	1969	2012	2091	1987	2022	2045	2036
304998	62	126	14	78	142	30	94	158	46	110	174	1969	2064	2103	1954	1931	1955	1950	2133	1977	2020	2069	2034
304998	62	126	14	78	142	30	94	158	46	110	174	1986	2049	2115	1968	1951	1961	1958	2122	1984	2018	2064	2024
304998	62	126	14	78	142	30	94	158	46	110	174	2025	2014	2146	2026	2017	1974	2028	2061	1996	2018	2022	2012
304998	62	126	14	78	142	30	94	158	46	110	174	2065	1987	2173	2078	2059	1994	2081	2013	1996	2016	1979	1996
304998	62	126	14	78	142	30	94	158	46	110	174	2071	1991	2168	2082	2067	1986	2086	2012	2005	2020	1975	1992
304998	62	126	14	78	142	30	94	158	46	110	174	2032	2020	2136	2030	2014	1967	2033	2060	1995	2022	2015	2012
304998	62	126	14	78	142	30	94	158	46	110	174	1990	2053	2106	1979	1948	1961	1972	2120	1972	2018	2070	2041
304998	62	126	14	78	142	30	94	158	46	110	174	1971	2055	2109	1956	1938	1957	1949	2130	1973	2022	2079	2040
304998	62	126	14	78	142	30	94	158	46	110	174	1997	2040	2129	1988	1982	1972	1992	2091	1988	2017	2043	2021
304998	62	126	14	78	142	30	94	158	46	110	174	2045	2004	2159	2048	2044	1987	2053	2040	2003	2018	1993	1991
304998	62	126	14	78	142	30	94	158	46	110	174	2076	1991	2167	2083	2076	1986	2092	2016	2006	2022	1977	1984
304998	62	126	14	78	142	30	94	158	46	110	174	2064	2005	2144	2065	2045	1978	2066	2035	1994	2021	1994	2006
304998	62	126	14	78	142	30	94	158	46	110	174	2019	2036	2118	2007	1988	1965	2016	2092	1977	2022	2039	2028
304998	62	126	14	78	142	30	94	158	46	110	174	1967	2055	2114	1956	1938	1959	1952	2129	1981	2016	2071	2036
304998	62	126	14	78	142	30	94	158	46	110	174	1980	2054	2119	1963	1949	1963	1970	2119	1988	2022	2066	2025
304998	62	126	14	78	142	30	94	158	46	110	174	2021	2030	2152	2010	2010	1975	2019	2070	1992	2021	2031	2013
