304998	62	126	14	78	142	30	94	158	46	110	174	1963	2067	2110	1953	1932	1950	1943	2128	1966	2017	2087	2039
304998	62	126	14	78	142	30	94	158	46	110	174	1986	2052	2112	1970	1955	1962	1959	2101	1988	2017	2060	2030
304998	62	126	14	78	142	30	94	158	46	110	174	2033	2008	2145	2034	2024	1983	2024	2048	2003	2017	2006	2003
304998	62	126	14	78	142	30	94	158	46	110	174	2070	1980	2166	2078	2069	1987	2078	2009	2007	2018	1967	1982
304998	62	126	14	78	142	30	94	158	46	110	174	2070	1987	2162	2076	2054	1983	2075	2018	2003	2019	1987	1989
304998	62	126	14	78	142	30	94	158	46	110	174	2027	2029	2136	2027	2000	1965	2024	2071	1986	2018	2032	2021
304998	62	126	14	78	142	30	94	158	46	110	174	1982	2068	2101	1969	1938	1953	1960	2119	1973	2017	2071	2044
304998	62	126	14	78	142	30	94	158	46	110	174	1972	2065	2101	1957	1935	1955	1943	2129	1970	2018	2073	2034
304998	62	126	14	78	142	30	94	158	46	110	174	2004	2033	2132	1997	1988	1970	1989	2083	1986	2020	2041	2007
304998	62	126	14	78	142	30	94	158	46	110	174	2048	1990	2163	2059	2044	1991	2056	2022	2003	2018	1997	1992
304998	62	126	14	78	142	30	94	158	46	110	174	2077	1984	2172	2089	2073	1986	2084	1998	2013	2019	1972	1993
304998	62	126	14	78	142	30	94	158	46	110	174	2056	2005	2148	2061	2037	1973	2056	2039	1998	2020	1996	2010
304998	62	126	14	78	142	30	94	158	46	110	174	2005	2042	2111	2004	1965	1970	1995	2107	1975	2022	2049	2028
304998	62	126	14	78	142	30	94	158	46	110	174	1974	2063	2101	1955	1935	1953	1947	2131	1969	2021	2082	2032
304998	62	126	14	78	142	30	94	158	46	110	174	1976	2051	2120	1967	1954	1963	1960	2109	1975	2017	2067	2031
304998	62	126	14	78	142	30	94	158	46	110	174	2026	2016	2152	2025	2021	1977	2031	2052	2003	2021	2017	2011
304998	62	126	14	78	142	30	94	158	46	110	174	2061	1985	2175	2075	2072	1987	2075	2015	2016	2022	1971	1989
304998	62	126	14	78	142	30	94	158	46	110	174	2075	1992	2150	2084	2067	1988	2082	2015	2007	2018	1978	1988
304998	62	126	14	78	142	30	94	158	46	110	174	2038	2017	2126	2038	1997	1971	2028	2061	1985	2017	2028	2010
304998	62	126	14	78	142	30	94	158	46	110	174	1981	2050	2114	1975	1948	1957	1965	2113	1970	2021	2072	2046
304998	62	126	14	78	142	30	94	158	46	110	174	1971	2065	2112	1955	1924	1956	1939	2126	1971	2021	2076	2042
304998	62	126	14	78	142	30	94	158	46	110	174	1996	2040	2138	1994	1979	1967	1978	2088	1987	2020	2042	2020
304998	62	126	14	78	142	30	94	158	46	110	174	2052	2004	2150	2050	2050	1985	2056	2038	2001	2021	1992	1985
304998	62	126	14	78	142	30	94	158	46	110	174	2080	1981	2153	2084	2076	1990	2094	2008	2006	2017	1974	1985
304998	62	126	14	78	142	30	94	158	46	110	174	2061	1997	2145	2065	2043	1978	2064	2032	1999	2018	2002	2003
304998	62	126	14	78	142	30	94	158	46	110	174	2013	2037	2125	2005	1979	1963	2003	2090	1987	2020	2044	2027
304998	62	126	14	78	142	30	94	158	46	110	174	1973	2070	2112	1963	1930	1955	1948	2138	1967	2018	2076	2040
304998	62	126	14	78	142	30	94	158	46	110	174	1976	2063	2115	1966	1946	1958	1955	2119	1976	2021	2068	2023
304998	62	126	14	78	142	30	94	158	46	110	174	2022	2022	2133	2014	2008	1977	2009	2062	1984	2018	2027	2011
304998	62	126	14	78	142	30	94	158	46	110	174	2070	1983	2155	2070	2067	1990	2071	2009	2011	2020	1983	1991
304998	62	126	14	78	142	30	94	158	46	110	174	2076	1987	2162	2086	2065	1985	2084	2011	2011	2022	1970	1996
304998	62	126	14	78	142	30	94	158	46	110	174	2043	2015	2144	2043	2014	1969	2043	2059	1992	2020	2016	2005
304998	62	126	14	78	142	30	94	158	46	110	174	1991	2060	2113	1983	1953	1956	1975	2116	1968	2017	2069	2030
304998	62	126	14	78	142	30	94	158	46	110	174	1972	2074	2101	1955	1932	1956	1940	2136	1971	2022	2082	2041
304998	62	126	14	78	142	30	94	158	46	110	174	1992	2038	2120	1985	1968	1975	1981	2096	1980	2017	2050	2024
304998	62	126	14	78	142	30	94	158	46	110	174	2036	2000	2158	2044	2038	1979	2039	2039	2006	2021	1993	1996
304998	62	126	14	78	142	30	94	158	46	110	174	2077	1982	2167	2085	2075	1987	2090	2007	2007	2021	1974	1974
304998	62	126	14	78	142	30	94	158	46	110	174	2063	1999	2163	2071	2051	1977	2089	2028	1999	2021	1997	1998
304998	62	126	14	78	142	30	94	158	46	110	174	2017	2035	2124	2013	1990	1965	2008	2086	1982	2021	2042	2028
304998	62	126	14	78	142	30	94	158	46	110	174	1978	2064	2096	1962	1929	1963	1965	2128	1979	2021	2074	2044
304998	62	126	14	78	142	30	94	158	46	110	174	1975	2056	2116	1962	1936	1965	1943	2127	1983	2016	2069	2029
304998	62	126	14	78	142	30	94	158	46	110	174	2013	2023	2143	2008	2000	1973	2006	2073	1992	2021	2031	2002
304998	62	126	14	78	142	30	94	158	46	110	174	2060	1993	2175	2068	2060	1984	2077	2019	2003	2019	1985	1993
304998	62	126	14	78	142	30	94	158	46	110	174	2072	1989	2170	2085	2075	1984	2089	2005	2004	2019	1974	1993
304998	62	126	14	78	142	30	94	158	46	110	174	2047	2021	2138	2050	2022	1977	2050	2048	1994	2016	2008	2013
304998	62	126	14	78	142	30	94	158	46	110	174	2000	2048	2112	1994	1953	1966	1980	2107	1983	2020	2054	2028
304998	62	126	14	78	142	30	94	158	46	110	174	1968	2060	2103	1950	1927	1955	1943	2130	1966	2019	2080	2041
304998	62	126	14	78	142	30	94	158	46	110	174	1988	2042	2126	1977	1966	1965	1976	2103	1981	2021	2058	2029
304998	62	126	14	78	142	30	94	158	46	110	174	2038	2009	2156	2039	2031	1984	2039	2045	1997	2022	2007	2006
304998	62	126	14	78	142	30	94	158	46	110	174	2074	1987	2166	2083	2074	1986	2083	2006	2014	2016	1967	1984
304998	62	126	14	78	142	30	94	158	46	110	174	2071	1996	2147	2072	2060	1986	2089	2025	1996	2022	1982	1990
304998	62	126	14	78	142	30	94	158	46	110	174	2025	2029	2122	2021	1991	1965	2023	2082	1982	2018	2040	2023
304998	62	126	14	78	142	30	94	158	46	110	174	1982	2057	2110	1967	1937	1954	1966	2128	1970	2020	2077	2041
304998	62	126	14	78	142	30	94	158	46	110	174	1970	2058	2118	1963	1933	1961	1951	2125	1981	2018	2072	2039
304998	62	126	14	78	142	30	94	158	46	110	174	2008	2033	2138	2004	1992	1973	2008	2083	1996	2017	2029	2012
304998	62	126	14	78	142	30	94	158	46	110	174	2055	2001	2151	2061	2055	1985	2068	2032	2003	2019	1987	1983
304998	62	126	14	78	142	30	94	158	46	110	174	2078	1982	2157	2086	2071	1985	2102	2014	2005	2021	1977	1988
304998	62	126	14	78	142	30	94	158	46	110	174	2050	2003	2141	2055	2029	1972	2057	2041	1989	2019	2005	2010
304998	62	126	14	78	142	30	94	158	46	110	174	2005	2044	2122	1992	1969	1961	1996	2098	1983	2018	2046	2031
304998	62	126	14	78	142	30	94	158	46	110	174	1970	2063	2110	1960	1928	1960	1952	2131	1975	2016	2075	2034
304998	62	126	14	78	142	30	94	158	46	110	174	1984	2053	2123	1975	1963	1963	1960	2113	1980	2021	2061	2021
304998	62	126	14	78	142	30	94	158	46	110	174	2032	2011	2146	2031	2016	1979	2028	2051	1992	2020	2013	2008
304998	62	126	14	78	142	30	94	158	46	110	174	2068	1980	2166	2077	2071	1982	2081	2006	2007	2020	1974	1989
304998	62	126	14	78	142	30	94	158	46	110	174	2074	1991	2156	2079	2065	1977	2091	2021	2008	2022	1976	1991
304998	62	126	14	78	142	30	94	158	46	110	174	2033	2020	2135	2031	2005	1970	2030	2076	1986	2018	2025	2013
304998	62	126	14	78	142	30	94	158	46	110	174	1984	2063	2110	1967	1950	1956	1965	2124	1969	2019	2074	2040
304998	62	126	14	78	142	30	94	158	46	110	174	1971	2068	2106	1954	1937	1962	1956	2132	1970	2018	2076	2042
304998	62	126	14	78	142	30	94	158	46	110	174	2006	2033	2125	1999	1978	1967	1988	2085	1991	2019	2040	2019
304998	62	126	14	78	142	30	94	158	46	110	174	2048	1992	2157	2058	2051	1980	2060	2035	2006	2020	1988	1987
304998	62	126	14	78	142	30	94	158	46	110	174	2078	1983	2165	2085	2073	1981	2096	2010	2004	2019	1974	1981
304998	62	126	14	78	142	30	94	158	46	110	174	2052	2005	2152	2061	2032	1985	2068	2043	1992	2020	2002	2005
304998	62	126	14	78	142	30	94	158	46	110	174	2009	2046	2118	1997	1979	1969	2012	2091	1987	2022	2045	2036
304998	62	126	14	78	142	30	94	158	46	110	174	1969	2064	2103	1954	1931	1955	1950	2133	1977	2020	2069	2034
304998	62	126	14	78	142	30	94	158	46	110	174	1986	2049	2115	1968	1951	1961	1958	2122	1984	2018	2064	2024
304998	62	126	14	78	142	30	94	158	46	110	174	2025	2014	2146	2026	2017	1974	2028	2061	1996	2018	2022	2012
304998	62	126	14	78	142	30	94	158	46	110	174	2065	1987	2173	2078	2059	1994	2081	2013	1996	2016	1979	1996
304998	62	126	14	78	142	30	94	158	46	110	174	2071	1991	2168	2082	2067	1986	2086	2012	2005	2020	1975	1992
304998	62	126	14	78	142	30	94	158	46	110	174	2032	2020	2136	2030	2014	1967	2033	2060	1995	2022	2015	2012
304998	62	126	14	78	142	30	94	158	46	110	174	1990	2053	2106	1979	1948	1961	1972	2120	1972	2018	2070	2041
304998	62	126	14	78	142	30	94	158	46	110	174	1971	2055	2109	1956	1938	1957	1949	2130	1973	2022	2079	2040
304998	62	126	14	78	142	30	94	158	46	110	174	1997	2040	2129	1988	1982	1972	1992	2091	1988	2017	2043	2021
304998	62	126	14	78	142	30	94	158	46	110	174	2045	2004	2159	2048	2044	1987	2053	2040	2003	2018	1993	1991
304998	62	126	14	78	142	30	94	158	46	110	174	2076	1991	2167	2083	2076	1986	2092	2016	2006	2022	1977	1984
304998	62	126	14	78	142	30	94	158	46	110	174	2064	2005	2144	2065	2045	1978	2066	2035	1994	2021	1994	2006
304998	62	126	14	78	142	30	94	158	46	110	174	2019	2036	2118	2007	1988	1965	2016	2092	1977	2022	2039	2028
304998	62	126	14	78	142	30	94	158	46	110	174	1967	2055	2114	1956	1938	1959	1952	2129	1981	2016	2071	2036
304998	62	126	14	78	142	30	94	158	46	110	174	1980	2054	2119	1963	1949	1963	1970	2119	1988	2022	2066	2025
304998	62	126	14	78	142	30	94	158	46	110	174	2021	2030	2152	2010	2010	1975	2019	2070	1992	2021	2031	2013
304998	62	126	14	78	142	30	94	158	46	110	174	2064	1999	2155	2069	2063	1977	2067	2023	1999	2016	1981	1995
304998	62	126	14	78	142	30	94	158	46	110	174	2076	1987	2157	2086	2069	1986	2094	2013	2002	2022	1973	1987
304998	62	126	14	78	142	30	94	158	46	110	174	2040	2012	2138	2045	2021	1970	2043	2053	1996	2017	2010	2006
304998	62	126	14	78	142	30	94	158	46	110	174	1996	2047	2118	1981	1959	1963	1981	2117	1988	2021	2064	2032
304998	62	126	14	78	142	30	94	158	46	110	174	1970	2066	2114	1952	1937	1964	1954	2134	1976	2022	2079	2047
304998	62	126	14	78	142	30	94	158	46	110	174	1991	2046	2126	1978	1970	1969	1972	2100	1983	2021	2047	2024
304998	62	126	14	78	142	30	94	158	46	110	174	2035	2005	2151	2037	2035	1973	2039	2039	2002	2021	2000	1991
304998	62	126	14	78	142	30	94	158	46	110	174	2074	1986	2158	2082	2077	1976	2099	2018	2009	2016	1982	1983
304998	62	126	14	78	142	30	94	158	46	110	174	2054	1996	2156	2069	2058	1976	2069	2029	1996	2017	1991	2006
304998	62	126	14	78	142	30	94	158	46	110	174	2021	2032	2128	2013	1991	1974	2018	2087	1983	2020	2033	2029
304998	62	126	14	78	142	30	94	158	46	110	174	1972	2060	2116	1961	1937	1968	1954	2124	1976	2020	2068	2033
304998	62	126	14	78	142	30	94	158	46	110	174	1972	2062	2105	1956	1942	1963	1955	2123	1983	2019	2069	2027
304998	62	126	14	78	142	30	94	158	46	110	174	2013	2025	2135	2008	1992	1970	1996	2079	1996	2016	2033	2014
304998	62	126	14	78	142	30	94	158	46	110	174	2052	1991	2163	2063	2064	1974	2061	2026	1997	2020	1985	1997
304998	62	126	14	78	142	30	94	158	46	110	174	2074	1986	2168	2082	2070	1980	2092	2010	1998	2020	1973	1991
304998	62	126	14	78	142	30	94	158	46	110	174	2046	2016	2148	2048	2028	1976	2049	2053	1996	2021	2011	1997
304998	62	126	14	78	142	30	94	158	46	110	174	1998	2052	2110	1991	1964	1963	1993	2107	1989	2020	2060	2029
304998	62	126	14	78	142	30	94	158	46	110	174	1974	2063	2096	1953	1934	1965	1951	2133	1971	2020	2075	2047
304998	62	126	14	78	142	30	94	158	46	110	174	1989	2043	2125	1973	1959	1972	1975	2108	1981	2020	2050	2030
304998	62	126	14	78	142	30	94	158	46	110	174	2029	2012	2153	2030	2026	1973	2039	2048	1991	2016	2008	1997
304998	62	126	14	78	142	30	94	158	46	110	174	2069	1996	2167	2081	2066	1984	2087	2015	2003	2020	1977	1985
304998	62	126	14	78	142	30	94	158	46	110	174	2057	2001	2153	2071	2059	1976	2079	2026	1999	2017	1990	1999
304998	62	126	14	78	142	30	94	158	46	110	174	2031	2031	2122	2021	1995	1970	2031	2074	1985	2017	2027	2022
304998	62	126	14	78	142	30	94	158	46	110	174	1983	2052	2112	1964	1937	1962	1961	2125	1975	2020	2064	2034
304998	62	126	14	78	142	30	94	158	46	110	174	1974	2054	2119	1954	1943	1967	1946	2123	1987	2020	2072	2037
304998	62	126	14	78	142	30	94	158	46	110	174	2002	2034	2143	1998	1978	1982	1991	2084	1994	2022	2037	2022
304998	62	126	14	78	142	30	94	158	46	110	174	2048	2005	2165	2051	2050	1977	2060	2034	1994	2020	1986	1997
304998	62	126	14	78	142	30	94	158	46	110	174	2073	1990	2159	2082	2069	1977	2088	2012	1996	2021	1969	1983
304998	62	126	14	78	142	30	94	158	46	110	174	2054	2005	2136	2054	2034	1976	2074	2043	1986	2021	2002	1997
304998	62	126	14	78	142	30	94	158	46	110	174	2004	2036	2128	1996	1971	1969	1995	2095	1989	2020	2054	2034
304998	62	126	14	78	142	30	94	158	46	110	174	1975	2064	2112	1956	1928	1968	1952	2134	1981	2021	2075	2047
304998	62	126	14	78	142	30	94	158	46	110	174	1985	2052	2127	1970	1952	1973	1977	2112	1984	2022	2058	2028
304998	62	126	14	78	142	30	94	158	46	110	174	2022	2019	2142	2026	2011	1979	2024	2059	1989	2020	2012	1997
304998	62	126	14	78	142	30	94	158	46	110	174	2065	1989	2156	2077	2061	1981	2088	2015	2002	2021	1985	1985
304998	62	126	14	78	142	30	94	158	46	110	174	2066	1985	2162	2077	2064	1975	2086	2018	1999	2020	1987	2001
304998	62	126	14	78	142	30	94	158	46	110	174	2027	2024	2142	2028	2010	1974	2033	2069	1985	2021	2020	2015
304998	62	126	14	78	142	30	94	158	46	110	174	1988	2054	2108	1977	1942	1967	1973	2123	1979	2021	2060	2031
304998	62	126	14	78	142	30	94	158	46	110	174	1972	2065	2105	1956	1934	1965	1957	2127	1980	2020	2075	2037
304998	62	126	14	78	142	30	94	158	46	110	174	2001	2033	2126	1998	1968	1973	1988	2088	1995	2016	2047	2023
304998	62	126	14	78	142	30	94	158	46	110	174	2048	1996	2155	2051	2041	1974	2054	2039	1999	2021	1993	1994
304998	62	126	14	78	142	30	94	158	46	110	174	2067	1988	2170	2081	2074	1984	2091	2010	1997	2018	1972	1980
304998	62	126	14	78	142	30	94	158	46	110	174	2056	2008	2151	2064	2040	1977	2071	2035	1989	2020	1997	1995
304998	62	126	14	78	142	30	94	158	46	110	174	2009	2041	2120	2004	1975	1969	2005	2092	1990	2022	2048	2034
304998	62	126	14	78	142	30	94	158	46	110	174	1979	2060	2100	1962	1929	1970	1957	2136	1986	2018	2076	2048
304998	62	126	14	78	142	30	94	158	46	110	174	1984	2046	2116	1973	1942	1963	1969	2121	1981	2021	2056	2029
304998	62	126	14	78	142	30	94	158	46	110	174	2014	2017	2148	2018	2008	1978	2015	2065	1990	2021	2017	1999
304998	62	126	14	78	142	30	94	158	46	110	174	2059	1993	2173	2074	2056	1985	2079	2017	2000	2016	1989	1988
304998	62	126	14	78	142	30	94	158	46	110	174	2071	1992	2158	2084	2067	1977	2094	2015	2005	2021	1981	1999
304998	62	126	14	78	142	30	94	158	46	110	174	2040	2016	2129	2037	2013	1972	2039	2065	1988	2022	2016	2016
304998	62	126	14	78	142	30	94	158	46	110	174	1996	2046	2115	1991	1947	1967	1981	2117	1979	2019	2054	2029
304998	62	126	14	78	142	30	94	158	46	110	174	1973	2059	2109	1955	1937	1964	1950	2130	1979	2018	2075	2040
304998	62	126	14	78	142	30	94	158	46	110	174	1994	2043	2132	1992	1962	1982	1999	2094	1995	2020	2048	2025
304998	62	126	14	78	142	30	94	158	46	110	174	2035	2012	2153	2045	2035	1977	2049	2042	1994	2020	2001	1997
304998	62	126	14	78	142	30	94	158	46	110	174	2070	1986	2159	2084	2072	1979	2091	2012	1994	2017	1972	1984
304998	62	126	14	78	142	30	94	158	46	110	174	2064	1990	2151	2074	2042	1975	2087	2035	1992	2017	1993	1995
304998	62	126	14	78	142	30	94	158	46	110	174	2013	2030	2128	2015	1989	1967	2021	2085	1986	2017	2047	2025
304998	62	126	14	78	142	30	94	158	46	110	174	1978	2060	2112	1976	1916	1976	1966	2129	1984	2018	2070	2044
304998	62	126	14	78	142	30	94	158	46	110	174	1979	2060	2109	1968	1929	1978	1956	2127	1979	2018	2064	2034
304998	62	126	14	78	142	30	94	158	46	110	174	2018	2030	2128	2024	1980	1980	2018	2071	1988	2018	2025	2004
304998	62	126	14	78	142	30	94	158	46	110	174	2060	1986	2162	2078	2051	1986	2068	2013	1996	2022	1986	1985
304998	62	126	14	78	142	30	94	158	46	110	174	2069	1984	2169	2082	2069	1984	2089	2009	2004	2022	1983	1989
304998	62	126	14	78	142	30	94	158	46	110	174	2043	2010	2148	2045	2021	1976	2044	2056	1994	2016	2009	2014
304998	62	126	14	78	142	30	94	158	46	110	174	1999	2052	2118	1987	1962	1967	1982	2108	1975	2018	2053	2029
304998	62	126	14	78	142	30	94	158	46	110	174	1974	2064	2102	1959	1936	1960	1953	2130	1976	2016	2080	2034
304998	62	126	14	78	142	30	94	158	46	110	174	1994	2039	2123	1980	1974	1967	1989	2101	1992	2017	2055	2026
304998	62	126	14	78	142	30	94	158	46	110	174	2036	2001	2158	2036	2036	1975	2033	2048	1998	2020	2003	2009
304998	62	126	14	78	142	30	94	158	46	110	174	2071	1985	2175	2076	2075	1983	2089	2011	1993	2017	1971	1986
304998	62	126	14	78	142	30	94	158	46	110	174	2065	1998	2164	2071	2051	1975	2086	2031	1990	2021	1984	1986
304998	62	126	14	78	142	30	94	158	46	110	174	2029	2037	2121	2018	1995	1961	2015	2078	1983	2021	2034	2019
304998	62	126	14	78	142	30	94	158	46	110	174	1987	2057	2105	1976	1934	1969	1978	2131	1983	2020	2072	2044
304998	62	126	14	78	142	30	94	158	46	110	174	1969	2045	2123	1960	1947	1963	1952	2123	1982	2016	2068	2034
304998	62	126	14	78	142	30	94	158	46	110	174	2005	2026	2142	2000	1996	1972	2007	2076	1986	2022	2027	2003
