304998	62	126	14	78	142	30	94	158	46	110	174	2054	1996	2156	2069	2058	1976	2069	2029	1996	2017	1991	2006
304998	62	126	14	78	142	30	94	158	46	110	174	2021	2032	2128	2013	1991	1974	2018	2087	1983	2020	2033	2029
304998	62	126	14	78	142	30	94	158	46	110	174	1972	2060	2116	1961	1937	1968	1954	2124	1976	2020	2068	2033
304998	62	126	14	78	142	30	94	158	46	110	174	1972	2062	2105	1956	1942	1963	1955	2123	1983	2019	2069	2027
304998	62	126	14	78	142	30	94	158	46	110	174	2013	2025	2135	2008	1992	1970	1996	2079	1996	2016	2033	2014
304998	62	126	14	78	142	30	94	158	46	110	174	2052	1991	2163	2063	2064	1974	2061	2026	1997	2020	1985	1997
304998	62	126	14	78	142	30	94	158	46	110	174	2074	1986	2168	2082	2070	1980	2092	2010	1998	2020	1973	1991
304998	62	126	14	78	142	30	94	158	46	110	174	2046	2016	2148	2048	2028	1976	2049	2053	1996	2021	2011	1997
304998	62	126	14	78	142	30	94	158	46	110	174	1998	2052	2110	1991	1964	1963	1993	2107	1989	2020	2060	2029
304998	62	126	14	78	142	30	94	158	46	110	174	1974	2063	2096	1953	1934	1965	1951	2133	1971	2020	2075	2047
304998	62	126	14	78	142	30	94	158	46	110	174	1989	2043	2125	1973	1959	1972	1975	2108	1981	2020	2050	2030
304998	62	126	14	78	142	30	94	158	46	110	174	2029	2012	2153	2030	2026	1973	2039	2048	1991	2016	2008	1997
304998	62	126	14	78	142	30	94	158	46	110	174	2069	1996	2167	2081	2066	1984	2087	2015	2003	2020	1977	1985
304998	62	126	14	78	142	30	94	158	46	110	174	2057	2001	2153	2071	2059	1976	2079	2026	1999	2017	1990	1999
304998	62	126	14	78	142	30	94	158	46	110	174	2031	2031	2122	2021	1995	1970	2031	2074	1985	2017	2027	2022
304998	62	126	14	78	142	30	94	158	46	110	174	1983	2052	2112	1964	1937	1962	1961	2125	1975	2020	2064	2034
304998	62	126	14	78	142	30	94	158	46	110	174	1974	2054	2119	1954	1943	1967	1946	2123	1987	2020	2072	2037
304998	62	126	14	78	142	30	94	158	46	110	174	2002	2034	2143	1998	1978	1982	1991	2084	1994	2022	2037	2022
304998	62	126	14	78	142	30	94	158	46	110	174	2048	2005	2165	2051	2050	1977	2060	2034	1994	2020	1986	1997
304998	62	126	14	78	142	30	94	158	46	110	174	2073	1990	2159	2082	2069	1977	2088	2012	1996	2021	1969	1983
304998	62	126	14	78	142	30	94	158	46	110	174	2054	2005	2136	2054	2034	1976	2074	2043	1986	2021	2002	1997
304998	62	126	14	78	142	30	94	158	46	110	174	2004	2036	2128	1996	1971	1969	1995	2095	1989	2020	2054	2034
304998	62	126	14	78	142	30	94	158	46	110	174	1975	2064	2112	1956	1928	1968	1952	2134	1981	2021	2075	2047
304998	62	126	14	78	142	30	94	158	46	110	174	1985	2052	2127	1970	1952	1973	1977	2112	1984	2022	2058	2028
304998	62	126	14	78	142	30	94	158	46	110	174	2022	2019	2142	2026	2011	1979	2024	2059	1989	2020	2012	1997
304998	62	126	14	78	142	30	94	158	46	110	174	2065	1989	2156	2077	2061	1981	2088	2015	2002	2021	1985	1985
304998	62	126	14	78	142	30	94	158	46	110	174	2066	1985	2162	2077	2064	1975	2086	2018	1999	2020	1987	2001
304998	62	126	14	78	142	30	94	158	46	110	174	2027	2024	2142	2028	2010	1974	2033	2069	1985	2021	2020	2015
304998	62	126	14	78	142	30	94	158	46	110	174	1988	2054	2108	1977	1942	1967	1973	2123	1979	2021	2060	2031
304998	62	126	14	78	142	30	94	158	46	110	174	1972	2065	2105	1956	1934	1965	1957	2127	1980	2020	2075	2037
304998	62	126	14	78	142	30	94	158	46	110	174	2001	2033	2126	1998	1968	1973	1988	2088	1995	2016	2047	2023
304998	62	126	14	78	142	30	94	158	46	110	174	2048	1996	2155	2051	2041	1974	2054	2039	1999	2021	1993	1994
304998	62	126	14	78	142	30	94	158	46	110	174	2067	1988	2170	2081	2074	1984	2091	2010	1997	2018	1972	1980
304998	62	126	14	78	142	30	94	158	46	110	174	2056	2008	2151	2064	2040	1977	2071	2035	1989	2020	1997	1995
304998	62	126	14	78	142	30	94	158	46	110	174	2009	2041	2120	2004	1975	1969	2005	2092	1990	2022	2048	2034
304998	62	126	14	78	142	30	94	158	46	110	174	1979	2060	2100	1962	1929	1970	1957	2136	1986	2018	2076	2048
304998	62	126	14	78	142	30	94	158	46	110	174	1984	2046	2116	1973	1942	1963	1969	2121	1981	2021	2056	2029
304998	62	126	14	78	142	30	94	158	46	110	174	2014	2017	2148	2018	2008	1978	2015	2065	1990	2021	2017	1999
304998	62	126	14	78	142	30	94	158	46	110	174	2059	1993	2173	2074	2056	1985	2079	2017	2000	2016	1989	1988
304998	62	126	14	78	142	30	94	158	46	110	174	2071	1992	2158	2084	2067	1977	2094	2015	2005	2021	1981	1999
304998	62	126	14	78	142	30	94	158	46	110	174	2040	2016	2129	2037	2013	1972	2039	2065	1988	2022	2016	2016
304998	62	126	14	78	142	30	94	158	46	110	174	1996	2046	2115	1991	1947	1967	1981	2117	1979	2019	2054	2029
304998	62	126	14	78	142	30	94	158	46	110	174	1973	2059	2109	1955	1937	1964	1950	2130	1979	2018	2075	2040
304998	62	126	14	78	142	30	94	158	46	110	174	1994	2043	2132	1992	1962	1982	1999	2094	1995	2020	2048	2025
304998	62	126	14	78	142	30	94	158	46	110	174	2035	2012	2153	2045	2035	1977	2049	2042	1994	2020	2001	1997
304998	62	126	14	78	142	30	94	158	46	110	174	2070	1986	2159	2084	2072	1979	2091	2012	1994	2017	1972	1984
304998	62	126	14	78	142	30	94	158	46	110	174	2064	1990	2151	2074	2042	1975	2087	2035	1992	2017	1993	1995
304998	62	126	14	78	142	30	94	158	46	110	174	2013	2030	2128	2015	1989	1967	2021	2085	1986	2017	2047	2025
304998	62	126	14	78	142	30	94	158	46	110	174	1978	2060	2112	1976	1916	1976	1966	2129	1984	2018	2070	2044
304998	62	126	14	78	142	30	94	158	46	110	174	1979	2060	2109	1968	1929	1978	1956	2127	1979	2018	2064	2034
304998	62	126	14	78	142	30	94	158	46	110	174	2018	2030	2128	2024	1980	1980	2018	2071	1988	2018	2025	2004
304998	62	126	14	78	142	30	94	158	46	110	174	2060	1986	2162	2078	2051	1986	2068	2013	1996	2022	1986	1985
304998	62	126	14	78	142	30	94	158	46	110	174	2069	1984	2169	2082	2069	1984	2089	2009	2004	2022	1983	1989
304998	62	126	14	78	142	30	94	158	46	110	174	2043	2010	2148	2045	2021	1976	2044	2056	1994	2016	2009	2014
304998	62	126	14	78	142	30	94	158	46	110	174	1999	2052	2118	1987	1962	1967	1982	2108	1975	2018	2053	2029
304998	62	126	14	78	142	30	94	158	46	110	174	1974	2064	2102	1959	1936	1960	1953	2130	1976	2016	2080	2034
304998	62	126	14	78	142	30	94	158	46	110	174	1994	2039	2123	1980	1974	1967	1989	2101	1992	2017	2055	2026
304998	62	126	14	78	142	30	94	158	46	110	174	2036	2001	2158	2036	2036	1975	2033	2048	1998	2020	2003	2009
304998	62	126	14	78	142	30	94	158	46	110	174	2071	1985	2175	2076	2075	1983	2089	2011	1993	2017	1971	1986
304998	62	126	14	78	142	30	94	158	46	110	174	2065	1998	2164	2071	2051	1975	2086	2031	1990	2021	1984	1986
304998	62	126	14	78	142	30	94	158	46	110	174	2029	2037	2121	2018	1995	1961	2015	2078	1983	2021	2034	2019
304998	62	126	14	78	142	30	94	158	46	110	174	1987	2057	2105	1976	1934	1969	1978	2131	1983	2020	2072	2044
304998	62	126	14	78	142	30	94	158	46	110	174	1969	2045	2123	1960	1947	1963	1952	2123	1982	2016	2068	2034
304998	62	126	14	78	142	30	94	158	46	110	174	2005	2026	2142	2000	1996	1972	2007	2076	1986	2022	2027	2003
304998	62	126	14	78	142	30	94	158	46	110	174	2049	1992	2174	2068	2052	1981	2066	2019	1997	2020	1995	1987
304998	62	126	14	78	142	30	94	158	46	110	174	2073	1995	2156	2084	2071	1979	2086	2017	2001	2018	1980	1996
304998	62	126	14	78	142	30	94	158	46	110	174	2048	2003	2141	2059	2024	1977	2049	2047	1996	2017	2008	2011
304998	62	126	14	78	142	30	94	158	46	110	174	2004	2034	2118	1995	1964	1967	1992	2100	1986	2017	2049	2025
304998	62	126	14	78	142	30	94	158	46	110	174	1978	2059	2112	1959	1935	1969	1966	2128	1979	2020	2076	2034
304998	62	126	14	78	142	30	94	158	46	110	174	1987	2045	2125	1980	1959	1967	1971	2106	1992	2017	2060	2030
304998	62	126	14	78	142	30	94	158	46	110	174	2031	2017	2143	2034	2024	1976	2034	2057	1990	2021	2011	2008
304998	62	126	14	78	142	30	94	158	46	110	174	2067	1988	2158	2083	2063	1984	2085	2015	1996	2017	1975	1989
304998	62	126	14	78	142	30	94	158	46	110	174	2067	1986	2156	2077	2060	1979	2084	2019	1994	2019	1983	1988
304998	62	126	14	78	142	30	94	158	46	110	174	2032	2020	2137	2027	1998	1972	2037	2064	1999	2021	2026	2016
304998	62	126	14	78	142	30	94	158	46	110	174	1984	2049	2123	1976	1938	1967	1968	2121	1983	2021	2069	2040
304998	62	126	14	78	142	30	94	158	46	110	174	1981	2063	2107	1961	1938	1965	1966	2127	1975	2018	2070	2039
304998	62	126	14	78	142	30	94	158	46	110	174	2005	2027	2131	1998	1985	1975	1990	2082	1987	2020	2032	2009
304998	62	126	14	78	142	30	94	158	46	110	174	2049	1994	2156	2057	2036	1985	2055	2024	2001	2022	1996	1985
304998	62	126	14	78	142	30	94	158	46	110	174	2070	1983	2169	2084	2069	1980	2093	2006	2002	2020	1985	1991
304998	62	126	14	78	142	30	94	158	46	110	174	2053	2004	2151	2064	2028	1976	2072	2044	1990	2016	2001	2012
304998	62	126	14	78	142	30	94	158	46	110	174	2007	2044	2124	2003	1976	1967	2002	2096	1982	2020	2042	2031
304998	62	126	14	78	142	30	94	158	46	110	174	1984	2060	2101	1962	1938	1965	1955	2124	1981	2017	2073	2034
304998	62	126	14	78	142	30	94	158	46	110	174	1990	2042	2125	1971	1952	1969	1976	2115	1984	2017	2063	2026
304998	62	126	14	78	142	30	94	158	46	110	174	2021	2013	2146	2024	2015	1974	2021	2062	1985	2017	2016	2013
304998	62	126	14	78	142	30	94	158	46	110	174	2064	1988	2168	2078	2066	1973	2085	2017	1993	2020	1977	1989
304998	62	126	14	78	142	30	94	158	46	110	174	2059	1991	2165	2083	2069	1979	2083	2009	1994	2021	1978	1984
304998	62	126	14	78	142	30	94	158	46	110	174	2037	2018	2127	2038	2015	1973	2047	2068	1989	2020	2023	2013
304998	62	126	14	78	142	30	94	158	46	110	174	1991	2043	2109	1983	1946	1967	1973	2119	1985	2016	2066	2040
304998	62	126	14	78	142	30	94	158	46	110	174	1976	2058	2108	1959	1939	1962	1963	2133	1981	2019	2072	2039
304998	62	126	14	78	142	30	94	158	46	110	174	1995	2033	2143	1996	1975	1968	1985	2085	1983	2020	2037	2019
304998	62	126	14	78	142	30	94	158	46	110	174	2041	2002	2159	2048	2042	1979	2046	2030	1998	2018	1996	1985
304998	62	126	14	78	142	30	94	158	46	110	174	2072	1986	2154	2085	2072	1984	2087	2010	1997	2021	1980	1981
304998	62	126	14	78	142	30	94	158	46	110	174	2060	1995	2144	2065	2040	1977	2066	2035	1992	2020	1997	2008
304998	62	126	14	78	142	30	94	158	46	110	174	2010	2033	2136	2010	1984	1968	2006	2088	1984	2021	2042	2029
304998	62	126	14	78	142	30	94	158	46	110	174	1979	2058	2114	1968	1935	1967	1969	2131	1985	2020	2067	2036
304998	62	126	14	78	142	30	94	158	46	110	174	1977	2056	2124	1971	1940	1967	1961	2123	1983	2021	2066	2028
304998	62	126	14	78	142	30	94	158	46	110	174	2020	2024	2138	2016	2006	1975	2019	2064	1987	2020	2027	2011
304998	62	126	14	78	142	30	94	158	46	110	174	2054	1984	2164	2071	2051	1981	2078	2014	1994	2020	1985	1992
304998	62	126	14	78	142	30	94	158	46	110	174	2063	1977	2178	2082	2073	1973	2079	2006	2004	2021	1976	1989
304998	62	126	14	78	142	30	94	158	46	110	174	2039	2016	2144	2048	2010	1974	2045	2056	1995	2018	2016	2002
304998	62	126	14	78	142	30	94	158	46	110	174	1987	2049	2116	1988	1958	1967	1972	2106	1979	2020	2059	2036
304998	62	126	14	78	142	30	94	158	46	110	174	1977	2063	2103	1956	1929	1970	1955	2129	1979	2019	2078	2049
304998	62	126	14	78	142	30	94	158	46	110	174	1993	2032	2132	1987	1965	1966	1974	2091	1990	2020	2046	2025
304998	62	126	14	78	142	30	94	158	46	110	174	2042	2001	2153	2046	2036	1970	2046	2041	1997	2017	2000	1998
304998	62	126	14	78	142	30	94	158	46	110	174	2073	1986	2167	2082	2073	1982	2088	2006	1995	2017	1982	1979
304998	62	126	14	78	142	30	94	158	46	110	174	2058	2005	2156	2074	2049	1977	2073	2025	1988	2016	1997	2000
304998	62	126	14	78	142	30	94	158	46	110	174	2020	2031	2120	2016	1981	1972	2013	2077	1984	2018	2033	2029
304998	62	126	14	78	142	30	94	158	46	110	174	1977	2048	2110	1966	1934	1967	1954	2125	1989	2016	2066	2038
304998	62	126	14	78	142	30	94	158	46	110	174	1979	2048	2119	1964	1946	1963	1952	2123	1986	2022	2064	2025
304998	62	126	14	78	142	30	94	158	46	110	174	2013	2024	2152	2007	1999	1975	2006	2073	1988	2016	2034	2009
304998	62	126	14	78	142	30	94	158	46	110	174	2050	1997	2161	2065	2058	1975	2067	2018	1994	2021	1992	1994
304998	62	126	14	78	142	30	94	158	46	110	174	2069	1984	2155	2085	2069	1978	2090	2008	2002	2021	1977	1986
304998	62	126	14	78	142	30	94	158	46	110	174	2041	2003	2143	2052	2022	1972	2042	2047	1995	2016	2007	2004
304998	62	126	14	78	142	30	94	158	46	110	174	2002	2041	2119	1990	1969	1966	2004	2109	1984	2017	2061	2030
304998	62	126	14	78	142	30	94	158	46	110	174	1972	2059	2117	1956	1931	1968	1943	2131	1982	2018	2076	2041
304998	62	126	14	78	142	30	94	158	46	110	174	1987	2046	2124	1981	1968	1968	1971	2105	1987	2020	2053	2040
304998	62	126	14	78	142	30	94	158	46	110	174	2029	2010	2152	2034	2023	1974	2025	2044	1997	2021	2006	1995
304998	62	126	14	78	142	30	94	158	46	110	174	2072	1985	2157	2088	2059	1978	2086	2007	1994	2018	1981	1976
304998	62	126	14	78	142	30	94	158	46	110	174	2063	1993	2165	2076	2055	1971	2084	2022	1991	2022	1998	1996
304998	62	126	14	78	142	30	94	158	46	110	174	2018	2025	2136	2026	1993	1978	2016	2066	1987	2019	2032	2023
304998	62	126	14	78	142	30	94	158	46	110	174	1983	2055	2113	1971	1943	1970	1954	2124	1986	2021	2066	2047
304998	62	126	14	78	142	30	94	158	46	110	174	1978	2058	2109	1956	1939	1966	1949	2129	1987	2021	2065	2034
304998	62	126	14	78	142	30	94	158	46	110	174	2010	2028	2127	2003	1995	1965	2009	2082	1986	2020	2040	2005
304998	62	126	14	78	142	30	94	158	46	110	174	2046	1993	2162	2058	2054	1974	2055	2023	1990	2022	1995	1996
304998	62	126	14	78	142	30	94	158	46	110	174	2071	1985	2173	2086	2068	1977	2091	2005	1999	2020	1979	1986
304998	62	126	14	78	142	30	94	158	46	110	174	2042	2009	2148	2056	2031	1972	2060	2043	1995	2019	2009	2003
304998	62	126	14	78	142	30	94	158	46	110	174	2002	2043	2109	1998	1963	1972	1993	2102	1982	2018	2049	2031
304998	62	126	14	78	142	30	94	158	46	110	174	1976	2056	2102	1960	1935	1968	1942	2127	1984	2020	2081	2045
304998	62	126	14	78	142	30	94	158	46	110	174	1988	2043	2122	1974	1958	1974	1956	2104	1993	2017	2060	2038
304998	62	126	14	78	142	30	94	158	46	110	174	2023	2012	2153	2030	2018	1977	2021	2052	1994	2017	2014	2011
304998	62	126	14	78	142	30	94	158	46	110	174	2060	1994	2164	2078	2066	1974	2081	2010	1996	2022	1983	1982
304998	62	126	14	78	142	30	94	158	46	110	174	2068	1994	2152	2081	2057	1971	2077	2014	1991	2021	1994	1983
304998	62	126	14	78	142	30	94	158	46	110	174	2029	2017	2125	2031	2006	1969	2025	2060	1988	2019	2030	2023
304998	62	126	14	78	142	30	94	158	46	110	174	1989	2051	2115	1975	1949	1970	1960	2115	1997	2020	2066	2041
304998	62	126	14	78	142	30	94	158	46	110	174	1973	2060	2115	1955	1933	1972	1938	2133	1991	2020	2071	2043
304998	62	126	14	78	142	30	94	158	46	110	174	2000	2039	2129	1993	1979	1972	1999	2094	1987	2020	2037	2010
304998	62	126	14	78	142	30	94	158	46	110	174	2043	1999	2152	2055	2046	1971	2046	2033	1984	2021	2005	1985
304998	62	126	14	78	142	30	94	158	46	110	174	2066	1984	2159	2084	2070	1969	2083	1998	1996	2021	1983	1991
304998	62	126	14	78	142	30	94	158	46	110	174	2047	1999	2156	2063	2040	1972	2058	2033	1993	2021	2000	2005
304998	62	126	14	78	142	30	94	158	46	110	174	2006	2041	2125	2007	1976	1978	1999	2096	1987	2021	2042	2029
304998	62	126	14	78	142	30	94	158	46	110	174	1976	2065	2105	1960	1924	1977	1949	2135	1980	2021	2071	2041
304998	62	126	14	78	142	30	94	158	46	110	174	1981	2053	2108	1966	1950	1968	1951	2115	1987	2019	2068	2033
304998	62	126	14	78	142	30	94	158	46	110	174	2025	2017	2136	2018	2011	1969	2011	2062	1996	2020	2024	2008
304998	62	126	14	78	142	30	94	158	46	110	174	2056	1980	2173	2074	2068	1966	2068	2015	1994	2020	1986	1983
304998	62	126	14	78	142	30	94	158	46	110	174	2061	1990	2170	2083	2060	1976	2094	2011	1986	2021	1982	1979
304998	62	126	14	78	142	30	94	158	46	110	174	2037	2025	2140	2040	2012	1972	2036	2059	1984	2021	2025	2008
304998	62	126	14	78	142	30	94	158	46	110	174	1989	2055	2101	1980	1944	1972	1965	2114	1991	2018	2062	2043
304998	62	126	14	78	142	30	94	158	46	110	174	1981	2062	2094	1955	1929	1974	1943	2137	1992	2022	2076	2048
304998	62	126	14	78	142	30	94	158	46	110	174	1996	2031	2137	1987	1974	1969	1974	2094	1991	2019	2044	2025
304998	62	126	14	78	142	30	94	158	46	110	174	2041	2006	2157	2047	2034	1974	2052	2038	1991	2018	2002	1988
304998	62	126	14	78	142	30	94	158	46	110	174	2063	1989	2170	2084	2069	1972	2088	2001	1985	2018	1987	1981
304998	62	126	14	78	142	30	94	158	46	110	174	2056	2005	2146	2072	2039	1967	2067	2025	1996	2022	1999	2004
304998	62	126	14	78	142	30	94	158	46	110	174	2014	2031	2122	2012	1982	1968	2001	2087	1996	2021	2041	2029
304998	62	126	14	78	142	30	94	158	46	110	174	1981	2055	2106	1960	1937	1971	1943	2133	1988	2022	2067	2045
304998	62	126	14	78	142	30	94	158	46	110	174	1986	2055	2120	1964	1943	1973	1957	2123	1988	2017	2069	2030
304998	62	126	14	78	142	30	94	158	46	110	174	2010	2029	2143	2013	2001	1970	2000	2065	1990	2019	2031	2008
304998	62	126	14	78	142	30	94	158	46	110	174	2053	1998	2157	2071	2057	1969	2064	2014	1996	2016	1994	1992
304998	62	126	14	78	142	30	94	158	46	110	174	2065	1987	2158	2085	2067	1969	2089	2008	1989	2020	1983	1984
304998	62	126	14	78	142	30	94	158	46	110	174	2040	2016	2139	2044	2022	1968	2037	2055	1989	2020	2016	2003
304998	62	126	14	78	142	30	94	158	46	110	174	1999	2046	2119	1982	1953	1975	1973	2110	1988	2020	2060	2041
