304998	62	126	14	78	142	30	94	158	46	110	174	2067	1986	2156	2077	2060	1979	2084	2019	1994	2019	1983	1988
304998	62	126	14	78	142	30	94	158	46	110	174	2032	2020	2137	2027	1998	1972	2037	2064	1999	2021	2026	2016
304998	62	126	14	78	142	30	94	158	46	110	174	1984	2049	2123	1976	1938	1967	1968	2121	1983	2021	2069	2040
304998	62	126	14	78	142	30	94	158	46	110	174	1981	2063	2107	1961	1938	1965	1966	2127	1975	2018	2070	2039
304998	62	126	14	78	142	30	94	158	46	110	174	2005	2027	2131	1998	1985	1975	1990	2082	1987	2020	2032	2009
304998	62	126	14	78	142	30	94	158	46	110	174	2049	1994	2156	2057	2036	1985	2055	2024	2001	2022	1996	1985
304998	62	126	14	78	142	30	94	158	46	110	174	2070	1983	2169	2084	2069	1980	2093	2006	2002	2020	1985	1991
304998	62	126	14	78	142	30	94	158	46	110	174	2053	2004	2151	2064	2028	1976	2072	2044	1990	2016	2001	2012
304998	62	126	14	78	142	30	94	158	46	110	174	2007	2044	2124	2003	1976	1967	2002	2096	1982	2020	2042	2031
304998	62	126	14	78	142	30	94	158	46	110	174	1984	2060	2101	1962	1938	1965	1955	2124	1981	2017	2073	2034
304998	62	126	14	78	142	30	94	158	46	110	174	1990	2042	2125	1971	1952	1969	1976	2115	1984	2017	2063	2026
304998	62	126	14	78	142	30	94	158	46	110	174	2021	2013	2146	2024	2015	1974	2021	2062	1985	2017	2016	2013
304998	62	126	14	78	142	30	94	158	46	110	174	2064	1988	2168	2078	2066	1973	2085	2017	1993	2020	1977	1989
304998	62	126	14	78	142	30	94	158	46	110	174	2059	1991	2165	2083	2069	1979	2083	2009	1994	2021	1978	1984
304998	62	126	14	78	142	30	94	158	46	110	174	2037	2018	2127	2038	2015	1973	2047	2068	1989	2020	2023	2013
304998	62	126	14	78	142	30	94	158	46	110	174	1991	2043	2109	1983	1946	1967	1973	2119	1985	2016	2066	2040
304998	62	126	14	78	142	30	94	158	46	110	174	1976	2058	2108	1959	1939	1962	1963	2133	1981	2019	2072	2039
304998	62	126	14	78	142	30	94	158	46	110	174	1995	2033	2143	1996	1975	1968	1985	2085	1983	2020	2037	2019
304998	62	126	14	78	142	30	94	158	46	110	174	2041	2002	2159	2048	2042	1979	2046	2030	1998	2018	1996	1985
304998	62	126	14	78	142	30	94	158	46	110	174	2072	1986	2154	2085	2072	1984	2087	2010	1997	2021	1980	1981
304998	62	126	14	78	142	30	94	158	46	110	174	2060	1995	2144	2065	2040	1977	2066	2035	1992	2020	1997	2008
304998	62	126	14	78	142	30	94	158	46	110	174	2010	2033	2136	2010	1984	1968	2006	2088	1984	2021	2042	2029
304998	62	126	14	78	142	30	94	158	46	110	174	1979	2058	2114	1968	1935	1967	1969	2131	1985	2020	2067	2036
304998	62	126	14	78	142	30	94	158	46	110	174	1977	2056	2124	1971	1940	1967	1961	2123	1983	2021	2066	2028
304998	62	126	14	78	142	30	94	158	46	110	174	2020	2024	2138	2016	2006	1975	2019	2064	1987	2020	2027	2011
304998	62	126	14	78	142	30	94	158	46	110	174	2054	1984	2164	2071	2051	1981	2078	2014	1994	2020	1985	1992
304998	62	126	14	78	142	30	94	158	46	110	174	2063	1977	2178	2082	2073	1973	2079	2006	2004	2021	1976	1989
304998	62	126	14	78	142	30	94	158	46	110	174	2039	2016	2144	2048	2010	1974	2045	2056	1995	2018	2016	2002
304998	62	126	14	78	142	30	94	158	46	110	174	1987	2049	2116	1988	1958	1967	1972	2106	1979	2020	2059	2036
304998	62	126	14	78	142	30	94	158	46	110	174	1977	2063	2103	1956	1929	1970	1955	2129	1979	2019	2078	2049
304998	62	126	14	78	142	30	94	158	46	110	174	1993	2032	2132	1987	1965	1966	1974	2091	1990	2020	2046	2025
304998	62	126	14	78	142	30	94	158	46	110	174	2042	2001	2153	2046	2036	1970	2046	2041	1997	2017	2000	1998
304998	62	126	14	78	142	30	94	158	46	110	174	2073	1986	2167	2082	2073	1982	2088	2006	1995	2017	1982	1979
304998	62	126	14	78	142	30	94	158	46	110	174	2058	2005	2156	2074	2049	1977	2073	2025	1988	2016	1997	2000
304998	62	126	14	78	142	30	94	158	46	110	174	2020	2031	2120	2016	1981	1972	2013	2077	1984	2018	2033	2029
304998	62	126	14	78	142	30	94	158	46	110	174	1977	2048	2110	1966	1934	1967	1954	2125	1989	2016	2066	2038
304998	62	126	14	78	142	30	94	158	46	110	174	1979	2048	2119	1964	1946	1963	1952	2123	1986	2022	2064	2025
304998	62	126	14	78	142	30	94	158	46	110	174	2013	2024	2152	2007	1999	1975	2006	2073	1988	2016	2034	2009
304998	62	126	14	78	142	30	94	158	46	110	174	2050	1997	2161	2065	2058	1975	2067	2018	1994	2021	1992	1994
304998	62	126	14	78	142	30	94	158	46	110	174	2069	1984	2155	2085	2069	1978	2090	2008	2002	2021	1977	1986
304998	62	126	14	78	142	30	94	158	46	110	174	2041	2003	2143	2052	2022	1972	2042	2047	1995	2016	2007	2004
304998	62	126	14	78	142	30	94	158	46	110	174	2002	2041	2119	1990	1969	1966	2004	2109	1984	2017	2061	2030
304998	62	126	14	78	142	30	94	158	46	110	174	1972	2059	2117	1956	1931	1968	1943	2131	1982	2018	2076	2041
304998	62	126	14	78	142	30	94	158	46	110	174	1987	2046	2124	1981	1968	1968	1971	2105	1987	2020	2053	2040
304998	62	126	14	78	142	30	94	158	46	110	174	2029	2010	2152	2034	2023	1974	2025	2044	1997	2021	2006	1995
304998	62	126	14	78	142	30	94	158	46	110	174	2072	1985	2157	2088	2059	1978	2086	2007	1994	2018	1981	1976
304998	62	126	14	78	142	30	94	158	46	110	174	2063	1993	2165	2076	2055	1971	2084	2022	1991	2022	1998	1996
304998	62	126	14	78	142	30	94	158	46	110	174	2018	2025	2136	2026	1993	1978	2016	2066	1987	2019	2032	2023
304998	62	126	14	78	142	30	94	158	46	110	174	1983	2055	2113	1971	1943	1970	1954	2124	1986	2021	2066	2047
304998	62	126	14	78	142	30	94	158	46	110	174	1978	2058	2109	1956	1939	1966	1949	2129	1987	2021	2065	2034
304998	62	126	14	78	142	30	94	158	46	110	174	2010	2028	2127	2003	1995	1965	2009	2082	1986	2020	2040	2005
304998	62	126	14	78	142	30	94	158	46	110	174	2046	1993	2162	2058	2054	1974	2055	2023	1990	2022	1995	1996
304998	62	126	14	78	142	30	94	158	46	110	174	2071	1985	2173	2086	2068	1977	2091	2005	1999	2020	1979	1986
304998	62	126	14	78	142	30	94	158	46	110	174	2042	2009	2148	2056	2031	1972	2060	2043	1995	2019	2009	2003
304998	62	126	14	78	142	30	94	158	46	110	174	2002	2043	2109	1998	1963	1972	1993	2102	1982	2018	2049	2031
304998	62	126	14	78	142	30	94	158	46	110	174	1976	2056	2102	1960	1935	1968	1942	2127	1984	2020	2081	2045
304998	62	126	14	78	142	30	94	158	46	110	174	1988	2043	2122	1974	1958	1974	1956	2104	1993	2017	2060	2038
304998	62	126	14	78	142	30	94	158	46	110	174	2023	2012	2153	2030	2018	1977	2021	2052	1994	2017	2014	2011
304998	62	126	14	78	142	30	94	158	46	110	174	2060	1994	2164	2078	2066	1974	2081	2010	1996	2022	1983	1982
304998	62	126	14	78	142	30	94	158	46	110	174	2068	1994	2152	2081	2057	1971	2077	2014	1991	2021	1994	1983
304998	62	126	14	78	142	30	94	158	46	110	174	2029	2017	2125	2031	2006	1969	2025	2060	1988	2019	2030	2023
304998	62	126	14	78	142	30	94	158	46	110	174	1989	2051	2115	1975	1949	1970	1960	2115	1997	2020	2066	2041
304998	62	126	14	78	142	30	94	158	46	110	174	1973	2060	2115	1955	1933	1972	1938	2133	1991	2020	2071	2043
304998	62	126	14	78	142	30	94	158	46	110	174	2000	2039	2129	1993	1979	1972	1999	2094	1987	2020	2037	2010
304998	62	126	14	78	142	30	94	158	46	110	174	2043	1999	2152	2055	2046	1971	2046	2033	1984	2021	2005	1985
304998	62	126	14	78	142	30	94	158	46	110	174	2066	1984	2159	2084	2070	1969	2083	1998	1996	2021	1983	1991
304998	62	126	14	78	142	30	94	158	46	110	174	2047	1999	2156	2063	2040	1972	2058	2033	1993	2021	2000	2005
304998	62	126	14	78	142	30	94	158	46	110	174	2006	2041	2125	2007	1976	1978	1999	2096	1987	2021	2042	2029
304998	62	126	14	78	142	30	94	158	46	110	174	1976	2065	2105	1960	1924	1977	1949	2135	1980	2021	2071	2041
304998	62	126	14	78	142	30	94	158	46	110	174	1981	2053	2108	1966	1950	1968	1951	2115	1987	2019	2068	2033
304998	62	126	14	78	142	30	94	158	46	110	174	2025	2017	2136	2018	2011	1969	2011	2062	1996	2020	2024	2008
304998	62	126	14	78	142	30	94	158	46	110	174	2056	1980	2173	2074	2068	1966	2068	2015	1994	2020	1986	1983
304998	62	126	14	78	142	30	94	158	46	110	174	2061	1990	2170	2083	2060	1976	2094	2011	1986	2021	1982	1979
304998	62	126	14	78	142	30	94	158	46	110	174	2037	2025	2140	2040	2012	1972	2036	2059	1984	2021	2025	2008
304998	62	126	14	78	142	30	94	158	46	110	174	1989	2055	2101	1980	1944	1972	1965	2114	1991	2018	2062	2043
304998	62	126	14	78	142	30	94	158	46	110	174	1981	2062	2094	1955	1929	1974	1943	2137	1992	2022	2076	2048
304998	62	126	14	78	142	30	94	158	46	110	174	1996	2031	2137	1987	1974	1969	1974	2094	1991	2019	2044	2025
304998	62	126	14	78	142	30	94	158	46	110	174	2041	2006	2157	2047	2034	1974	2052	2038	1991	2018	2002	1988
304998	62	126	14	78	142	30	94	158	46	110	174	2063	1989	2170	2084	2069	1972	2088	2001	1985	2018	1987	1981
304998	62	126	14	78	142	30	94	158	46	110	174	2056	2005	2146	2072	2039	1967	2067	2025	1996	2022	1999	2004
304998	62	126	14	78	142	30	94	158	46	110	174	2014	2031	2122	2012	1982	1968	2001	2087	1996	2021	2041	2029
304998	62	126	14	78	142	30	94	158	46	110	174	1981	2055	2106	1960	1937	1971	1943	2133	1988	2022	2067	2045
304998	62	126	14	78	142	30	94	158	46	110	174	1986	2055	2120	1964	1943	1973	1957	2123	1988	2017	2069	2030
304998	62	126	14	78	142	30	94	158	46	110	174	2010	2029	2143	2013	2001	1970	2000	2065	1990	2019	2031	2008
304998	62	126	14	78	142	30	94	158	46	110	174	2053	1998	2157	2071	2057	1969	2064	2014	1996	2016	1994	1992
304998	62	126	14	78	142	30	94	158	46	110	174	2065	1987	2158	2085	2067	1969	2089	2008	1989	2020	1983	1984
304998	62	126	14	78	142	30	94	158	46	110	174	2040	2016	2139	2044	2022	1968	2037	2055	1989	2020	2016	2003
304998	62	126	14	78	142	30	94	158	46	110	174	1999	2046	2119	1982	1953	1975	1973	2110	1988	2020	2060	2041
304998	62	126	14	78	142	30	94	158	46	110	174	1972	2065	2105	1955	1927	1977	1935	2133	1994	2018	2076	2048
304998	62	126	14	78	142	30	94	158	46	110	174	1993	2046	2120	1977	1966	1969	1964	2100	1994	2022	2048	2033
304998	62	126	14	78	142	30	94	158	46	110	174	2036	2008	2150	2042	2032	1967	2030	2041	1988	2017	2005	1993
304998	62	126	14	78	142	30	94	158	46	110	174	2060	1985	2168	2083	2073	1967	2079	2005	1984	2018	1985	1973
304998	62	126	14	78	142	30	94	158	46	110	174	2052	1995	2159	2073	2050	1975	2073	2019	1984	2020	1999	1996
304998	62	126	14	78	142	30	94	158	46	110	174	2015	2037	2129	2016	1991	1974	2014	2076	1997	2017	2037	2031
304998	62	126	14	78	142	30	94	158	46	110	174	1981	2056	2102	1963	1936	1972	1948	2128	1995	2017	2065	2049
304998	62	126	14	78	142	30	94	158	46	110	174	1986	2055	2099	1960	1933	1977	1949	2128	1993	2021	2064	2035
304998	62	126	14	78	142	30	94	158	46	110	174	2010	2024	2141	2004	1995	1971	1997	2075	1987	2018	2041	2009
304998	62	126	14	78	142	30	94	158	46	110	174	2046	1996	2167	2064	2051	1973	2059	2015	1985	2020	1997	1990
304998	62	126	14	78	142	30	94	158	46	110	174	2064	1995	2170	2086	2066	1969	2093	2006	1995	2020	1984	1991
304998	62	126	14	78	142	30	94	158	46	110	174	2036	2012	2147	2051	2026	1969	2044	2050	1992	2018	2012	2006
304998	62	126	14	78	142	30	94	158	46	110	174	2002	2046	2105	1994	1957	1973	1992	2108	1986	2019	2053	2028
304998	62	126	14	78	142	30	94	158	46	110	174	1978	2059	2104	1956	1933	1973	1938	2137	1991	2021	2082	2050
304998	62	126	14	78	142	30	94	158	46	110	174	1991	2045	2122	1971	1961	1974	1968	2106	1996	2022	2057	2032
304998	62	126	14	78	142	30	94	158	46	110	174	2026	2013	2155	2030	2022	1981	2025	2048	1995	2016	2011	2003
304998	62	126	14	78	142	30	94	158	46	110	174	2063	1995	2166	2078	2071	1969	2082	2005	1984	2018	1983	1971
304998	62	126	14	78	142	30	94	158	46	110	174	2063	2000	2153	2077	2058	1968	2077	2019	1990	2017	1999	1987
304998	62	126	14	78	142	30	94	158	46	110	174	2024	2018	2126	2028	2002	1970	2019	2070	1989	2020	2033	2025
304998	62	126	14	78	142	30	94	158	46	110	174	1990	2054	2102	1969	1940	1974	1953	2125	1997	2022	2066	2049
304998	62	126	14	78	142	30	94	158	46	110	174	1970	2062	2112	1956	1925	1982	1937	2136	1994	2020	2064	2040
304998	62	126	14	78	142	30	94	158	46	110	174	2003	2037	2132	1990	1986	1974	1986	2091	1991	2021	2040	2015
304998	62	126	14	78	142	30	94	158	46	110	174	2045	2003	2153	2055	2048	1968	2052	2027	1990	2021	2006	1987
304998	62	126	14	78	142	30	94	158	46	110	174	2067	1987	2157	2085	2068	1967	2085	2007	1983	2020	1986	1989
304998	62	126	14	78	142	30	94	158	46	110	174	2038	2001	2156	2057	2036	1970	2054	2033	1995	2018	2005	2009
304998	62	126	14	78	142	30	94	158	46	110	174	2003	2042	2119	2000	1961	1982	1988	2103	1993	2018	2044	2027
304998	62	126	14	78	142	30	94	158	46	110	174	1979	2065	2106	1958	1932	1977	1953	2136	1993	2017	2075	2048
304998	62	126	14	78	142	30	94	158	46	110	174	1984	2058	2111	1964	1949	1974	1948	2116	1989	2017	2062	2032
304998	62	126	14	78	142	30	94	158	46	110	174	2027	2017	2141	2018	2016	1967	2023	2053	1985	2016	2016	2009
304998	62	126	14	78	142	30	94	158	46	110	174	2056	1990	2166	2076	2067	1971	2074	2007	1996	2018	1984	1983
304998	62	126	14	78	142	30	94	158	46	110	174	2060	1991	2166	2082	2062	1971	2078	2014	1990	2020	1991	1979
304998	62	126	14	78	142	30	94	158	46	110	174	2025	2025	2142	2038	2007	1974	2033	2068	1987	2020	2033	2016
304998	62	126	14	78	142	30	94	158	46	110	174	1993	2057	2104	1975	1943	1974	1963	2121	1990	2022	2064	2053
304998	62	126	14	78	142	30	94	158	46	110	174	1981	2063	2095	1946	1931	1976	1939	2134	1993	2021	2069	2046
304998	62	126	14	78	142	30	94	158	46	110	174	2002	2036	2123	1992	1977	1968	1983	2090	1998	2021	2042	2019
304998	62	126	14	78	142	30	94	158	46	110	174	2044	1999	2158	2049	2047	1973	2044	2035	1993	2020	2008	1987
304998	62	126	14	78	142	30	94	158	46	110	174	2064	1986	2171	2085	2071	1972	2087	2005	1983	2022	1991	1980
304998	62	126	14	78	142	30	94	158	46	110	174	2049	2012	2150	2067	2040	1968	2070	2033	1983	2022	2004	2005
304998	62	126	14	78	142	30	94	158	46	110	174	2010	2043	2111	2004	1970	1973	1999	2091	1990	2016	2045	2030
304998	62	126	14	78	142	30	94	158	46	110	174	1982	2061	2099	1964	1916	1980	1954	2132	1998	2019	2067	2040
304998	62	126	14	78	142	30	94	158	46	110	174	1976	2048	2112	1960	1949	1970	1944	2122	1994	2019	2068	2040
304998	62	126	14	78	142	30	94	158	46	110	174	2017	2022	2146	2016	1999	1983	2017	2068	1991	2021	2026	2011
304998	62	126	14	78	142	30	94	158	46	110	174	2047	1995	2175	2069	2062	1971	2070	2008	1984	2021	1987	1989
304998	62	126	14	78	142	30	94	158	46	110	174	2065	1994	2158	2084	2062	1970	2091	2005	1988	2020	1987	1989
304998	62	126	14	78	142	30	94	158	46	110	174	2040	2022	2134	2042	2012	1968	2037	2061	1997	2017	2017	2004
304998	62	126	14	78	142	30	94	158	46	110	174	1993	2049	2104	1980	1955	1968	1965	2116	1990	2021	2063	2046
304998	62	126	14	78	142	30	94	158	46	110	174	1981	2061	2102	1957	1925	1984	1944	2140	1992	2020	2069	2053
304998	62	126	14	78	142	30	94	158	46	110	174	1995	2040	2136	1986	1969	1972	1971	2100	1987	2018	2044	2020
304998	62	126	14	78	142	30	94	158	46	110	174	2038	2012	2153	2044	2033	1971	2051	2037	1992	2021	2001	1987
304998	62	126	14	78	142	30	94	158	46	110	174	2066	1995	2160	2088	2069	1974	2087	2004	1992	2018	1990	1981
304998	62	126	14	78	142	30	94	158	46	110	174	2059	2001	2150	2076	2043	1971	2070	2029	1993	2020	2002	1996
304998	62	126	14	78	142	30	94	158	46	110	174	2019	2033	2118	2015	1985	1976	2006	2084	1987	2021	2037	2032
304998	62	126	14	78	142	30	94	158	46	110	174	1982	2059	2105	1967	1926	1986	1957	2130	1991	2022	2064	2044
304998	62	126	14	78	142	30	94	158	46	110	174	1979	2061	2109	1956	1938	1975	1953	2122	1996	2021	2065	2038
304998	62	126	14	78	142	30	94	158	46	110	174	2007	2031	2137	2011	1999	1974	1998	2071	1997	2021	2030	2015
304998	62	126	14	78	142	30	94	158	46	110	174	2056	1996	2155	2073	2050	1972	2069	2021	1983	2022	1997	1993
304998	62	126	14	78	142	30	94	158	46	110	174	2062	1982	2166	2086	2071	1966	2085	2005	1989	2020	1983	1982
304998	62	126	14	78	142	30	94	158	46	110	174	2042	2013	2142	2048	2023	1970	2048	2052	1982	2018	2011	1998
304998	62	126	14	78	142	30	94	158	46	110	174	1999	2046	2117	1986	1953	1985	1997	2111	1996	2017	2058	2032
304998	62	126	14	78	142	30	94	158	46	110	174	1974	2064	2104	1960	1930	1967	1943	2141	1996	2017	2075	2050
304998	62	126	14	78	142	30	94	158	46	110	174	1998	2049	2116	1977	1960	1975	1976	2104	1992	2017	2048	2031
304998	62	126	14	78	142	30	94	158	46	110	174	2026	2002	2155	2042	2017	1981	2029	2046	1986	2017	2007	1995
304998	62	126	14	78	142	30	94	158	46	110	174	2055	1985	2167	2080	2071	1972	2082	2003	1989	2016	1985	1971
304998	62	126	14	78	142	30	94	158	46	110	174	2058	1994	2163	2076	2048	1980	2077	2017	1996	2017	1999	1989
304998	62	126	14	78	142	30	94	158	46	110	174	2020	2034	2133	2023	1991	1974	2023	2085	1993	2018	2031	2029
304998	62	126	14	78	142	30	94	158	46	110	174	1987	2060	2099	1963	1943	1970	1963	2135	1989	2023	2064	2050
304998	62	126	14	78	142	30	94	158	46	110	174	1984	2059	2102	1954	1933	1973	1954	2131	1984	2021	2063	2037
304998	62	126	14	78	142	30	94	158	46	110	174	2013	2023	2129	2001	1991	1973	1997	2077	1988	2017	2038	2014
304998	62	126	14	78	142	30	94	158	46	110	174	2049	1995	2165	2057	2041	1980	2063	2021	1994	2018	2001	1993
304998	62	126	14	78	142	30	94	158	46	110	174	2061	1985	2175	2090	2062	1972	2086	2008	1984	2020	1985	1992
304998	62	126	14	78	142	30	94	158	46	110	174	2044	2013	2147	2061	2022	1969	2057	2044	1990	2017	2008	2006
304998	62	126	14	78	142	30	94	158	46	110	174	2002	2043	2113	2000	1964	1978	1992	2102	1984	2021	2049	2025
