304998	62	126	14	78	142	30	94	158	46	110	174	2063	1995	2166	2078	2071	1969	2082	2005	1984	2018	1983	1971
304998	62	126	14	78	142	30	94	158	46	110	174	2063	2000	2153	2077	2058	1968	2077	2019	1990	2017	1999	1987
304998	62	126	14	78	142	30	94	158	46	110	174	2024	2018	2126	2028	2002	1970	2019	2070	1989	2020	2033	2025
304998	62	126	14	78	142	30	94	158	46	110	174	1990	2054	2102	1969	1940	1974	1953	2125	1997	2022	2066	2049
304998	62	126	14	78	142	30	94	158	46	110	174	1970	2062	2112	1956	1925	1982	1937	2136	1994	2020	2064	2040
304998	62	126	14	78	142	30	94	158	46	110	174	2003	2037	2132	1990	1986	1974	1986	2091	1991	2021	2040	2015
304998	62	126	14	78	142	30	94	158	46	110	174	2045	2003	2153	2055	2048	1968	2052	2027	1990	2021	2006	1987
304998	62	126	14	78	142	30	94	158	46	110	174	2067	1987	2157	2085	2068	1967	2085	2007	1983	2020	1986	1989
304998	62	126	14	78	142	30	94	158	46	110	174	2038	2001	2156	2057	2036	1970	2054	2033	1995	2018	2005	2009
304998	62	126	14	78	142	30	94	158	46	110	174	2003	2042	2119	2000	1961	1982	1988	2103	1993	2018	2044	2027
304998	62	126	14	78	142	30	94	158	46	110	174	1979	2065	2106	1958	1932	1977	1953	2136	1993	2017	2075	2048
304998	62	126	14	78	142	30	94	158	46	110	174	1984	2058	2111	1964	1949	1974	1948	2116	1989	2017	2062	2032
304998	62	126	14	78	142	30	94	158	46	110	174	2027	2017	2141	2018	2016	1967	2023	2053	1985	2016	2016	2009
304998	62	126	14	78	142	30	94	158	46	110	174	2056	1990	2166	2076	2067	1971	2074	2007	1996	2018	1984	1983
304998	62	126	14	78	142	30	94	158	46	110	174	2060	1991	2166	2082	2062	1971	2078	2014	1990	2020	1991	1979
304998	62	126	14	78	142	30	94	158	46	110	174	2025	2025	2142	2038	2007	1974	2033	2068	1987	2020	2033	2016
304998	62	126	14	78	142	30	94	158	46	110	174	1993	2057	2104	1975	1943	1974	1963	2121	1990	2022	2064	2053
304998	62	126	14	78	142	30	94	158	46	110	174	1981	2063	2095	1946	1931	1976	1939	2134	1993	2021	2069	2046
304998	62	126	14	78	142	30	94	158	46	110	174	2002	2036	2123	1992	1977	1968	1983	2090	1998	2021	2042	2019
304998	62	126	14	78	142	30	94	158	46	110	174	2044	1999	2158	2049	2047	1973	2044	2035	1993	2020	2008	1987
304998	62	126	14	78	142	30	94	158	46	110	174	2064	1986	2171	2085	2071	1972	2087	2005	1983	2022	1991	1980
304998	62	126	14	78	142	30	94	158	46	110	174	2049	2012	2150	2067	2040	1968	2070	2033	1983	2022	2004	2005
304998	62	126	14	78	142	30	94	158	46	110	174	2010	2043	2111	2004	1970	1973	1999	2091	1990	2016	2045	2030
304998	62	126	14	78	142	30	94	158	46	110	174	1982	2061	2099	1964	1916	1980	1954	2132	1998	2019	2067	2040
304998	62	126	14	78	142	30	94	158	46	110	174	1976	2048	2112	1960	1949	1970	1944	2122	1994	2019	2068	2040
304998	62	126	14	78	142	30	94	158	46	110	174	2017	2022	2146	2016	1999	1983	2017	2068	1991	2021	2026	2011
304998	62	126	14	78	142	30	94	158	46	110	174	2047	1995	2175	2069	2062	1971	2070	2008	1984	2021	1987	1989
304998	62	126	14	78	142	30	94	158	46	110	174	2065	1994	2158	2084	2062	1970	2091	2005	1988	2020	1987	1989
304998	62	126	14	78	142	30	94	158	46	110	174	2040	2022	2134	2042	2012	1968	2037	2061	1997	2017	2017	2004
304998	62	126	14	78	142	30	94	158	46	110	174	1993	2049	2104	1980	1955	1968	1965	2116	1990	2021	2063	2046
304998	62	126	14	78	142	30	94	158	46	110	174	1981	2061	2102	1957	1925	1984	1944	2140	1992	2020	2069	2053
304998	62	126	14	78	142	30	94	158	46	110	174	1995	2040	2136	1986	1969	1972	1971	2100	1987	2018	2044	2020
304998	62	126	14	78	142	30	94	158	46	110	174	2038	2012	2153	2044	2033	1971	2051	2037	1992	2021	2001	1987
304998	62	126	14	78	142	30	94	158	46	110	174	2066	1995	2160	2088	2069	1974	2087	2004	1992	2018	1990	1981
304998	62	126	14	78	142	30	94	158	46	110	174	2059	2001	2150	2076	2043	1971	2070	2029	1993	2020	2002	1996
304998	62	126	14	78	142	30	94	158	46	110	174	2019	2033	2118	2015	1985	1976	2006	2084	1987	2021	2037	2032
304998	62	126	14	78	142	30	94	158	46	110	174	1982	2059	2105	1967	1926	1986	1957	2130	1991	2022	2064	2044
304998	62	126	14	78	142	30	94	158	46	110	174	1979	2061	2109	1956	1938	1975	1953	2122	1996	2021	2065	2038
304998	62	126	14	78	142	30	94	158	46	110	174	2007	2031	2137	2011	1999	1974	1998	2071	1997	2021	2030	2015
304998	62	126	14	78	142	30	94	158	46	110	174	2056	1996	2155	2073	2050	1972	2069	2021	1983	2022	1997	1993
304998	62	126	14	78	142	30	94	158	46	110	174	2062	1982	2166	2086	2071	1966	2085	2005	1989	2020	1983	1982
304998	62	126	14	78	142	30	94	158	46	110	174	2042	2013	2142	2048	2023	1970	2048	2052	1982	2018	2011	1998
304998	62	126	14	78	142	30	94	158	46	110	174	1999	2046	2117	1986	1953	1985	1997	2111	1996	2017	2058	2032
304998	62	126	14	78	142	30	94	158	46	110	174	1974	2064	2104	1960	1930	1967	1943	2141	1996	2017	2075	2050
304998	62	126	14	78	142	30	94	158	46	110	174	1998	2049	2116	1977	1960	1975	1976	2104	1992	2017	2048	2031
304998	62	126	14	78	142	30	94	158	46	110	174	2026	2002	2155	2042	2017	1981	2029	2046	1986	2017	2007	1995
304998	62	126	14	78	142	30	94	158	46	110	174	2055	1985	2167	2080	2071	1972	2082	2003	1989	2016	1985	1971
304998	62	126	14	78	142	30	94	158	46	110	174	2058	1994	2163	2076	2048	1980	2077	2017	1996	2017	1999	1989
304998	62	126	14	78	142	30	94	158	46	110	174	2020	2034	2133	2023	1991	1974	2023	2085	1993	2018	2031	2029
304998	62	126	14	78	142	30	94	158	46	110	174	1987	2060	2099	1963	1943	1970	1963	2135	1989	2023	2064	2050
304998	62	126	14	78	142	30	94	158	46	110	174	1984	2059	2102	1954	1933	1973	1954	2131	1984	2021	2063	2037
304998	62	126	14	78	142	30	94	158	46	110	174	2013	2023	2129	2001	1991	1973	1997	2077	1988	2017	2038	2014
304998	62	126	14	78	142	30	94	158	46	110	174	2049	1995	2165	2057	2041	1980	2063	2021	1994	2018	2001	1993
304998	62	126	14	78	142	30	94	158	46	110	174	2061	1985	2175	2090	2062	1972	2086	2008	1984	2020	1985	1992
304998	62	126	14	78	142	30	94	158	46	110	174	2044	2013	2147	2061	2022	1969	2057	2044	1990	2017	2008	2006
304998	62	126	14	78	142	30	94	158	46	110	174	2002	2043	2113	2000	1964	1978	1992	2102	1984	2021	2049	2025
304998	62	126	14	78	142	30	94	158	46	110	174	1977	2055	2102	1950	1931	1980	1950	2130	1995	2018	2073	2050
304998	62	126	14	78	142	30	94	158	46	110	174	1990	2046	2120	1966	1961	1971	1965	2114	1994	2021	2058	2035
304998	62	126	14	78	142	30	94	158	46	110	174	2025	2012	2151	2031	2011	1975	2021	2055	1992	2017	2012	2005
304998	62	126	14	78	142	30	94	158	46	110	174	2056	1991	2172	2082	2056	1975	2088	2007	1988	2021	1981	1978
304998	62	126	14	78	142	30	94	158	46	110	174	2058	1996	2153	2083	2056	1976	2077	2015	1982	2019	1999	1987
304998	62	126	14	78	142	30	94	158	46	110	174	2029	2022	2124	2031	1988	1983	2029	2063	1995	2020	2031	2020
304998	62	126	14	78	142	30	94	158	46	110	174	1990	2046	2110	1973	1945	1978	1961	2125	1995	2017	2061	2050
304998	62	126	14	78	142	30	94	158	46	110	174	1978	2054	2114	1957	1927	1973	1958	2131	1989	2021	2064	2044
304998	62	126	14	78	142	30	94	158	46	110	174	2004	2033	2138	1999	1972	1980	1991	2088	1984	2020	2040	2013
304998	62	126	14	78	142	30	94	158	46	110	174	2037	2001	2157	2054	2047	1970	2052	2023	1991	2017	2009	1991
304998	62	126	14	78	142	30	94	158	46	110	174	2067	1987	2158	2087	2056	1981	2084	2006	1993	2018	1987	1989
304998	62	126	14	78	142	30	94	158	46	110	174	2045	1996	2150	2065	2031	1976	2060	2039	1992	2016	2004	2002
304998	62	126	14	78	142	30	94	158	46	110	174	2008	2033	2122	2003	1969	1970	2002	2101	1985	2018	2042	2028
304998	62	126	14	78	142	30	94	158	46	110	174	1983	2064	2118	1968	1929	1970	1965	2137	1990	2020	2071	2040
304998	62	126	14	78	142	30	94	158	46	110	174	1973	2049	2122	1965	1956	1971	1960	2115	1991	2020	2058	2035
304998	62	126	14	78	142	30	94	158	46	110	174	2021	2024	2140	2020	2012	1974	2021	2063	2000	2022	2021	2014
304998	62	126	14	78	142	30	94	158	46	110	174	2056	1987	2159	2076	2055	1979	2085	2015	1991	2022	1989	1983
304998	62	126	14	78	142	30	94	158	46	110	174	2065	1984	2161	2088	2053	1970	2076	2011	1982	2018	1989	1980
304998	62	126	14	78	142	30	94	158	46	110	174	2029	2015	2141	2039	2010	1970	2033	2059	1989	2021	2030	2012
304998	62	126	14	78	142	30	94	158	46	110	174	1991	2049	2120	1981	1945	1976	1972	2115	1999	2018	2063	2041
304998	62	126	14	78	142	30	94	158	46	110	174	1976	2063	2110	1952	1941	1973	1944	2131	1996	2017	2066	2051
304998	62	126	14	78	142	30	94	158	46	110	174	2001	2041	2120	1992	1967	1976	1984	2096	1984	2020	2040	2016
304998	62	126	14	78	142	30	94	158	46	110	174	2036	1998	2155	2050	2027	1974	2038	2035	1986	2018	2010	1985
304998	62	126	14	78	142	30	94	158	46	110	174	2058	1981	2165	2085	2065	1974	2079	2003	1984	2018	1989	1991
304998	62	126	14	78	142	30	94	158	46	110	174	2052	2000	2152	2067	2038	1978	2063	2029	1995	2017	2004	2004
304998	62	126	14	78	142	30	94	158	46	110	174	2008	2038	2128	2009	1983	1977	2009	2094	1999	2019	2036	2028
304998	62	126	14	78	142	30	94	158	46	110	174	1984	2063	2103	1962	1938	1970	1955	2131	1984	2016	2061	2038
304998	62	126	14	78	142	30	94	158	46	110	174	1984	2052	2111	1968	1941	1969	1959	2125	1988	2021	2063	2033
304998	62	126	14	78	142	30	94	158	46	110	174	2016	2017	2140	2014	2005	1968	2008	2063	1986	2021	2026	2015
304998	62	126	14	78	142	30	94	158	46	110	174	2052	1986	2172	2071	2049	1979	2066	2015	1995	2017	1995	1997
304998	62	126	14	78	142	30	94	158	46	110	174	2053	1985	2172	2090	2051	1981	2077	2013	1994	2017	1986	1982
304998	62	126	14	78	142	30	94	158	46	110	174	2037	2018	2140	2048	2012	1974	2040	2052	1986	2021	2018	2005
304998	62	126	14	78	142	30	94	158	46	110	174	2001	2050	2104	1989	1956	1973	1978	2111	1984	2020	2059	2041
304998	62	126	14	78	142	30	94	158	46	110	174	1977	2056	2110	1953	1937	1971	1949	2126	1996	2018	2069	2051
304998	62	126	14	78	142	30	94	158	46	110	174	1998	2038	2128	1986	1970	1975	1975	2100	1996	2019	2045	2027
304998	62	126	14	78	142	30	94	158	46	110	174	2035	2008	2156	2041	2018	1978	2039	2049	1990	2020	2010	1990
304998	62	126	14	78	142	30	94	158	46	110	174	2054	1987	2175	2084	2057	1973	2079	2008	1987	2020	1992	1978
304998	62	126	14	78	142	30	94	158	46	110	174	2054	2002	2144	2074	2042	1972	2067	2025	1983	2018	2004	2001
304998	62	126	14	78	142	30	94	158	46	110	174	2020	2023	2124	2016	1992	1971	2011	2075	1998	2020	2032	2030
304998	62	126	14	78	142	30	94	158	46	110	174	1984	2052	2110	1964	1946	1977	1957	2133	1995	2022	2056	2041
304998	62	126	14	78	142	30	94	158	46	110	174	1985	2057	2119	1963	1937	1979	1970	2129	1987	2017	2065	2034
304998	62	126	14	78	142	30	94	158	46	110	174	2004	2024	2150	2010	1995	1967	1998	2078	1987	2019	2036	2014
304998	62	126	14	78	142	30	94	158	46	110	174	2048	1998	2153	2063	2048	1973	2069	2020	1988	2020	1996	1996
304998	62	126	14	78	142	30	94	158	46	110	174	2060	1979	2161	2086	2060	1975	2074	2001	1994	2020	1985	1995
304998	62	126	14	78	142	30	94	158	46	110	174	2040	2002	2151	2053	2017	1978	2041	2046	1995	2017	2014	2003
304998	62	126	14	78	142	30	94	158	46	110	174	2002	2045	2125	1991	1964	1977	1992	2106	1986	2022	2053	2034
304998	62	126	14	78	142	30	94	158	46	110	174	1974	2066	2113	1963	1937	1971	1954	2132	1991	2019	2070	2050
304998	62	126	14	78	142	30	94	158	46	110	174	1993	2049	2121	1975	1965	1969	1973	2101	1992	2018	2050	2032
304998	62	126	14	78	142	30	94	158	46	110	174	2024	2008	2149	2038	2010	1981	2021	2043	1993	2021	2011	1995
304998	62	126	14	78	142	30	94	158	46	110	174	2056	1984	2163	2078	2060	1974	2072	2010	1991	2020	1991	1979
304998	62	126	14	78	142	30	94	158	46	110	174	2052	1991	2166	2074	2044	1975	2074	2020	1989	2017	2001	1997
304998	62	126	14	78	142	30	94	158	46	110	174	2022	2027	2133	2024	1997	1968	2022	2077	1984	2020	2029	2021
304998	62	126	14	78	142	30	94	158	46	110	174	1986	2061	2112	1970	1954	1979	1968	2121	1996	2016	2055	2044
304998	62	126	14	78	142	30	94	158	46	110	174	1984	2062	2103	1964	1930	1980	1962	2129	1996	2016	2063	2032
304998	62	126	14	78	142	30	94	158	46	110	174	2007	2030	2133	1997	1988	1972	1995	2087	1993	2017	2041	2013
304998	62	126	14	78	142	30	94	158	46	110	174	2042	1997	2159	2061	2038	1980	2055	2030	1984	2019	2003	1995
304998	62	126	14	78	142	30	94	158	46	110	174	2055	1986	2173	2084	2060	1967	2079	2011	1985	2022	1989	1995
304998	62	126	14	78	142	30	94	158	46	110	174	2041	2009	2151	2059	2027	1974	2054	2037	1994	2016	2008	1999
304998	62	126	14	78	142	30	94	158	46	110	174	2009	2045	2111	1996	1972	1978	2002	2106	1997	2016	2047	2024
304998	62	126	14	78	142	30	94	158	46	110	174	1983	2052	2110	1956	1936	1974	1960	2133	1993	2018	2070	2048
304998	62	126	14	78	142	30	94	158	46	110	174	1991	2046	2123	1973	1964	1970	1970	2110	1988	2016	2055	2040
304998	62	126	14	78	142	30	94	158	46	110	174	2020	2013	2153	2024	2013	1971	2022	2051	1987	2017	2018	2005
304998	62	126	14	78	142	30	94	158	46	110	174	2053	1996	2165	2079	2054	1978	2066	2008	1993	2017	1993	1975
304998	62	126	14	78	142	30	94	158	46	110	174	2060	1996	2152	2075	2051	1975	2068	2022	1987	2022	1999	1991
304998	62	126	14	78	142	30	94	158	46	110	174	2026	2021	2132	2038	1994	1979	2033	2068	1989	2017	2027	2025
304998	62	126	14	78	142	30	94	158	46	110	174	1994	2052	2116	1979	1951	1975	1975	2116	1984	2017	2054	2040
304998	62	126	14	78	142	30	94	158	46	110	174	1980	2058	2116	1962	1939	1980	1957	2127	1995	2017	2056	2030
304998	62	126	14	78	142	30	94	158	46	110	174	1997	2039	2131	1990	1985	1978	1986	2092	1996	2020	2041	2015
304998	62	126	14	78	142	30	94	158	46	110	174	2042	2004	2147	2048	2035	1978	2042	2040	1984	2016	2009	2000
304998	62	126	14	78	142	30	94	158	46	110	174	2058	1985	2156	2082	2054	1974	2083	2005	1988	2016	1990	1988
304998	62	126	14	78	142	30	94	158	46	110	174	2045	2002	2149	2063	2032	1972	2061	2040	1985	2020	2002	1996
304998	62	126	14	78	142	30	94	158	46	110	174	2006	2036	2126	2005	1971	1982	2006	2085	1996	2020	2041	2021
304998	62	126	14	78	142	30	94	158	46	110	174	1981	2065	2109	1968	1935	1976	1959	2131	1997	2017	2067	2044
304998	62	126	14	78	142	30	94	158	46	110	174	1987	2051	2120	1969	1954	1975	1970	2118	1993	2022	2057	2039
304998	62	126	14	78	142	30	94	158	46	110	174	2015	2013	2143	2021	2004	1968	2013	2061	1989	2020	2018	2005
304998	62	126	14	78	142	30	94	158	46	110	174	2051	1989	2162	2070	2052	1968	2066	2014	1986	2020	1990	1986
304998	62	126	14	78	142	30	94	158	46	110	174	2053	1989	2167	2080	2052	1978	2071	2016	1995	2020	1999	1993
304998	62	126	14	78	142	30	94	158	46	110	174	2031	2025	2133	2042	2007	1975	2027	2066	1986	2019	2023	2021
304998	62	126	14	78	142	30	94	158	46	110	174	2003	2049	2117	1981	1955	1980	1982	2114	1994	2018	2050	2039
304998	62	126	14	78	142	30	94	158	46	110	174	1980	2057	2107	1958	1933	1976	1957	2129	1991	2022	2056	2038
304998	62	126	14	78	142	30	94	158	46	110	174	2000	2036	2126	1982	1979	1974	1986	2094	1995	2022	2045	2022
304998	62	126	14	78	142	30	94	158	46	110	174	2031	2005	2159	2046	2023	1975	2034	2040	1997	2017	2014	1999
304998	62	126	14	78	142	30	94	158	46	110	174	2055	1995	2165	2082	2055	1973	2072	2011	1982	2020	1993	1989
304998	62	126	14	78	142	30	94	158	46	110	174	2048	1999	2146	2069	2030	1972	2063	2029	1984	2016	1997	1994
304998	62	126	14	78	142	30	94	158	46	110	174	2021	2031	2122	2013	1986	1971	2018	2086	1990	2021	2035	2019
304998	62	126	14	78	142	30	94	158	46	110	174	1985	2056	2112	1961	1950	1972	1963	2128	1995	2018	2066	2044
304998	62	126	14	78	142	30	94	158	46	110	174	1981	2060	2123	1961	1950	1979	1970	2124	1998	2018	2060	2042
304998	62	126	14	78	142	30	94	158	46	110	174	2017	2026	2148	2007	2000	1972	2005	2070	1991	2021	2027	2013
304998	62	126	14	78	142	30	94	158	46	110	174	2048	1996	2149	2063	2047	1970	2064	2024	1988	2022	1997	1979
304998	62	126	14	78	142	30	94	158	46	110	174	2060	1985	2153	2078	2059	1968	2082	2010	1986	2020	1993	1991
304998	62	126	14	78	142	30	94	158	46	110	174	2034	2010	2148	2045	2019	1975	2036	2055	1997	2022	2018	2019
304998	62	126	14	78	142	30	94	158	46	110	174	1999	2047	2123	1985	1964	1978	2000	2114	1992	2021	2050	2040
304998	62	126	14	78	142	30	94	158	46	110	174	1981	2064	2112	1957	1941	1974	1959	2129	1993	2019	2055	2032
304998	62	126	14	78	142	30	94	158	46	110	174	1994	2046	2120	1977	1975	1972	1982	2104	1988	2018	2048	2018
304998	62	126	14	78	142	30	94	158	46	110	174	2028	2005	2148	2035	2018	1968	2034	2041	1996	2020	2013	2006
304998	62	126	14	78	142	30	94	158	46	110	174	2052	1985	2167	2078	2056	1974	2066	2016	1984	2018	1986	1995
304998	62	126	14	78	142	30	94	158	46	110	174	2048	1999	2158	2066	2039	1974	2073	2034	1988	2021	1996	1997
304998	62	126	14	78	142	30	94	158	46	110	174	2017	2030	2134	2021	1991	1973	2015	2076	1987	2017	2036	2016
304998	62	126	14	78	142	30	94	158	46	110	174	1993	2061	2102	1965	1950	1973	1972	2126	1994	2020	2062	2044
304998	62	126	14	78	142	30	94	158	46	110	174	1989	2053	2114	1959	1944	1981	1974	2131	2003	2022	2059	2037
304998	62	126	14	78	142	30	94	158	46	110	174	2009	2030	2141	2001	1999	1974	2000	2082	1984	2022	2028	2013
304998	62	126	14	78	142	30	94	158	46	110	174	2045	2002	2161	2056	2036	1974	2058	2035	1987	2019	1998	1988
304998	62	126	14	78	142	30	94	158	46	110	174	2048	1988	2171	2080	2059	1967	2071	2009	1984	2020	1995	1996
304998	62	126	14	78	142	30	94	158	46	110	174	2043	2017	2128	2053	2024	1965	2053	2046	1986	2018	2016	2017
